-2.171482443809509277e-01 1.627686023712158203e-01 7.899292707443237305e-01 -9.622615575790405273e-02 -3.799421787261962891e-01 2.559999227523803711e-01
4.582178592681884766e-02 2.450929880142211914e-01 9.759128093719482422e-02 -2.026721835136413574e-01 -2.807558774948120117e-01 9.824633598327636719e-02
3.238469362258911133e-01 5.248949527740478516e-01 -2.066093683242797852e-02 -1.961699724197387695e-01 -3.245674967765808105e-01 2.055495977401733398e-01
3.691254854202270508e-01 5.324060916900634766e-01 -7.350301742553710938e-02 5.073308944702148438e-03 -3.260952234268188477e-01 3.251771926879882812e-01
3.672665357589721680e-01 4.699530601501464844e-01 -1.322951912879943848e-01 -1.337349414825439453e-02 -2.503426671028137207e-01 1.804578304290771484e-01
4.008533954620361328e-01 5.297528505325317383e-01 -1.728204488754272461e-01 -2.340179681777954102e-02 -2.501924037933349609e-01 8.088660240173339844e-02
4.441393613815307617e-01 5.984987020492553711e-01 -2.752018570899963379e-01 -3.119581937789916992e-02 -3.285009860992431641e-01 1.895046234130859375e-01
6.189682483673095703e-01 5.787266492843627930e-01 -2.806377410888671875e-01 2.849900722503662109e-02 -2.888392210006713867e-01 1.867401599884033203e-01
4.672427177429199219e-01 6.435219049453735352e-01 -1.675398945808410645e-01 -1.084157824516296387e-01 -3.822639584541320801e-01 2.794853448867797852e-01
5.199387073516845703e-01 5.458413362503051758e-01 -1.400602459907531738e-01 -1.587786674499511719e-01 -1.999847292900085449e-01 1.571472883224487305e-01
6.060349941253662109e-01 5.524079799652099609e-01 -2.178098559379577637e-01 -1.587889790534973145e-01 -1.872726678848266602e-01 1.497519016265869141e-01
4.955934286117553711e-01 5.272028446197509766e-01 -1.441558599472045898e-01 -1.203038096427917480e-01 -2.347142696380615234e-01 1.975566148757934570e-01
4.621540307998657227e-01 5.014405250549316406e-01 -1.835791468620300293e-01 -1.415852904319763184e-01 -2.080134749412536621e-01 1.747230291366577148e-01
5.352696180343627930e-01 5.112715959548950195e-01 -1.639401316642761230e-01 -1.520512700080871582e-01 -1.616270542144775391e-01 1.867430210113525391e-01
5.984454154968261719e-01 4.839509725570678711e-01 -1.335737705230712891e-01 -1.062021255493164062e-01 -4.752969741821289062e-02 1.488195657730102539e-01
6.641073226928710938e-01 3.968689441680908203e-01 -3.063124418258666992e-02 -1.773679852485656738e-01 7.528090476989746094e-02 1.322633028030395508e-01
7.245372533798217773e-01 3.435900211334228516e-01 -1.327759027481079102e-02 -1.303785443305969238e-01 1.654065847396850586e-01 8.944153785705566406e-02
6.773235797882080078e-01 2.640960216522216797e-01 9.983897209167480469e-02 -1.522956490516662598e-01 2.437099218368530273e-01 7.227969169616699219e-02
6.303958892822265625e-01 1.402066946029663086e-01 1.148561239242553711e-01 -8.541303873062133789e-02 2.379779815673828125e-01 7.028210163116455078e-02
5.926797389984130859e-01 -3.167271614074707031e-02 1.160306930541992188e-01 -7.577145099639892578e-02 3.777307271957397461e-01 -4.678910970687866211e-02
4.635593891143798828e-01 -5.063062906265258789e-02 1.360195875167846680e-01 -3.731024265289306641e-02 3.340947628021240234e-01 7.448410987854003906e-02
2.788554430007934570e-01 -1.103253960609436035e-01 5.349731445312500000e-02 6.478476524353027344e-02 1.522662639617919922e-01 1.049294471740722656e-01
-3.650861978530883789e-02 -1.448366045951843262e-01 -5.138152837753295898e-02 1.521501541137695312e-01 -1.679244041442871094e-01 2.694830894470214844e-01
6.756055355072021484e-02 -3.175508379936218262e-01 -7.685297727584838867e-02 6.110429763793945312e-02 7.689309120178222656e-02 7.033431529998779297e-02
2.926695346832275391e-02 -4.346854090690612793e-01 -1.279232501983642578e-01 -3.085575699806213379e-01 2.138524055480957031e-01 -6.305152177810668945e-02
3.490182161331176758e-01 -4.734991788864135742e-01 -1.519948244094848633e-02 -3.308612108230590820e-01 3.279949426651000977e-01 3.920328617095947266e-02
3.850709199905395508e-01 -4.126830697059631348e-01 2.915501594543457031e-03 -3.276541233062744141e-01 2.341421842575073242e-01 6.900107860565185547e-02
2.609568834304809570e-01 -4.343633055686950684e-01 -4.462903738021850586e-02 -4.127254486083984375e-01 1.451907157897949219e-01 -1.753991842269897461e-02
3.748229742050170898e-01 -4.994407892227172852e-01 1.849734783172607422e-02 -4.099841713905334473e-01 2.289884090423583984e-01 -7.841289043426513672e-03
4.121441841125488281e-01 -5.025083422660827637e-01 3.581249713897705078e-02 -2.777572274208068848e-01 1.382337808609008789e-01 -4.276275634765625000e-03
3.493859767913818359e-01 -5.168596506118774414e-01 2.119266986846923828e-02 -2.663470506668090820e-01 1.084886789321899414e-01 -9.094536304473876953e-03
3.995680809020996094e-01 -5.532855987548828125e-01 1.947641372680664062e-03 -1.771140098571777344e-01 9.243977069854736328e-02 2.911317348480224609e-02
2.811120748519897461e-01 -4.664859771728515625e-01 -1.065152287483215332e-01 -2.358043193817138672e-01 2.499461174011230469e-03 6.865262985229492188e-03
3.853422403335571289e-01 -4.782248735427856445e-01 -1.053436994552612305e-01 -1.996468901634216309e-01 4.246187210083007812e-02 -4.164767265319824219e-02
4.090625047683715820e-01 -6.351394653320312500e-01 -4.250586032867431641e-02 -1.880131363868713379e-01 1.113151311874389648e-01 -9.753233194351196289e-02
2.895247936248779297e-01 -4.977500438690185547e-01 -5.607187747955322266e-03 -2.709661722183227539e-01 -4.222887754440307617e-02 3.101122379302978516e-02
3.402625322341918945e-01 -5.129618644714355469e-01 -6.926000118255615234e-02 -4.198685288429260254e-01 1.017975807189941406e-01 -9.864330291748046875e-03
4.201269149780273438e-01 -5.200656652450561523e-01 -1.982080936431884766e-02 -3.890575766563415527e-01 8.076190948486328125e-02 -3.653490543365478516e-02
4.505076408386230469e-01 -4.526692032814025879e-01 -1.010409593582153320e-01 -3.654369711875915527e-01 5.195295810699462891e-02 1.512420177459716797e-02
4.744585752487182617e-01 -3.697222471237182617e-01 -1.100066304206848145e-01 -4.060831069946289062e-01 -2.949571609497070312e-02 1.741769313812255859e-01
2.039656639099121094e-01 -3.768146038055419922e-01 1.047273874282836914e-01 -4.653533697128295898e-01 -2.274066209793090820e-02 1.839455366134643555e-01
2.005406618118286133e-01 -4.879248142242431641e-01 2.251003980636596680e-01 -4.975867867469787598e-01 1.621022224426269531e-01 1.461021900177001953e-01
1.267361640930175781e-01 -3.791269063949584961e-01 2.843667268753051758e-01 -4.129471182823181152e-01 3.689861297607421875e-02 3.625675439834594727e-01
1.900248527526855469e-01 -4.199362993240356445e-01 2.816560268402099609e-01 -4.215055108070373535e-01 2.768752574920654297e-01 1.836671829223632812e-01
4.076586961746215820e-01 -4.837140440940856934e-01 1.727412939071655273e-01 -3.324946761131286621e-01 5.586644411087036133e-01 -2.342867851257324219e-02
4.247726202011108398e-01 -4.522645473480224609e-01 9.945905208587646484e-02 -2.721599936485290527e-01 6.748243570327758789e-01 -1.461640000343322754e-01
3.256921768188476562e-01 -2.987362742424011230e-01 -2.195173501968383789e-02 -4.322932362556457520e-01 7.098106145858764648e-01 -2.400258779525756836e-01
1.466772556304931641e-01 -4.278314113616943359e-02 -1.140522956848144531e-01 -3.972878456115722656e-01 4.199972152709960938e-01 -6.293827295303344727e-02
3.481090068817138672e-02 1.037495136260986328e-01 -2.408050298690795898e-01 -2.973821759223937988e-01 2.358741760253906250e-01 1.735997200012207031e-02
-2.117979526519775391e-02 2.098090648651123047e-01 -3.888798952102661133e-01 -1.660060286521911621e-01 6.945967674255371094e-02 8.070099353790283203e-02
-1.808481216430664062e-01 2.699800729751586914e-01 -3.593204021453857422e-01 -6.008487939834594727e-02 -8.282238245010375977e-02 2.148497104644775391e-01
-9.588348865509033203e-02 3.096150159835815430e-01 -4.408612251281738281e-01 1.270911693572998047e-01 -2.543755173683166504e-01 3.475127220153808594e-01
-3.900611400604248047e-02 3.599257469177246094e-01 -4.658603668212890625e-01 1.352406740188598633e-01 -3.168424367904663086e-01 4.125463962554931641e-01
-1.947176456451416016e-02 4.286895990371704102e-01 -4.239231348037719727e-01 1.988579034805297852e-01 -4.119454026222229004e-01 5.575146675109863281e-01
-1.524716615676879883e-02 5.027381181716918945e-01 -4.187920689582824707e-01 6.367397308349609375e-02 -3.695590496063232422e-01 5.398472547531127930e-01
2.183568477630615234e-02 3.981839418411254883e-01 -4.364537596702575684e-01 1.826256513595581055e-01 -2.990683913230895996e-01 4.702639579772949219e-01
3.815865516662597656e-02 3.441689014434814453e-01 -4.179347753524780273e-01 1.822215318679809570e-01 -1.747820973396301270e-01 3.607081174850463867e-01
4.728460311889648438e-02 3.999114036560058594e-01 -5.383067131042480469e-01 3.867118358612060547e-01 -4.044621586799621582e-01 5.145741701126098633e-01
1.803095340728759766e-01 3.488498926162719727e-01 -6.911399364471435547e-01 3.381034135818481445e-01 -2.475759387016296387e-01 3.389903306961059570e-01
-5.203366279602050781e-03 4.497200250625610352e-01 -5.138469338417053223e-01 2.400412559509277344e-01 -3.291395902633666992e-01 4.290940761566162109e-01
9.739267826080322266e-02 3.883311748504638672e-01 -6.382042169570922852e-01 9.605002403259277344e-02 -1.325423121452331543e-01 2.155847549438476562e-01
9.727478027343750000e-05 3.707724809646606445e-01 -5.138040781021118164e-01 -1.463922858238220215e-01 -3.565245866775512695e-02 1.643462181091308594e-01
1.468023061752319336e-01 3.490575551986694336e-01 -4.983602762222290039e-01 -3.356882333755493164e-01 1.828523874282836914e-01 5.747532844543457031e-02
3.296496868133544922e-01 1.295907497406005859e-01 -5.081613063812255859e-01 -4.175109267234802246e-01 5.284994840621948242e-01 -2.538952827453613281e-01
3.351548910140991211e-01 -1.245273947715759277e-01 -1.898196935653686523e-01 -4.531671404838562012e-01 6.826609373092651367e-01 -2.628616690635681152e-01
4.002134799957275391e-01 -4.273654222488403320e-01 -1.078588366508483887e-01 -3.574200272560119629e-01 7.434278726577758789e-01 -2.797024250030517578e-01
2.769292593002319336e-01 -4.570977687835693359e-01 1.764249801635742188e-02 -4.581969976425170898e-01 6.549681425094604492e-01 -1.905893087387084961e-01
2.523388862609863281e-01 -4.490195512771606445e-01 -8.401829004287719727e-02 -5.051090717315673828e-01 4.045974016189575195e-01 -2.722245454788208008e-02
2.341746091842651367e-01 -3.869994282722473145e-01 -2.287757396697998047e-02 -6.960761547088623047e-01 3.151500225067138672e-01 8.525896072387695312e-02
2.448391914367675781e-01 -4.641450643539428711e-01 -4.313004016876220703e-02 -7.018882036209106445e-01 2.948298454284667969e-01 -3.703588247299194336e-02
4.647016525268554688e-01 -5.793615579605102539e-01 -1.232153773307800293e-01 -4.686367511749267578e-01 3.258241415023803711e-01 -6.259220838546752930e-02
3.411083221435546875e-01 -3.948488831520080566e-01 -2.466923594474792480e-01 -4.239926338195800781e-01 1.167005300521850586e-01 -6.851470470428466797e-02
3.184084892272949219e-01 -2.488405108451843262e-01 -3.116746544837951660e-01 -4.204233884811401367e-01 -1.296210289001464844e-02 -5.527859926223754883e-02
3.856217861175537109e-01 -3.337082862854003906e-01 -3.495839834213256836e-01 -3.414308428764343262e-01 4.369020462036132812e-03 -6.152546405792236328e-02
1.798770427703857422e-01 -2.444586753845214844e-01 -3.799176812171936035e-01 -2.116609811782836914e-01 -3.533856272697448730e-01 1.703003644943237305e-01
2.635992765426635742e-01 -3.372446298599243164e-01 -2.636288404464721680e-01 -2.570090889930725098e-01 -1.010516881942749023e-01 6.587243080139160156e-02
4.368734359741210938e-01 -4.348297119140625000e-01 -3.731844425201416016e-01 -2.292273640632629395e-01 1.274775266647338867e-01 -1.604875326156616211e-01
3.543704748153686523e-01 -3.985266089439392090e-01 -2.558796405792236328e-01 -2.225403189659118652e-01 1.482355594635009766e-02 1.812827587127685547e-02
4.712321758270263672e-01 -4.519608020782470703e-01 -1.653139591217041016e-01 -4.455953836441040039e-01 1.715463399887084961e-01 4.483234882354736328e-02
4.460611343383789062e-01 -4.639069437980651855e-01 -1.632629632949829102e-01 -4.532392621040344238e-01 2.100018262863159180e-01 -7.549655437469482422e-02
2.395877838134765625e-01 -3.890781998634338379e-01 -9.872329235076904297e-02 -3.695315122604370117e-01 -5.732774734497070312e-02 1.186298131942749023e-01
2.847720384597778320e-01 -5.409395694732666016e-01 -1.290709376335144043e-01 -5.351925492286682129e-01 1.643068790435791016e-01 -8.972167968750000000e-02
1.406919956207275391e-01 -5.680934190750122070e-01 3.419506549835205078e-02 -5.647686719894409180e-01 1.523708105087280273e-01 -1.389436721801757812e-01
-5.068260431289672852e-02 -5.234198570251464844e-01 -6.928086280822753906e-02 -4.378841519355773926e-01 -1.076836585998535156e-01 -1.686552762985229492e-01
-5.631619691848754883e-02 -4.434542655944824219e-01 -5.294054746627807617e-02 -2.161467075347900391e-01 -4.351395368576049805e-02 -2.699492573738098145e-01
-3.498498201370239258e-01 -3.006350994110107422e-01 5.841493606567382812e-03 -2.724393606185913086e-01 -1.502586007118225098e-01 -1.322697997093200684e-01
-1.064786911010742188e-01 -4.234875440597534180e-01 1.946506500244140625e-01 -1.932457685470581055e-01 -1.005947589874267578e-02 -7.472985982894897461e-02
-3.092451095581054688e-01 -3.955960869789123535e-01 1.139016151428222656e-01 -2.197739481925964355e-01 5.855011940002441406e-02 -2.848603129386901855e-01
-2.695912122726440430e-01 -3.295053839683532715e-01 3.160227537155151367e-01 -1.808637380599975586e-01 1.935595273971557617e-01 -1.801224350929260254e-01
-1.036673784255981445e-02 -3.587235808372497559e-01 4.082640409469604492e-01 1.630088090896606445e-01 4.946078062057495117e-01 -4.162094593048095703e-01
-3.188799023628234863e-01 -3.936857581138610840e-01 1.923903226852416992e-01 3.191064596176147461e-01 4.300518035888671875e-01 -5.736361145973205566e-01
-1.535165309906005859e-02 -3.695405125617980957e-01 4.645886421203613281e-01 -1.082745790481567383e-01 3.417243957519531250e-01 -3.151888847351074219e-01
3.441691398620605469e-01 -1.819959282875061035e-01 9.806585311889648438e-02 -1.128206849098205566e-01 3.047642707824707031e-01 -1.613882780075073242e-01
4.511613845825195312e-01 1.777982711791992188e-02 2.979087829589843750e-02 -1.090824604034423828e-01 3.405333757400512695e-01 -7.497763633728027344e-02
5.100630521774291992e-01 1.190612316131591797e-01 -4.942595958709716797e-03 -2.174741029739379883e-01 2.909408807754516602e-01 -4.125928878784179688e-02
5.821561813354492188e-01 2.299048900604248047e-01 -1.041764616966247559e-01 -1.258989572525024414e-01 1.822508573532104492e-01 3.200328350067138672e-02
5.820093154907226562e-01 3.722906112670898438e-01 -1.819046139717102051e-01 -1.109580993652343750e-01 1.898157596588134766e-02 1.899497509002685547e-01
5.751119852066040039e-01 3.576334714889526367e-01 -9.213417768478393555e-02 -1.132811307907104492e-01 3.258097171783447266e-02 1.835973262786865234e-01
7.036557197570800781e-01 2.537437677383422852e-01 -1.126948595046997070e-01 -1.444132924079895020e-01 1.738706827163696289e-01 7.235312461853027344e-02
6.200448274612426758e-01 2.463384866714477539e-01 1.641035079956054688e-02 -1.652771830558776855e-01 1.155452728271484375e-01 1.681928634643554688e-01
6.481605768203735352e-01 7.492530345916748047e-02 4.886341094970703125e-02 -6.768131256103515625e-02 2.610414028167724609e-01 4.418849945068359375e-02
5.227613449096679688e-01 -5.757504701614379883e-02 1.260643005371093750e-01 -1.156938076019287109e-01 2.673739194869995117e-01 -8.211195468902587891e-03
3.707154989242553711e-01 -2.062709927558898926e-01 2.035347223281860352e-01 -2.497093081474304199e-01 3.533914089202880859e-01 -1.969475150108337402e-01
4.094765186309814453e-01 -3.973731994628906250e-01 1.244922876358032227e-01 -2.575721740722656250e-01 3.867886066436767578e-01 -3.891459703445434570e-01
1.359816789627075195e-01 -3.742889761924743652e-01 4.279735088348388672e-01 -3.754715919494628906e-01 3.165485858917236328e-01 -3.156220912933349609e-01
2.321648597717285156e-02 -1.474694609642028809e-01 7.639126777648925781e-01 -5.137872695922851562e-02 2.818151712417602539e-01 4.916298389434814453e-02
-5.607801675796508789e-02 -2.234488725662231445e-02 6.510941982269287109e-01 -2.863434553146362305e-01 2.453811168670654297e-01 4.154729843139648438e-02
-1.460752487182617188e-01 -1.219000816345214844e-01 5.346661806106567383e-01 -2.099922895431518555e-01 2.444193363189697266e-01 -9.987676143646240234e-02
-1.475466489791870117e-01 -6.714355945587158203e-02 4.277477264404296875e-01 -3.200105428695678711e-01 2.097024917602539062e-01 -1.589483618736267090e-01
-1.985642313957214355e-01 -3.364761471748352051e-01 2.597881555557250977e-01 5.530387163162231445e-01 -3.925323486328125000e-01 -1.265165805816650391e-01
-1.859111785888671875e-01 -3.111380338668823242e-01 2.478972673416137695e-01 5.197627544403076172e-01 -4.653818011283874512e-01 -1.347493529319763184e-01
-3.853533267974853516e-01 -1.831892132759094238e-01 2.542108297348022461e-01 3.741540908813476562e-01 -4.175647497177124023e-01 -5.391293764114379883e-02
-3.969116806983947754e-01 -2.820850610733032227e-01 2.027474641799926758e-01 3.856636285781860352e-01 -4.745941758155822754e-01 -2.409534454345703125e-01
-2.643756270408630371e-01 -3.449524044990539551e-01 1.343656778335571289e-01 2.509397268295288086e-01 -3.341602087020874023e-01 -2.627401947975158691e-01
-3.849058747291564941e-01 -3.392980694770812988e-01 2.248808145523071289e-01 3.965793848037719727e-01 -5.173889994621276855e-01 -1.221114397048950195e-01
-2.257460355758666992e-01 -2.518182992935180664e-01 5.259962081909179688e-01 1.519087553024291992e-01 -5.050659775733947754e-01 -2.613472938537597656e-02
1.263033151626586914e-01 -5.472759008407592773e-01 5.093812942504882812e-02 -1.834274530410766602e-01 -2.177221775054931641e-01 -3.139786124229431152e-01
5.762422084808349609e-02 -4.370003938674926758e-01 -1.195272803306579590e-01 -3.113859295845031738e-01 -3.418505191802978516e-01 -1.961701512336730957e-01
1.637033224105834961e-01 -2.850625514984130859e-01 -2.401445508003234863e-01 -4.818745851516723633e-01 -3.029589653015136719e-01 -7.239323854446411133e-02
1.690716743469238281e-01 -1.418852210044860840e-01 -2.597552537918090820e-01 -3.600810766220092773e-01 -4.276536703109741211e-01 8.479511737823486328e-02
2.180671691894531250e-01 -2.565696239471435547e-01 -2.053241729736328125e-01 -3.394083976745605469e-01 -2.692570686340332031e-01 5.633711814880371094e-03
2.839949131011962891e-01 -3.184888362884521484e-01 -4.070984125137329102e-01 -3.455590605735778809e-01 -3.091668486595153809e-01 -8.987933397293090820e-02
1.713130474090576172e-01 -3.931990265846252441e-01 -2.501676678657531738e-01 -3.603734374046325684e-01 -2.756484746932983398e-01 -4.696947336196899414e-02
2.156530618667602539e-01 -4.883568286895751953e-01 -2.567166090011596680e-01 -2.625297307968139648e-01 -1.438729763031005859e-01 -9.253937005996704102e-02
2.226897478103637695e-01 -3.922420740127563477e-01 -1.797109842300415039e-01 -4.979720115661621094e-01 -4.052656888961791992e-02 -7.160067558288574219e-02
2.426505088806152344e-01 -3.995866775512695312e-01 -1.022661328315734863e-01 -4.589691162109375000e-01 -6.670564413070678711e-02 -2.795255184173583984e-02
1.340645551681518555e-01 -3.559243679046630859e-01 -6.164878606796264648e-02 -5.649726986885070801e-01 -1.331257224082946777e-01 3.168439865112304688e-02
4.458677768707275391e-02 -4.294465184211730957e-01 9.909605979919433594e-02 -4.532666802406311035e-01 -1.976841688156127930e-01 4.005920886993408203e-02
-3.573119640350341797e-02 -4.019306302070617676e-01 5.354416370391845703e-02 -5.010185837745666504e-01 -1.856672763824462891e-01 -1.363514661788940430e-01
-2.180493474006652832e-01 -2.880648970603942871e-01 2.035001516342163086e-01 -2.777034640312194824e-01 -1.672788858413696289e-01 -1.754975914955139160e-01
-2.603741288185119629e-01 -1.437262892723083496e-01 3.152254819869995117e-01 -3.217329978942871094e-01 -2.362024188041687012e-01 -4.955500364303588867e-02
-2.618472576141357422e-01 -7.294982671737670898e-02 3.408086299896240234e-01 -2.543653845787048340e-01 -2.850143313407897949e-01 -9.915131330490112305e-02
-3.928197622299194336e-01 -5.214554071426391602e-02 4.474195241928100586e-01 -2.249650955200195312e-01 -8.905673027038574219e-02 -8.076363801956176758e-02
-5.448703765869140625e-01 1.385267972946166992e-01 1.090369224548339844e-01 -1.425027251243591309e-01 1.839756965637207031e-03 -3.012744188308715820e-01
-4.962420463562011719e-01 2.251744270324707031e-01 -1.287665963172912598e-01 3.560364246368408203e-02 -1.792591810226440430e-01 -1.079168915748596191e-01
-4.701171517372131348e-01 3.196157217025756836e-01 6.378376483917236328e-02 1.430094242095947266e-02 -2.504186630249023438e-01 -1.939773559570312500e-02
-1.091719865798950195e-01 -2.551448345184326172e-02 7.043397426605224609e-02 -3.178748488426208496e-01 -1.075951457023620605e-01 -1.184276342391967773e-01
-1.419228315353393555e-01 4.833481311798095703e-01 -1.968742012977600098e-01 -1.567219495773315430e-01 -4.319405555725097656e-01 4.085013866424560547e-01
5.281805992126464844e-03 5.088438987731933594e-01 -3.936980366706848145e-01 -3.332328796386718750e-02 -3.519606590270996094e-01 4.053426980972290039e-01
2.225244045257568359e-02 4.873147010803222656e-01 -4.736728072166442871e-01 9.181940555572509766e-02 -4.304005503654479980e-01 3.810780048370361328e-01
1.919292211532592773e-01 4.781724214553833008e-01 -4.188821315765380859e-01 1.818636655807495117e-01 -3.952271342277526855e-01 4.310892820358276367e-01
1.778830289840698242e-01 4.721101522445678711e-01 -2.994180917739868164e-01 8.175480365753173828e-02 -3.614062666893005371e-01 4.507602453231811523e-01
1.755303144454956055e-01 5.343657732009887695e-01 -3.363954424858093262e-01 1.606285572052001953e-01 -5.134530067443847656e-01 5.928568840026855469e-01
3.402301073074340820e-01 4.417649507522583008e-01 -4.045177698135375977e-01 2.107565402984619141e-01 -3.194897770881652832e-01 3.881703615188598633e-01
1.230968236923217773e-01 4.776952266693115234e-01 -3.177487850189208984e-01 2.019314765930175781e-01 -4.598712921142578125e-01 5.145617723464965820e-01
-3.006815910339355469e-03 4.381937980651855469e-01 -2.991442084312438965e-01 1.582529544830322266e-01 -5.366716384887695312e-01 5.124084949493408203e-01
8.136701583862304688e-02 4.576154947280883789e-01 -4.149076342582702637e-01 1.437913179397583008e-01 -5.143855810165405273e-01 4.836293458938598633e-01
8.513569831848144531e-03 3.157472610473632812e-01 -1.588621139526367188e-01 2.871870994567871094e-02 -3.517606258392333984e-01 3.637892007827758789e-01
2.033352851867675781e-03 1.584196090698242188e-01 -2.370983958244323730e-01 -1.272627711296081543e-01 -2.158702015876770020e-01 1.841920614242553711e-01
-1.851025819778442383e-01 -2.268081903457641602e-02 -6.138807535171508789e-02 -3.242343068122863770e-01 -1.179059743881225586e-01 1.847767829895019531e-02
-3.558300733566284180e-01 2.783023118972778320e-01 2.884165048599243164e-01 -1.840686798095703125e-01 -4.107213616371154785e-01 4.741421937942504883e-01
-3.357108235359191895e-01 2.431559562683105469e-01 4.718295335769653320e-01 -4.627758264541625977e-02 -4.024949073791503906e-01 4.218115806579589844e-01
-1.898474693298339844e-01 1.198182106018066406e-01 3.765859603881835938e-01 -1.320069432258605957e-01 -2.719908952713012695e-01 2.013592720031738281e-01
-1.302638053894042969e-01 1.305669546127319336e-01 1.003727912902832031e-01 -1.731697320938110352e-01 -2.193149924278259277e-01 1.687930822372436523e-01
-1.105082035064697266e-01 9.259891510009765625e-02 3.769814968109130859e-02 -1.331102848052978516e-02 -5.960464477539062500e-08 6.726098060607910156e-02
-4.148230552673339844e-01 1.975923776626586914e-01 3.797490596771240234e-01 2.421557903289794922e-02 -3.831362724304199219e-01 2.695217132568359375e-01
-3.358526825904846191e-01 -1.400803923606872559e-01 2.580764293670654297e-01 1.779215335845947266e-01 -4.183861613273620605e-01 1.789537668228149414e-01
-4.629007577896118164e-01 -3.612068891525268555e-01 3.298124074935913086e-01 2.615238428115844727e-01 -2.386707663536071777e-01 -1.919025182723999023e-02
-4.303840994834899902e-01 -3.852353096008300781e-01 2.752293348312377930e-01 3.299795389175415039e-01 -3.316462039947509766e-01 -2.079854607582092285e-01
7.707703113555908203e-02 -6.015576124191284180e-01 4.340199232101440430e-01 -1.658326983451843262e-01 -2.594237923622131348e-01 -2.235724925994873047e-01
3.470222949981689453e-01 -4.103389978408813477e-01 5.804359912872314453e-02 -5.135579705238342285e-01 -8.104079961776733398e-02 -9.370785951614379883e-02
3.664896488189697266e-01 -2.829512953758239746e-01 -6.074011325836181641e-02 -5.075913667678833008e-01 -1.287606358528137207e-01 1.579604148864746094e-01
3.950400352478027344e-01 -2.580503821372985840e-01 -2.933482527732849121e-01 -3.581508994102478027e-01 -3.104802370071411133e-01 2.021880149841308594e-01
3.304078578948974609e-01 -2.462884783744812012e-01 -1.443648934364318848e-01 -4.320753812789916992e-01 -3.039531111717224121e-01 2.459158897399902344e-01
3.328111171722412109e-01 -2.289733886718750000e-01 -1.696927547454833984e-01 -3.916596174240112305e-01 -3.990921974182128906e-01 2.679715156555175781e-01
3.172951936721801758e-01 -2.283964753150939941e-01 -2.611846327781677246e-01 -2.713980674743652344e-01 -4.577993750572204590e-01 2.627313137054443359e-01
3.276600837707519531e-01 -2.697254419326782227e-01 -1.604607701301574707e-01 -2.981857657432556152e-01 -3.955826163291931152e-01 2.469666004180908203e-01
2.906908988952636719e-01 -2.109372019767761230e-01 -1.937857270240783691e-01 -3.429555296897888184e-01 -4.462353587150573730e-01 2.986001968383789062e-01
3.767690658569335938e-01 -2.540054917335510254e-01 -3.218933939933776855e-01 -3.725900053977966309e-01 -3.283435702323913574e-01 1.401466131210327148e-01
2.703726291656494141e-01 -2.604072690010070801e-01 -1.956182718276977539e-01 -3.514049053192138672e-01 -3.164484500885009766e-01 1.985245943069458008e-01
2.052307128906250000e-01 -2.261683940887451172e-01 -1.742762327194213867e-01 -3.356494903564453125e-01 -3.852452039718627930e-01 2.408132553100585938e-01
3.866716623306274414e-01 -3.138911724090576172e-01 -2.543649077415466309e-01 -3.426100015640258789e-01 -1.887487173080444336e-01 1.086738109588623047e-01
3.331028223037719727e-01 -3.647813200950622559e-01 -2.518820166587829590e-01 -3.794142007827758789e-01 -1.821470260620117188e-01 1.100758314132690430e-01
1.961439847946166992e-01 -3.477375507354736328e-01 -8.605307340621948242e-02 -4.282336235046386719e-01 -1.966217756271362305e-01 1.932961940765380859e-01
1.386699676513671875e-01 -3.484601974487304688e-01 1.478695869445800781e-02 -5.480870008468627930e-01 -3.377270698547363281e-02 2.283639907836914062e-01
-1.244636774063110352e-01 -2.965056300163269043e-01 2.611119747161865234e-01 -5.146459937095642090e-01 -1.048718690872192383e-01 2.954733371734619141e-01
-1.490874886512756348e-01 -4.429960250854492188e-01 1.629444360733032227e-01 -4.086878895759582520e-01 -2.983105182647705078e-02 -4.097765684127807617e-02
-2.854572534561157227e-01 -4.426568746566772461e-01 1.981353759765625000e-02 -2.396629452705383301e-01 -9.883999824523925781e-03 -3.887969255447387695e-02
-1.756864786148071289e-02 -4.603857994079589844e-01 2.195835113525390625e-02 -2.630464434623718262e-01 6.277763843536376953e-02 -1.297499537467956543e-01
-1.085984706878662109e-01 -2.756283283233642578e-01 -8.705413341522216797e-02 -3.792321085929870605e-01 -8.224368095397949219e-03 -2.626657485961914062e-02
-5.342822074890136719e-01 -3.174743056297302246e-01 7.120966911315917969e-02 -2.777338027954101562e-01 -6.001186370849609375e-02 -4.434108734130859375e-03
