3.104352951049804688e-02 -1.150261163711547852e-01 5.057803392410278320e-01 -2.317412495613098145e-01 -2.918978333473205566e-01 1.844832897186279297e-01
3.047966957092285156e-02 3.794414997100830078e-01 1.524651050567626953e-02 1.102685928344726562e-04 -3.372763991355895996e-01 2.088325023651123047e-01
1.855813264846801758e-01 3.295329809188842773e-01 -1.167209148406982422e-01 -1.120457053184509277e-01 -2.386474013328552246e-01 1.227385997772216797e-01
1.312160491943359375e-01 3.590115308761596680e-01 -2.073017358779907227e-01 3.354871273040771484e-02 -2.077037692070007324e-01 1.911120414733886719e-01
5.947911739349365234e-02 4.034910202026367188e-01 -2.600594758987426758e-01 -5.829781293869018555e-02 -2.962815761566162109e-01 2.188076972961425781e-01
3.119841814041137695e-01 4.454668760299682617e-01 -2.784803509712219238e-01 5.582833290100097656e-02 -2.215616106986999512e-01 1.523610353469848633e-01
4.002723693847656250e-01 4.509811401367187500e-01 -2.455447316169738770e-01 -9.497034549713134766e-02 -1.716207861900329590e-01 8.543694019317626953e-02
3.598095178604125977e-01 4.797281026840209961e-01 -2.519004344940185547e-01 4.777908325195312500e-02 -2.677617073059082031e-01 1.984506845474243164e-01
4.092299938201904297e-01 5.855120420455932617e-01 -3.170671463012695312e-01 5.394673347473144531e-02 -3.665509223937988281e-01 2.897415161132812500e-01
4.554678201675415039e-01 4.916564226150512695e-01 -3.629855513572692871e-01 9.450185298919677734e-02 -2.179993391036987305e-01 1.181020736694335938e-01
3.935941457748413086e-01 4.934059381484985352e-01 -2.776865959167480469e-01 6.180548667907714844e-02 -1.658774614334106445e-01 7.539141178131103516e-02
3.891165256500244141e-01 4.604443311691284180e-01 -3.120604157447814941e-01 1.099773645401000977e-01 -1.746266484260559082e-01 7.942426204681396484e-02
4.733678102493286133e-01 4.984828233718872070e-01 -3.480511903762817383e-01 4.049003124237060547e-02 -1.602355241775512695e-01 8.800363540649414062e-02
4.964812994003295898e-01 3.781973123550415039e-01 -3.466522097587585449e-01 1.198723316192626953e-01 -1.847726106643676758e-02 -4.525315761566162109e-02
4.387032985687255859e-01 3.724824190139770508e-01 -2.642194628715515137e-01 -5.139070749282836914e-02 1.035773754119873047e-02 1.993656158447265625e-02
5.255690813064575195e-01 3.257074356079101562e-01 -1.798100471496582031e-01 -3.891509771347045898e-02 8.439958095550537109e-02 3.893554210662841797e-02
5.487326383590698242e-01 2.741521596908569336e-01 -1.396805644035339355e-01 1.236062049865722656e-01 6.270658969879150391e-02 7.601106166839599609e-02
6.435600519180297852e-01 1.499071121215820312e-01 2.982199192047119141e-02 4.263663291931152344e-02 2.675099372863769531e-01 1.178002357482910156e-02
5.999941825866699219e-01 -2.344858646392822266e-02 1.263606548309326172e-01 -9.991347789764404297e-03 4.262503385543823242e-01 -5.084544420242309570e-02
5.644087791442871094e-01 -8.127361536026000977e-02 8.137238025665283203e-02 9.170663356781005859e-02 4.433759450912475586e-01 -6.751531362533569336e-02
4.844042062759399414e-01 -1.524890065193176270e-01 -2.531826496124267578e-02 7.715857028961181641e-02 3.885337114334106445e-01 -3.618621826171875000e-02
2.932140827178955078e-01 -2.483569979667663574e-01 -5.908536911010742188e-02 6.634509563446044922e-02 2.521193027496337891e-01 -7.677435874938964844e-03
2.595695257186889648e-01 -3.352729678153991699e-01 -2.114387750625610352e-01 -2.810919284820556641e-02 2.408705949783325195e-01 -1.410576701164245605e-01
2.084534168243408203e-01 -3.042625784873962402e-01 -2.665563225746154785e-01 -1.907486915588378906e-01 6.810164451599121094e-02 -5.822062492370605469e-02
1.306060552597045898e-01 -4.553291201591491699e-01 -2.265900373458862305e-01 -3.330592513084411621e-01 7.576882839202880859e-02 -8.306348323822021484e-02
2.809243202209472656e-01 -4.137368798255920410e-01 -1.506711840629577637e-01 -4.529823064804077148e-01 1.552811861038208008e-01 -1.190459728240966797e-02
1.932394504547119141e-01 -2.753942012786865234e-01 -1.878978013992309570e-01 -4.059928059577941895e-01 -1.756905317306518555e-01 2.078496217727661133e-01
3.495261669158935547e-01 -3.188755512237548828e-01 -2.119945883750915527e-01 -2.818199992179870605e-01 -4.331392049789428711e-02 6.905710697174072266e-02
4.001618623733520508e-01 -3.744992017745971680e-01 -2.170701026916503906e-01 -2.628929615020751953e-01 5.686414241790771484e-02 -6.355047225952148438e-03
3.840597867965698242e-01 -3.576921224594116211e-01 -1.616953015327453613e-01 -3.781661987304687500e-01 -5.444931983947753906e-02 1.250364780426025391e-01
4.212596416473388672e-01 -3.726530075073242188e-01 -1.581211686134338379e-01 -3.852010965347290039e-01 2.375233173370361328e-02 7.560312747955322266e-02
5.025689601898193359e-01 -4.525759220123291016e-01 -2.039015293121337891e-01 -3.110364079475402832e-01 1.410919427871704102e-01 4.751682281494140625e-03
3.905805349349975586e-01 -4.330059885978698730e-01 -1.556569933891296387e-01 -2.454190254211425781e-01 -7.348424196243286133e-02 1.412010192871093750e-01
3.824586868286132812e-01 -3.583209514617919922e-01 -1.711662411689758301e-01 -2.957739830017089844e-01 -5.972081422805786133e-02 8.506298065185546875e-02
5.207566022872924805e-01 -3.427601456642150879e-01 -1.278128623962402344e-01 -3.769779205322265625e-01 3.927767276763916016e-02 1.143913269042968750e-01
4.316678047180175781e-01 -3.482996225357055664e-01 -2.386083006858825684e-01 -3.347899913787841797e-01 1.702427864074707031e-03 4.636716842651367188e-02
3.866620063781738281e-01 -3.599225878715515137e-01 -1.279326081275939941e-01 -3.446382284164428711e-01 -4.785656929016113281e-02 1.257069110870361328e-01
3.885433673858642578e-01 -3.960349559783935547e-01 -1.009452939033508301e-01 -3.838797807693481445e-01 3.185784816741943359e-02 7.758080959320068359e-02
3.922495841979980469e-01 -3.789352774620056152e-01 -9.564250707626342773e-02 -3.942981362342834473e-01 3.353703022003173828e-02 1.634243726730346680e-01
2.234624624252319336e-01 -3.479879498481750488e-01 -2.484631538391113281e-02 -3.702369928359985352e-01 -1.077542901039123535e-01 3.310980796813964844e-01
1.979521512985229492e-01 -3.652758002281188965e-01 3.837573528289794922e-02 -3.783334493637084961e-01 -6.913203001022338867e-02 3.064761161804199219e-01
1.274617910385131836e-01 -3.930779099464416504e-01 9.552919864654541016e-02 -3.836344480514526367e-01 -5.309224128723144531e-03 2.449696063995361328e-01
7.432532310485839844e-02 -4.194536805152893066e-01 4.953467845916748047e-02 -4.178694486618041992e-01 6.478869915008544922e-02 1.630247831344604492e-01
2.378965616226196289e-01 -3.846096396446228027e-01 1.136158704757690430e-01 -4.102284312248229980e-01 1.508203744888305664e-01 1.781684160232543945e-01
2.851275205612182617e-01 -3.313939571380615234e-01 6.510996818542480469e-02 -3.451930284500122070e-01 2.576128244400024414e-01 1.013917922973632812e-01
3.772956132888793945e-01 -3.281208872795104980e-01 -1.672303676605224609e-02 -3.838294744491577148e-01 5.054794549942016602e-01 -1.252912282943725586e-01
3.836337327957153320e-01 -3.130345940589904785e-01 -1.004886627197265625e-02 -4.557976722717285156e-01 6.658653020858764648e-01 -2.289106845855712891e-01
3.698827028274536133e-01 -1.991708874702453613e-01 -2.895981669425964355e-01 -3.851923346519470215e-01 6.160095930099487305e-01 -3.206816315650939941e-01
2.829636335372924805e-01 1.875082254409790039e-01 -4.215784668922424316e-01 -3.279414772987365723e-01 2.147622108459472656e-01 1.472878456115722656e-02
2.841371297836303711e-01 4.196316003799438477e-01 -5.847319364547729492e-01 -3.194687366485595703e-01 -3.194773197174072266e-02 1.937186717987060547e-01
8.350574970245361328e-02 4.180284738540649414e-01 -4.988893270492553711e-01 -1.370110511779785156e-01 -1.878484487533569336e-01 2.398629188537597656e-01
9.608924388885498047e-02 4.849961996078491211e-01 -6.254637241363525391e-01 -3.731101751327514648e-02 -3.432500958442687988e-01 3.419277667999267578e-01
1.860851049423217773e-01 4.385938644409179688e-01 -6.523259878158569336e-01 3.614914417266845703e-02 -2.274293899536132812e-01 2.531740665435791016e-01
1.776256561279296875e-01 4.766414165496826172e-01 -6.285936832427978516e-01 7.166147232055664062e-02 -3.109027147293090820e-01 3.694012165069580078e-01
2.458440065383911133e-01 5.177326202392578125e-01 -6.778057217597961426e-01 1.807613372802734375e-01 -3.270634412765502930e-01 3.708411455154418945e-01
1.120384931564331055e-01 4.512394666671752930e-01 -5.012964010238647461e-01 2.636299133300781250e-01 -4.261820912361145020e-01 5.059056282043457031e-01
2.658140659332275391e-02 4.624582529067993164e-01 -5.706260204315185547e-01 3.164472579956054688e-01 -5.518823266029357910e-01 5.911281108856201172e-01
4.824554920196533203e-02 5.004134178161621094e-01 -5.271381139755249023e-01 2.624478340148925781e-01 -5.255048274993896484e-01 6.025463342666625977e-01
7.368624210357666016e-02 4.753286838531494141e-01 -5.468404293060302734e-01 2.860797643661499023e-01 -5.250116586685180664e-01 6.140766143798828125e-01
2.094662189483642578e-02 4.357861280441284180e-01 -5.386705398559570312e-01 2.621681690216064453e-01 -4.530471563339233398e-01 4.987224340438842773e-01
7.807111740112304688e-02 4.017609357833862305e-01 -5.868915915489196777e-01 2.637534141540527344e-01 -3.927627205848693848e-01 4.263129234313964844e-01
1.001337766647338867e-01 3.621599674224853516e-01 -5.854443311691284180e-01 2.692867517471313477e-01 -3.543699383735656738e-01 3.543360233306884766e-01
1.350535154342651367e-01 4.026061296463012695e-01 -7.413345575332641602e-01 1.773307323455810547e-01 -3.635783791542053223e-01 3.235282897949218750e-01
6.265950202941894531e-02 3.940031528472900391e-01 -5.643451213836669922e-01 -1.385225653648376465e-01 -1.678674817085266113e-01 2.182332277297973633e-01
2.139338254928588867e-01 2.168009281158447266e-01 -6.165098547935485840e-01 -2.727452516555786133e-01 1.896536350250244141e-01 -9.107190370559692383e-02
3.883929252624511719e-01 7.586538791656494141e-02 -4.732900261878967285e-01 -2.880590558052062988e-01 3.885158300399780273e-01 -1.648926734924316406e-01
5.125734806060791016e-01 -1.357534527778625488e-01 -3.114371895790100098e-01 -2.948201298713684082e-01 5.365880727767944336e-01 -1.909863352775573730e-01
4.333541393280029297e-01 -2.744287848472595215e-01 -2.451076507568359375e-01 -1.461247801780700684e-01 3.670905828475952148e-01 -6.965249776840209961e-02
4.348782300949096680e-01 -2.550154328346252441e-01 -2.506023645401000977e-01 -1.935806870460510254e-01 1.294909715652465820e-01 1.680991649627685547e-01
1.769365072250366211e-01 -3.286280035972595215e-01 -8.827751874923706055e-02 -3.494601249694824219e-01 -2.867639064788818359e-03 2.745769023895263672e-01
2.932199239730834961e-01 -3.048001527786254883e-01 -9.257662296295166016e-02 -5.385903120040893555e-01 7.769680023193359375e-02 2.118883132934570312e-01
3.578982353210449219e-01 -3.039650321006774902e-01 -1.221176385879516602e-01 -5.338593125343322754e-01 5.526602268218994141e-02 2.178885936737060547e-01
3.784865140914916992e-01 -4.327421784400939941e-01 -2.548801302909851074e-01 -4.541922807693481445e-01 4.738438129425048828e-02 1.126952171325683594e-01
3.176066875457763672e-01 -3.654926419258117676e-01 -2.994409799575805664e-01 -5.180532932281494141e-01 6.343555450439453125e-02 -4.868090152740478516e-03
2.997303009033203125e-01 -2.394493818283081055e-01 -3.239318728446960449e-01 -3.377186059951782227e-01 -2.072952985763549805e-01 1.650881767272949219e-01
3.456887006759643555e-01 -2.261803150177001953e-01 -3.454578518867492676e-01 -3.910291194915771484e-01 -1.764445304870605469e-01 1.484097242355346680e-01
4.269144535064697266e-01 -2.402938604354858398e-01 -4.114267230033874512e-01 -2.767047882080078125e-01 -2.535631060600280762e-01 2.062584161758422852e-01
3.914034366607666016e-01 -3.225222826004028320e-01 -2.594205737113952637e-01 -3.517808914184570312e-01 -7.121497392654418945e-02 1.142880916595458984e-01
2.052973508834838867e-01 -2.764779925346374512e-01 -1.550297737121582031e-01 -3.456711769104003906e-01 -2.658532857894897461e-01 3.037614822387695312e-01
2.481478452682495117e-01 -2.884613275527954102e-01 -2.082514762878417969e-01 -2.996219992637634277e-01 -2.077630162239074707e-01 2.320719957351684570e-01
2.895289659500122070e-01 -3.266171813011169434e-01 -1.653688549995422363e-01 -3.318541646003723145e-01 -1.763863563537597656e-01 2.700092792510986328e-01
1.898823976516723633e-01 -3.706773519515991211e-01 -5.756777524948120117e-02 -4.429899454116821289e-01 -6.838124990463256836e-02 1.928112506866455078e-01
2.630221843719482422e-02 -3.093705177307128906e-01 -9.453475475311279297e-03 -4.340701103210449219e-01 -2.106593847274780273e-01 2.891287803649902344e-01
8.880066871643066406e-02 -3.610801100730895996e-01 3.907060623168945312e-02 -4.485080242156982422e-01 -1.485416293144226074e-01 2.451856136322021484e-01
7.370376586914062500e-02 -6.083151102066040039e-01 7.168042659759521484e-02 -2.500740885734558105e-01 1.698541641235351562e-02 -8.598154783248901367e-02
-1.253806352615356445e-01 -3.950745463371276855e-01 9.854865074157714844e-02 -3.768588304519653320e-01 -7.927864789962768555e-02 -1.263403296470642090e-01
-1.031058430671691895e-01 -5.119581222534179688e-01 1.864585876464843750e-01 -2.919148802757263184e-01 -2.067363262176513672e-02 -1.966448426246643066e-01
-1.302068829536437988e-01 -3.472844362258911133e-01 2.017151117324829102e-01 -2.240644097328186035e-01 -1.880044937133789062e-01 2.218592166900634766e-02
-1.175314188003540039e-01 -4.718303084373474121e-01 2.798610925674438477e-01 -2.304332256317138672e-01 2.780412435531616211e-01 -4.888697862625122070e-01
-3.490189909934997559e-01 -2.522112727165222168e-01 4.930628538131713867e-01 -1.149678826332092285e-01 2.082686424255371094e-01 -2.360424399375915527e-01
-1.014105081558227539e-01 -2.861729860305786133e-01 2.488237619400024414e-01 -1.423102617263793945e-01 2.886700630187988281e-01 -5.537684559822082520e-01
-2.924675941467285156e-01 -3.779541850090026855e-01 3.593341112136840820e-01 -6.724119186401367188e-02 2.304774522781372070e-01 -5.192542076110839844e-01
-2.158334255218505859e-01 -3.311253190040588379e-01 6.389394998550415039e-01 -2.552338242530822754e-01 2.746849060058593750e-01 -1.647215485572814941e-01
7.227110862731933594e-02 -2.378612756729125977e-01 4.251166582107543945e-01 -2.769864797592163086e-01 2.738428115844726562e-02 -2.397401928901672363e-01
2.787264585494995117e-01 1.118930578231811523e-01 1.332676410675048828e-01 -2.216310501098632812e-01 -1.946443319320678711e-02 2.735328674316406250e-02
4.471187591552734375e-01 2.031586170196533203e-01 1.466178894042968750e-02 -1.747771501541137695e-01 1.635433435440063477e-01 1.061654090881347656e-02
4.923665523529052734e-01 1.066995859146118164e-01 -1.516782641410827637e-01 -1.246212720870971680e-01 2.129509449005126953e-01 -8.026695251464843750e-02
4.742485284805297852e-01 1.407283544540405273e-01 -1.028346419334411621e-01 -2.195912599563598633e-01 2.214958667755126953e-01 -4.360777139663696289e-02
5.109267234802246094e-01 7.979547977447509766e-02 -8.014053106307983398e-02 -1.763809919357299805e-01 2.769556045532226562e-01 -9.196722507476806641e-02
6.348497867584228516e-01 1.473480463027954102e-01 -1.103968620300292969e-01 -1.806444525718688965e-01 2.310515642166137695e-01 1.890754699707031250e-02
5.857291221618652344e-01 1.701477766036987305e-01 -4.492497444152832031e-02 -2.353974580764770508e-01 2.435977458953857422e-01 5.152297019958496094e-02
6.260590553283691406e-01 1.374280452728271484e-01 -4.683023691177368164e-02 -2.811976671218872070e-01 3.002160787582397461e-01 1.806032657623291016e-02
5.937809944152832031e-01 9.587037563323974609e-02 8.979547023773193359e-02 -3.288081884384155273e-01 3.308389186859130859e-01 4.014694690704345703e-02
5.057675838470458984e-01 -1.231795549392700195e-02 1.824008226394653320e-01 -3.917753100395202637e-01 3.685640096664428711e-01 9.087562561035156250e-03
4.753714799880981445e-01 -2.257389426231384277e-01 2.539886236190795898e-01 -3.201072216033935547e-01 4.182658195495605469e-01 -1.331708431243896484e-01
2.464836835861206055e-01 -3.227729797363281250e-01 2.234976291656494141e-01 -3.183987736701965332e-01 3.485631942749023438e-01 -3.433153033256530762e-01
-8.605098724365234375e-02 -2.709621191024780273e-01 5.247529745101928711e-01 -2.229516506195068359e-01 3.394169807434082031e-01 -2.338391542434692383e-01
6.372368335723876953e-02 -1.296418905258178711e-01 4.772562980651855469e-01 -3.682762384414672852e-01 2.259891033172607422e-01 1.660585403442382812e-04
-1.921968460083007812e-01 -2.140617370605468750e-02 5.901460647583007812e-01 -2.925922870635986328e-01 1.352704763412475586e-01 9.176802635192871094e-02
-9.953701496124267578e-02 6.009733676910400391e-02 4.645949602127075195e-01 -2.702818512916564941e-01 1.943945884704589844e-01 9.253358840942382812e-02
-2.064529657363891602e-01 -1.083251833915710449e-01 4.681079387664794922e-01 -2.817547321319580078e-02 1.636166572570800781e-01 -4.111498594284057617e-02
-2.789971828460693359e-01 -3.473323583602905273e-02 4.785014390945434570e-01 -1.031529903411865234e-02 -1.474320888519287109e-02 1.134849786758422852e-01
-2.290272116661071777e-01 -3.844564557075500488e-01 1.129932403564453125e-01 3.461437225341796875e-01 -1.991660594940185547e-01 -2.072628736495971680e-01
-3.291978240013122559e-01 -3.545449376106262207e-01 1.583067178726196289e-01 3.219166994094848633e-01 -1.129121184349060059e-01 -1.816872954368591309e-01
-5.742681026458740234e-01 -3.559361100196838379e-01 2.643241882324218750e-01 2.798800468444824219e-01 -1.895566582679748535e-01 -1.331448554992675781e-01
-4.668160676956176758e-01 -4.505843520164489746e-01 3.665790557861328125e-01 3.837292194366455078e-01 -2.818095088005065918e-01 -1.422381997108459473e-01
-6.839677095413208008e-01 -3.892735242843627930e-01 2.341821193695068359e-01 6.217679977416992188e-01 -4.205543994903564453e-01 -1.917418837547302246e-01
-6.536753773689270020e-01 -5.019693374633789062e-01 1.110962629318237305e-01 5.328218936920166016e-01 -2.654098272323608398e-01 -3.016059994697570801e-01
-4.313349723815917969e-01 -5.687737464904785156e-01 8.629500865936279297e-02 1.166663169860839844e-01 -3.992404341697692871e-01 -4.615086913108825684e-01
-1.135975122451782227e-01 -4.795615673065185547e-01 3.687039613723754883e-01 2.084851264953613281e-03 -5.235303640365600586e-01 -1.200528740882873535e-01
1.010586023330688477e-01 -4.175544381141662598e-01 4.860532283782958984e-02 -3.936230540275573730e-01 -2.763090729713439941e-01 -4.211914539337158203e-02
3.160970211029052734e-01 -2.122688889503479004e-01 -2.034184336662292480e-01 -3.112614750862121582e-01 -3.691415786743164062e-01 1.359632015228271484e-01
2.284541130065917969e-01 -2.309524416923522949e-01 -2.740005254745483398e-01 -3.170642852783203125e-01 -4.462103843688964844e-01 1.990890502929687500e-01
4.273055791854858398e-01 -2.089036703109741211e-01 -4.224681854248046875e-01 -3.516286015510559082e-01 -3.870426416397094727e-01 1.882627010345458984e-01
3.301620483398437500e-01 -3.164554834365844727e-01 -1.999410986900329590e-01 -2.390045523643493652e-01 -3.638162612915039062e-01 2.089877128601074219e-01
2.599619626998901367e-01 -3.279799818992614746e-01 -2.784669995307922363e-01 -2.790524959564208984e-01 -4.039625525474548340e-01 1.774326562881469727e-01
2.289333343505859375e-01 -3.001662492752075195e-01 -2.403457760810852051e-01 -3.132635951042175293e-01 -4.231486916542053223e-01 1.794015169143676758e-01
3.115344047546386719e-01 -3.376819491386413574e-01 -1.705230474472045898e-01 -3.117954730987548828e-01 -3.688521981239318848e-01 1.985757350921630859e-01
2.795289754867553711e-01 -3.655718564987182617e-01 -1.577371358871459961e-01 -4.346653223037719727e-01 -2.917478680610656738e-01 1.032789945602416992e-01
9.969544410705566406e-02 -4.246150851249694824e-01 4.983520507812500000e-02 -4.478958249092102051e-01 -3.479394912719726562e-01 1.613745689392089844e-01
-6.341069936752319336e-02 -4.336075782775878906e-01 6.605970859527587891e-02 -4.772412180900573730e-01 -2.300156354904174805e-01 -4.683655500411987305e-02
-2.047244906425476074e-01 -4.149330854415893555e-01 3.188763856887817383e-01 -3.941321969032287598e-01 -2.350854873657226562e-02 -9.921967983245849609e-03
-1.817606091499328613e-01 -4.858337640762329102e-01 1.712594032287597656e-01 -4.938212633132934570e-01 8.474540710449218750e-02 -1.466125249862670898e-01
-2.062385678291320801e-01 -4.115030765533447266e-01 9.205615520477294922e-02 -1.447182893753051758e-01 1.422536373138427734e-02 -1.258451938629150391e-01
-3.305819630622863770e-01 -3.780508637428283691e-01 6.330740451812744141e-02 -2.188941240310668945e-01 -9.880703687667846680e-02 -1.481686234474182129e-01
-5.538273453712463379e-01 -3.756404519081115723e-01 8.204925060272216797e-02 -2.530475854873657227e-01 -1.300208568572998047e-01 -1.514641046524047852e-01
-3.063336610794067383e-01 3.422487974166870117e-01 2.873014211654663086e-01 -3.125250339508056641e-02 -4.765686392784118652e-01 3.511929512023925781e-01
-1.704193353652954102e-01 3.219432830810546875e-01 2.544414997100830078e-02 8.807218074798583984e-02 -3.172155618667602539e-01 1.065981388092041016e-01
-4.319756031036376953e-01 2.179547548294067383e-01 1.836404800415039062e-01 -2.766605019569396973e-01 -3.000581264495849609e-01 7.218706607818603516e-02
-2.228870987892150879e-01 4.040634632110595703e-02 3.248257637023925781e-01 -3.424975872039794922e-01 -4.074633121490478516e-01 1.710191965103149414e-01
-1.938844919204711914e-01 2.999062538146972656e-01 -2.425301074981689453e-02 -8.866286277770996094e-02 -4.399711489677429199e-01 3.920538425445556641e-01
-1.167401075363159180e-01 3.054603338241577148e-01 -3.850597143173217773e-01 8.619129657745361328e-02 -3.642169833183288574e-01 3.019351959228515625e-01
5.727684497833251953e-02 3.422280550003051758e-01 -5.159972310066223145e-01 1.497664451599121094e-01 -3.751863837242126465e-01 2.953745126724243164e-01
1.508448123931884766e-01 4.074140787124633789e-01 -5.171425342559814453e-01 1.694352626800537109e-01 -4.300078749656677246e-01 3.802565336227416992e-01
9.561347961425781250e-02 4.370263814926147461e-01 -5.195629000663757324e-01 1.776108741760253906e-01 -4.640381336212158203e-01 3.568919897079467773e-01
-9.105682373046875000e-03 4.686625003814697266e-01 -4.092367887496948242e-01 1.105455160140991211e-01 -5.552632808685302734e-01 4.748438596725463867e-01
4.109752178192138672e-02 3.928353786468505859e-01 -4.706057310104370117e-01 2.373142242431640625e-01 -4.477617144584655762e-01 2.929366827011108398e-01
-1.252638101577758789e-01 3.694832324981689453e-01 -3.296202421188354492e-01 8.008420467376708984e-02 -5.538810491561889648e-01 3.163437843322753906e-01
-7.282388210296630859e-02 1.890522241592407227e-01 -3.380010724067687988e-01 4.095852375030517578e-02 -4.566919803619384766e-01 8.604133129119873047e-02
-3.050378561019897461e-01 1.645592451095581055e-01 -1.039893627166748047e-01 -2.737647294998168945e-02 -6.200461387634277344e-01 1.577088832855224609e-01
-2.895057797431945801e-01 1.331435441970825195e-01 3.340793848037719727e-01 -5.912107229232788086e-02 -3.236393928527832031e-01 2.812685966491699219e-01
-2.899180054664611816e-01 -9.120070934295654297e-02 2.336061000823974609e-01 2.491593360900878906e-03 -1.055002212524414062e-02 4.103529453277587891e-02
-6.482274532318115234e-01 1.093934774398803711e-01 8.825802803039550781e-02 1.195338964462280273e-01 -2.265818119049072266e-01 1.839970350265502930e-01
-6.706156730651855469e-01 2.551268339157104492e-01 1.076472997665405273e-01 1.651439666748046875e-01 -5.282347202301025391e-01 4.145799875259399414e-01
-6.287792325019836426e-01 1.469995975494384766e-01 2.540441751480102539e-01 2.941799163818359375e-02 -3.665566444396972656e-01 2.346820831298828125e-01
-4.465317726135253906e-01 2.368795871734619141e-02 2.226576805114746094e-01 1.394771337509155273e-01 -2.540728449821472168e-01 2.199618816375732422e-01
-5.566271543502807617e-01 -4.142087697982788086e-02 4.595762491226196289e-01 1.498712301254272461e-01 -9.876507520675659180e-02 1.869622468948364258e-01
-5.276618003845214844e-01 -2.076730728149414062e-01 4.025846719741821289e-01 3.973153829574584961e-01 -2.740078568458557129e-01 1.726804971694946289e-01
-5.000307559967041016e-01 -3.742493987083435059e-01 1.870692968368530273e-01 3.323764801025390625e-01 -9.011083841323852539e-02 -1.766077280044555664e-01
-5.313858985900878906e-01 -3.765493035316467285e-01 -1.459002494812011719e-02 1.498186588287353516e-01 -4.844062328338623047e-01 -3.428467512130737305e-01
-5.691851973533630371e-01 -2.005698680877685547e-01 8.809208869934082031e-02 3.830876350402832031e-01 -6.564667224884033203e-01 -4.040312767028808594e-02
-3.402515053749084473e-01 -3.605777025222778320e-01 1.112971305847167969e-01 3.777874708175659180e-01 -7.293296456336975098e-01 -7.741069793701171875e-02
-7.917821407318115234e-02 -5.052671432495117188e-01 4.874625205993652344e-01 9.941780567169189453e-02 -3.585426807403564453e-01 -1.778314709663391113e-01
-1.669422984123229980e-01 -4.862013459205627441e-01 1.146615743637084961e-01 5.274629592895507812e-02 -5.346626639366149902e-01 4.624295234680175781e-02
3.528907299041748047e-01 -1.808174252510070801e-01 -4.037874937057495117e-02 -1.481837034225463867e-01 -5.022000074386596680e-01 3.263182640075683594e-01
3.371083736419677734e-01 -1.942741870880126953e-01 -1.342844367027282715e-01 -1.597117781639099121e-01 -5.038452744483947754e-01 2.751291990280151367e-01
3.590961694717407227e-01 -2.736248373985290527e-01 -2.025982141494750977e-01 -9.951186180114746094e-02 -4.493290185928344727e-01 2.221028804779052734e-01
3.755791187286376953e-01 -2.097021937370300293e-01 -2.830471396446228027e-01 -1.812918186187744141e-01 -4.502244591712951660e-01 2.150831222534179688e-01
3.994119167327880859e-01 -2.103067040443420410e-01 -2.834709882736206055e-01 -2.167977094650268555e-01 -3.895482420921325684e-01 2.225009202957153320e-01
4.271285533905029297e-01 -2.158818244934082031e-01 -2.581321001052856445e-01 -2.069119811058044434e-01 -4.294507503509521484e-01 3.703786134719848633e-01
4.176620244979858398e-01 -2.342896461486816406e-01 -2.417846918106079102e-01 -3.062003850936889648e-01 -3.118729591369628906e-01 2.901706695556640625e-01
3.153336048126220703e-01 -2.317442893981933594e-01 -1.670144796371459961e-01 -3.633199334144592285e-01 -3.342806100845336914e-01 3.374676704406738281e-01
3.083757162094116211e-01 -2.772531509399414062e-01 -1.836473345756530762e-01 -4.090819954872131348e-01 -2.866334319114685059e-01 3.328994512557983398e-01
3.565260171890258789e-01 -4.077553153038024902e-01 -3.275591135025024414e-02 -4.557590484619140625e-01 -2.803528308868408203e-02 2.171645164489746094e-01
3.073279857635498047e-01 -3.802452087402343750e-01 7.268011569976806641e-02 -4.909991621971130371e-01 4.223346710205078125e-03 1.951119899749755859e-01
-6.479692459106445312e-02 -2.479891777038574219e-01 2.299027442932128906e-01 -4.114747643470764160e-01 -2.090474963188171387e-01 4.088541269302368164e-01
-1.091780662536621094e-01 -4.326948523521423340e-01 1.900376081466674805e-01 -3.036940097808837891e-01 -3.960693478584289551e-01 2.360374927520751953e-01
-2.591207027435302734e-01 -5.998653173446655273e-01 8.791112899780273438e-02 -3.964350223541259766e-01 3.894722461700439453e-02 -2.962899208068847656e-02
-2.093552350997924805e-01 -5.383343100547790527e-01 9.120678901672363281e-02 -2.369005680084228516e-01 1.497868299484252930e-01 -1.241477727890014648e-01
-2.205802798271179199e-01 -5.085610747337341309e-01 8.629012107849121094e-02 -3.491880297660827637e-01 5.386471748352050781e-03 -8.732008934020996094e-02
-1.112514734268188477e-01 -4.978364109992980957e-01 1.607613563537597656e-01 -4.109272360801696777e-01 2.798199653625488281e-02 -2.957779169082641602e-02
-3.066896200180053711e-01 -4.002913832664489746e-01 3.608503341674804688e-01 -3.205737471580505371e-01 -1.877731084823608398e-02 2.150403261184692383e-01
