2.651213407516479492e-01 1.090462207794189453e-01 1.376060247421264648e-01 -2.491435408592224121e-01 -2.121450901031494141e-01 4.523861408233642578e-02
2.132962942123413086e-01 4.144057035446166992e-01 1.591830253601074219e-01 -2.210071086883544922e-01 -1.772064566612243652e-01 1.912243366241455078e-01
3.701617717742919922e-01 4.550346136093139648e-01 -7.310205698013305664e-02 -1.439836025238037109e-01 -1.685965061187744141e-01 2.162986993789672852e-01
5.540810823440551758e-01 6.427088975906372070e-01 -2.096023559570312500e-01 2.827560901641845703e-02 -2.479205131530761719e-01 3.015613555908203125e-01
7.027490139007568359e-01 6.596709489822387695e-01 -2.468008399009704590e-01 -8.935016393661499023e-02 -1.222428679466247559e-01 1.877751350402832031e-01
7.519646883010864258e-01 6.145277023315429688e-01 -1.789115667343139648e-01 -1.018356680870056152e-01 -3.407013416290283203e-02 1.031148433685302734e-01
7.835309505462646484e-01 5.411862134933471680e-01 -2.974885106086730957e-01 -8.888798952102661133e-02 3.969907760620117188e-03 4.085338115692138672e-02
7.946840524673461914e-01 5.995085239410400391e-01 -2.387560606002807617e-01 -5.791962146759033203e-03 -1.378820538520812988e-01 2.114697694778442383e-01
8.499816656112670898e-01 5.740871429443359375e-01 -2.666572332382202148e-01 -4.121047258377075195e-02 -2.551281452178955078e-02 1.546907424926757812e-01
7.436465024948120117e-01 5.620808601379394531e-01 -1.750932335853576660e-01 -8.386778831481933594e-02 -8.742618560791015625e-02 2.168605327606201172e-01
8.819786310195922852e-01 5.216163396835327148e-01 -1.488679051399230957e-01 -9.864360094070434570e-02 -4.009741544723510742e-02 1.778221130371093750e-01
9.345127344131469727e-01 3.857232332229614258e-01 -1.994144320487976074e-01 -1.394122838973999023e-02 7.101953029632568359e-02 5.926656723022460938e-02
8.918023109436035156e-01 2.994436025619506836e-01 -6.879067420959472656e-02 2.383816242218017578e-02 7.593488693237304688e-02 1.327533721923828125e-01
7.677254676818847656e-01 2.247521877288818359e-01 -5.117815732955932617e-02 -2.884149551391601562e-03 7.760751247406005859e-02 1.264327764511108398e-01
6.979378461837768555e-01 1.153348684310913086e-01 -4.531824588775634766e-02 8.270955085754394531e-02 1.038216352462768555e-01 1.127636432647705078e-01
5.865551233291625977e-01 -2.659845352172851562e-02 -1.802510023117065430e-02 1.561379432678222656e-01 7.715356349945068359e-02 1.582132577896118164e-01
4.123619794845581055e-01 -9.316647052764892578e-02 5.402612686157226562e-02 1.223862171173095703e-02 4.645872116088867188e-02 2.069354057312011719e-01
5.073553323745727539e-01 -3.022221326828002930e-01 -1.623524427413940430e-01 -9.477132558822631836e-02 1.631443500518798828e-01 -6.536430120468139648e-02
3.663600683212280273e-01 -2.897914648056030273e-01 -1.868311762809753418e-01 -3.532890677452087402e-01 1.768742799758911133e-01 -1.099010705947875977e-01
3.611084222793579102e-01 -2.873566746711730957e-01 -1.529931426048278809e-01 -3.916831612586975098e-01 1.612322330474853516e-01 -5.636435747146606445e-02
4.961254596710205078e-01 -4.613077640533447266e-01 -1.210461854934692383e-01 -3.465166091918945312e-01 2.670407295227050781e-01 -1.549382805824279785e-01
5.979864597320556641e-01 -3.786783814430236816e-01 -1.880506277084350586e-01 -2.882016301155090332e-01 1.865400075912475586e-01 -1.136713624000549316e-01
5.982367992401123047e-01 -3.198235034942626953e-01 -1.674512028694152832e-01 -3.567835688591003418e-01 4.284501075744628906e-02 -1.369689702987670898e-01
6.768215894699096680e-01 -4.190651178359985352e-01 -1.969786286354064941e-01 -4.345898032188415527e-01 1.737790107727050781e-01 -2.965913414955139160e-01
5.110728740692138672e-01 -3.977338075637817383e-01 -1.628157496452331543e-01 -3.716434836387634277e-01 8.155941963195800781e-02 -2.319613099098205566e-01
4.894104003906250000e-01 -3.851612210273742676e-01 -1.974177956581115723e-01 -2.832958102226257324e-01 -2.215683460235595703e-03 -2.734719514846801758e-01
5.912225246429443359e-01 -4.703568220138549805e-01 -1.926261186599731445e-02 -4.724578261375427246e-01 1.936700344085693359e-01 -2.514967918395996094e-01
3.306367397308349609e-01 -2.618067860603332520e-01 -1.556704640388488770e-01 -3.799756765365600586e-01 -2.328919768333435059e-01 -8.189558982849121094e-02
4.101595878601074219e-01 -3.251649141311645508e-01 -1.581584811210632324e-01 -3.375354409217834473e-01 -2.420535087585449219e-01 -1.315178275108337402e-01
4.466205835342407227e-01 -3.630973696708679199e-01 -3.459036350250244141e-03 -3.325498104095458984e-01 -2.344118952751159668e-01 1.469123363494873047e-02
4.476062059402465820e-01 -4.509842395782470703e-01 4.271292686462402344e-02 -3.313269615173339844e-01 -9.452623128890991211e-02 -5.874603986740112305e-02
4.233950376510620117e-01 -5.408059358596801758e-01 5.400514602661132812e-02 -5.119374990463256836e-01 7.025837898254394531e-02 -1.811296343803405762e-01
3.346024751663208008e-01 -4.450454115867614746e-01 8.117222785949707031e-02 -3.088600635528564453e-01 -2.054578661918640137e-01 -2.071779966354370117e-02
3.054889440536499023e-01 -4.868860840797424316e-01 9.379923343658447266e-02 -4.301564693450927734e-01 -1.386061906814575195e-01 -4.237484931945800781e-02
2.878087759017944336e-01 -4.191851019859313965e-01 1.346921920776367188e-01 -5.549440383911132812e-01 -1.760220527648925781e-01 8.849024772644042969e-03
3.646367788314819336e-01 -5.756585597991943359e-01 1.365602016448974609e-01 -5.653975009918212891e-01 6.406569480895996094e-02 -1.505915522575378418e-01
2.330552339553833008e-01 -4.425030946731567383e-01 1.393699645996093750e-01 -5.797659158706665039e-01 -2.279552817344665527e-01 1.146019697189331055e-01
4.154455661773681641e-01 -4.459541440010070801e-01 -7.329207658767700195e-02 -4.458777904510498047e-01 -2.340262532234191895e-01 9.162783622741699219e-02
2.176122665405273438e-01 -3.314936757087707520e-01 2.058441638946533203e-01 -5.312350988388061523e-01 -1.650778651237487793e-01 1.911665201187133789e-01
2.429009675979614258e-01 -2.447856664657592773e-01 1.321370601654052734e-01 -6.190882921218872070e-01 1.931691169738769531e-02 1.084966659545898438e-01
3.798180818557739258e-01 -2.139081358909606934e-01 7.015883922576904297e-02 -5.769199132919311523e-01 1.998986005783081055e-01 2.141940593719482422e-02
4.621490240097045898e-01 -1.727083325386047363e-01 -5.486202239990234375e-02 -5.705300569534301758e-01 3.848567008972167969e-01 -1.120254397392272949e-01
4.014360904693603516e-01 1.565456390380859375e-03 -2.282255291938781738e-01 -6.510227918624877930e-01 3.552546501159667969e-01 -1.177532672882080078e-01
2.043379545211791992e-01 2.762603759765625000e-01 -2.713414430618286133e-01 -6.506375074386596680e-01 3.175139427185058594e-02 1.353831291198730469e-01
2.227200269699096680e-01 3.506315946578979492e-01 -4.889304637908935547e-01 -4.220271110534667969e-01 -9.735423326492309570e-02 1.580203771591186523e-01
1.494175195693969727e-01 3.487772941589355469e-01 -3.933108448982238770e-01 -2.833539843559265137e-01 -2.157893180847167969e-01 3.130760192871093750e-01
1.339566707611083984e-01 4.411082267761230469e-01 -3.709567189216613770e-01 -2.049428820610046387e-01 -3.157482147216796875e-01 4.404499530792236328e-01
1.326456069946289062e-01 4.768229722976684570e-01 -3.829492926597595215e-01 -9.321510791778564453e-02 -3.632158041000366211e-01 5.252270698547363281e-01
7.070767879486083984e-02 5.604466199874877930e-01 -3.804675936698913574e-01 -3.266024589538574219e-02 -4.497352838516235352e-01 6.334948539733886719e-01
1.437418460845947266e-01 5.160156488418579102e-01 -4.555116295814514160e-01 1.097205877304077148e-01 -4.738607406616210938e-01 6.630648374557495117e-01
2.091612815856933594e-01 5.544998645782470703e-01 -4.385765790939331055e-01 4.354500770568847656e-02 -4.096144437789916992e-01 6.460435390472412109e-01
2.741116285324096680e-01 5.337903499603271484e-01 -5.264434814453125000e-01 1.231076717376708984e-01 -4.241471886634826660e-01 6.281362771987915039e-01
1.574512720108032227e-01 5.938560962677001953e-01 -4.499193429946899414e-01 6.508588790893554688e-02 -5.533393621444702148e-01 7.420132160186767578e-01
1.455001831054687500e-01 5.378992557525634766e-01 -5.093679428100585938e-01 1.068421602249145508e-01 -5.152469873428344727e-01 6.180841922760009766e-01
1.703042984008789062e-01 6.171053647994995117e-01 -5.162355899810791016e-01 1.575247049331665039e-01 -6.129832267761230469e-01 6.958293914794921875e-01
2.121621370315551758e-01 5.703659057617187500e-01 -5.630859136581420898e-01 5.906260013580322266e-02 -5.707156658172607422e-01 6.691567897796630859e-01
1.457650661468505859e-01 5.252699851989746094e-01 -6.050060987472534180e-01 4.256951808929443359e-02 -4.570622444152832031e-01 4.715145826339721680e-01
1.254491806030273438e-01 5.424576997756958008e-01 -5.644617676734924316e-01 -1.480538249015808105e-01 -3.619195222854614258e-01 3.960653543472290039e-01
2.397248744964599609e-01 3.824349641799926758e-01 -4.991766214370727539e-01 -4.148461222648620605e-01 -1.241314411163330078e-02 1.431342363357543945e-01
2.752827405929565430e-01 2.458975315093994141e-01 -4.906284809112548828e-01 -5.367010831832885742e-01 2.006468772888183594e-01 -7.049143314361572266e-02
5.522676706314086914e-01 -1.000184416770935059e-01 -2.699331641197204590e-01 -6.178654432296752930e-01 6.464238166809082031e-01 -2.934530973434448242e-01
6.836423873901367188e-01 -4.184430241584777832e-01 -2.169078588485717773e-02 -6.459766626358032227e-01 8.438036441802978516e-01 -3.569043874740600586e-01
5.018473863601684570e-01 -4.431307315826416016e-01 -8.223038911819458008e-02 -4.733725190162658691e-01 4.006122350692749023e-01 -1.356444358825683594e-01
4.426609277725219727e-01 -4.579383730888366699e-01 1.613187789916992188e-01 -6.311045885086059570e-01 2.251380681991577148e-01 8.866143226623535156e-02
5.358576774597167969e-01 -3.954455256462097168e-01 -8.746385574340820312e-04 -7.488909363746643066e-01 1.686245203018188477e-01 2.886104583740234375e-02
3.958320617675781250e-01 -3.628884553909301758e-01 3.993856906890869141e-02 -6.478850245475769043e-01 -4.846781492233276367e-02 1.380857229232788086e-01
3.546756505966186523e-01 -3.342987298965454102e-01 -8.490908145904541016e-02 -4.571868181228637695e-01 -2.210763096809387207e-01 1.369535923004150391e-01
4.522627592086791992e-01 -3.858160972595214844e-01 -5.074697732925415039e-02 -3.938418626785278320e-01 -1.700015068054199219e-01 1.178317070007324219e-01
4.573600292205810547e-01 -3.575033545494079590e-01 -1.890393495559692383e-01 -4.933186769485473633e-01 -1.090705394744873047e-01 -4.020959138870239258e-02
4.983974695205688477e-01 -2.637556791305541992e-01 -2.418550252914428711e-01 -3.534393310546875000e-01 -2.179163694381713867e-01 2.849555015563964844e-02
4.878396987915039062e-01 -3.558637499809265137e-01 -1.745558381080627441e-01 -4.127223491668701172e-01 -1.358586549758911133e-01 8.726119995117187500e-03
2.786321640014648438e-01 -3.033763766288757324e-01 -1.257285475730895996e-01 -3.584672212600708008e-01 -3.999834656715393066e-01 2.605879306793212891e-01
4.107443094253540039e-01 -3.591853976249694824e-01 -5.996119976043701172e-02 -3.656556606292724609e-01 -2.532504200935363770e-01 2.189357280731201172e-01
4.782786369323730469e-01 -5.468550920486450195e-01 -4.997372627258300781e-03 -4.778522253036499023e-01 3.455150127410888672e-02 -6.790876388549804688e-03
4.602628946304321289e-01 -5.185544490814208984e-01 2.620100975036621094e-02 -5.049459338188171387e-01 -2.017629146575927734e-02 6.096553802490234375e-02
2.485854625701904297e-01 -5.261480212211608887e-01 3.115642070770263672e-02 -4.430754184722900391e-01 -1.447757482528686523e-01 -5.776405334472656250e-03
1.239700317382812500e-01 -5.732299089431762695e-01 1.195110082626342773e-01 -5.398931503295898438e-01 -6.669664382934570312e-02 -1.781524419784545898e-01
-7.151108980178833008e-02 -6.514948606491088867e-01 1.769775152206420898e-01 -4.499430656433105469e-01 -8.779907226562500000e-02 -4.030046463012695312e-01
-8.703595399856567383e-02 -3.184051513671875000e-01 4.847018718719482422e-01 -4.042242169380187988e-01 -1.725279092788696289e-01 -1.698200702667236328e-01
-2.715444564819335938e-01 -2.411519289016723633e-01 3.367866277694702148e-01 -4.937689304351806641e-01 -3.345753550529479980e-01 -6.324416399002075195e-02
-3.272593021392822266e-01 -2.285630702972412109e-01 2.735720872879028320e-01 -1.515583992004394531e-01 -4.672745466232299805e-01 -4.343158006668090820e-02
-3.209528326988220215e-01 -2.474664449691772461e-01 2.531048059463500977e-01 -1.907084584236145020e-01 -3.181015849113464355e-01 -1.706203222274780273e-01
2.146410942077636719e-02 -3.173235654830932617e-01 1.099416017532348633e-01 -3.212171792984008789e-01 -2.345310449600219727e-01 -1.950489282608032227e-01
-3.629326820373535156e-03 -2.900621891021728516e-01 1.973364353179931641e-01 -2.741026878356933594e-01 -3.361430764198303223e-01 -1.529267430305480957e-01
-8.513265848159790039e-02 -2.666038870811462402e-01 4.031177759170532227e-01 -4.071491956710815430e-01 -2.593290209770202637e-01 -9.322369098663330078e-02
-6.470000743865966797e-02 -2.706658244132995605e-01 2.258427143096923828e-01 1.242375373840332031e-02 3.470838069915771484e-01 -5.271676778793334961e-01
-3.504890203475952148e-02 -3.284142613410949707e-01 4.009599685668945312e-01 6.593894958496093750e-02 4.677741527557373047e-01 -6.194356679916381836e-01
-2.016136050224304199e-01 -2.836613655090332031e-01 5.251313447952270508e-01 7.295107841491699219e-02 2.588182687759399414e-01 -4.703339338302612305e-01
-1.299453973770141602e-01 -2.915074825286865234e-01 5.400446653366088867e-01 -3.140442371368408203e-01 8.306312561035156250e-02 -5.031784176826477051e-01
1.340191364288330078e-01 1.973500251770019531e-01 6.919444799423217773e-01 -3.782623410224914551e-01 -4.564951658248901367e-01 1.297495365142822266e-01
4.443434476852416992e-01 6.926281452178955078e-01 3.179967403411865234e-02 -2.050209045410156250e-01 -6.156297922134399414e-01 5.532302856445312500e-01
5.710222721099853516e-01 7.600677013397216797e-01 4.012465476989746094e-03 -3.453539609909057617e-01 -3.590051531791687012e-01 5.195351839065551758e-01
3.887639045715332031e-01 6.265345811843872070e-01 5.295991897583007812e-02 -4.316233396530151367e-01 -1.514636874198913574e-01 3.766223192214965820e-01
5.650047063827514648e-01 7.501277923583984375e-01 -8.732318878173828125e-02 -3.996866941452026367e-01 -2.418798804283142090e-01 5.035532712936401367e-01
5.409648418426513672e-01 7.657293081283569336e-01 -1.099745035171508789e-01 -4.025946259498596191e-01 -2.895866632461547852e-01 5.282608270645141602e-01
5.024535655975341797e-01 7.010982036590576172e-01 -1.369595527648925781e-03 -4.806172847747802734e-01 -1.945888996124267578e-01 4.713538885116577148e-01
5.450109243392944336e-01 6.334556341171264648e-01 -3.567510843276977539e-02 -4.671310782432556152e-01 -2.040302753448486328e-01 4.627441167831420898e-01
4.737401008605957031e-01 5.595322847366333008e-01 5.273783206939697266e-02 -4.113497734069824219e-01 -2.517554759979248047e-01 4.705176353454589844e-01
4.830707311630249023e-01 3.256081342697143555e-01 1.581485271453857422e-01 -5.185066461563110352e-01 -4.756462574005126953e-02 2.354810237884521484e-01
1.720988750457763672e-01 2.182679176330566406e-01 2.859498262405395508e-01 -7.420064210891723633e-01 -9.288746118545532227e-02 4.471874237060546875e-02
-8.751028776168823242e-02 2.649571895599365234e-01 3.016657829284667969e-01 -6.198990941047668457e-01 -2.612305283546447754e-01 -1.028037071228027344e-02
-1.543291807174682617e-01 3.085609674453735352e-01 4.031660556793212891e-01 -3.838446736335754395e-01 -1.788469552993774414e-01 8.312344551086425781e-03
-1.706662178039550781e-01 1.945357322692871094e-01 5.429940223693847656e-01 -3.428016304969787598e-01 -1.077971458435058594e-01 1.237523555755615234e-02
-3.513258695602416992e-02 2.488154172897338867e-01 5.436307191848754883e-01 -3.172205090522766113e-01 -1.338979601860046387e-01 2.168208360671997070e-01
-2.844882607460021973e-01 1.042695045471191406e-01 7.850180864334106445e-01 -2.541174888610839844e-01 -1.594750285148620605e-01 1.818858385086059570e-01
-2.367711067199707031e-01 -7.265567779541015625e-03 4.192109107971191406e-01 -2.960829138755798340e-01 -1.005413532257080078e-01 -3.711611032485961914e-02
-3.204603791236877441e-01 8.419895172119140625e-02 3.411430120468139648e-01 -7.920438051223754883e-02 -2.710118889808654785e-01 9.269821643829345703e-02
-2.930607795715332031e-01 2.528321743011474609e-02 3.792041540145874023e-01 -1.865812540054321289e-01 -1.421936750411987305e-01 -2.378344535827636719e-02
-4.765478372573852539e-01 1.597440242767333984e-01 4.737422466278076172e-01 -1.870225667953491211e-01 -2.313419580459594727e-01 1.554597616195678711e-01
-5.159483551979064941e-01 3.007582426071166992e-01 5.734792947769165039e-01 3.232932090759277344e-02 -2.337266802787780762e-01 3.964984416961669922e-01
-5.625947117805480957e-01 6.723912954330444336e-01 3.731108903884887695e-01 4.772175550460815430e-01 -4.714616537094116211e-01 5.955766439437866211e-01
-4.632818102836608887e-01 4.594352245330810547e-01 4.605028629302978516e-01 1.578997373580932617e-01 -4.746216535568237305e-01 5.043900012969970703e-01
-2.102197408676147461e-01 2.277970314025878906e-01 6.956505775451660156e-01 -1.202228665351867676e-01 -3.554899692535400391e-01 4.212089776992797852e-01
-1.251922845840454102e-01 2.873401641845703125e-01 2.795065641403198242e-01 -1.664584875106811523e-01 -4.193714261054992676e-01 4.853079319000244141e-01
-1.091992855072021484e-02 3.652087450027465820e-01 8.666276931762695312e-02 1.491222381591796875e-01 -5.339913368225097656e-01 6.235471963882446289e-01
-4.609912633895874023e-02 4.714099168777465820e-01 -6.070137023925781250e-03 2.518516778945922852e-01 -6.226117610931396484e-01 7.375953197479248047e-01
1.357477903366088867e-01 3.912748098373413086e-01 -8.968406915664672852e-02 2.492444515228271484e-01 -4.209344983100891113e-01 6.578543186187744141e-01
5.017673969268798828e-02 4.688240289688110352e-01 -1.567409634590148926e-01 2.868278026580810547e-01 -4.381286501884460449e-01 6.386489868164062500e-01
-2.015924453735351562e-02 5.721868276596069336e-01 -1.119843721389770508e-01 3.154686689376831055e-01 -5.789703130722045898e-01 8.116214275360107422e-01
-1.113345026969909668e-01 4.302802085876464844e-01 -1.035901904106140137e-01 3.130234479904174805e-01 -5.234733819961547852e-01 7.151824235916137695e-01
-5.782538652420043945e-02 3.110193014144897461e-01 -9.373879432678222656e-02 2.376345396041870117e-01 -3.316166400909423828e-01 5.340516567230224609e-01
-1.222425699234008789e-01 3.985691070556640625e-01 -1.324381828308105469e-01 2.846130132675170898e-01 -4.458112120628356934e-01 6.638510227203369141e-01
-1.568698287010192871e-01 4.632556438446044922e-01 -1.352775096893310547e-02 9.719479084014892578e-02 -5.290061235427856445e-01 8.079818487167358398e-01
-2.600176930427551270e-01 3.713604211807250977e-01 2.956688404083251953e-02 2.326869964599609375e-01 -6.054604053497314453e-01 7.548978328704833984e-01
-1.564005017280578613e-01 2.611143589019775391e-01 2.854368686676025391e-01 9.797322750091552734e-02 -3.709196448326110840e-01 5.334616899490356445e-01
-1.008987426757812500e-03 4.765388965606689453e-01 -3.211998939514160156e-02 3.506815433502197266e-01 -5.036282539367675781e-01 7.754741907119750977e-01
