-8.883213996887207031e-02 1.075533628463745117e-01 5.121227502822875977e-01 -5.301659703254699707e-01 -3.489848971366882324e-01 1.589521169662475586e-01
2.984061241149902344e-01 3.923789262771606445e-01 1.008311510086059570e-01 -2.696133852005004883e-01 -2.241127490997314453e-01 1.342787742614746094e-01
4.418867826461791992e-01 5.500642061233520508e-01 -1.322924494743347168e-01 -3.187431693077087402e-01 -2.845789790153503418e-01 1.995204687118530273e-01
5.571210384368896484e-01 6.130580902099609375e-01 -1.059153079986572266e-01 -1.852943897247314453e-01 -3.678214550018310547e-01 3.831627368927001953e-01
4.878214597702026367e-01 6.062657833099365234e-01 -9.599030017852783203e-02 -1.776272654533386230e-01 -3.624181747436523438e-01 3.171979188919067383e-01
6.587060689926147461e-01 6.202824115753173828e-01 -7.584679126739501953e-02 -2.369218468666076660e-01 -2.343761920928955078e-01 2.688355445861816406e-01
6.771644353866577148e-01 6.112790107727050781e-01 -1.546573042869567871e-01 -1.774805188179016113e-01 -1.896811127662658691e-01 1.141284704208374023e-01
4.930765628814697266e-01 7.017841339111328125e-01 5.386114120483398438e-03 -3.738176226615905762e-01 -3.331636190414428711e-01 2.712795734405517578e-01
3.590906858444213867e-01 5.903693437576293945e-01 5.546867847442626953e-02 -2.400038242340087891e-01 -3.537804484367370605e-01 2.273411750793457031e-01
3.781445026397705078e-01 6.434504985809326172e-01 1.056039333343505859e-02 -2.210114002227783203e-01 -3.632071018218994141e-01 2.357989549636840820e-01
4.172405004501342773e-01 6.351385116577148438e-01 3.739404678344726562e-02 -3.043527603149414062e-01 -2.728595137596130371e-01 2.637333869934082031e-01
3.955361843109130859e-01 6.175038814544677734e-01 3.278017044067382812e-02 -3.635402321815490723e-01 -2.863456606864929199e-01 2.708809375762939453e-01
4.366656541824340820e-01 5.270622968673706055e-01 1.243591308593750000e-03 -1.571812033653259277e-01 -2.482940554618835449e-01 2.813007831573486328e-01
5.092320442199707031e-01 4.565078020095825195e-01 -5.648940801620483398e-02 -2.023429870605468750e-01 -1.246424913406372070e-01 9.249114990234375000e-02
5.216555595397949219e-01 4.594072103500366211e-01 2.320849895477294922e-02 -3.027067780494689941e-01 -6.824415922164916992e-02 8.955740928649902344e-02
5.953545570373535156e-01 4.270149469375610352e-01 7.524895668029785156e-02 -3.065152764320373535e-01 -3.757476806640625000e-03 9.529209136962890625e-02
5.926504135131835938e-01 2.481508255004882812e-01 1.009275913238525391e-01 -1.549029350280761719e-01 7.062351703643798828e-02 9.980320930480957031e-03
4.771084785461425781e-01 1.697095632553100586e-01 1.707700490951538086e-01 -2.410308718681335449e-01 8.435976505279541016e-02 3.923249244689941406e-02
3.814550638198852539e-01 9.185242652893066406e-02 1.795586347579956055e-01 -2.047728300094604492e-01 8.564293384552001953e-02 -2.302265167236328125e-02
4.635030031204223633e-01 -3.629672527313232422e-02 2.070397138595581055e-01 -1.565175056457519531e-01 1.837493181228637695e-01 -3.965586423873901367e-02
4.703725576400756836e-01 -1.660123467445373535e-01 1.398661136627197266e-01 1.428313255310058594e-01 1.361244916915893555e-01 -1.107454299926757812e-03
3.431674242019653320e-01 -3.027271032333374023e-01 1.495770215988159180e-01 3.276002407073974609e-02 1.962291002273559570e-01 -3.291994333267211914e-02
3.752105236053466797e-01 -2.922444939613342285e-01 -6.600511074066162109e-02 3.010189533233642578e-02 7.743263244628906250e-02 -1.917904615402221680e-02
2.541137933731079102e-01 -3.671614527702331543e-01 1.859509944915771484e-02 -1.861238479614257812e-02 -6.688773632049560547e-03 -2.401214838027954102e-02
2.931220531463623047e-01 -2.824636697769165039e-01 -6.064045429229736328e-02 -1.652634143829345703e-01 -8.247250318527221680e-02 5.920016765594482422e-02
2.607370615005493164e-01 -3.871762156486511230e-01 -2.928906679153442383e-01 -2.283016443252563477e-01 -1.474341154098510742e-01 -8.441835641860961914e-02
1.855127811431884766e-01 -3.114612102508544922e-01 -1.750941872596740723e-01 -1.871670484542846680e-01 -1.791674494743347168e-01 6.492197513580322266e-02
1.840071678161621094e-01 -4.079055190086364746e-01 -1.487103700637817383e-01 -2.311370968818664551e-01 -1.211969256401062012e-01 -5.658817291259765625e-02
2.884893417358398438e-01 -3.504186272621154785e-01 -1.683614850044250488e-01 -1.340408325195312500e-01 -1.753633618354797363e-01 -2.028548717498779297e-02
3.439886569976806641e-01 -3.616760373115539551e-01 -1.240341067314147949e-01 -2.333243489265441895e-01 -1.413198709487915039e-01 2.403807640075683594e-02
2.583202123641967773e-01 -3.825619816780090332e-01 -1.340752243995666504e-01 -3.817484378814697266e-01 -1.724951267242431641e-01 -7.431936264038085938e-02
2.448229789733886719e-01 -3.775761723518371582e-01 -2.375830411911010742e-01 -1.839697957038879395e-01 -2.930142879486083984e-01 -9.264230728149414062e-02
4.654083251953125000e-01 -3.218414187431335449e-01 -3.070016503334045410e-01 -1.893998384475708008e-01 -1.672946810722351074e-01 -1.349310278892517090e-01
3.064975738525390625e-01 -3.173072934150695801e-01 -1.495761275291442871e-01 -2.436148524284362793e-01 -2.762289047241210938e-01 -2.370530366897583008e-02
2.342181205749511719e-01 -3.667449355125427246e-01 -2.420012950897216797e-01 -2.731599211692810059e-01 -2.742448449134826660e-01 -7.691490650177001953e-02
2.730767726898193359e-01 -4.899732470512390137e-01 -1.592149734497070312e-01 -2.121490240097045898e-01 -2.215629220008850098e-01 -1.437535285949707031e-01
7.014060020446777344e-02 -3.269867897033691406e-01 -2.459468841552734375e-01 -3.086940050125122070e-01 -3.863212466239929199e-01 -5.719304084777832031e-02
1.057134866714477539e-01 -3.401892185211181641e-01 -2.641691565513610840e-01 -2.625772953033447266e-01 -4.582867622375488281e-01 9.240627288818359375e-03
2.453833818435668945e-01 -3.435755372047424316e-01 -3.145640492439270020e-01 -3.045623898506164551e-01 -3.016302585601806641e-01 -1.033178567886352539e-01
3.106874227523803711e-01 -4.241117835044860840e-01 -2.105099558830261230e-01 -2.856112718582153320e-01 -1.989521384239196777e-01 -8.357918262481689453e-02
2.302757501602172852e-01 -3.620529174804687500e-01 -2.724493741989135742e-01 -1.995383501052856445e-01 -3.758760094642639160e-01 2.943241596221923828e-02
2.362480163574218750e-01 -2.783864736557006836e-01 -2.070198059082031250e-01 -3.334159255027770996e-01 -4.596940875053405762e-01 1.641292572021484375e-01
2.004553079605102539e-01 -3.852976560592651367e-01 -1.687385439872741699e-01 -3.522942066192626953e-01 -3.598210215568542480e-01 5.340659618377685547e-02
2.189390659332275391e-01 -4.556425213813781738e-01 -9.382712841033935547e-02 -2.912080883979797363e-01 -2.904713153839111328e-01 2.924203872680664062e-03
2.611699104309082031e-01 -4.105162620544433594e-01 -7.103562355041503906e-03 -3.275365829467773438e-01 -2.678163051605224609e-01 1.010205745697021484e-01
2.938252687454223633e-01 -3.766795396804809570e-01 -3.334945440292358398e-02 -5.309873223304748535e-01 -2.208475470542907715e-01 1.360532045364379883e-01
2.200820446014404297e-01 -3.875213265419006348e-01 8.741140365600585938e-02 -4.890034794807434082e-01 -1.639869809150695801e-01 1.987391710281372070e-01
1.174453496932983398e-01 -3.017717003822326660e-01 1.346560716629028320e-01 -5.670189857482910156e-01 -9.571814537048339844e-02 1.935192346572875977e-01
1.630561351776123047e-01 -2.462813854217529297e-01 1.392019987106323242e-01 -6.514774560928344727e-01 6.226277351379394531e-02 1.294618844985961914e-01
3.015363216400146484e-01 -2.081541419029235840e-01 2.123618125915527344e-02 -6.197533607482910156e-01 2.544900178909301758e-01 1.014745235443115234e-02
3.905599117279052734e-01 -1.886193752288818359e-01 -1.449468731880187988e-01 -5.559391975402832031e-01 5.075412988662719727e-01 -2.337747216224670410e-01
3.677617311477661133e-01 -1.125100255012512207e-01 -3.430366516113281250e-01 -4.523872733116149902e-01 5.302206277847290039e-01 -3.508536815643310547e-01
2.793433666229248047e-01 3.043484687805175781e-02 -4.200561642646789551e-01 -4.833726882934570312e-01 3.834517002105712891e-01 -2.966669797897338867e-01
2.287914752960205078e-01 1.899905204772949219e-01 -5.234532356262207031e-01 -3.584240078926086426e-01 1.080957651138305664e-01 -1.119191646575927734e-01
8.562743663787841797e-02 2.595999240875244141e-01 -5.077003836631774902e-01 -1.682771444320678711e-01 -9.155559539794921875e-02 1.529455184936523438e-04
3.373181819915771484e-02 3.483369350433349609e-01 -5.551233887672424316e-01 -3.026795387268066406e-02 -3.258807659149169922e-01 1.875540018081665039e-01
1.710987091064453125e-02 3.722596168518066406e-01 -4.422144293785095215e-01 -7.124489545822143555e-02 -2.857655286788940430e-01 2.095817327499389648e-01
-3.227430582046508789e-02 3.692821264266967773e-01 -3.816024065017700195e-01 -1.242712736129760742e-01 -2.994928359985351562e-01 2.346656322479248047e-01
1.339602470397949219e-02 3.379987478256225586e-01 -3.924954533576965332e-01 -1.146684288978576660e-01 -2.361822724342346191e-01 2.010381221771240234e-01
-1.143038272857666016e-03 4.576919078826904297e-01 -3.739486932754516602e-01 -7.733178138732910156e-02 -4.413596391677856445e-01 4.324185848236083984e-01
1.384817361831665039e-01 3.768045902252197266e-01 -4.295882582664489746e-01 -5.082130432128906250e-03 -3.380482196807861328e-01 3.227611780166625977e-01
-3.242075443267822266e-03 4.122378826141357422e-01 -3.349679708480834961e-01 2.520322799682617188e-03 -4.451726675033569336e-01 4.007159471511840820e-01
2.315723896026611328e-02 4.252052307128906250e-01 -5.083017349243164062e-01 5.917811393737792969e-02 -5.090174674987792969e-01 4.100259542465209961e-01
-1.370221376419067383e-02 4.373973608016967773e-01 -4.341479539871215820e-01 -2.893400192260742188e-02 -4.308137297630310059e-01 3.439289331436157227e-01
-8.407235145568847656e-03 4.131748676300048828e-01 -5.463753342628479004e-01 -8.386969566345214844e-02 -3.906639814376831055e-01 2.533166408538818359e-01
-3.342574834823608398e-02 3.962593078613281250e-01 -4.932716488838195801e-01 -1.966916918754577637e-01 -2.789774537086486816e-01 1.543263196945190430e-01
6.427216529846191406e-02 3.051193952560424805e-01 -5.347294211387634277e-01 -3.304215073585510254e-01 -2.078557014465332031e-02 -6.495517492294311523e-02
2.154399156570434570e-01 2.322566509246826172e-01 -5.083003044128417969e-01 -4.298837184906005859e-01 1.220349073410034180e-01 -1.047834157943725586e-01
3.179788589477539062e-01 1.518213748931884766e-02 -3.650330901145935059e-01 -3.460841774940490723e-01 3.180189132690429688e-01 -2.071365714073181152e-01
3.987219333648681641e-01 -1.514127850532531738e-01 -2.722616791725158691e-01 -3.298876285552978516e-01 4.691992998123168945e-01 -3.219059705734252930e-01
3.495532274246215820e-01 -3.067210912704467773e-01 -1.462802290916442871e-01 -3.779596686363220215e-01 4.401868581771850586e-01 -2.580332756042480469e-01
2.419645786285400391e-01 -3.267350792884826660e-01 -8.574330806732177734e-02 -4.960374236106872559e-01 3.025743961334228516e-01 -1.554214358329772949e-01
1.678940057754516602e-01 -2.881398797035217285e-01 -7.802379131317138672e-02 -5.665454864501953125e-01 5.918967723846435547e-02 2.959549427032470703e-02
3.602421283721923828e-01 -3.497206568717956543e-01 -1.205691099166870117e-01 -6.141188144683837891e-01 1.132466793060302734e-01 7.295608520507812500e-04
2.788910865783691406e-01 -2.898154854774475098e-01 -1.371338963508605957e-01 -5.562280416488647461e-01 -6.374311447143554688e-02 7.387709617614746094e-02
2.834094762802124023e-01 -4.115554094314575195e-01 -8.337199687957763672e-02 -5.148637294769287109e-01 -3.176897764205932617e-02 3.847098350524902344e-02
2.241748571395874023e-01 -3.223571777343750000e-01 -1.528956294059753418e-01 -4.860956072807312012e-01 -1.509435772895812988e-01 8.338260650634765625e-02
2.305208444595336914e-01 -3.030604720115661621e-01 -1.278748512268066406e-01 -4.610069990158081055e-01 -2.327805757522583008e-01 1.828271150588989258e-01
2.505491971969604492e-01 -3.578976392745971680e-01 -2.034632563591003418e-01 -5.607666969299316406e-01 -1.559014320373535156e-01 8.741128444671630859e-02
3.312674760818481445e-01 -4.792261123657226562e-01 -1.304817199707031250e-01 -4.931772947311401367e-01 -4.241687059402465820e-02 3.669810295104980469e-02
2.703086137771606445e-01 -3.773433566093444824e-01 -9.663671255111694336e-02 -5.568078756332397461e-01 -6.570833921432495117e-02 2.829325199127197266e-02
2.581727504730224609e-01 -4.111272096633911133e-01 -4.792952537536621094e-02 -5.055270195007324219e-01 -9.436738491058349609e-02 4.596126079559326172e-02
2.947772741317749023e-01 -3.933493494987487793e-01 -1.942962408065795898e-01 -5.177516341209411621e-01 -1.476774811744689941e-01 5.254948139190673828e-02
1.711363792419433594e-01 -4.443249106407165527e-01 -5.559104681015014648e-02 -5.602377653121948242e-01 -1.349673271179199219e-01 4.649829864501953125e-02
1.973632574081420898e-01 -5.276091098785400391e-01 -6.748980283737182617e-02 -5.363208055496215820e-01 -6.979966163635253906e-02 -5.167186260223388672e-02
2.711861133575439453e-01 -6.489660739898681641e-01 -1.467382907867431641e-02 -6.797114014625549316e-01 1.015383005142211914e-01 -2.972679138183593750e-01
4.176723957061767578e-02 -4.939525127410888672e-01 1.587690114974975586e-01 -6.783119440078735352e-01 -1.015654802322387695e-01 -1.258353590965270996e-01
-3.009690046310424805e-01 -3.714386224746704102e-01 2.710345983505249023e-01 -3.830625414848327637e-01 -2.620828151702880859e-02 -1.962121725082397461e-01
-2.980532646179199219e-01 -2.560881376266479492e-01 2.632212638854980469e-01 -3.808455467224121094e-01 -1.789298653602600098e-01 -3.957200050354003906e-02
-1.067951321601867676e-01 -2.771081328392028809e-01 3.653880357742309570e-01 -4.160524010658264160e-01 -2.095010280609130859e-01 1.357913017272949219e-02
-2.597854733467102051e-01 -2.932909131050109863e-01 3.163055181503295898e-01 -6.904268264770507812e-02 -2.190358638763427734e-01 4.978716373443603516e-02
-3.714173436164855957e-01 -2.057179808616638184e-01 5.801520347595214844e-01 -4.028558731079101562e-02 -2.743805050849914551e-01 1.431146860122680664e-01
-2.854181528091430664e-01 -2.533614635467529297e-01 4.696602821350097656e-01 -4.982906579971313477e-02 -9.486877918243408203e-02 2.060651779174804688e-02
-2.238948941230773926e-01 -1.745110750198364258e-02 3.885599374771118164e-01 -1.498134136199951172e-01 9.306001663208007812e-02 -3.198570013046264648e-02
6.571722030639648438e-02 -2.210721969604492188e-01 2.627679109573364258e-01 -1.476657390594482422e-02 3.022854328155517578e-01 -3.758473992347717285e-01
8.892095088958740234e-02 -4.350379109382629395e-01 3.934936523437500000e-01 1.107558012008666992e-01 3.797307014465332031e-01 -5.840584039688110352e-01
-2.985661625862121582e-01 -1.761360168457031250e-01 6.841989755630493164e-01 -2.108042836189270020e-01 -1.484060287475585938e-02 -1.461083292961120605e-01
-2.392244338989257812e-02 -1.471823453903198242e-01 6.502870321273803711e-01 -3.216613531112670898e-01 -1.590906381607055664e-01 -1.004205346107482910e-01
5.412256717681884766e-02 -1.531289815902709961e-01 7.657947540283203125e-01 -3.317369222640991211e-01 -1.216667890548706055e-01 -1.038364768028259277e-01
3.752006292343139648e-01 2.825765609741210938e-01 3.591840267181396484e-01 -4.026855826377868652e-01 -1.234873533248901367e-01 1.389544010162353516e-01
3.005844354629516602e-01 4.666588306427001953e-01 2.036507129669189453e-01 -4.474346041679382324e-01 -2.640076875686645508e-01 3.417530059814453125e-01
4.949692487716674805e-01 4.343842267990112305e-01 2.125362157821655273e-01 -5.977698564529418945e-01 -1.167782545089721680e-01 2.252069711685180664e-01
4.289340972900390625e-01 4.272848367691040039e-01 2.673931121826171875e-01 -5.089434981346130371e-01 -1.327689886093139648e-01 2.992218732833862305e-01
3.144069910049438477e-01 5.557937622070312500e-01 1.244570016860961914e-01 -4.821788668632507324e-01 -3.274840116500854492e-01 3.737087249755859375e-01
2.988543510437011719e-01 5.124258995056152344e-01 2.063003778457641602e-01 -5.302842259407043457e-01 -2.078234553337097168e-01 3.250632286071777344e-01
3.002997636795043945e-01 5.433719158172607422e-01 2.019529342651367188e-01 -5.355447530746459961e-01 -2.039485573768615723e-01 3.443527221679687500e-01
2.909843921661376953e-01 3.693249225616455078e-01 9.692347049713134766e-02 -4.325644373893737793e-01 -4.242897033691406250e-03 1.104844808578491211e-01
3.416378498077392578e-01 3.544327020645141602e-01 1.009280681610107422e-01 -4.832708835601806641e-01 2.822470664978027344e-02 8.061754703521728516e-02
3.412219285964965820e-01 2.510344982147216797e-01 2.328186035156250000e-01 -6.122497320175170898e-01 1.246019601821899414e-01 1.419258117675781250e-02
1.731619834899902344e-01 5.024623870849609375e-02 3.432703018188476562e-01 -6.648305654525756836e-01 2.343192100524902344e-01 -9.156590700149536133e-02
4.949986934661865234e-02 -1.696652770042419434e-01 4.154440164566040039e-01 -7.624559998512268066e-01 4.019796848297119141e-01 -2.992987036705017090e-01
-4.015746712684631348e-01 -2.042025327682495117e-02 6.072605848312377930e-01 -4.129520654678344727e-01 1.576991081237792969e-01 -7.454353570938110352e-02
-1.726511716842651367e-01 1.005983352661132812e-02 4.876146316528320312e-01 -2.606922388076782227e-01 2.439069747924804688e-02 3.963041305541992188e-02
-1.887904405593872070e-01 -1.030905842781066895e-01 4.438413381576538086e-01 -1.680140495300292969e-01 7.697689533233642578e-02 3.408145904541015625e-02
-4.159412980079650879e-01 1.549065113067626953e-02 5.021866559982299805e-01 2.419686317443847656e-02 -1.120713949203491211e-01 2.728825807571411133e-01
-5.159083604812622070e-01 -3.113746643066406250e-02 2.039167881011962891e-01 8.804368972778320312e-02 -7.700175046920776367e-02 -2.051335573196411133e-02
-4.155930876731872559e-01 -8.777415752410888672e-02 4.143728017807006836e-01 -1.246261596679687500e-01 -1.339640617370605469e-01 -9.113699197769165039e-02
-2.884044051170349121e-01 -1.631628274917602539e-01 6.432507038116455078e-01 -2.150009274482727051e-01 -5.622273683547973633e-02 -3.308826684951782227e-02
-5.230702161788940430e-01 4.270195960998535156e-03 6.914241313934326172e-01 -1.758010387420654297e-01 -1.905656456947326660e-01 2.480943202972412109e-01
-3.975735902786254883e-01 4.314494132995605469e-02 2.915909290313720703e-01 1.455935239791870117e-01 2.793073654174804688e-04 1.353979110717773438e-03
-2.390921711921691895e-01 -1.390203237533569336e-01 2.605315446853637695e-01 -7.000797986984252930e-02 3.512147665023803711e-01 -2.630784511566162109e-01
-1.675680875778198242e-01 -3.349813222885131836e-01 2.637512683868408203e-01 -2.972543239593505859e-01 4.085264205932617188e-01 -6.173744201660156250e-01
-2.289870977401733398e-01 -3.676243424415588379e-01 6.584657430648803711e-01 -3.817709684371948242e-01 2.804243564605712891e-01 -3.592625260353088379e-01
-1.094862222671508789e-01 -2.282775044441223145e-01 3.157216310501098633e-01 -4.927921891212463379e-01 -3.219109773635864258e-02 -1.425941586494445801e-01
2.205128669738769531e-01 -1.685054898262023926e-01 2.750408649444580078e-02 -5.146947503089904785e-01 1.024076938629150391e-01 -9.008359909057617188e-02
8.470296859741210938e-02 -2.148131132125854492e-01 6.913673877716064453e-02 -6.234364509582519531e-01 2.225469350814819336e-01 -1.656830906867980957e-01
2.623432874679565430e-01 -1.675983667373657227e-01 -2.269709110260009766e-02 -5.752826333045959473e-01 1.953892707824707031e-01 -1.245380640029907227e-01
3.386813402175903320e-01 -2.062304019927978516e-01 -5.697256326675415039e-02 -5.724291801452636719e-01 2.869545221328735352e-01 -1.952254176139831543e-01
4.053425788879394531e-01 -2.742292284965515137e-01 -1.686984300613403320e-02 -5.813497900962829590e-01 3.914548158645629883e-01 -2.369073629379272461e-01
3.834768533706665039e-01 -3.055774569511413574e-01 -8.701270818710327148e-02 -5.326662063598632812e-01 3.793820142745971680e-01 -3.148148655891418457e-01
3.386656045913696289e-01 -3.060110807418823242e-01 -5.371212959289550781e-03 -5.862554311752319336e-01 4.002408981323242188e-01 -2.848309278488159180e-01
3.199832439422607422e-01 -3.835076093673706055e-01 2.461636066436767578e-02 -5.657742023468017578e-01 3.972746133804321289e-01 -3.089184165000915527e-01
1.632759571075439453e-01 -3.967459201812744141e-01 9.414279460906982422e-02 -7.059475183486938477e-01 3.274762630462646484e-01 -3.732660412788391113e-01
-1.035887002944946289e-02 -4.611722230911254883e-01 1.090713739395141602e-01 -5.808445215225219727e-01 1.977430582046508789e-01 -4.617570042610168457e-01
-1.139959096908569336e-01 -3.762528300285339355e-01 4.150083065032958984e-01 -4.085246920585632324e-01 2.935045957565307617e-01 -2.965467572212219238e-01
-1.452604532241821289e-01 -2.787540555000305176e-01 4.332102537155151367e-01 -4.160513877868652344e-01 6.801271438598632812e-02 -1.891300082206726074e-01
-3.214398622512817383e-01 -3.619106411933898926e-01 2.006425857543945312e-01 -3.317234516143798828e-01 2.921203374862670898e-01 -2.434910535812377930e-01
-4.842828512191772461e-01 -2.532162070274353027e-01 2.331113815307617188e-01 -3.328486680984497070e-01 1.333192586898803711e-01 -1.803150773048400879e-01
-3.018186688423156738e-01 -1.955817341804504395e-01 5.080593824386596680e-01 -4.743971824645996094e-01 6.994867324829101562e-02 -3.249359130859375000e-02
-3.206669688224792480e-01 -2.372737526893615723e-01 4.926347732543945312e-01 -3.431290984153747559e-01 -4.035854339599609375e-02 -1.625214815139770508e-01
-3.939421176910400391e-01 -3.754315376281738281e-01 4.564794301986694336e-01 -1.925014257431030273e-01 8.385682106018066406e-02 -1.154525279998779297e-01
-4.081009626388549805e-01 -2.240794301033020020e-01 5.308232307434082031e-01 -1.508077979087829590e-01 -5.167347192764282227e-02 1.629519462585449219e-02
-5.134937763214111328e-01 -4.055937528610229492e-01 2.368754148483276367e-01 1.548646688461303711e-01 2.079013586044311523e-01 -2.420546412467956543e-01
-3.596213459968566895e-01 -4.711676239967346191e-01 3.813258409500122070e-01 -4.386454820632934570e-02 1.485166549682617188e-01 -1.546542644500732422e-01
-2.724123001098632812e-01 -2.526618242263793945e-01 6.117379665374755859e-01 -2.624304294586181641e-01 -1.114498376846313477e-01 6.622540950775146484e-02
-8.280444145202636719e-02 -2.939676046371459961e-01 3.650070428848266602e-01 -5.294930338859558105e-01 5.187261104583740234e-02 1.135634183883666992e-01
-9.875857830047607422e-02 -6.648957729339599609e-02 2.036575078964233398e-01 -5.966447591781616211e-01 -2.278797626495361328e-01 4.893100261688232422e-01
-1.302436590194702148e-01 -8.789658546447753906e-02 2.748203277587890625e-02 -6.274907588958740234e-01 -2.019104361534118652e-01 4.832072257995605469e-01
-7.352930307388305664e-02 -1.381109952926635742e-01 -5.911135673522949219e-02 -5.011730790138244629e-01 -1.782295703887939453e-01 4.056918621063232422e-01
6.919360160827636719e-02 -6.321907043457031250e-02 -1.414309144020080566e-01 -4.550184607505798340e-01 -2.140423655509948730e-01 4.758805036544799805e-01
3.046035766601562500e-03 -8.993613719940185547e-02 -1.491725444793701172e-02 -4.129630923271179199e-01 -2.072362899780273438e-01 4.884941577911376953e-01
-5.193108320236206055e-02 -7.168990373611450195e-02 9.518933296203613281e-02 -3.752496242523193359e-01 -2.619959115982055664e-01 5.647583007812500000e-01
2.761125564575195312e-03 -4.314029216766357422e-02 9.531962871551513672e-02 -3.729649782180786133e-01 -2.375699877738952637e-01 5.657738447189331055e-01
-4.432600736618041992e-02 -2.991092205047607422e-02 1.259248256683349609e-01 -3.751541972160339355e-01 -2.503557205200195312e-01 5.884482860565185547e-01
5.231273174285888672e-02 -7.703638076782226562e-02 7.093870639801025391e-02 -3.453861474990844727e-01 -1.730386614799499512e-01 5.288622379302978516e-01
6.125211715698242188e-03 -3.675377368927001953e-02 1.246918439865112305e-01 -3.653243184089660645e-01 -2.116773724555969238e-01 6.090048551559448242e-01
-2.797055244445800781e-02 -1.995593309402465820e-02 1.911759376525878906e-01 -3.860745429992675781e-01 -1.785503029823303223e-01 6.120870113372802734e-01
3.715229034423828125e-02 -5.305564403533935547e-02 1.615971326828002930e-01 -3.562236428260803223e-01 -9.546649456024169922e-02 5.570635795593261719e-01
5.224001407623291016e-02 -6.757676601409912109e-02 1.841528415679931641e-01 -3.531944751739501953e-01 -5.683749914169311523e-02 5.700458288192749023e-01
1.986217498779296875e-02 -8.136504888534545898e-02 2.580659389495849609e-01 -3.713219165802001953e-01 2.929639816284179688e-02 5.309771299362182617e-01
-9.045791625976562500e-02 -5.059373378753662109e-02 2.638237476348876953e-01 -3.208790421485900879e-01 1.673793792724609375e-02 5.199234485626220703e-01
-2.150903940200805664e-01 9.995341300964355469e-03 5.321470499038696289e-01 -3.879705667495727539e-01 1.527833938598632812e-02 6.318068504333496094e-01
-1.958667039871215820e-01 -1.020814776420593262e-01 4.492027759552001953e-01 -3.269165754318237305e-01 -9.864497184753417969e-02 5.418393611907958984e-01
-4.107937812805175781e-01 -2.270460128784179688e-02 5.477272272109985352e-01 -4.753527045249938965e-01 3.814005851745605469e-02 5.450619459152221680e-01
