1.028370857238769531e-01 2.927421331405639648e-01 8.478283882141113281e-03 -3.281736373901367188e-02 1.602339744567871094e-02 3.224277496337890625e-02
3.457520008087158203e-01 4.795751571655273438e-01 -1.337726116180419922e-01 1.293032169342041016e-01 1.069451570510864258e-01 7.005000114440917969e-02
8.063125610351562500e-02 2.376258373260498047e-01 3.761279582977294922e-01 -2.287037372589111328e-01 -1.968496441841125488e-01 4.868590831756591797e-02
4.644353389739990234e-01 4.861593246459960938e-01 -3.099809885025024414e-01 1.174066066741943359e-01 4.945755004882812500e-03 8.099460601806640625e-02
4.208909273147583008e-01 6.500865221023559570e-01 -2.336605787277221680e-01 3.047811985015869141e-02 -3.527814149856567383e-02 2.502100467681884766e-01
5.981850624084472656e-01 7.002239227294921875e-01 -4.257647395133972168e-01 7.628703117370605469e-02 -1.061638593673706055e-01 3.118878602981567383e-01
5.941590070724487305e-01 6.144565343856811523e-01 -3.849933743476867676e-01 4.884123802185058594e-02 -9.123504161834716797e-02 2.896056175231933594e-01
6.139044761657714844e-01 7.222547531127929688e-01 -3.960782885551452637e-01 2.102613449096679688e-03 -1.847084760665893555e-01 3.675304651260375977e-01
5.772089958190917969e-01 6.449527740478515625e-01 -3.577872514724731445e-01 3.560936450958251953e-02 -2.269408702850341797e-01 3.440629243850708008e-01
5.601434707641601562e-01 6.723263263702392578e-01 -2.818497419357299805e-01 -2.345234155654907227e-02 -2.402696609497070312e-01 3.473719358444213867e-01
5.849037170410156250e-01 5.479661226272583008e-01 -2.936385273933410645e-01 4.696130752563476562e-02 -1.213366389274597168e-01 2.336297035217285156e-01
5.358498096466064453e-01 5.325977802276611328e-01 -2.213909029960632324e-01 -3.182017803192138672e-02 -9.122163057327270508e-02 2.258446216583251953e-01
5.443469285964965820e-01 5.979257822036743164e-01 -2.120318412780761719e-01 -5.961084365844726562e-02 -1.625604629516601562e-01 3.184434175491333008e-01
5.387505292892456055e-01 5.926002264022827148e-01 -1.910233497619628906e-01 -3.582590818405151367e-02 -1.697390079498291016e-01 3.284759521484375000e-01
5.592415332794189453e-01 4.496091604232788086e-01 -2.267550230026245117e-01 3.899443149566650391e-02 -3.914201259613037109e-02 1.764823198318481445e-01
5.429280996322631836e-01 5.051058530807495117e-01 -1.725974678993225098e-01 -1.353418827056884766e-02 -6.933826208114624023e-02 2.627978324890136719e-01
6.252346038818359375e-01 4.918582439422607422e-01 -1.948411464691162109e-01 6.638884544372558594e-03 -9.390372037887573242e-02 2.925920486450195312e-01
6.265566349029541016e-01 4.010316133499145508e-01 -1.658540964126586914e-01 2.186179161071777344e-02 -1.299422979354858398e-02 2.111308574676513672e-01
7.227500677108764648e-01 2.365897893905639648e-01 -1.898405551910400391e-01 1.518658399581909180e-01 1.254014968872070312e-01 5.840814113616943359e-02
7.172855138778686523e-01 1.305484771728515625e-01 -4.415738582611083984e-02 4.672861099243164062e-02 2.648473978042602539e-01 3.653490543365478516e-02
7.637944221496582031e-01 7.870388031005859375e-02 -1.090991497039794922e-02 1.421962976455688477e-01 2.261536121368408203e-01 1.142787933349609375e-01
5.252653360366821289e-01 2.421939373016357422e-02 -3.551727533340454102e-02 7.531356811523437500e-02 1.771254539489746094e-01 1.558016538619995117e-01
2.220869064331054688e-01 -1.477205753326416016e-02 1.525163650512695312e-03 3.703868389129638672e-02 5.397033691406250000e-02 2.623493671417236328e-01
2.207913398742675781e-01 -7.067775726318359375e-02 -2.059833407402038574e-01 -1.795738339424133301e-01 6.122648715972900391e-02 2.153389453887939453e-01
2.026834487915039062e-01 -1.692128181457519531e-01 -1.480041146278381348e-01 -2.178188562393188477e-01 6.655371189117431641e-02 2.840483188629150391e-01
2.101898193359375000e-01 -2.161557674407958984e-01 -2.097712755203247070e-01 -3.133392333984375000e-01 1.207066774368286133e-01 1.689426898956298828e-01
2.788634300231933594e-01 -1.736717224121093750e-01 -3.061789274215698242e-01 -2.037768959999084473e-01 -1.421573758125305176e-01 2.663583755493164062e-01
3.952367305755615234e-01 -2.575558423995971680e-01 -4.119784832000732422e-01 -2.559368014335632324e-01 -5.621969699859619141e-02 1.518464088439941406e-02
5.010408163070678711e-01 -2.687521576881408691e-01 -2.699878811836242676e-01 -3.019042611122131348e-01 -1.091910600662231445e-01 7.512629032135009766e-02
4.635765552520751953e-01 -3.540210723876953125e-01 -1.869466900825500488e-01 -2.403767108917236328e-01 -7.849097251892089844e-02 -2.502411603927612305e-02
4.556645154953002930e-01 -3.265175223350524902e-01 -3.036311268806457520e-01 -2.524448037147521973e-01 -1.241106986999511719e-01 -9.693491458892822266e-02
4.639129638671875000e-01 -3.272718191146850586e-01 -2.294943332672119141e-01 -3.037461042404174805e-01 -1.985227465629577637e-01 -3.890049457550048828e-02
4.575041532516479492e-01 -3.200522065162658691e-01 -2.474473118782043457e-01 -5.512301921844482422e-01 -1.507015228271484375e-01 -1.521785855293273926e-01
6.042134761810302734e-01 -4.845472574234008789e-01 -2.275654673576354980e-01 -3.624293804168701172e-01 -3.648412227630615234e-02 -1.953033208847045898e-01
4.958009719848632812e-01 -4.759148359298706055e-01 -3.235890865325927734e-01 -2.035185694694519043e-01 -3.485320806503295898e-01 -1.385948061943054199e-01
4.525541067123413086e-01 -3.764671683311462402e-01 -2.482454180717468262e-01 -3.634071946144104004e-01 -2.921561002731323242e-01 -8.402442932128906250e-02
4.377659559249877930e-01 -3.757485747337341309e-01 -3.176932334899902344e-01 -3.100655078887939453e-01 -4.005742669105529785e-01 -1.089199781417846680e-01
5.177959203720092773e-01 -3.750121593475341797e-01 -4.237163662910461426e-01 -1.470329165458679199e-01 -3.978384137153625488e-01 -1.275575757026672363e-01
4.678933620452880859e-01 -3.900970816612243652e-01 -3.671227693557739258e-01 -1.659074425697326660e-01 -3.633296489715576172e-01 -7.957363128662109375e-02
4.496029615402221680e-01 -3.329690098762512207e-01 -2.609720826148986816e-01 -3.442844748497009277e-01 -2.903357744216918945e-01 4.199624061584472656e-02
3.641037940979003906e-01 -3.810402750968933105e-01 -2.652735710144042969e-01 -3.561538457870483398e-01 -3.744024038314819336e-01 1.493818759918212891e-01
2.377988100051879883e-01 -3.884546160697937012e-01 -9.075373411178588867e-02 -4.118200540542602539e-01 -2.935666441917419434e-01 2.094682455062866211e-01
3.392363786697387695e-01 -4.117258191108703613e-01 -8.736824989318847656e-02 -6.312315464019775391e-01 -1.300776600837707520e-01 1.438951492309570312e-01
1.677763462066650391e-01 -3.251763582229614258e-01 5.769467353820800781e-02 -7.352023124694824219e-01 -1.889145970344543457e-01 3.011924028396606445e-01
1.796996593475341797e-01 -3.223279118537902832e-01 -4.532992839813232422e-03 -6.292625665664672852e-01 -7.947063446044921875e-02 1.891472339630126953e-01
1.433076858520507812e-01 -4.561309814453125000e-01 5.471420288085937500e-02 -3.823073506355285645e-01 1.041840314865112305e-01 1.950371265411376953e-02
3.065299987792968750e-01 -4.155609607696533203e-01 -7.620364427566528320e-02 -4.997487664222717285e-01 4.105302095413208008e-01 -2.166469693183898926e-01
3.425855636596679688e-01 -2.725037336349487305e-01 -2.659088373184204102e-01 -5.935198068618774414e-01 5.526325702667236328e-01 -3.607210516929626465e-01
2.356734275817871094e-01 -6.783086061477661133e-02 -2.861807942390441895e-01 -7.599099278450012207e-01 4.758981466293334961e-01 -2.554311752319335938e-01
1.491683721542358398e-01 3.803741931915283203e-02 -3.057191371917724609e-01 -7.213878631591796875e-01 3.615154027938842773e-01 -1.623927950859069824e-01
1.541628837585449219e-01 1.864039897918701172e-01 -5.108349323272705078e-01 -5.503914356231689453e-01 1.762565374374389648e-01 -7.746911048889160156e-02
9.589827060699462891e-02 2.748230695724487305e-01 -4.225429892539978027e-01 -3.851045370101928711e-01 -1.303803920745849609e-02 1.192387342453002930e-01
1.747758388519287109e-01 2.710397243499755859e-01 -6.093247532844543457e-01 -2.086921334266662598e-01 -6.635898351669311523e-02 1.117297410964965820e-01
2.844166755676269531e-02 4.081237316131591797e-01 -5.226542949676513672e-01 -1.053305268287658691e-01 -2.952790260314941406e-01 3.096545934677124023e-01
9.527087211608886719e-03 4.372864961624145508e-01 -5.031860470771789551e-01 -1.305038332939147949e-01 -3.014263510704040527e-01 3.912260532379150391e-01
8.232295513153076172e-02 3.804613351821899414e-01 -5.415516495704650879e-01 1.175391674041748047e-02 -2.269543409347534180e-01 3.151249885559082031e-01
2.361624240875244141e-01 4.338420629501342773e-01 -6.635098457336425781e-01 9.484100341796875000e-02 -2.249829173088073730e-01 3.199907541275024414e-01
2.029478549957275391e-01 4.020087718963623047e-01 -5.379072427749633789e-01 1.625394821166992188e-02 -1.840854287147521973e-01 3.271579742431640625e-01
1.825906038284301758e-01 4.089263677597045898e-01 -6.071169376373291016e-01 1.356614828109741211e-01 -2.436987161636352539e-01 3.250905275344848633e-01
2.852306365966796875e-01 3.724247217178344727e-01 -6.840435266494750977e-01 6.587827205657958984e-02 -1.928065419197082520e-01 2.627718448638916016e-01
1.460684537887573242e-01 3.760288953781127930e-01 -6.934108734130859375e-01 1.784503459930419922e-02 -2.526325583457946777e-01 2.328579425811767578e-01
1.682667732238769531e-01 4.412666559219360352e-01 -7.239066958427429199e-01 -1.672106981277465820e-02 -2.439467310905456543e-01 1.872187852859497070e-01
1.234720945358276367e-01 3.754951953887939453e-01 -6.255782842636108398e-01 -2.283396720886230469e-01 -1.018954515457153320e-01 8.904278278350830078e-02
3.190830945968627930e-01 2.330590486526489258e-01 -6.802189946174621582e-01 -4.732226729393005371e-01 2.322223186492919922e-01 -1.879925131797790527e-01
2.594321966171264648e-01 5.605542659759521484e-02 -5.361443758010864258e-01 -5.279248952865600586e-01 4.133025407791137695e-01 -3.563642501831054688e-01
5.211690664291381836e-01 -1.578553318977355957e-01 -3.641719818115234375e-01 -5.588250160217285156e-01 6.422821283340454102e-01 -4.232608079910278320e-01
3.384964466094970703e-01 -4.252783060073852539e-01 -1.087055802345275879e-01 -4.974781274795532227e-01 6.476873159408569336e-01 -4.420294165611267090e-01
2.637348175048828125e-01 -4.400736689567565918e-01 -3.244346380233764648e-02 -6.388657093048095703e-01 4.278348684310913086e-01 -2.470615506172180176e-01
1.862567663192749023e-01 -3.381501436233520508e-01 -2.368271350860595703e-03 -6.546654105186462402e-01 4.569458961486816406e-02 1.173882484436035156e-01
3.110598325729370117e-01 -3.234885334968566895e-01 -1.698637008666992188e-01 -5.466953516006469727e-01 -1.129786372184753418e-01 1.552962064743041992e-01
3.975659608840942383e-01 -2.096374630928039551e-01 -1.963637471199035645e-01 -5.414975881576538086e-01 -2.150493860244750977e-01 1.622895002365112305e-01
3.162569999694824219e-01 -3.233382701873779297e-01 -3.347295522689819336e-01 -3.995274305343627930e-01 -2.932569980621337891e-01 7.653546333312988281e-02
3.124825954437255859e-01 -3.640541434288024902e-01 -4.044791460037231445e-01 -6.026954054832458496e-01 -1.701266169548034668e-01 -1.319801807403564453e-01
4.211909770965576172e-01 -4.314208626747131348e-01 -3.534867763519287109e-01 -6.249528527259826660e-01 -6.641644239425659180e-02 -1.539875268936157227e-01
3.961155414581298828e-01 -3.691267967224121094e-01 -4.799497127532958984e-01 -3.846771121025085449e-01 -2.679275274276733398e-01 -1.755933761596679688e-01
3.543189764022827148e-01 -3.109778761863708496e-01 -4.874067306518554688e-01 -3.030354976654052734e-01 -5.034841299057006836e-01 -2.244073152542114258e-02
4.844229221343994141e-01 -3.317283987998962402e-01 -5.456060767173767090e-01 -3.639900088310241699e-01 -4.576193094253540039e-01 -6.976467370986938477e-02
4.093389511108398438e-01 -3.443771004676818848e-01 -3.631455302238464355e-01 -3.645440340042114258e-01 -4.586254358291625977e-01 -1.784002780914306641e-02
4.171390533447265625e-01 -3.630940914154052734e-01 -4.248307347297668457e-01 -2.879920601844787598e-01 -4.616291522979736328e-01 -4.047042131423950195e-02
3.473705053329467773e-01 -4.330079555511474609e-01 -3.955392837524414062e-01 -3.474615812301635742e-01 -4.557309150695800781e-01 -6.298279762268066406e-02
1.823120117187500000e-01 -3.678331971168518066e-01 -2.866042852401733398e-01 -3.907819390296936035e-01 -5.746994018554687500e-01 -7.014477252960205078e-02
7.399129867553710938e-02 -2.414276599884033203e-01 -5.060958862304687500e-02 -1.966763734817504883e-01 -6.886875629425048828e-01 9.912693500518798828e-02
-1.236544847488403320e-01 -3.057739138603210449e-01 3.626937866210937500e-01 -4.333800673484802246e-01 -5.291033983230590820e-01 -9.039729833602905273e-02
-2.053805589675903320e-01 -2.526419162750244141e-01 1.469963788986206055e-01 -1.913182139396667480e-01 -3.875936865806579590e-01 -1.646841168403625488e-01
-3.423567414283752441e-01 -2.082374691963195801e-01 2.668672800064086914e-01 -1.768422722816467285e-01 -2.263329029083251953e-01 -1.142562031745910645e-01
-6.155718564987182617e-01 -2.428259253501892090e-01 2.982193231582641602e-01 -8.981055021286010742e-02 -2.186630368232727051e-01 -1.228893995285034180e-01
-5.708247423171997070e-01 -2.416934967041015625e-01 3.789912462234497070e-01 -6.152546405792236328e-02 -2.976015806198120117e-01 8.975863456726074219e-03
-3.912094235420227051e-01 -2.281165122985839844e-01 3.294345140457153320e-01 -1.066715121269226074e-01 -3.383916020393371582e-01 -7.889866828918457031e-04
-4.363271594047546387e-01 -2.752900719642639160e-01 3.942904472351074219e-01 -2.714269757270812988e-01 -1.751476526260375977e-01 -1.445335149765014648e-02
-6.031956672668457031e-01 -2.815493941307067871e-01 2.816462516784667969e-01 -2.116132378578186035e-01 -2.554928064346313477e-01 1.254355907440185547e-02
-5.595638751983642578e-01 -2.743276953697204590e-01 1.820148229598999023e-01 1.577651500701904297e-02 -2.069612741470336914e-01 -1.311396956443786621e-01
-3.905263543128967285e-01 -2.519559264183044434e-01 2.756260633468627930e-01 -6.820315122604370117e-02 -2.165880203247070312e-01 -8.798539638519287109e-02
-4.651767015457153320e-01 -1.360030770301818848e-01 4.436589479446411133e-01 -1.677001714706420898e-01 -3.055971264839172363e-01 -6.809180974960327148e-02
-7.297356128692626953e-01 -3.586558699607849121e-01 2.528816461563110352e-01 -1.079033017158508301e-01 -3.777331709861755371e-01 -8.727145195007324219e-02
-5.775888562202453613e-01 -2.473722100257873535e-01 1.893573999404907227e-01 2.274309396743774414e-01 -7.502252459526062012e-01 1.019374132156372070e-01
-4.607030153274536133e-01 -3.312708735466003418e-01 6.915163993835449219e-02 2.244256734848022461e-01 -4.566375613212585449e-01 -1.999264955520629883e-02
-5.107493400573730469e-01 -3.831273913383483887e-01 7.934653759002685547e-02 2.426019906997680664e-01 -6.174327731132507324e-01 -5.397337675094604492e-02
-5.794634222984313965e-01 -4.334344267845153809e-01 6.706488132476806641e-02 1.500749588012695312e-01 -4.960644245147705078e-01 -1.687792539596557617e-01
-4.711341261863708496e-01 -3.880638480186462402e-01 3.100965023040771484e-01 1.462173461914062500e-02 -4.879950881004333496e-01 -9.683954715728759766e-02
-5.161558985710144043e-01 -3.497784733772277832e-01 2.892625331878662109e-02 2.501813173294067383e-01 -6.277455687522888184e-01 -6.857722997665405273e-02
-4.410552978515625000e-01 -4.130949378013610840e-01 1.178182363510131836e-01 2.935600280761718750e-01 -5.355958938598632812e-01 -7.427948713302612305e-02
-6.803779602050781250e-01 -3.422666192054748535e-01 2.299439907073974609e-02 3.254505395889282227e-01 -5.961379408836364746e-01 -5.324023962020874023e-02
-5.445667505264282227e-01 -3.134796023368835449e-01 3.792243003845214844e-01 5.072205066680908203e-01 -5.834071636199951172e-01 1.163887977600097656e-02
-5.577210187911987305e-01 -4.908772110939025879e-01 1.997131109237670898e-01 3.097206354141235352e-01 -5.470559597015380859e-01 -1.722535490989685059e-01
-6.093428134918212891e-01 -1.389189958572387695e-01 3.984172344207763672e-01 3.902993202209472656e-01 -7.137911319732666016e-01 1.474786996841430664e-01
-5.943865776062011719e-01 -1.580985188484191895e-01 4.786143302917480469e-01 5.696082115173339844e-02 -4.505127072334289551e-01 -2.129673957824707031e-04
-5.515426397323608398e-01 -1.531183123588562012e-01 3.791722059249877930e-01 -9.805792570114135742e-02 -3.391150832176208496e-01 -2.046591043472290039e-02
-6.204478740692138672e-01 -2.330990433692932129e-01 4.897845983505249023e-01 -3.468334674835205078e-03 -1.620546579360961914e-01 -7.543879747390747070e-02
-4.767663478851318359e-01 -8.600622415542602539e-02 4.337309598922729492e-01 -4.492473602294921875e-02 -4.494788646697998047e-01 1.846647262573242188e-02
-5.388357639312744141e-01 -2.951462864875793457e-01 2.622271776199340820e-01 -2.109390497207641602e-02 -3.394051194190979004e-01 -1.412644386291503906e-01
-4.988426566123962402e-01 -1.405529975891113281e-01 5.533502101898193359e-01 -1.205921173095703125e-02 -3.712620735168457031e-01 6.920504570007324219e-02
-6.061531305313110352e-01 -1.398845911026000977e-01 3.560820817947387695e-01 2.984917163848876953e-02 -6.094895601272583008e-01 9.240388870239257812e-02
-3.792415261268615723e-01 -1.068077087402343750e-01 3.140377998352050781e-01 -9.772658348083496094e-03 -4.678548574447631836e-01 1.074063777923583984e-01
-2.017008066177368164e-01 4.750859737396240234e-02 3.956555128097534180e-01 2.234611511230468750e-01 -6.512288451194763184e-01 5.369436740875244141e-01
-1.856389641761779785e-01 -1.383888125419616699e-01 3.909357786178588867e-01 7.579171657562255859e-02 -3.760930299758911133e-01 4.112557172775268555e-01
-2.225979566574096680e-01 -4.553634524345397949e-01 4.828290939331054688e-01 -2.492769956588745117e-01 -3.596866726875305176e-01 -3.128260374069213867e-02
1.922549009323120117e-01 -1.827411055564880371e-01 1.455696821212768555e-01 -4.296811819076538086e-01 -2.908523082733154297e-01 2.344235181808471680e-01
-9.487450122833251953e-03 -6.761801242828369141e-02 1.596219539642333984e-01 -6.135728359222412109e-01 -3.264159560203552246e-01 5.435326099395751953e-01
-6.162458658218383789e-02 7.842898368835449219e-03 1.659131050109863281e-02 -5.551266670227050781e-01 -4.088814258575439453e-01 6.373409032821655273e-01
-1.752561330795288086e-02 -2.252662181854248047e-02 -1.385206580162048340e-01 -4.895151257514953613e-01 -3.581598997116088867e-01 5.441038608551025391e-01
-4.561352729797363281e-02 -4.485255479812622070e-02 -1.124281287193298340e-01 -4.971256852149963379e-01 -2.610818147659301758e-01 5.093343257904052734e-01
5.824208259582519531e-02 -3.468245267868041992e-02 -1.447063684463500977e-01 -4.647002220153808594e-01 -2.150537967681884766e-01 5.290050506591796875e-01
5.555129051208496094e-02 -2.708762884140014648e-02 -1.435289382934570312e-01 -4.288630485534667969e-01 -2.092204689979553223e-01 5.365660190582275391e-01
-4.210543632507324219e-02 3.808748722076416016e-02 1.242637634277343750e-03 -4.098811149597167969e-01 -2.549010515213012695e-01 6.038109064102172852e-01
-4.475653171539306641e-03 4.067575931549072266e-02 -2.372884750366210938e-02 -3.718167543411254883e-01 -2.601244449615478516e-01 5.896948575973510742e-01
1.126872301101684570e-01 2.190629243850708008e-01 -8.020156621932983398e-02 -4.530875682830810547e-01 -2.646874189376831055e-01 7.063786983489990234e-01
1.754522323608398438e-03 1.554242372512817383e-01 1.043879985809326172e-02 -4.168183803558349609e-01 -3.373466134071350098e-01 7.144674062728881836e-01
9.899723529815673828e-02 1.717931032180786133e-01 -1.978564262390136719e-02 -3.966566920280456543e-01 -2.524502873420715332e-01 6.580739021301269531e-01
1.491168737411499023e-01 1.605577468872070312e-01 -4.637998342514038086e-02 -3.563799858093261719e-01 -2.271020412445068359e-01 6.341840028762817383e-01
2.779233455657958984e-02 1.085354089736938477e-01 -3.769862651824951172e-02 -3.111776709556579590e-01 -2.387422323226928711e-01 5.878247022628784180e-01
5.046868324279785156e-02 7.753348350524902344e-02 -5.593419075012207031e-02 -3.313902616500854492e-01 -1.424885988235473633e-01 4.964667558670043945e-01
5.927920341491699219e-02 -3.410142660140991211e-02 -1.083183884620666504e-01 -2.660229802131652832e-01 -7.359057664871215820e-02 3.920801877975463867e-01
1.272958517074584961e-01 1.766133308410644531e-02 -2.074666023254394531e-01 -3.074479103088378906e-01 -4.032695293426513672e-02 4.261069297790527344e-01
3.509652614593505859e-02 -1.132419109344482422e-01 -8.156538009643554688e-02 -2.902832031250000000e-01 6.582021713256835938e-02 3.645544052124023438e-01
-1.889170408248901367e-01 -6.842088699340820312e-02 2.973246574401855469e-01 -3.911001682281494141e-01 -5.170375108718872070e-02 5.766642093658447266e-01
-3.379229903221130371e-01 -3.179395198822021484e-02 4.096422195434570312e-01 -3.881448507308959961e-01 -3.093966245651245117e-01 6.111510992050170898e-01
-1.870284080505371094e-01 -1.734928488731384277e-01 5.199681520462036133e-01 -2.044028639793395996e-01 -1.156610250473022461e-01 5.441998243331909180e-01
-1.225367784500122070e-01 -6.017673015594482422e-02 2.751113176345825195e-01 6.935834884643554688e-03 -1.626028418540954590e-01 4.866336584091186523e-01
-2.489895224571228027e-01 -1.185667514801025391e-01 3.449708223342895508e-01 -7.429176568984985352e-02 -3.725731372833251953e-02 4.849125146865844727e-01
