1.097373962402343750e-01 3.425716161727905273e-01 2.411758899688720703e-01 -2.748234868049621582e-01 -3.501375913619995117e-01 2.004117965698242188e-01
2.146147489547729492e-01 3.410501480102539062e-01 -4.826009273529052734e-02 -1.246814131736755371e-01 -2.418181896209716797e-01 5.748808383941650391e-02
2.726649045944213867e-01 3.908662796020507812e-01 -7.353347539901733398e-02 -1.825546026229858398e-01 -2.506360411643981934e-01 7.055282592773437500e-02
2.479082345962524414e-01 2.255706787109375000e-01 -6.327646970748901367e-02 -2.041459083557128906e-01 -1.023173332214355469e-01 -9.822779893875122070e-02
3.592308759689331055e-01 4.530539512634277344e-01 -6.503087282180786133e-02 -2.024112343788146973e-01 -3.434425592422485352e-01 1.978965997695922852e-01
4.484215974807739258e-01 4.501315355300903320e-01 -9.385120868682861328e-02 -5.235785245895385742e-02 -2.109543681144714355e-01 1.122118234634399414e-01
5.109266042709350586e-01 5.257817506790161133e-01 -2.682471275329589844e-02 -2.016823291778564453e-01 -1.198055148124694824e-01 8.135545253753662109e-02
3.695416450500488281e-01 4.166713953018188477e-01 8.833408355712890625e-05 -1.909326910972595215e-01 -1.390091180801391602e-01 4.277217388153076172e-02
4.451673030853271484e-01 4.063233137130737305e-01 -9.454989433288574219e-02 -1.721377372741699219e-01 -5.160832405090332031e-02 -3.550350666046142578e-02
5.474232435226440430e-01 6.716668605804443359e-01 -4.221773147583007812e-02 -2.336459755897521973e-01 -2.022117972373962402e-01 2.105708122253417969e-01
5.697684288024902344e-01 7.118592262268066406e-01 -6.677556037902832031e-02 -2.324656844139099121e-01 -2.265830636024475098e-01 2.664062976837158203e-01
5.116847753524780273e-01 6.135183572769165039e-01 6.682515144348144531e-03 -2.193353772163391113e-01 -1.743068695068359375e-01 2.076267004013061523e-01
5.505948066711425781e-01 5.509088039398193359e-01 8.522558212280273438e-02 -2.151491045951843262e-01 -1.290444135665893555e-01 1.943325996398925781e-01
6.647964715957641602e-01 5.169115066528320312e-01 3.731894493103027344e-02 -2.574800848960876465e-01 5.436563491821289062e-02 1.373485326766967773e-01
6.318973302841186523e-01 3.755352497100830078e-01 1.151149272918701172e-01 -2.726723551750183105e-01 2.012095451354980469e-01 1.430833339691162109e-02
6.359968185424804688e-01 2.353484630584716797e-01 1.568566560745239258e-01 -2.242823839187622070e-01 3.056844472885131836e-01 -4.035991430282592773e-02
5.220315456390380859e-01 1.809213161468505859e-01 1.058868169784545898e-01 -1.461027264595031738e-01 2.344805002212524414e-01 -2.840417623519897461e-02
5.312008857727050781e-01 1.897953748703002930e-01 2.305268049240112305e-01 -2.835360169410705566e-01 2.571059465408325195e-01 1.903998851776123047e-02
5.583195686340332031e-01 -2.409446239471435547e-02 2.492693662643432617e-01 -2.611972689628601074e-01 3.657895326614379883e-01 5.937695503234863281e-03
3.974920511245727539e-01 -1.091623306274414062e-01 1.653501987457275391e-01 -6.630581617355346680e-02 2.714107036590576172e-01 4.751884937286376953e-02
2.987161874771118164e-01 -2.273377776145935059e-01 1.454479694366455078e-01 -6.326138973236083984e-02 2.115654945373535156e-01 7.897853851318359375e-02
1.955050230026245117e-01 -2.607265710830688477e-01 7.058107852935791016e-02 -1.474964022636413574e-01 1.365075111389160156e-01 8.900296688079833984e-02
2.938628196716308594e-01 -2.165374159812927246e-01 -2.907568216323852539e-02 -2.917090058326721191e-01 -1.583933830261230469e-02 1.634255647659301758e-01
2.492964267730712891e-01 -3.369414806365966797e-01 -4.177737236022949219e-02 -4.492697119712829590e-01 6.654381752014160156e-03 1.002017259597778320e-01
3.650807142257690430e-01 -3.703728318214416504e-01 -1.211544275283813477e-01 -3.820365071296691895e-01 3.672075271606445312e-02 1.082712411880493164e-01
3.026994466781616211e-01 -3.089703917503356934e-01 -2.557461857795715332e-01 -3.806559443473815918e-01 -8.515113592147827148e-02 1.133296489715576172e-01
3.834029436111450195e-01 -3.695213198661804199e-01 -2.197408080101013184e-01 -4.533541202545166016e-01 -2.810907363891601562e-02 4.155755043029785156e-02
2.938538789749145508e-01 -4.026383161544799805e-01 -6.574177742004394531e-02 -4.224873185157775879e-01 -7.840794324874877930e-02 3.888368606567382812e-03
3.849891424179077148e-01 -4.092032909393310547e-01 -1.046991348266601562e-02 -3.700160384178161621e-01 -5.693978071212768555e-02 4.649734497070312500e-02
2.604508399963378906e-01 -3.893603086471557617e-01 -3.680437803268432617e-02 -3.811554908752441406e-01 -1.957921981811523438e-01 6.581759452819824219e-02
2.805855274200439453e-01 -4.001079201698303223e-01 -8.607161045074462891e-02 -3.670228719711303711e-01 -1.400456428527832031e-01 4.920041561126708984e-02
3.101817369461059570e-01 -4.043637514114379883e-01 -1.660159826278686523e-01 -5.389882326126098633e-01 -8.304321765899658203e-02 -3.098046779632568359e-02
3.767449855804443359e-01 -3.857194185256958008e-01 -1.669439077377319336e-01 -4.734758138656616211e-01 -1.216891407966613770e-01 3.639495372772216797e-02
2.703702449798583984e-01 -3.895344734191894531e-01 -5.344629287719726562e-02 -3.517885804176330566e-01 -2.304313182830810547e-01 1.611009836196899414e-01
2.799662351608276367e-01 -3.914017081260681152e-01 -9.419679641723632812e-02 -3.915075063705444336e-01 -2.484770417213439941e-01 1.368131637573242188e-01
3.326557874679565430e-01 -4.398053288459777832e-01 -2.292978763580322266e-01 -3.412927389144897461e-01 -2.149721384048461914e-01 5.154192447662353516e-02
3.254839181900024414e-01 -4.439944028854370117e-01 -8.862227201461791992e-02 -3.408150672912597656e-01 -1.654020547866821289e-01 9.491956233978271484e-02
3.153324127197265625e-01 -3.772345781326293945e-01 -1.498614549636840820e-01 -3.686269521713256836e-01 -2.668631672859191895e-01 1.680425405502319336e-01
2.317587137222290039e-01 -3.964400291442871094e-01 -1.031589508056640625e-02 -3.401710987091064453e-01 -2.803009748458862305e-01 2.289744615554809570e-01
2.384281158447265625e-01 -4.408243298530578613e-01 -3.354531526565551758e-02 -3.304075002670288086e-01 -2.009515166282653809e-01 9.709620475769042969e-02
2.300213575363159180e-01 -4.194523692131042480e-01 -1.837313175201416016e-02 -3.471379280090332031e-01 -2.045910358428955078e-01 1.738753318786621094e-01
2.573370933532714844e-01 -4.092236757278442383e-01 -1.244068145751953125e-03 -4.204419851303100586e-01 -1.362180113792419434e-01 1.893963813781738281e-01
1.603547334671020508e-01 -3.428829312324523926e-01 2.171719074249267578e-02 -6.117223501205444336e-01 -1.070736646652221680e-01 2.206304073333740234e-01
2.206574678421020508e-01 -3.325900435447692871e-01 1.506623029708862305e-01 -6.258805394172668457e-01 6.397962570190429688e-03 2.779916524887084961e-01
2.472909688949584961e-01 -3.485230803489685059e-01 1.539835929870605469e-01 -5.945551395416259766e-01 1.625248193740844727e-01 1.465654373168945312e-01
2.979596853256225586e-01 -2.964088320732116699e-01 2.180433273315429688e-02 -6.171543002128601074e-01 3.139820098876953125e-01 -1.657009124755859375e-04
4.099687337875366211e-01 -3.250072598457336426e-01 -1.345682740211486816e-01 -5.561181902885437012e-01 5.872849225997924805e-01 -2.845076322555541992e-01
3.928812742233276367e-01 -1.764622926712036133e-01 -2.271563410758972168e-01 -7.213655710220336914e-01 6.269538402557373047e-01 -3.256167173385620117e-01
2.795789241790771484e-01 -2.345108985900878906e-02 -4.277952313423156738e-01 -6.401985883712768555e-01 4.697871208190917969e-01 -3.005666136741638184e-01
1.073397397994995117e-01 2.342123985290527344e-01 -4.494264721870422363e-01 -5.466675162315368652e-01 1.393165588378906250e-01 -3.869211673736572266e-02
7.543373107910156250e-02 2.421749830245971680e-01 -5.198529362678527832e-01 -3.719631433486938477e-01 3.830218315124511719e-02 -1.729702949523925781e-02
2.412045001983642578e-02 3.264744281768798828e-01 -4.656548500061035156e-01 -3.439548611640930176e-01 -1.045268177986145020e-01 1.418790817260742188e-01
5.102503299713134766e-02 3.459116220474243164e-01 -4.967389106750488281e-01 -2.000936865806579590e-01 -1.787239909172058105e-01 1.763435602188110352e-01
8.436882495880126953e-02 3.771531581878662109e-01 -4.644406437873840332e-01 -1.168561577796936035e-01 -2.409300804138183594e-01 2.295364141464233398e-01
1.173672676086425781e-01 3.119490146636962891e-01 -5.678302049636840820e-01 6.760966777801513672e-02 -2.620832324028015137e-01 2.103183269500732422e-01
4.422664642333984375e-02 4.083036184310913086e-01 -4.764787554740905762e-01 5.869424343109130859e-02 -3.807315826416015625e-01 3.666186332702636719e-01
1.480489969253540039e-01 3.613144159317016602e-01 -5.326087474822998047e-01 4.721271991729736328e-02 -2.914855480194091797e-01 3.150179386138916016e-01
1.294208765029907227e-01 4.498329162597656250e-01 -5.426205396652221680e-01 -5.142706632614135742e-02 -2.983105182647705078e-01 3.556642532348632812e-01
1.168155670166015625e-01 4.152396917343139648e-01 -5.580024719238281250e-01 -7.645446062088012695e-02 -2.709890604019165039e-01 2.647407054901123047e-01
6.395471096038818359e-02 4.453059434890747070e-01 -5.527217388153076172e-01 -5.408203601837158203e-02 -2.597399353981018066e-01 1.994515657424926758e-01
1.533473730087280273e-01 4.441030025482177734e-01 -6.248245239257812500e-01 -1.875268220901489258e-01 -1.447795629501342773e-01 9.364879131317138672e-02
4.089994430541992188e-01 3.574193716049194336e-01 -6.884661316871643066e-01 -2.442008852958679199e-01 7.103967666625976562e-02 -7.456111907958984375e-02
3.954187631607055664e-01 1.623178720474243164e-01 -4.396054148674011230e-01 -3.783922195434570312e-01 3.147016763687133789e-01 -1.751464009284973145e-01
5.891928672790527344e-01 -5.584293603897094727e-02 -3.921049833297729492e-01 -3.857977390289306641e-01 5.782855749130249023e-01 -3.450070023536682129e-01
6.019393205642700195e-01 -2.585681676864624023e-01 -1.819924712181091309e-01 -3.547263741493225098e-01 6.937987804412841797e-01 -3.883699774742126465e-01
4.285906553268432617e-01 -4.388543963432312012e-01 -9.556359052658081055e-02 -4.596577882766723633e-01 6.456211805343627930e-01 -3.728423714637756348e-01
2.183684110641479492e-01 -4.277909398078918457e-01 2.607345581054687500e-02 -5.581264495849609375e-01 3.751357793807983398e-01 -1.407284140586853027e-01
1.374671459197998047e-01 -3.102722167968750000e-01 -3.847235441207885742e-02 -6.044337749481201172e-01 5.787718296051025391e-02 1.072251796722412109e-01
1.735924482345581055e-01 -2.608319520950317383e-01 -1.868247985839843750e-02 -6.155786514282226562e-01 -2.674478292465209961e-02 1.964226961135864258e-01
2.183947563171386719e-01 -3.527986407279968262e-01 -3.919970989227294922e-02 -4.973856806755065918e-01 -5.643105506896972656e-02 1.409224271774291992e-01
2.959042787551879883e-01 -3.805595040321350098e-01 -2.585244178771972656e-02 -3.972394466400146484e-01 -6.153386831283569336e-02 1.155127286911010742e-01
4.218218326568603516e-01 -4.182019233703613281e-01 -2.142819762229919434e-01 -5.472140908241271973e-01 8.357095718383789062e-02 -7.678371667861938477e-02
3.513503074645996094e-01 -4.264340996742248535e-01 -2.247713208198547363e-01 -4.667987227439880371e-01 1.721382141113281250e-02 -1.315237879753112793e-01
3.355681896209716797e-01 -4.151824116706848145e-01 -2.322409152984619141e-01 -4.190182089805603027e-01 -1.101105213165283203e-01 5.562305450439453125e-04
2.952097654342651367e-01 -3.512005209922790527e-01 -2.166408896446228027e-01 -4.518187642097473145e-01 -2.265575528144836426e-01 9.212446212768554688e-02
3.751355409622192383e-01 -3.834297060966491699e-01 -1.901639103889465332e-01 -4.850534200668334961e-01 -8.352494239807128906e-02 1.461172103881835938e-02
4.157249927520751953e-01 -3.372213840484619141e-01 -2.804915904998779297e-01 -4.946677684783935547e-01 -1.565324068069458008e-01 2.742826938629150391e-02
2.233122587203979492e-01 -3.280221223831176758e-01 -1.676133275032043457e-01 -5.112755298614501953e-01 -2.391634583473205566e-01 6.164216995239257812e-02
3.007938861846923828e-01 -3.779512643814086914e-01 -1.443114876747131348e-01 -6.160271167755126953e-01 -1.126872301101684570e-01 -7.454371452331542969e-02
3.457649946212768555e-01 -5.458685159683227539e-01 -2.062364220619201660e-01 -3.988198041915893555e-01 -1.213982105255126953e-01 -2.441998720169067383e-01
1.079130172729492188e-01 -6.098845005035400391e-01 -2.096211910247802734e-01 -3.780232071876525879e-01 -2.746693491935729980e-01 -2.588316202163696289e-01
2.615475654602050781e-02 -7.062352895736694336e-01 -2.848851680755615234e-02 -2.649337649345397949e-01 -2.006409168243408203e-01 -3.825126886367797852e-01
-1.320717930793762207e-01 -4.710702300071716309e-01 1.977149248123168945e-01 -1.189125180244445801e-01 -4.225169420242309570e-01 -3.832525014877319336e-02
-2.635610699653625488e-01 -4.795033335685729980e-01 2.880744934082031250e-01 -3.481011986732482910e-01 7.983803749084472656e-03 -1.694688200950622559e-01
-3.893541097640991211e-01 -3.843197226524353027e-01 2.434046268463134766e-01 -3.543832898139953613e-01 3.374743461608886719e-02 -2.179264426231384277e-01
-4.659958481788635254e-01 -4.044916033744812012e-01 2.107563018798828125e-01 -4.643379449844360352e-01 -1.864349842071533203e-02 -2.762902975082397461e-01
-2.742173075675964355e-01 -3.155145049095153809e-01 2.887676954269409180e-01 -2.885581254959106445e-01 -8.562755584716796875e-02 -1.832343935966491699e-01
-3.239962458610534668e-01 -3.229667544364929199e-01 2.811080217361450195e-01 -2.599796652793884277e-01 -1.460241079330444336e-01 -1.465631127357482910e-01
-3.033834099769592285e-01 -2.883933782577514648e-01 2.514923810958862305e-01 -3.086197972297668457e-01 -2.277916073799133301e-01 -7.697737216949462891e-02
-2.332720160484313965e-01 -3.371300101280212402e-01 2.913479804992675781e-01 -3.063491582870483398e-01 -1.600936651229858398e-01 -2.090031504631042480e-01
-3.627592921257019043e-01 -2.742176651954650879e-01 4.064573049545288086e-01 -1.799135208129882812e-01 -2.765786051750183105e-01 -6.875038146972656250e-03
-1.088160872459411621e-01 -4.286797642707824707e-01 3.331797122955322266e-01 3.276858329772949219e-01 -3.580936193466186523e-01 -6.963115930557250977e-02
-4.979199767112731934e-01 -3.345150351524353027e-01 2.562057971954345703e-01 4.252945184707641602e-01 -4.511211514472961426e-01 -6.448364257812500000e-02
-5.455769896507263184e-01 -4.415023326873779297e-01 1.620900630950927734e-02 3.970344066619873047e-01 -6.559294462203979492e-01 -2.779597640037536621e-01
-6.104452013969421387e-01 -6.768735647201538086e-01 5.900621414184570312e-03 3.556050062179565430e-01 -3.594202995300292969e-01 -5.363223552703857422e-01
-4.642794728279113770e-01 -6.832882165908813477e-01 3.240931034088134766e-02 2.450851202011108398e-01 -2.919856309890747070e-01 -4.192323684692382812e-01
-5.673543214797973633e-01 -4.744547605514526367e-01 9.208405017852783203e-02 5.098930597305297852e-01 -5.723887085914611816e-01 -5.655390024185180664e-02
-6.060959100723266602e-01 -5.338300466537475586e-01 1.137533187866210938e-01 6.577404737472534180e-01 -4.640853404998779297e-01 -9.665781259536743164e-02
-4.216783642768859863e-01 -5.440903306007385254e-01 2.755867242813110352e-01 6.479569673538208008e-01 -5.108071565628051758e-01 -7.585465908050537109e-03
-4.848184585571289062e-01 -4.719160199165344238e-01 3.358980417251586914e-01 4.998940229415893555e-01 -4.961509108543395996e-01 -7.660865783691406250e-03
-4.048560261726379395e-01 -6.881707906723022461e-01 2.366335391998291016e-01 2.744207382202148438e-01 -3.400703668594360352e-01 -2.888665199279785156e-01
-4.168968200683593750e-01 -6.090989112854003906e-01 1.746886968612670898e-01 2.609643936157226562e-01 -2.683573365211486816e-01 -3.528271317481994629e-01
-3.618073463439941406e-01 -5.957497954368591309e-01 1.776697635650634766e-01 3.359445333480834961e-01 -4.165616631507873535e-01 -4.110859036445617676e-01
-5.738620162010192871e-01 -2.728864550590515137e-01 1.118787527084350586e-01 4.222714900970458984e-01 -5.420870184898376465e-01 -2.075828909873962402e-01
-4.597442150115966797e-01 -2.659876942634582520e-01 3.156280517578125000e-01 1.496573686599731445e-01 -3.941335082054138184e-01 -8.573627471923828125e-02
-3.122410178184509277e-01 -3.225560188293457031e-01 2.146949768066406250e-01 1.499463319778442383e-01 -2.470633983612060547e-01 -1.388121843338012695e-01
-2.930155992507934570e-01 -3.012099862098693848e-01 4.732394218444824219e-01 2.998661994934082031e-02 -2.246462702751159668e-01 -1.241773962974548340e-01
-4.144739508628845215e-01 -4.025849699974060059e-01 3.079574108123779297e-01 -3.526914119720458984e-02 -2.105068564414978027e-01 -2.887996435165405273e-01
-4.691383838653564453e-01 -2.854411005973815918e-01 4.436519145965576172e-01 -5.425024032592773438e-02 -1.702071428298950195e-01 -9.349119663238525391e-02
-5.248579978942871094e-01 -2.303267717361450195e-01 3.705693483352661133e-01 2.583328485488891602e-01 -2.754658460617065430e-01 -3.215551376342773438e-03
-7.271366119384765625e-01 -2.251581549644470215e-01 3.486018180847167969e-01 4.993200302124023438e-01 -3.128719925880432129e-01 -1.002884507179260254e-01
-7.034200429916381836e-01 -3.071572780609130859e-01 3.128846883773803711e-01 3.194129467010498047e-01 -2.823498249053955078e-01 -2.721858024597167969e-02
-5.364251732826232910e-01 -5.992157459259033203e-01 3.233802318572998047e-01 3.410148620605468750e-01 -8.919119834899902344e-02 -1.669657826423645020e-01
-3.766664862632751465e-01 -5.373628139495849609e-01 3.784478902816772461e-01 4.319211244583129883e-01 -1.903424859046936035e-01 -1.352775692939758301e-01
-4.177399873733520508e-01 -4.129276275634765625e-01 5.094552040100097656e-01 2.184067964553833008e-01 -2.541018724441528320e-01 -5.663383007049560547e-02
-1.095478534698486328e-01 -4.588044881820678711e-01 4.672350883483886719e-01 1.440587043762207031e-01 -2.946280837059020996e-01 6.292045116424560547e-02
-1.277457475662231445e-01 -4.859680533409118652e-01 4.792896509170532227e-01 -5.207222700119018555e-02 -5.527842044830322266e-02 -1.521862745285034180e-01
1.172305345535278320e-01 -2.678351402282714844e-01 3.025537729263305664e-01 -4.984386563301086426e-01 -1.940802335739135742e-01 2.574583292007446289e-01
-6.277030706405639648e-02 -1.566857695579528809e-01 2.141287326812744141e-01 -5.709348917007446289e-01 -3.461863398551940918e-01 4.715673923492431641e-01
-6.274795532226562500e-02 -1.920004487037658691e-01 4.472529888153076172e-02 -5.936005115509033203e-01 -2.592432498931884766e-01 4.116390943527221680e-01
7.884073257446289062e-02 -2.394263744354248047e-01 1.063296794891357422e-01 -5.458565950393676758e-01 -1.161766052246093750e-01 3.834632635116577148e-01
1.339209079742431641e-02 -1.863369941711425781e-01 1.272851228713989258e-01 -5.106501579284667969e-01 -9.851938486099243164e-02 3.790190219879150391e-01
-3.157210350036621094e-02 -1.478205919265747070e-01 1.702170372009277344e-01 -5.172691345214843750e-01 -1.102402210235595703e-01 4.256935119628906250e-01
-7.933795452117919922e-02 -1.587594747543334961e-01 2.249563932418823242e-01 -4.507879614830017090e-01 -1.574540138244628906e-01 4.793826341629028320e-01
-1.480886340141296387e-01 -2.267293930053710938e-01 2.092002630233764648e-01 -4.429637789726257324e-01 1.772606372833251953e-02 3.214945793151855469e-01
-5.503588914871215820e-02 -1.660104990005493164e-01 2.260000705718994141e-01 -4.295363426208496094e-01 -8.164399862289428711e-02 4.114717245101928711e-01
-1.976116895675659180e-01 -1.869536638259887695e-01 2.902845144271850586e-01 -4.829281568527221680e-01 -6.819999217987060547e-02 4.227674007415771484e-01
-1.083176732063293457e-01 -1.979666352272033691e-01 3.361443281173706055e-01 -4.819880723953247070e-01 3.207504749298095703e-02 3.984723091125488281e-01
-3.591436147689819336e-02 -9.264260530471801758e-02 3.028142452239990234e-01 -4.669585227966308594e-01 -4.250538349151611328e-02 5.056154727935791016e-01
-6.934016942977905273e-02 -1.127972006797790527e-01 2.848383188247680664e-01 -3.607320785522460938e-01 -6.301593780517578125e-02 5.275114774703979492e-01
-2.963066101074218750e-02 -9.845346212387084961e-02 3.534439802169799805e-01 -3.190171122550964355e-01 -2.113493084907531738e-01 5.510079860687255859e-01
-1.588928699493408203e-01 -1.906374096870422363e-01 4.881087541580200195e-01 -3.049201965332031250e-01 -2.170812487602233887e-01 4.751476049423217773e-01
-3.620034456253051758e-02 -9.063631296157836914e-02 3.877947330474853516e-01 -3.418883681297302246e-01 -6.905215978622436523e-02 4.825792312622070312e-01
-3.567057251930236816e-01 -2.683078050613403320e-01 4.606218338012695312e-01 -3.949993848800659180e-01 -9.800660610198974609e-02 3.923984766006469727e-01
-1.905982494354248047e-01 -2.400069832801818848e-01 6.048606634140014648e-01 -3.235764503479003906e-01 -8.963090181350708008e-02 5.649825334548950195e-01
-3.133435845375061035e-01 -2.720608711242675781e-01 4.148193597793579102e-01 -3.063773512840270996e-01 -1.159279942512512207e-01 3.388077020645141602e-01
-9.085065126419067383e-02 -2.424614429473876953e-01 6.009924411773681641e-01 -3.653757572174072266e-01 -2.426266670227050781e-02 4.665588140487670898e-01
-4.761534333229064941e-01 -2.526136636734008789e-01 4.271550178527832031e-01 -1.829109787940979004e-01 5.941486358642578125e-02 2.193500995635986328e-01
