-6.350713968276977539e-02 2.337161302566528320e-01 1.639122962951660156e-01 -1.215527653694152832e-01 -4.368149042129516602e-01 2.138614654541015625e-01
4.126232862472534180e-01 5.336302518844604492e-01 -1.302261352539062500e-01 1.150656938552856445e-01 -1.868066787719726562e-01 1.965006589889526367e-01
2.779095172882080078e-01 6.003170013427734375e-01 -1.307992339134216309e-01 -5.892300605773925781e-02 -2.575477957725524902e-01 2.509770393371582031e-01
3.101352453231811523e-01 7.214231491088867188e-01 4.975795745849609375e-03 -1.460530757904052734e-01 -2.341413497924804688e-01 3.595683574676513672e-01
6.364182233810424805e-01 6.442446708679199219e-01 -3.264023065567016602e-01 4.577648639678955078e-02 -2.030328512191772461e-01 2.582169771194458008e-01
5.408807992935180664e-01 6.199829578399658203e-01 -1.527031064033508301e-01 -3.768491744995117188e-02 -1.743979454040527344e-01 3.206813335418701172e-01
5.682029724121093750e-01 5.355740785598754883e-01 -1.402976512908935547e-01 -7.077753543853759766e-03 -1.581258177757263184e-01 2.897585630416870117e-01
6.240183115005493164e-01 5.658243894577026367e-01 -1.780418157577514648e-01 -3.109800815582275391e-02 -1.233476996421813965e-01 2.442542314529418945e-01
6.822654008865356445e-01 5.603449344635009766e-01 -2.084401249885559082e-01 -3.281724452972412109e-02 -1.381049156188964844e-01 2.152385711669921875e-01
6.500493288040161133e-01 5.242263078689575195e-01 -1.622967123985290527e-01 -7.818758487701416016e-02 1.402091979980468750e-02 1.137300729751586914e-01
6.372717618942260742e-01 5.858952999114990234e-01 -1.208881735801696777e-01 -1.818673610687255859e-01 -1.114124059677124023e-02 1.661015748977661133e-01
6.664884090423583984e-01 5.067173242568969727e-01 -1.139634251594543457e-01 -6.161636114120483398e-02 9.235060214996337891e-02 7.947802543640136719e-02
7.744150161743164062e-01 4.615757465362548828e-01 -1.994017362594604492e-01 -3.092467784881591797e-02 5.968379974365234375e-02 1.641553640365600586e-01
7.770454883575439453e-01 4.835346937179565430e-01 -1.084198355674743652e-01 -1.660982370376586914e-01 7.225763797760009766e-02 2.322864532470703125e-01
8.083498477935791016e-01 3.609050512313842773e-01 -1.457457542419433594e-01 -8.443647623062133789e-02 1.613121032714843750e-01 1.779736280441284180e-01
7.850914001464843750e-01 2.570363283157348633e-01 -4.372471570968627930e-02 -1.195375919342041016e-01 2.559624910354614258e-01 7.100045680999755859e-02
7.374041080474853516e-01 1.183607578277587891e-01 -2.893412113189697266e-02 -1.667858362197875977e-01 2.903559207916259766e-01 3.995311260223388672e-02
6.501671075820922852e-01 1.401573419570922852e-01 -4.196506738662719727e-02 -1.685501933097839355e-01 1.792464256286621094e-01 9.096646308898925781e-02
6.307108402252197266e-01 3.262042999267578125e-02 1.899528503417968750e-02 -2.154066562652587891e-01 2.895280122756958008e-01 2.105712890625000000e-02
4.580492973327636719e-01 -1.093322038650512695e-01 2.889418601989746094e-02 -1.036467552185058594e-01 2.987724542617797852e-01 -7.550364732742309570e-02
3.239918947219848633e-01 -2.000708580017089844e-01 -4.164516925811767578e-02 -2.674442529678344727e-02 2.472337484359741211e-01 -6.869524717330932617e-02
3.099793195724487305e-01 -2.098596692085266113e-01 -1.176546812057495117e-01 1.313805580139160156e-02 1.726894378662109375e-01 4.152536392211914062e-02
2.246770858764648438e-01 -2.846894860267639160e-01 -6.987589597702026367e-02 -2.385374903678894043e-01 3.194220066070556641e-01 -6.420481204986572266e-02
2.246805429458618164e-01 -3.226074576377868652e-01 -6.374126672744750977e-02 -3.313544988632202148e-01 1.882363557815551758e-01 5.763232707977294922e-02
3.007647991180419922e-01 -3.347547054290771484e-01 -5.660194158554077148e-02 -4.585834741592407227e-01 2.978618144989013672e-01 -1.269108057022094727e-02
4.047541618347167969e-01 -4.257179498672485352e-01 1.807570457458496094e-03 -5.293946266174316406e-01 3.077379465103149414e-01 -6.350737810134887695e-02
3.650799989700317383e-01 -3.752636909484863281e-01 5.562257766723632812e-02 -4.268944263458251953e-01 1.784594058990478516e-01 4.352998733520507812e-02
3.792064189910888672e-01 -4.123241901397705078e-01 -1.166091561317443848e-01 -4.721496105194091797e-01 1.735098361968994141e-01 -1.888602972030639648e-01
4.968410730361938477e-01 -4.555857777595520020e-01 -1.600276231765747070e-01 -3.001222610473632812e-01 1.019932031631469727e-01 -1.563365459442138672e-01
2.397620677947998047e-01 -3.507435917854309082e-01 -2.353399991989135742e-02 -3.435213565826416016e-01 -1.173437237739562988e-01 1.970684528350830078e-02
2.452538013458251953e-01 -3.929979205131530762e-01 -7.860118150711059570e-02 -4.838669300079345703e-01 -1.397216916084289551e-01 -9.878343343734741211e-02
3.808528184890747070e-01 -4.930205345153808594e-01 -4.173320531845092773e-02 -2.940485477447509766e-01 -5.106514692306518555e-02 -1.068962812423706055e-01
1.661872863769531250e-01 -5.724432468414306641e-01 -9.546875953674316406e-02 -4.498808383941650391e-01 -3.335362672805786133e-02 -2.242085933685302734e-01
2.792710065841674805e-01 -5.111839771270751953e-01 -2.923125028610229492e-02 -3.677268624305725098e-01 -2.694129943847656250e-03 -1.583598852157592773e-01
2.263252735137939453e-01 -5.470877885818481445e-01 -4.868698120117187500e-02 -3.540375232696533203e-01 -6.746655702590942383e-02 -1.660150885581970215e-01
2.511954307556152344e-01 -5.201691985130310059e-01 7.165086269378662109e-02 -4.077754020690917969e-01 -1.034272313117980957e-01 -4.368132352828979492e-02
2.780098915100097656e-01 -5.791726112365722656e-01 -5.612367391586303711e-02 -3.296734094619750977e-01 -1.323165297508239746e-01 -1.327205300331115723e-01
2.885814905166625977e-01 -4.869078993797302246e-01 -1.728433966636657715e-01 -3.345260620117187500e-01 -1.742798686027526855e-01 -1.116123199462890625e-01
3.076208829879760742e-01 -5.145918726921081543e-01 -4.250711202621459961e-02 -5.092365741729736328e-01 -3.988075256347656250e-02 -1.309124231338500977e-01
1.835478544235229492e-01 -4.871773123741149902e-01 -2.176666259765625000e-02 -2.758224606513977051e-01 -2.798246145248413086e-01 3.835892677307128906e-02
4.917442798614501953e-02 -5.669571757316589355e-01 -3.346884250640869141e-02 -3.285555243492126465e-01 -1.973517537117004395e-01 -9.163516759872436523e-02
2.549973726272583008e-01 -5.201784372329711914e-01 1.181602478027343750e-02 -3.979603052139282227e-01 -8.712393045425415039e-02 1.591551303863525391e-02
3.327286243438720703e-01 -5.526578426361083984e-01 -8.793056011199951172e-03 -5.598454475402832031e-01 8.226406574249267578e-02 -3.792917728424072266e-02
2.499961853027343750e-01 -5.343230962753295898e-01 7.610690593719482422e-02 -5.877566337585449219e-01 8.481371402740478516e-02 8.529663085937500000e-03
6.470763683319091797e-02 -4.456192255020141602e-01 1.432740688323974609e-01 -6.257203221321105957e-01 5.844461917877197266e-02 1.534342765808105469e-02
2.436188459396362305e-01 -3.783735632896423340e-01 9.524285793304443359e-02 -6.012825369834899902e-01 1.812937259674072266e-01 5.970597267150878906e-03
4.021881818771362305e-01 -3.645449280738830566e-01 -5.883508920669555664e-02 -5.505542755126953125e-01 3.952397108078002930e-01 -1.592763662338256836e-01
4.414966106414794922e-01 -2.981786727905273438e-01 -5.164152383804321289e-02 -6.618280410766601562e-01 5.559729337692260742e-01 -2.688806056976318359e-01
3.818279504776000977e-01 -2.787882089614868164e-01 -1.774720549583435059e-01 -6.405270695686340332e-01 5.973449945449829102e-01 -3.753467202186584473e-01
1.598408222198486328e-01 -7.088893651962280273e-02 -3.327528834342956543e-01 -5.373483896255493164e-01 2.448488473892211914e-01 -1.726673245429992676e-01
9.890949726104736328e-02 1.359894275665283203e-01 -4.713020324707031250e-01 -4.784458279609680176e-01 2.879047393798828125e-02 -1.067614555358886719e-02
3.258442878723144531e-02 1.928039789199829102e-01 -5.368771553039550781e-01 -2.647823691368103027e-01 -1.092220544815063477e-01 4.527390003204345703e-02
-9.851908683776855469e-02 1.716675758361816406e-01 -3.717159032821655273e-01 -3.329889774322509766e-01 -1.077396869659423828e-01 9.482359886169433594e-02
2.707028388977050781e-02 1.094450950622558594e-01 -5.183416604995727539e-01 -1.441284418106079102e-01 -7.849359512329101562e-02 4.204404354095458984e-02
1.601195335388183594e-02 2.196868658065795898e-01 -4.987444281578063965e-01 -1.384189128875732422e-01 -1.238354444503784180e-01 1.061809062957763672e-01
2.134180068969726562e-02 2.462859153747558594e-01 -4.802258610725402832e-01 -1.584993600845336914e-01 -1.609446406364440918e-01 1.775757074356079102e-01
1.657289266586303711e-01 1.838053464889526367e-01 -6.052961945533752441e-01 2.810060977935791016e-02 -1.198524236679077148e-01 9.541797637939453125e-02
1.785745620727539062e-01 1.841568946838378906e-01 -5.298148393630981445e-01 5.819094181060791016e-02 -9.862685203552246094e-02 1.142226457595825195e-01
1.044803857803344727e-01 2.731662988662719727e-01 -5.172610282897949219e-01 4.320049285888671875e-02 -2.172718644142150879e-01 2.453184127807617188e-01
5.099058151245117188e-02 2.284880876541137695e-01 -5.238804817199707031e-01 2.298772335052490234e-02 -1.905698180198669434e-01 1.854771375656127930e-01
1.238542795181274414e-01 2.510502338409423828e-01 -5.311994552612304688e-01 -8.123093843460083008e-02 -8.988451957702636719e-02 1.056686639785766602e-01
7.112789154052734375e-02 2.403678894042968750e-01 -4.521209597587585449e-01 -2.205868363380432129e-01 -2.030950784683227539e-02 5.657553672790527344e-02
1.580660343170166016e-01 1.899300813674926758e-01 -5.133060216903686523e-01 -3.668453693389892578e-01 1.354637145996093750e-01 -6.768447160720825195e-02
2.556731700897216797e-01 3.167271614074707031e-02 -3.729195594787597656e-01 -4.706918001174926758e-01 4.378117322921752930e-01 -2.834414839744567871e-01
3.830320835113525391e-01 -2.284650802612304688e-01 -2.045202255249023438e-01 -4.941512346267700195e-01 7.202985286712646484e-01 -4.523931741714477539e-01
3.747693300247192383e-01 -4.031442999839782715e-01 -1.370471119880676270e-01 -3.745818734169006348e-01 6.530535221099853516e-01 -3.565126061439514160e-01
4.564864635467529297e-01 -6.197620630264282227e-01 -3.081154823303222656e-02 -3.325497508049011230e-01 7.106155157089233398e-01 -3.672747015953063965e-01
3.595789670944213867e-01 -5.293889045715332031e-01 8.578515052795410156e-02 -4.008238911628723145e-01 4.438208341598510742e-01 -9.919834136962890625e-02
4.300969839096069336e-01 -3.916631937026977539e-01 -9.183919429779052734e-02 -5.433466434478759766e-01 2.999393939971923828e-01 -3.968030214309692383e-02
3.387774229049682617e-01 -3.580120205879211426e-01 -4.411792755126953125e-02 -5.503161549568176270e-01 1.363382339477539062e-01 8.532249927520751953e-02
2.585211992263793945e-01 -4.549604058265686035e-01 2.182888984680175781e-02 -4.297421574592590332e-01 8.491349220275878906e-02 5.343174934387207031e-02
2.483960390090942383e-01 -3.916618824005126953e-01 5.200219154357910156e-02 -5.747806429862976074e-01 8.092248439788818359e-02 2.043378353118896484e-02
3.238059282302856445e-01 -4.892702698707580566e-01 1.111960411071777344e-02 -5.915277600288391113e-01 1.438579559326171875e-01 -4.705899953842163086e-02
2.288395166397094727e-01 -5.301840305328369141e-01 1.057019233703613281e-01 -5.647970438003540039e-01 8.883678913116455078e-02 1.107203960418701172e-02
2.146320343017578125e-01 -4.896956086158752441e-01 2.724337577819824219e-02 -5.120438337326049805e-01 -5.589312314987182617e-02 8.618795871734619141e-02
2.749506235122680664e-01 -5.306146144866943359e-01 2.290894985198974609e-01 -4.874692559242248535e-01 3.037202358245849609e-02 1.011328697204589844e-01
1.618305444717407227e-01 -5.533374547958374023e-01 2.168296575546264648e-01 -5.122214555740356445e-01 2.508473396301269531e-02 9.905219078063964844e-03
1.656265258789062500e-01 -6.162759065628051758e-01 2.105023860931396484e-01 -5.628048181533813477e-01 1.017208099365234375e-01 -4.435354471206665039e-02
1.496583223342895508e-01 -6.608814001083374023e-01 2.388178110122680664e-01 -5.991209149360656738e-01 4.536199569702148438e-02 -3.624647855758666992e-02
1.513004302978515625e-02 -6.011376380920410156e-01 2.433848381042480469e-02 -5.773867964744567871e-01 -5.617576837539672852e-02 -1.913204193115234375e-01
-2.434182167053222656e-01 -5.485571026802062988e-01 1.678698062896728516e-01 -2.988702654838562012e-01 3.619861602783203125e-02 -2.416055202484130859e-01
-3.451839685440063477e-01 -3.298441171646118164e-01 4.184714555740356445e-01 -9.954351186752319336e-02 -8.263099193572998047e-02 2.013456821441650391e-02
-4.060985445976257324e-01 -3.033851981163024902e-01 2.292598485946655273e-01 -3.322126269340515137e-01 -1.469538211822509766e-01 4.112482070922851562e-03
-1.287742853164672852e-01 -5.459169745445251465e-01 5.322492122650146484e-02 -3.406966328620910645e-01 7.533168792724609375e-02 -2.895209789276123047e-01
-3.070113062858581543e-01 -3.863094449043273926e-01 2.315874099731445312e-01 -4.179547429084777832e-01 -1.139307022094726562e-02 -1.589541435241699219e-01
-4.716783165931701660e-01 -2.266110777854919434e-01 7.667374610900878906e-02 -2.564464807510375977e-01 -2.083338499069213867e-01 -1.030722856521606445e-01
-5.951688289642333984e-01 -2.453204989433288574e-01 2.949204444885253906e-01 -1.508982181549072266e-01 -1.016979813575744629e-01 -1.229530572891235352e-02
-5.537310838699340820e-01 -1.036305427551269531e-01 3.732190132141113281e-01 2.916944026947021484e-02 1.724591255187988281e-01 -3.366462588310241699e-01
-2.701156735420227051e-01 -1.497280597686767578e-01 6.912111043930053711e-01 1.303225755691528320e-01 2.147676944732666016e-01 -1.672261357307434082e-01
-7.418686151504516602e-02 -3.463557958602905273e-01 5.099037885665893555e-01 -1.716815233230590820e-01 2.213829755783081055e-01 -3.320641517639160156e-01
-3.195213079452514648e-01 -4.489937424659729004e-01 4.563969373703002930e-01 -3.076506853103637695e-01 2.526961565017700195e-01 -4.042310118675231934e-01
1.082440614700317383e-01 -6.109517216682434082e-01 3.702017068862915039e-01 -4.729898571968078613e-01 3.390412330627441406e-01 -6.240116357803344727e-01
3.188706636428833008e-01 -3.972992300987243652e-01 7.688891887664794922e-02 -5.591073632240295410e-01 2.529196739196777344e-01 -3.055846691131591797e-01
2.790231704711914062e-01 -2.322734594345092773e-01 1.153305768966674805e-01 -6.318694353103637695e-01 3.532810211181640625e-01 -1.427414417266845703e-01
3.315593004226684570e-01 -2.387257218360900879e-01 7.908749580383300781e-02 -6.464338898658752441e-01 4.043649435043334961e-01 -1.609770655632019043e-01
3.407231569290161133e-01 -2.158567905426025391e-01 1.933526992797851562e-02 -6.983373165130615234e-01 4.229807853698730469e-01 -1.234107017517089844e-01
3.577727079391479492e-01 -2.456380724906921387e-01 -4.893320798873901367e-02 -7.597484588623046875e-01 4.464586973190307617e-01 -1.534839868545532227e-01
3.614890575408935547e-01 -2.644305229187011719e-01 -1.540756225585937500e-01 -7.150571346282958984e-01 4.270818233489990234e-01 -1.860991120338439941e-01
2.720748186111450195e-01 -2.293029427528381348e-01 -1.925104856491088867e-01 -6.124898195266723633e-01 3.170044422149658203e-01 -2.186827063560485840e-01
2.725344896316528320e-01 -2.869060039520263672e-01 -2.027442455291748047e-01 -6.040809154510498047e-01 3.535183668136596680e-01 -3.224186897277832031e-01
1.155909299850463867e-01 -2.617901563644409180e-01 -4.893708229064941406e-02 -6.687251329421997070e-01 2.726658582687377930e-01 -3.136019110679626465e-01
6.397855281829833984e-02 -3.673645257949829102e-01 -4.370814561843872070e-02 -5.221042633056640625e-01 2.422516345977783203e-01 -4.251899719238281250e-01
-2.596991062164306641e-01 -3.293353915214538574e-01 1.010909080505371094e-01 -5.528668165206909180e-01 1.604772806167602539e-01 -3.166852593421936035e-01
-4.265401363372802734e-01 -4.970864057540893555e-01 1.571037769317626953e-01 -4.664142727851867676e-01 1.557365655899047852e-01 -4.472663402557373047e-01
-2.174476981163024902e-01 -3.997403979301452637e-01 2.213765382766723633e-01 -6.178973913192749023e-01 3.368854522705078125e-04 -2.876572012901306152e-01
-8.505332469940185547e-02 -4.462140798568725586e-01 3.384368419647216797e-01 -4.805561304092407227e-01 2.491931915283203125e-01 -3.229240775108337402e-01
-3.704919815063476562e-01 -2.544786334037780762e-01 4.363694190979003906e-01 -5.398976206779479980e-01 -9.151458740234375000e-03 1.936006546020507812e-02
-3.153381347656250000e-01 -3.102816343307495117e-01 4.162614345550537109e-01 -4.179825186729431152e-01 1.725769042968750000e-02 -1.101192831993103027e-01
-2.736948132514953613e-01 -4.492049813270568848e-01 2.604118585586547852e-01 -2.777444720268249512e-01 4.967331886291503906e-03 -1.292522549629211426e-01
-4.328967332839965820e-01 -2.953826785087585449e-01 1.398290395736694336e-01 -3.433176279067993164e-01 -7.583063840866088867e-02 -2.211008071899414062e-01
-3.528148531913757324e-01 2.857860326766967773e-01 1.596271991729736328e-01 4.784142971038818359e-02 -4.980601072311401367e-01 3.228058815002441406e-01
-3.767698407173156738e-01 3.013200759887695312e-01 2.337189912796020508e-01 -9.202420711517333984e-03 -4.845775961875915527e-01 4.096245765686035156e-01
-2.913177013397216797e-01 3.356207609176635742e-01 -3.837347030639648438e-04 2.621507644653320312e-02 -3.795232176780700684e-01 4.581074714660644531e-01
-6.617304086685180664e-01 2.844572067260742188e-01 1.835150718688964844e-01 1.534984111785888672e-01 -2.973249554634094238e-01 3.650960922241210938e-01
-5.269838571548461914e-01 1.237303018569946289e-01 2.988212108612060547e-01 1.448404788970947266e-02 -3.730388879776000977e-01 1.595195531845092773e-01
-1.490823626518249512e-01 1.656904220581054688e-01 2.523927688598632812e-01 -1.007005572319030762e-01 -3.495283126831054688e-01 3.756173849105834961e-01
-1.714592576026916504e-01 4.048810005187988281e-01 -9.724938869476318359e-02 1.155774593353271484e-01 -5.831539630889892578e-01 5.144679546356201172e-01
-5.024397373199462891e-02 3.295707702636718750e-01 -1.013788580894470215e-01 2.365362644195556641e-01 -5.905274152755737305e-01 5.736443996429443359e-01
-1.182759404182434082e-01 3.680651187896728516e-01 -7.649910449981689453e-02 3.459168672561645508e-01 -6.275715827941894531e-01 6.427481174468994141e-01
-1.617041230201721191e-01 3.246612548828125000e-01 2.379822731018066406e-02 2.503763437271118164e-01 -5.737696886062622070e-01 6.855998039245605469e-01
-3.214669227600097656e-02 2.283835411071777344e-01 -1.688683032989501953e-02 2.698396444320678711e-01 -3.239652514457702637e-01 5.166558027267456055e-01
-1.406562924385070801e-01 2.984242439270019531e-01 -3.768563270568847656e-03 1.781388521194458008e-01 -3.866975903511047363e-01 5.695083141326904297e-01
-1.887570023536682129e-01 3.008683919906616211e-01 1.352596282958984375e-02 2.460654973983764648e-01 -4.633592367172241211e-01 6.163569688796997070e-01
-1.841076016426086426e-01 2.574766874313354492e-01 6.962156295776367188e-02 2.568497657775878906e-01 -5.023961663246154785e-01 6.589779853820800781e-01
-9.783720970153808594e-02 3.387466669082641602e-01 -2.522617578506469727e-02 2.565493583679199219e-01 -4.896116256713867188e-01 6.389539241790771484e-01
-1.593530178070068359e-03 3.263261318206787109e-01 -1.230307817459106445e-01 3.068854808807373047e-01 -3.892475366592407227e-01 5.590761899948120117e-01
-1.954115033149719238e-01 3.518058061599731445e-01 -8.757907152175903320e-02 2.348246574401855469e-01 -4.856790900230407715e-01 6.266988515853881836e-01
-3.911346197128295898e-02 3.361108303070068359e-01 -1.540712714195251465e-01 3.450133800506591797e-01 -4.034479856491088867e-01 4.976302385330200195e-01
-1.356417536735534668e-01 4.224241971969604492e-01 -1.013484597206115723e-01 2.035809755325317383e-01 -4.892534017562866211e-01 6.072583198547363281e-01
-2.599287033081054688e-02 5.715593099594116211e-01 -1.647509932518005371e-01 3.980913162231445312e-01 -6.319797039031982422e-01 7.286869287490844727e-01
-1.071712970733642578e-01 4.022071361541748047e-01 -4.515391588211059570e-02 2.729030847549438477e-01 -6.584706306457519531e-01 7.527480125427246094e-01
-2.417719960212707520e-01 4.174692630767822266e-01 9.364056587219238281e-02 3.767839670181274414e-01 -7.358729839324951172e-01 7.228318452835083008e-01
-7.230734825134277344e-02 4.326417446136474609e-01 9.500277042388916016e-02 3.026311397552490234e-01 -5.540933609008789062e-01 6.705665588378906250e-01
-3.160839080810546875e-01 1.588282585144042969e-01 2.938499450683593750e-01 2.981525659561157227e-01 -4.658427238464355469e-01 5.503948926925659180e-01
-1.810503602027893066e-01 1.174504756927490234e-01 8.225595951080322266e-02 1.854069232940673828e-01 -3.684179186820983887e-01 4.494485855102539062e-01
