1.859843730926513672e-01 2.674908638000488281e-01 8.843600749969482422e-02 -2.211906909942626953e-01 -4.066216945648193359e-01 1.702607870101928711e-01
1.554801464080810547e-01 4.051043987274169922e-01 2.074898481369018555e-01 -1.796595454216003418e-01 -3.935236334800720215e-01 2.293726205825805664e-01
1.718631982803344727e-01 4.524768590927124023e-01 6.083703041076660156e-02 -1.990122199058532715e-01 -4.441707134246826172e-01 3.884749412536621094e-01
2.307664155960083008e-01 5.865403413772583008e-01 -2.418323159217834473e-01 -1.351101398468017578e-01 -4.323301911354064941e-01 2.574590444564819336e-01
4.282802343368530273e-01 4.774258136749267578e-01 -4.042398929595947266e-01 -6.678539514541625977e-02 -2.223886847496032715e-01 2.268135547637939453e-02
4.177590608596801758e-01 6.201902627944946289e-01 -4.720426797866821289e-01 -1.875132322311401367e-02 -3.185512423515319824e-01 8.091056346893310547e-02
4.393942356109619141e-01 7.679587602615356445e-01 -4.698585867881774902e-01 -1.437973976135253906e-01 -4.116011857986450195e-01 2.211312055587768555e-01
5.642607212066650391e-01 7.668267488479614258e-01 -5.865250825881958008e-01 3.645777702331542969e-03 -4.356982707977294922e-01 2.723318338394165039e-01
6.223540306091308594e-01 7.420070171356201172e-01 -6.269079446792602539e-01 -3.183305263519287109e-02 -3.258587718009948730e-01 2.227249145507812500e-01
5.918680429458618164e-01 7.072070837020874023e-01 -5.161386728286743164e-01 1.451063156127929688e-02 -3.201258182525634766e-01 2.454193830490112305e-01
7.017389535903930664e-01 7.421426773071289062e-01 -5.439134836196899414e-01 6.495356559753417969e-02 -2.925131916999816895e-01 2.345571517944335938e-01
7.742950916290283203e-01 7.373992204666137695e-01 -5.647647380828857422e-01 4.101884365081787109e-02 -3.047464489936828613e-01 3.013486862182617188e-01
6.579227447509765625e-01 7.345921993255615234e-01 -5.013108849525451660e-01 5.559659004211425781e-02 -3.790110945701599121e-01 3.502956628799438477e-01
6.572166681289672852e-01 7.679002285003662109e-01 -5.734032392501831055e-01 1.133804321289062500e-01 -4.159255623817443848e-01 3.664314746856689453e-01
5.674141645431518555e-01 8.628406524658203125e-01 -4.524054527282714844e-01 -3.269118070602416992e-02 -4.688101410865783691e-01 5.093588829040527344e-01
5.290988683700561523e-01 8.396949768066406250e-01 -4.864852428436279297e-01 7.591319084167480469e-02 -4.859679341316223145e-01 5.341494083404541016e-01
4.865783452987670898e-01 7.077006101608276367e-01 -4.713680148124694824e-01 5.841493606567382812e-02 -2.589877247810363770e-01 3.096165657043457031e-01
4.596661329269409180e-01 6.282778978347778320e-01 -6.095825433731079102e-01 7.246899604797363281e-02 -1.464149951934814453e-01 2.141696214675903320e-01
3.027954101562500000e-01 6.990429162979125977e-01 -3.720483183860778809e-01 -4.115080833435058594e-02 -2.452253103256225586e-01 4.116084575653076172e-01
2.395471334457397461e-01 6.478981971740722656e-01 -2.431117892265319824e-01 -3.694182634353637695e-02 -2.112420797348022461e-01 3.930534124374389648e-01
2.872688770294189453e-01 6.262106895446777344e-01 -2.601057887077331543e-01 9.329903125762939453e-02 -2.734223604202270508e-01 4.984543323516845703e-01
1.173949241638183594e-01 6.238778829574584961e-01 -2.404372096061706543e-01 6.434416770935058594e-02 -3.565130233764648438e-01 5.563203096389770508e-01
-1.884698867797851562e-02 5.471149682998657227e-01 -1.707403659820556641e-01 1.792409420013427734e-01 -3.917039632797241211e-01 5.526610612869262695e-01
-1.095746755599975586e-01 5.396723747253417969e-01 -2.515512704849243164e-02 1.150643825531005859e-02 -4.118901491165161133e-01 6.476700305938720703e-01
-2.869510650634765625e-02 3.681547641754150391e-01 -1.317784190177917480e-01 1.836763620376586914e-01 -3.430627584457397461e-01 5.157954692840576172e-01
-8.289474248886108398e-02 2.986657619476318359e-01 -7.139861583709716797e-02 5.214333534240722656e-03 -1.996867060661315918e-01 4.796689748764038086e-01
-5.621916055679321289e-02 2.845155000686645508e-01 -3.257286548614501953e-02 -4.538118839263916016e-02 -2.268237471580505371e-01 4.514430761337280273e-01
-1.416335701942443848e-01 3.206948041915893555e-01 -1.153744459152221680e-01 2.286076545715332031e-02 -4.359860420227050781e-01 4.674037694931030273e-01
8.136105537414550781e-02 4.084447622299194336e-01 -1.343175768852233887e-01 3.166520595550537109e-02 -3.987834453582763672e-01 5.389696359634399414e-01
5.366945266723632812e-02 4.220464229583740234e-01 -1.215012073516845703e-01 -3.235805034637451172e-02 -4.046546220779418945e-01 5.386887788772583008e-01
1.269832849502563477e-01 2.221676111221313477e-01 -2.369977235794067383e-01 2.031270265579223633e-01 -2.895303368568420410e-01 3.356378078460693359e-01
2.224489450454711914e-01 3.950219154357910156e-01 -3.356674909591674805e-01 1.459738016128540039e-01 -5.017793774604797363e-01 5.274467468261718750e-01
1.858214139938354492e-01 5.241916179656982422e-01 -4.154847264289855957e-01 1.467536687850952148e-01 -6.119701266288757324e-01 6.949965953826904297e-01
1.747764348983764648e-01 4.657467603683471680e-01 -2.856317758560180664e-01 8.754992485046386719e-02 -5.112013816833496094e-01 6.620943546295166016e-01
2.178217172622680664e-01 4.215385913848876953e-01 -1.921343803405761719e-01 2.698211669921875000e-01 -6.206122636795043945e-01 7.426027059555053711e-01
2.978150844573974609e-01 3.806736469268798828e-01 2.730607986450195312e-03 2.754116058349609375e-01 -6.359982490539550781e-01 8.412253856658935547e-01
1.735897064208984375e-01 3.338179588317871094e-01 1.061990261077880859e-01 1.255880594253540039e-01 -5.753709077835083008e-01 6.897561550140380859e-01
-4.937660694122314453e-02 3.365257978439331055e-01 2.138726711273193359e-01 1.505457162857055664e-01 -5.811786055564880371e-01 6.340265274047851562e-01
-2.592296004295349121e-01 3.212661743164062500e-01 3.438335657119750977e-01 1.076290607452392578e-01 -6.668756008148193359e-01 6.519588232040405273e-01
-4.285882711410522461e-01 2.118653059005737305e-01 4.849061965942382812e-01 7.599318027496337891e-02 -4.845150113105773926e-01 4.399874210357666016e-01
-6.411248445510864258e-01 1.158579587936401367e-01 5.042071342468261719e-01 4.008448123931884766e-02 -3.134991526603698730e-01 3.733663558959960938e-01
-7.209845185279846191e-01 1.509691476821899414e-01 4.260783195495605469e-01 2.722020149230957031e-01 -4.610093832015991211e-01 3.881016969680786133e-01
-6.347216963768005371e-01 1.456961631774902344e-01 4.562171697616577148e-01 2.013229131698608398e-01 -4.505875110626220703e-01 4.301311969757080078e-01
-5.642942786216735840e-01 1.996338367462158203e-02 4.437352418899536133e-01 1.746181249618530273e-01 -3.779979348182678223e-01 2.962503433227539062e-01
-6.059976816177368164e-01 8.809506893157958984e-02 4.608486890792846680e-01 8.769512176513671875e-02 -3.691880106925964355e-01 3.934451341629028320e-01
-6.491804122924804688e-01 -1.507771015167236328e-02 7.189061641693115234e-01 1.274920701980590820e-01 -9.363824129104614258e-02 2.460149526596069336e-01
-2.934405207633972168e-01 -1.229162216186523438e-01 2.842557430267333984e-01 -8.853530883789062500e-02 2.558896541595458984e-01 -4.771322607994079590e-01
-1.846337318420410156e-02 -2.212761640548706055e-01 3.009088039398193359e-01 -1.514775156974792480e-01 5.109010934829711914e-01 -6.527852416038513184e-01
-2.505018711090087891e-01 -2.537735104560852051e-01 5.759792327880859375e-01 -1.957268118858337402e-01 4.796407222747802734e-01 -5.126462578773498535e-01
-2.804260849952697754e-01 -3.824995756149291992e-01 6.568161249160766602e-01 -1.620181798934936523e-01 2.270481586456298828e-01 -5.704973936080932617e-01
-7.219592332839965820e-01 -5.968278646469116211e-02 5.486406087875366211e-01 -1.992225646972656250e-03 -1.443457007408142090e-01 -1.252512335777282715e-01
-7.100441455841064453e-01 9.463024139404296875e-02 6.502922773361206055e-01 -7.573223114013671875e-02 -2.486433386802673340e-01 1.049010753631591797e-01
-2.870314121246337891e-01 8.279907703399658203e-02 8.717596530914306641e-01 -2.716186642646789551e-01 -2.871106863021850586e-01 5.337333679199218750e-02
1.791065931320190430e-01 3.166844844818115234e-01 4.950662851333618164e-01 -4.249791502952575684e-01 -3.089967370033264160e-01 1.590802669525146484e-01
2.801079750061035156e-01 5.277532339096069336e-01 3.390480279922485352e-01 -3.726002573966979980e-01 -3.677216768264770508e-01 3.201414346694946289e-01
5.039644241333007812e-01 5.367418527603149414e-01 3.422614336013793945e-01 -4.291973710060119629e-01 -1.984616518020629883e-01 3.718905448913574219e-01
4.337735176086425781e-01 4.891223907470703125e-01 4.150389432907104492e-01 -5.171620845794677734e-01 -2.589124441146850586e-02 3.392533063888549805e-01
4.497573375701904297e-01 4.436086416244506836e-01 3.641802072525024414e-01 -3.889349102973937988e-01 1.945018768310546875e-03 3.337718248367309570e-01
3.996156454086303711e-01 4.888015985488891602e-01 3.589113950729370117e-01 -4.266633987426757812e-01 -8.295089006423950195e-02 3.801584243774414062e-01
4.108765125274658203e-01 3.138452768325805664e-01 5.064290761947631836e-01 -3.928800225257873535e-01 8.087325096130371094e-02 2.894281148910522461e-01
3.612933158874511719e-01 1.526522636413574219e-02 5.483655929565429688e-01 -3.868424296379089355e-01 2.991672754287719727e-01 -2.882778644561767578e-03
4.607766866683959961e-01 -1.763896942138671875e-01 4.884157180786132812e-01 -3.876745700836181641e-01 4.103368520736694336e-01 -1.712985038757324219e-01
-1.790565252304077148e-02 -2.323558330535888672e-01 4.970887899398803711e-01 -6.055541038513183594e-01 2.925401926040649414e-01 -3.174189925193786621e-01
-2.008498311042785645e-01 -2.235796451568603516e-01 7.305959463119506836e-01 -3.021764755249023438e-01 2.796554565429687500e-01 -1.664604544639587402e-01
-3.264554738998413086e-01 -1.679568290710449219e-01 4.374823570251464844e-01 -1.381096243858337402e-01 4.908919334411621094e-03 -1.190559864044189453e-01
-2.917796969413757324e-01 -9.359061717987060547e-03 4.920464754104614258e-01 -2.024378180503845215e-01 -5.079716444015502930e-02 -3.284025192260742188e-02
-2.791815400123596191e-01 -5.176544189453125000e-03 5.672899484634399414e-01 -2.431701421737670898e-01 -1.191526651382446289e-02 -4.968315362930297852e-02
-4.257847070693969727e-01 -1.186686754226684570e-02 6.037850379943847656e-01 -1.704004406929016113e-01 -8.453518152236938477e-02 -4.482924938201904297e-02
-3.555877804756164551e-01 3.669309616088867188e-02 6.884641647338867188e-01 -2.425383925437927246e-01 -8.926039934158325195e-02 9.619116783142089844e-02
-2.568228840827941895e-01 -5.556356906890869141e-02 5.433033704757690430e-01 -1.473758220672607422e-01 -8.323591947555541992e-02 -9.270375967025756836e-02
-1.561866402626037598e-01 -1.370515823364257812e-01 5.470421314239501953e-01 -4.295428991317749023e-01 -1.118755340576171875e-02 -1.151655316352844238e-01
-3.726933598518371582e-01 -4.270343184471130371e-01 3.640266656875610352e-01 3.199782371520996094e-01 -3.230323791503906250e-01 -1.703882813453674316e-01
-1.496315002441406250e-01 -5.497267246246337891e-01 1.810441017150878906e-01 3.013402223587036133e-01 -3.237164020538330078e-01 -2.522763013839721680e-01
-4.939042329788208008e-01 -3.443223237991333008e-01 4.550558328628540039e-01 9.758555889129638672e-02 -6.693670749664306641e-01 -9.131270647048950195e-02
-4.409781694412231445e-01 -5.405284166336059570e-01 4.053853750228881836e-01 2.430177927017211914e-01 -3.768745064735412598e-01 -1.651505827903747559e-01
-4.842785596847534180e-01 -5.180894136428833008e-01 3.420399427413940430e-01 2.392400503158569336e-01 -3.347595930099487305e-01 -1.531503200531005859e-01
-2.641537785530090332e-01 -5.110242962837219238e-01 4.616236686706542969e-01 1.860067844390869141e-01 -4.565310478210449219e-01 -1.379897594451904297e-01
2.944350242614746094e-03 -5.415660738945007324e-01 3.379666805267333984e-01 -8.672636747360229492e-02 -3.831304311752319336e-01 -2.309973239898681641e-01
1.203920841217041016e-01 -4.980897307395935059e-01 -1.942777633666992188e-02 -7.903486490249633789e-02 -5.783423185348510742e-01 -1.440468430519104004e-01
2.708814144134521484e-01 -4.117602705955505371e-01 -1.398251652717590332e-01 -4.899759888648986816e-01 -4.399245381355285645e-01 -1.342707276344299316e-01
3.179411888122558594e-01 -4.097912907600402832e-01 -4.462760686874389648e-02 -3.908127546310424805e-01 -4.020099639892578125e-01 -5.358272790908813477e-02
2.796372175216674805e-01 -3.938913345336914062e-01 -2.025157213211059570e-01 -2.969835400581359863e-01 -4.846300482749938965e-01 -5.492770671844482422e-02
3.755772113800048828e-01 -3.681659698486328125e-01 -9.061408042907714844e-02 -3.560171127319335938e-01 -4.562950134277343750e-01 2.866697311401367188e-02
4.932780265808105469e-01 -3.569018840789794922e-01 -1.804208755493164062e-02 -4.898948073387145996e-01 -3.061553835868835449e-01 3.580236434936523438e-02
3.222676515579223633e-01 -3.538686037063598633e-01 -1.861101388931274414e-02 -4.302375316619873047e-01 -4.110297560691833496e-01 7.839143276214599609e-02
3.358809947967529297e-01 -3.656199574470520020e-01 -2.090585231781005859e-02 -3.130118846893310547e-01 -3.951572179794311523e-01 7.975232601165771484e-02
3.786872625350952148e-01 -4.241110086441040039e-01 -5.774188041687011719e-02 -2.858758568763732910e-01 -2.220110893249511719e-01 -1.888823509216308594e-02
2.115192413330078125e-01 -3.578617572784423828e-01 1.332020759582519531e-02 -2.638304829597473145e-01 -3.999854326248168945e-01 2.710664272308349609e-02
1.333386898040771484e-01 -6.316863894462585449e-01 1.726471185684204102e-01 -2.759746909141540527e-01 -2.028443813323974609e-01 -1.983005404472351074e-01
-2.327799797058105469e-01 -4.724997282028198242e-01 2.490394115447998047e-01 -2.931959629058837891e-01 -1.964785456657409668e-01 -1.595267653465270996e-01
-5.663956403732299805e-01 -4.024910926818847656e-01 3.483750820159912109e-01 -1.030717492103576660e-01 3.137111663818359375e-03 -8.247894048690795898e-02
-7.082378864288330078e-01 -2.677023410797119141e-01 2.814174890518188477e-01 -2.840042114257812500e-02 -1.757048368453979492e-01 -2.172040939331054688e-02
-6.011735200881958008e-01 -4.426680803298950195e-01 4.025757312774658203e-01 -1.554229855537414551e-01 -2.432584762573242188e-03 -1.651746034622192383e-01
-3.020461201667785645e-01 -3.786684870719909668e-01 5.270297527313232422e-01 -3.189909458160400391e-01 -2.531862258911132812e-02 -8.106631040573120117e-02
-6.374447345733642578e-01 -1.631652116775512695e-01 3.835769891738891602e-01 3.565907478332519531e-03 -2.179200053215026855e-01 1.230373382568359375e-01
-7.205331325531005859e-01 -2.443315386772155762e-01 3.927541971206665039e-01 -1.147472858428955078e-01 -3.270176053047180176e-01 2.813327312469482422e-02
-4.676194787025451660e-01 1.004576683044433594e-03 4.440811872482299805e-01 -3.137528896331787109e-02 -3.593853116035461426e-01 2.847546339035034180e-01
-1.426281929016113281e-01 5.158650875091552734e-01 2.042071819305419922e-01 5.343520641326904297e-02 -4.824424386024475098e-01 2.557611465454101562e-01
-3.161042332649230957e-01 3.337341547012329102e-01 2.024781703948974609e-01 -4.530453681945800781e-02 -1.763333678245544434e-01 1.257537603378295898e-01
-5.569749474525451660e-01 1.958347558975219727e-01 2.131773233413696289e-01 1.273796558380126953e-01 -3.169627189636230469e-01 1.729654073715209961e-01
-1.935094594955444336e-01 1.388427019119262695e-01 4.201380014419555664e-01 -1.101719737052917480e-01 -3.855125904083251953e-01 3.523584604263305664e-01
-5.288684368133544922e-02 3.104218244552612305e-01 5.538141727447509766e-02 1.487700939178466797e-01 -4.923362135887145996e-01 4.893189668655395508e-01
6.003296375274658203e-02 3.572649955749511719e-01 -1.185708045959472656e-01 2.137299776077270508e-01 -4.771643280982971191e-01 4.830996990203857422e-01
2.260220050811767578e-02 4.680719375610351562e-01 -1.370137929916381836e-01 2.670332193374633789e-01 -7.003617882728576660e-01 6.107608079910278320e-01
4.564774036407470703e-02 4.545530080795288086e-01 -7.847791910171508789e-02 2.005907297134399414e-01 -6.493895053863525391e-01 5.961279869079589844e-01
2.761852741241455078e-02 3.901975154876708984e-01 -9.558486938476562500e-02 2.323031425476074219e-01 -6.345936059951782227e-01 5.577197074890136719e-01
3.989362716674804688e-02 4.496320486068725586e-01 -3.182339668273925781e-02 8.811366558074951172e-02 -6.497945785522460938e-01 6.318283081054687500e-01
1.205708980560302734e-01 4.769887924194335938e-01 -1.117145419120788574e-01 1.890312433242797852e-01 -6.336580514907836914e-01 6.284831762313842773e-01
-8.086585998535156250e-02 4.832632541656494141e-01 -5.045562982559204102e-02 1.175818443298339844e-01 -7.372635006904602051e-01 6.548104286193847656e-01
3.844022750854492188e-03 5.199478864669799805e-01 -1.268683671951293945e-01 2.212620973587036133e-01 -7.846084833145141602e-01 6.152776479721069336e-01
-1.869239211082458496e-01 3.844248056411743164e-01 2.099895477294921875e-02 8.669376373291015625e-02 -6.904238462448120117e-01 4.773013591766357422e-01
-2.224940657615661621e-01 4.376168251037597656e-01 7.360863685607910156e-02 -3.690707683563232422e-02 -7.322313189506530762e-01 5.342009067535400391e-01
-4.067229032516479492e-01 3.503648042678833008e-01 1.494590044021606445e-01 8.925199508666992188e-04 -6.376504302024841309e-01 3.684334754943847656e-01
-4.024446606636047363e-01 1.068290472030639648e-01 1.347169876098632812e-01 -2.641201019287109375e-02 -3.107576370239257812e-01 4.071974754333496094e-02
-7.609466314315795898e-01 1.526933908462524414e-01 2.905800342559814453e-01 -1.003276705741882324e-01 -2.892050743103027344e-01 1.700966358184814453e-01
-5.949420928955078125e-01 1.770352125167846680e-01 4.784908294677734375e-01 7.032752037048339844e-02 -3.803052902221679688e-01 3.898490667343139648e-01
-5.494070053100585938e-01 1.076102256774902344e-01 5.068007707595825195e-01 5.711448192596435547e-02 -2.684485912322998047e-01 3.601456880569458008e-01
-5.063781738281250000e-01 1.060873270034790039e-01 4.635242223739624023e-01 -2.051532268524169922e-02 -3.756617903709411621e-01 3.781578540802001953e-01
-4.197525382041931152e-01 3.460824489593505859e-02 4.319154024124145508e-01 1.590323448181152344e-02 -4.367373585700988770e-01 2.172389030456542969e-01
-1.362165808677673340e-01 -5.307979583740234375e-01 2.076603174209594727e-01 3.332076072692871094e-01 -2.558178305625915527e-01 -2.378466129302978516e-01
-2.528125643730163574e-01 -5.008484721183776855e-01 1.674174070358276367e-01 4.610706567764282227e-01 -3.185445666313171387e-01 -1.957517862319946289e-01
-4.319210052490234375e-01 -4.376809597015380859e-01 2.497764825820922852e-01 3.918899297714233398e-01 -2.971488237380981445e-01 -1.048608422279357910e-01
-4.628524184226989746e-01 -3.957551717758178711e-01 2.854281663894653320e-01 3.519408702850341797e-01 -5.557476282119750977e-01 -4.092001914978027344e-02
-2.720638513565063477e-01 -3.827629685401916504e-01 3.331363201141357422e-01 4.601308107376098633e-01 -6.556028723716735840e-01 -4.075449705123901367e-02
-1.233468055725097656e-01 -5.850622057914733887e-01 2.069212198257446289e-01 5.285120010375976562e-02 -4.028249979019165039e-01 -3.070558309555053711e-01
1.487290859222412109e-01 -2.908314466476440430e-01 3.479266166687011719e-02 -1.177056431770324707e-01 -4.900910258293151855e-01 1.846452951431274414e-01
3.875248432159423828e-01 -2.602439522743225098e-01 -1.258977055549621582e-01 -2.303931713104248047e-01 -5.531806349754333496e-01 2.274911403656005859e-01
3.264074325561523438e-01 -1.788501143455505371e-01 -1.800298094749450684e-01 -2.687079906463623047e-01 -6.785132884979248047e-01 3.531563282012939453e-01
3.318253755569458008e-01 -1.520664095878601074e-01 -1.786835193634033203e-01 -2.608827948570251465e-01 -5.931267738342285156e-01 2.742459774017333984e-01
3.764712810516357422e-01 -1.483989357948303223e-01 -1.981282234191894531e-01 -2.767810821533203125e-01 -5.735807418823242188e-01 3.053553104400634766e-01
3.354681730270385742e-01 -1.554791331291198730e-01 -1.849923729896545410e-01 -2.946766018867492676e-01 -5.758440494537353516e-01 3.076761960983276367e-01
3.320960998535156250e-01 -2.670999765396118164e-01 -1.716612577438354492e-01 -3.123599290847778320e-01 -4.090376496315002441e-01 1.986014842987060547e-01
3.272166252136230469e-01 -3.349003195762634277e-01 -1.856937408447265625e-01 -2.383260130882263184e-01 -4.857205152511596680e-01 1.593421697616577148e-01
3.865979909896850586e-01 -2.831393480300903320e-01 -1.550890803337097168e-01 -2.672780156135559082e-01 -4.462218880653381348e-01 1.972175836563110352e-01
4.243487119674682617e-01 -2.149597406387329102e-01 -1.507384181022644043e-01 -3.066922426223754883e-01 -5.077889561653137207e-01 3.390865325927734375e-01
3.662210702896118164e-01 -2.720234394073486328e-01 -1.636537909507751465e-01 -2.947021126747131348e-01 -4.709402918815612793e-01 2.108547687530517578e-01
3.628944158554077148e-01 -3.336193561553955078e-01 -2.030985355377197266e-01 -2.012006044387817383e-01 -5.045854449272155762e-01 2.154734134674072266e-01
3.134926557540893555e-01 -3.019126057624816895e-01 -1.588398814201354980e-01 -3.930593729019165039e-01 -5.070960521697998047e-01 2.036271095275878906e-01
3.615257740020751953e-01 -4.791299700736999512e-01 -1.526902318000793457e-01 -3.899720907211303711e-01 -3.574112057685852051e-01 2.948856353759765625e-02
3.959668874740600586e-01 -4.818629026412963867e-01 -1.552661657333374023e-01 -3.088711500167846680e-01 -3.470559716224670410e-01 8.671903610229492188e-02
1.950831413269042969e-01 -4.597221612930297852e-01 -7.194447517395019531e-02 -3.331194519996643066e-01 -4.056326150894165039e-01 8.288264274597167969e-02
4.566588401794433594e-01 -3.875062465667724609e-01 -1.348266005516052246e-01 -3.802640438079833984e-01 -1.565545201301574707e-01 5.894076824188232422e-02
-2.818312644958496094e-01 -6.570453643798828125e-01 8.763492107391357422e-02 -2.617988586425781250e-01 -1.868233084678649902e-01 -8.392918109893798828e-02
-1.095585227012634277e-01 -5.266761183738708496e-01 2.845941781997680664e-01 -4.118557572364807129e-01 -1.253011822700500488e-01 9.853124618530273438e-03
-4.014207720756530762e-01 -4.383296966552734375e-01 1.771123409271240234e-01 -2.341898083686828613e-01 -7.369625568389892578e-02 7.134318351745605469e-03
