6.371350288391113281e-01 5.796283483505249023e-01 -4.331571459770202637e-01 1.767524480819702148e-01 -1.909439563751220703e-01 6.267786026000976562e-02
6.695350408554077148e-01 7.094156742095947266e-01 -3.291447162628173828e-01 1.714450120925903320e-01 -2.685739398002624512e-01 2.323216199874877930e-01
8.067638874053955078e-01 6.205888986587524414e-01 -4.448637962341308594e-01 1.604495048522949219e-01 -2.590643763542175293e-01 2.028341293334960938e-01
7.262290716171264648e-01 5.947535037994384766e-01 -4.539293050765991211e-01 1.393905878067016602e-01 -3.256705403327941895e-01 1.150417327880859375e-01
7.322533130645751953e-01 6.225342750549316406e-01 -5.238915681838989258e-01 1.876230239868164062e-01 -3.033171892166137695e-01 7.245039939880371094e-02
6.707900762557983398e-01 7.012364864349365234e-01 -4.877976775169372559e-01 1.420774459838867188e-01 -3.371984362602233887e-01 1.293470859527587891e-01
6.838586330413818359e-01 5.654908418655395508e-01 -5.109689235687255859e-01 3.055477142333984375e-01 -2.724125385284423828e-01 4.688620567321777344e-03
5.620440244674682617e-01 5.822663307189941406e-01 -4.959440231323242188e-01 2.374637126922607422e-01 -3.341333270072937012e-01 7.816076278686523438e-02
5.007088184356689453e-01 5.263170003890991211e-01 -4.534887075424194336e-01 2.415980100631713867e-01 -3.196728825569152832e-01 2.222847938537597656e-02
6.713030338287353516e-01 5.079081058502197266e-01 -5.062969923019409180e-01 1.608340740203857422e-01 -1.117982268333435059e-01 -4.229927062988281250e-02
7.681118249893188477e-01 5.771434307098388672e-01 -5.848961472511291504e-01 1.692304611206054688e-01 -1.346752643585205078e-01 -1.738947629928588867e-02
5.958122014999389648e-01 5.618474483489990234e-01 -5.459950566291809082e-01 1.864230632781982422e-01 -1.414326429367065430e-01 -1.909685134887695312e-02
6.103979349136352539e-01 5.311056375503540039e-01 -5.782081484794616699e-01 1.773254871368408203e-01 -1.354613304138183594e-01 9.642243385314941406e-03
5.816272497177124023e-01 5.982625484466552734e-01 -4.353277087211608887e-01 2.288831472396850586e-01 -2.291775941848754883e-01 2.116206884384155273e-01
6.575109958648681641e-01 6.334017515182495117e-01 -5.407326817512512207e-01 3.206795454025268555e-01 -2.721986770629882812e-01 2.916573286056518555e-01
5.969011783599853516e-01 7.659012079238891602e-01 -5.858263373374938965e-01 4.304933547973632812e-01 -3.980745077133178711e-01 4.225462675094604492e-01
6.073560714721679688e-01 7.562919855117797852e-01 -7.271496057510375977e-01 4.661974906921386719e-01 -3.799494504928588867e-01 3.955628871917724609e-01
5.125002861022949219e-01 7.437062263488769531e-01 -6.693613529205322266e-01 5.100145339965820312e-01 -4.314048290252685547e-01 4.991481304168701172e-01
5.130003690719604492e-01 6.856627464294433594e-01 -5.182121992111206055e-01 5.331770181655883789e-01 -3.904704451560974121e-01 5.830045938491821289e-01
6.193282604217529297e-01 5.732045173645019531e-01 -6.691989302635192871e-01 5.869973897933959961e-01 -2.629948258399963379e-01 4.643051624298095703e-01
3.399357795715332031e-01 6.178901195526123047e-01 -5.539391040802001953e-01 5.969750881195068359e-01 -4.133580327033996582e-01 5.407282114028930664e-01
3.389842510223388672e-01 5.218256711959838867e-01 -5.702370405197143555e-01 6.603455543518066406e-01 -3.957028985023498535e-01 5.034670829772949219e-01
3.388630151748657227e-01 4.393945932388305664e-01 -5.166274309158325195e-01 6.235756874084472656e-01 -4.197502136230468750e-01 6.037815809249877930e-01
3.212562799453735352e-01 3.231480121612548828e-01 -4.084622263908386230e-01 3.389154672622680664e-01 -6.346595287322998047e-02 4.265718460083007812e-01
3.032321929931640625e-01 4.059302806854248047e-01 -5.730209350585937500e-01 5.860418081283569336e-01 -3.190748691558837891e-01 5.396114587783813477e-01
4.490358829498291016e-01 3.555738925933837891e-01 -4.838274121284484863e-01 4.309612512588500977e-01 -1.740192174911499023e-01 5.927561521530151367e-01
2.601242065429687500e-01 3.034023046493530273e-01 -3.473045229911804199e-01 3.733043670654296875e-01 -2.603541612625122070e-01 5.662888288497924805e-01
1.714464426040649414e-01 2.348289489746093750e-01 -2.132711410522460938e-01 3.129880428314208984e-01 -2.078004479408264160e-01 5.332659482955932617e-01
1.686341762542724609e-01 2.693077325820922852e-01 -3.405297994613647461e-01 4.389721155166625977e-01 -2.869118452072143555e-01 5.369939804077148438e-01
1.762388944625854492e-01 3.072345256805419922e-01 -3.696540594100952148e-01 2.547290325164794922e-01 -2.285951972007751465e-01 5.104076862335205078e-01
1.247463226318359375e-01 3.078472614288330078e-01 -3.685110211372375488e-01 1.921415328979492188e-01 -1.586824059486389160e-01 4.229488372802734375e-01
-4.052972793579101562e-02 2.115499973297119141e-01 -2.058565020561218262e-01 2.302502393722534180e-01 -1.928732395172119141e-01 4.876418113708496094e-01
-2.392578125000000000e-02 1.652534008026123047e-01 -1.023453474044799805e-01 1.402876377105712891e-01 -1.454246044158935547e-01 4.669792652130126953e-01
-7.999700307846069336e-02 2.061227560043334961e-01 -4.954206943511962891e-02 2.089376449584960938e-01 -2.141684889793395996e-01 5.440253019332885742e-01
-2.527800202369689941e-01 2.350676059722900391e-01 1.730560064315795898e-01 9.077453613281250000e-02 -2.073976397514343262e-01 5.398761034011840820e-01
-2.294774651527404785e-01 2.325284481048583984e-01 3.006066083908081055e-01 1.697850227355957031e-01 -2.023284435272216797e-01 5.303745269775390625e-01
-3.368792533874511719e-01 -1.208776235580444336e-02 3.221871852874755859e-01 1.737601757049560547e-01 -1.567362546920776367e-01 2.224808931350708008e-01
-5.908353328704833984e-01 1.460180282592773438e-01 3.556293249130249023e-01 1.239461898803710938e-01 -4.165889024734497070e-01 3.493031263351440430e-01
-6.467673778533935547e-01 2.930300235748291016e-01 4.091646671295166016e-01 2.887908220291137695e-01 -4.521514773368835449e-01 4.744726419448852539e-01
-5.429738759994506836e-01 2.033692598342895508e-01 3.424111604690551758e-01 1.559820175170898438e-01 -5.555695295333862305e-01 4.490168094635009766e-01
-4.050892591476440430e-01 3.794515132904052734e-02 2.243813276290893555e-01 -8.727502822875976562e-02 -2.889637351036071777e-01 1.606811285018920898e-01
-3.881462216377258301e-01 1.525350809097290039e-01 1.851868629455566406e-01 -3.197479248046875000e-02 -4.966424107551574707e-01 3.555760383605957031e-01
-5.172183513641357422e-01 -1.364511251449584961e-02 1.649540662765502930e-01 -1.257609128952026367e-01 -3.318282365798950195e-01 1.554552316665649414e-01
-5.663767457008361816e-01 -6.502515077590942383e-02 3.720089197158813477e-01 9.971868991851806641e-02 -1.632841825485229492e-01 2.318588495254516602e-01
-4.731442928314208984e-01 -1.918005943298339844e-02 5.138086080551147461e-01 -2.727961540222167969e-02 -2.492057681083679199e-01 3.086179494857788086e-01
-4.508427381515502930e-01 -8.577561378479003906e-02 4.794744253158569336e-01 -1.457374691963195801e-01 -2.154052257537841797e-02 3.860926628112792969e-02
-1.105539202690124512e-01 -2.138525247573852539e-01 3.988754749298095703e-01 -2.070734500885009766e-01 2.258096933364868164e-01 -5.219507217407226562e-01
-1.804632544517517090e-01 -3.531544804573059082e-01 8.819119930267333984e-01 -1.725162863731384277e-01 3.230106830596923828e-01 -4.139898419380187988e-01
-3.810954689979553223e-01 -1.305098533630371094e-01 8.183915615081787109e-01 -1.965668201446533203e-01 -1.643235087394714355e-01 -2.396234869956970215e-01
-3.065690994262695312e-01 -1.716948151588439941e-01 1.000000000000000000e+00 -1.849998235702514648e-01 3.459429740905761719e-02 -1.268782615661621094e-01
-3.850124478340148926e-01 -3.244310617446899414e-02 9.444051980972290039e-01 -2.128363847732543945e-01 -2.334775328636169434e-01 -5.614978075027465820e-02
2.244098186492919922e-01 3.049206733703613281e-01 6.602241992950439453e-01 -7.074313163757324219e-01 -9.454548358917236328e-02 2.119351625442504883e-01
2.387765645980834961e-01 4.185051918029785156e-01 4.886331558227539062e-01 -6.894270181655883789e-01 -7.452374696731567383e-02 1.834485530853271484e-01
3.407739400863647461e-01 5.146188735961914062e-01 3.233274221420288086e-01 -6.808964014053344727e-01 4.081594944000244141e-02 2.124687433242797852e-01
3.596420288085937500e-01 4.649320840835571289e-01 3.138191699981689453e-01 -6.704679131507873535e-01 4.433548450469970703e-02 1.943254470825195312e-01
4.630841016769409180e-01 4.892755746841430664e-01 2.751809358596801758e-01 -6.313734650611877441e-01 7.194554805755615234e-02 2.574477195739746094e-01
4.438952207565307617e-01 4.819008111953735352e-01 3.049037456512451172e-01 -6.556969285011291504e-01 5.716192722320556641e-02 3.283578157424926758e-01
3.239960670471191406e-01 3.903321027755737305e-01 3.399065732955932617e-01 -7.099378108978271484e-01 7.042419910430908203e-02 2.637150287628173828e-01
1.737644672393798828e-01 1.563202142715454102e-01 4.663263559341430664e-01 -5.849117040634155273e-01 9.241509437561035156e-02 9.710311889648437500e-02
1.035410165786743164e-01 6.855547428131103516e-02 4.531586170196533203e-01 -7.367990612983703613e-01 2.110778093338012695e-01 -1.748226881027221680e-01
-1.439793705940246582e-01 3.875046968460083008e-01 6.841717958450317383e-01 -5.601804256439208984e-01 -1.614673733711242676e-01 9.658694267272949219e-02
-3.922389745712280273e-01 3.734487295150756836e-01 6.096093654632568359e-01 -4.163617491722106934e-01 -1.296312808990478516e-01 1.796205043792724609e-01
-4.795867800712585449e-01 2.520931959152221680e-01 6.390160322189331055e-01 -2.014824748039245605e-01 -9.198868274688720703e-02 2.246320247650146484e-01
-6.085227727890014648e-01 1.101573705673217773e-01 3.360061645507812500e-01 -1.621568202972412109e-01 -9.604460000991821289e-02 4.248332977294921875e-02
-5.247355699539184570e-01 7.989990711212158203e-02 3.456699848175048828e-01 -3.175391554832458496e-01 -3.610849380493164062e-02 2.763140201568603516e-02
-3.606172800064086914e-01 1.422731876373291016e-01 3.670363426208496094e-01 -3.804650902748107910e-01 5.309283733367919922e-02 -2.836436033248901367e-02
-5.478571653366088867e-01 -9.274452924728393555e-02 4.488047361373901367e-01 -2.193621397018432617e-01 7.496166229248046875e-02 -2.462103366851806641e-01
-6.214153766632080078e-01 5.631899833679199219e-02 5.025305747985839844e-01 -4.916685819625854492e-02 -5.142688751220703125e-03 -1.197360157966613770e-01
-5.558692216873168945e-01 9.687483310699462891e-02 5.063701868057250977e-01 -1.285517215728759766e-02 -1.207827925682067871e-01 1.105409860610961914e-01
-4.988234043121337891e-01 5.408883094787597656e-02 5.778411626815795898e-01 -8.109408617019653320e-02 -1.744785904884338379e-01 1.252868175506591797e-01
-3.073402047157287598e-01 2.178081274032592773e-01 4.483724832534790039e-01 -1.775311231613159180e-01 -3.672290444374084473e-01 3.210128545761108398e-01
-9.082198143005371094e-02 5.324770212173461914e-01 4.418681859970092773e-01 4.939389228820800781e-02 -3.294615149497985840e-01 5.981079339981079102e-01
-1.141936779022216797e-01 2.383761405944824219e-01 8.077456951141357422e-01 5.319380760192871094e-02 -1.185466647148132324e-01 5.467448234558105469e-01
-2.545211911201477051e-01 1.491850614547729492e-01 4.592229127883911133e-01 -4.545742273330688477e-02 -2.905402779579162598e-01 4.633737802505493164e-01
1.102304458618164062e-01 2.223074436187744141e-01 1.051949262619018555e-01 6.301510334014892578e-02 -2.220209240913391113e-01 5.183011293411254883e-01
2.832615375518798828e-02 3.401899337768554688e-01 2.485454082489013672e-02 3.082952499389648438e-01 -4.631225466728210449e-01 7.220625877380371094e-01
1.166547536849975586e-01 3.472884893417358398e-01 -2.470415830612182617e-01 4.391560554504394531e-01 -3.416390419006347656e-01 5.298004150390625000e-01
1.324338912963867188e-01 2.168285846710205078e-01 -7.749909162521362305e-02 2.250740528106689453e-01 -1.870207190513610840e-01 5.483644008636474609e-01
9.981191158294677734e-02 2.512660026550292969e-01 -1.004968285560607910e-01 3.112947940826416016e-01 -2.107283473014831543e-01 5.770871639251708984e-01
5.464613437652587891e-02 1.834224462509155273e-01 6.864631175994873047e-02 2.498190402984619141e-01 -2.254729270935058594e-01 5.954524278640747070e-01
-3.103685379028320312e-02 1.684938669204711914e-01 -3.686314821243286133e-02 3.171442747116088867e-01 -2.339977025985717773e-01 5.706231594085693359e-01
-3.826218843460083008e-02 1.443939208984375000e-01 2.033885717391967773e-01 2.231373786926269531e-01 -2.048952579498291016e-01 5.725357532501220703e-01
-5.127120018005371094e-02 4.632651805877685547e-02 1.479967832565307617e-01 1.196538209915161133e-01 -1.710501909255981445e-01 4.844862222671508789e-01
-2.720689773559570312e-02 1.681971549987792969e-01 8.654010295867919922e-02 3.607037067413330078e-01 -2.171911597251892090e-01 6.380674839019775391e-01
-1.050191521644592285e-01 9.020507335662841797e-02 1.951149702072143555e-01 -4.152774810791015625e-03 -2.270327210426330566e-01 4.827996492385864258e-01
9.908914566040039062e-02 -8.027380704879760742e-02 4.420572519302368164e-01 -1.880803108215332031e-01 3.143787384033203125e-02 4.422390460968017578e-01
