2.726812362670898438e-01 6.541013717651367188e-01 -1.595663428306579590e-01 1.070139408111572266e-01 -1.994786262512207031e-01 2.353913784027099609e-01
6.519856452941894531e-01 6.129733324050903320e-01 -4.033346772193908691e-01 9.377276897430419922e-02 -1.757344007492065430e-01 1.767649650573730469e-01
6.678725481033325195e-01 5.037921667098999023e-01 -4.954377412796020508e-01 1.331319808959960938e-01 -6.993639469146728516e-02 -5.137741565704345703e-03
7.661592960357666016e-01 5.244767665863037109e-01 -5.485666394233703613e-01 1.616734266281127930e-01 -9.871166944503784180e-02 1.362431049346923828e-02
7.273210287094116211e-01 5.100288391113281250e-01 -5.181889533996582031e-01 8.156180381774902344e-02 -8.563017845153808594e-02 -1.621317863464355469e-02
8.490569591522216797e-01 6.035925149917602539e-01 -5.594068765640258789e-01 3.198027610778808594e-02 -7.002443075180053711e-02 2.411735057830810547e-02
7.805105447769165039e-01 5.601114034652709961e-01 -5.911162495613098145e-01 1.559582948684692383e-01 -4.165589809417724609e-02 -5.508065223693847656e-04
6.979399919509887695e-01 6.111507415771484375e-01 -5.916882753372192383e-01 2.426620721817016602e-01 -1.635670661926269531e-01 7.936024665832519531e-02
6.204327344894409180e-01 5.746455192565917969e-01 -6.579331159591674805e-01 2.723449468612670898e-01 -1.515482664108276367e-01 1.527762413024902344e-02
4.916534423828125000e-01 7.083325386047363281e-01 -5.723990201950073242e-01 2.082178592681884766e-01 -3.324236273765563965e-01 1.763473749160766602e-01
5.752832889556884766e-01 8.389422893524169922e-01 -5.934180021286010742e-01 1.941130161285400391e-01 -4.579721093177795410e-01 3.443876504898071289e-01
5.922813415527343750e-01 7.602728605270385742e-01 -6.599299907684326172e-01 2.029561996459960938e-01 -3.247386813163757324e-01 2.498657703399658203e-01
6.122357845306396484e-01 7.126599550247192383e-01 -6.589030027389526367e-01 1.666041612625122070e-01 -2.960776090621948242e-01 2.532150745391845703e-01
7.279062271118164062e-01 6.746172904968261719e-01 -7.816257476806640625e-01 3.024260997772216797e-01 -2.145076394081115723e-01 1.434204578399658203e-01
5.637829303741455078e-01 7.748477458953857422e-01 -6.687013506889343262e-01 2.532349824905395508e-01 -3.851974606513977051e-01 3.698120117187500000e-01
5.762536525726318359e-01 7.592837810516357422e-01 -7.770330905914306641e-01 4.126434326171875000e-01 -3.659203052520751953e-01 3.161388635635375977e-01
4.382168054580688477e-01 7.492724657058715820e-01 -6.691772937774658203e-01 3.409968614578247070e-01 -4.555696249008178711e-01 4.279286861419677734e-01
4.146617650985717773e-01 6.731281280517578125e-01 -5.299864411354064941e-01 3.214405775070190430e-01 -3.700737953186035156e-01 4.164365530014038086e-01
5.623464584350585938e-01 5.593839883804321289e-01 -6.436423063278198242e-01 4.722007513046264648e-01 -3.190094828605651855e-01 4.418021440505981445e-01
5.867013931274414062e-01 6.459127664566040039e-01 -5.240700244903564453e-01 3.889352083206176758e-01 -3.286573290824890137e-01 6.668789386749267578e-01
6.224790811538696289e-01 6.354411840438842773e-01 -6.465475559234619141e-01 5.764681100845336914e-01 -3.735451698303222656e-01 6.793951988220214844e-01
4.783451557159423828e-01 5.738503932952880859e-01 -5.462976694107055664e-01 5.557041168212890625e-01 -3.893290162086486816e-01 6.380101442337036133e-01
3.724128007888793945e-01 5.397311449050903320e-01 -5.772376060485839844e-01 5.046902894973754883e-01 -3.814869523048400879e-01 6.582355499267578125e-01
3.428567647933959961e-01 5.705454349517822266e-01 -5.525648593902587891e-01 5.055527687072753906e-01 -4.422746896743774414e-01 6.694707870483398438e-01
1.917010545730590820e-01 5.021235942840576172e-01 -4.172192215919494629e-01 3.023617267608642578e-01 -3.834908008575439453e-01 5.689914226531982422e-01
2.940539121627807617e-01 4.028011560440063477e-01 -4.222772717475891113e-01 3.056797981262207031e-01 -1.945574283599853516e-01 4.809876680374145508e-01
2.515699863433837891e-01 3.991228342056274414e-01 -3.564429283142089844e-01 4.595412015914916992e-01 -3.432442545890808105e-01 5.596264600753784180e-01
7.967746257781982422e-02 2.788193225860595703e-01 -1.773819327354431152e-01 3.089741468429565430e-01 -2.788747549057006836e-01 5.648033618927001953e-01
-7.640719413757324219e-04 3.025898933410644531e-01 -2.605260610580444336e-01 1.883326768875122070e-01 -2.451699376106262207e-01 4.947956800460815430e-01
1.565909385681152344e-02 2.546222209930419922e-01 -1.883295178413391113e-01 2.163245677947998047e-01 -2.491064071655273438e-01 5.097979307174682617e-01
-1.163573861122131348e-01 3.122669458389282227e-01 -1.801366209983825684e-01 2.124342918395996094e-01 -4.106812477111816406e-01 6.064965724945068359e-01
-1.230808496475219727e-01 1.748903989791870117e-01 2.204215526580810547e-02 2.334043979644775391e-01 -3.292303085327148438e-01 6.037676334381103516e-01
-5.408203601837158203e-02 1.285023689270019531e-01 7.312047481536865234e-02 1.901626586914062500e-02 -2.372440695762634277e-01 4.138245582580566406e-01
-4.643360972404479980e-01 1.597574949264526367e-01 4.434362649917602539e-01 -1.480056643486022949e-01 -2.429330348968505859e-01 4.090461730957031250e-01
-4.209178090095520020e-01 1.670100688934326172e-01 3.404601812362670898e-01 7.826817035675048828e-02 -4.321863651275634766e-01 3.898149728775024414e-01
-5.468655824661254883e-01 -5.329966545104980469e-03 1.858624219894409180e-01 1.733124256134033203e-01 -2.165831923484802246e-01 1.945248842239379883e-01
-6.173738241195678711e-01 1.713323593139648438e-02 3.061652183532714844e-01 1.514375209808349609e-02 -1.500355601310729980e-01 1.597025394439697266e-01
-4.006838798522949219e-01 5.030870437622070312e-02 5.744270086288452148e-01 -1.307690739631652832e-01 -1.873039007186889648e-01 3.359329700469970703e-01
-5.310183763504028320e-01 2.344963550567626953e-01 4.430731534957885742e-01 -2.242606878280639648e-02 -3.822410702705383301e-01 4.996651411056518555e-01
-3.990657925605773926e-01 -3.927546739578247070e-02 3.522996902465820312e-01 -2.018988132476806641e-03 -2.244954109191894531e-01 2.852435111999511719e-01
-4.436783194541931152e-01 -1.221885085105895996e-01 2.715044021606445312e-01 -1.010102033615112305e-01 -2.875300645828247070e-01 8.467662334442138672e-02
-5.838118791580200195e-01 -1.362806558609008789e-01 2.180646657943725586e-01 6.613397598266601562e-02 -1.944667100906372070e-01 3.646683692932128906e-02
-6.644217371940612793e-01 -4.149317741394042969e-03 4.292161464691162109e-01 1.304626464843750000e-02 -3.072001934051513672e-01 2.439596652984619141e-01
-3.928554058074951172e-01 1.092801094055175781e-01 5.461465120315551758e-01 -3.405535221099853516e-02 -4.552790522575378418e-01 3.055362701416015625e-01
-2.215428948402404785e-01 -1.635402441024780273e-01 4.550486803054809570e-01 -5.812197923660278320e-02 3.205695152282714844e-01 -4.003646373748779297e-01
-6.726294755935668945e-02 -3.338608145713806152e-01 6.718357801437377930e-01 -1.257643103599548340e-01 6.838918924331665039e-01 -5.940485000610351562e-01
3.990423679351806641e-02 -4.013770222663879395e-01 8.065871000289916992e-01 -3.235560059547424316e-01 4.923696517944335938e-01 -6.091126203536987305e-01
-2.394539713859558105e-01 -1.183550357818603516e-01 6.765676736831665039e-01 -1.979263424873352051e-01 -2.280330657958984375e-02 -1.795986294746398926e-01
-2.361804842948913574e-01 1.162134408950805664e-01 8.778034448623657227e-01 -2.674874067306518555e-01 -3.258141875267028809e-01 1.061810255050659180e-01
1.950902938842773438e-01 1.193748712539672852e-01 4.573773145675659180e-01 -5.408707857131958008e-01 -1.274257898330688477e-01 -3.095942735671997070e-02
2.760773897171020508e-01 3.839422464370727539e-01 1.559714078903198242e-01 -4.552488923072814941e-01 -6.551808118820190430e-02 6.735432147979736328e-02
4.665405750274658203e-01 3.466993570327758789e-01 2.402610778808593750e-01 -5.266057252883911133e-01 1.585792303085327148e-01 7.547700405120849609e-02
3.549263477325439453e-01 5.278618335723876953e-01 2.198579311370849609e-01 -5.300384759902954102e-01 -1.947700977325439453e-03 3.133094310760498047e-01
4.138039350509643555e-01 5.125590562820434570e-01 1.575633287429809570e-01 -5.247719287872314453e-01 1.594269275665283203e-02 3.605921268463134766e-01
4.632661342620849609e-01 5.489339828491210938e-01 1.492835283279418945e-01 -5.444983243942260742e-01 5.914914608001708984e-02 3.666250705718994141e-01
5.096361637115478516e-01 3.879756927490234375e-01 -1.846086978912353516e-02 -5.280638933181762695e-01 1.983289718627929688e-01 1.222610473632812500e-01
2.316499948501586914e-01 2.707126140594482422e-01 1.591852903366088867e-01 -6.803830265998840332e-01 1.726429462432861328e-01 -1.021939516067504883e-02
8.399975299835205078e-02 1.531260013580322266e-01 3.374729156494140625e-01 -5.794737339019775391e-01 1.844066381454467773e-01 -1.190578937530517578e-01
-1.842135787010192871e-01 2.141273021697998047e-01 7.056303024291992188e-01 -4.397628903388977051e-01 1.798391342163085938e-03 1.417576074600219727e-01
-1.327033638954162598e-01 5.085601806640625000e-01 5.187243223190307617e-01 -4.045964479446411133e-01 -3.383018374443054199e-01 3.377244472503662109e-01
-7.355664968490600586e-01 3.258001804351806641e-01 6.022028923034667969e-01 -4.377043247222900391e-02 -8.975946903228759766e-02 1.569333076477050781e-01
-4.367022514343261719e-01 2.345073223114013672e-01 6.662396192550659180e-01 -2.362346649169921875e-01 5.059885978698730469e-02 1.137065887451171875e-01
-2.853330969810485840e-01 1.632053852081298828e-01 4.262535572052001953e-01 -1.480538249015808105e-01 -1.584280729293823242e-01 1.276897192001342773e-01
-4.341068267822265625e-01 1.505523920059204102e-01 4.167294502258300781e-01 -7.249826192855834961e-02 -2.455409765243530273e-01 8.968961238861083984e-02
-3.629122972488403320e-01 1.699737310409545898e-01 5.728985071182250977e-01 -2.791486978530883789e-01 -1.820077896118164062e-01 5.348539352416992188e-02
-4.479833841323852539e-01 1.160681247711181641e-02 6.778000593185424805e-01 -2.413166165351867676e-01 2.136552333831787109e-02 -6.829982995986938477e-02
-5.299745798110961914e-01 3.034698963165283203e-02 4.666316509246826172e-01 -1.712118983268737793e-01 -1.008140444755554199e-01 -1.002636551856994629e-01
-4.795000553131103516e-01 1.410939693450927734e-01 5.901715755462646484e-01 -1.296068429946899414e-01 -2.059926986694335938e-01 1.194626092910766602e-01
-3.920310735702514648e-01 3.256959915161132812e-01 6.297956705093383789e-01 3.541886806488037109e-02 -1.511584520339965820e-01 4.905657768249511719e-01
-1.332057118415832520e-01 3.718243837356567383e-01 6.838176250457763672e-01 7.141435146331787109e-02 -2.281166315078735352e-01 5.985062122344970703e-01
4.345893859863281250e-02 2.767146825790405273e-01 2.311145067214965820e-01 -4.677873849868774414e-02 -3.496131300926208496e-01 5.611237287521362305e-01
8.848845958709716797e-02 4.232318401336669922e-01 -8.141952753067016602e-02 2.605259418487548828e-01 -4.771717786788940430e-01 6.916842460632324219e-01
8.903431892395019531e-02 4.557803869247436523e-01 -1.765357851982116699e-01 2.658015489578247070e-01 -3.958248496055603027e-01 6.438368558883666992e-01
2.669382095336914062e-02 3.452252149581909180e-01 -2.148694992065429688e-01 2.814579010009765625e-01 -3.128674030303955078e-01 5.346992015838623047e-01
-7.241660356521606445e-02 2.469507455825805664e-01 -1.900386810302734375e-01 4.234327077865600586e-01 -2.721059322357177734e-01 5.190384387969970703e-01
-1.839828491210937500e-02 2.542419433593750000e-01 -8.017772436141967773e-02 3.900542259216308594e-01 -2.912867069244384766e-01 5.784273147583007812e-01
-1.091901063919067383e-01 3.377401828765869141e-01 3.577470779418945312e-04 4.124619960784912109e-01 -3.619870543479919434e-01 7.040394544601440430e-01
-1.914781332015991211e-01 1.225360631942749023e-01 2.096296548843383789e-01 2.420603036880493164e-01 -2.177844643592834473e-01 6.727296113967895508e-01
-3.367722034454345703e-03 2.510935068130493164e-01 -6.226944923400878906e-02 2.430738210678100586e-01 -2.497708797454833984e-01 6.027920246124267578e-01
4.445266723632812500e-02 3.961716890335083008e-01 -7.502502202987670898e-02 2.944642305374145508e-01 -1.797211766242980957e-01 6.528471708297729492e-01
1.085031032562255859e-02 8.378839492797851562e-02 2.250018119812011719e-01 1.174863576889038086e-01 -1.589393615722656250e-01 4.529185295104980469e-01
-2.039750218391418457e-01 1.514621973037719727e-01 3.714977502822875977e-01 1.280200481414794922e-02 -2.946772575378417969e-01 5.516104698181152344e-01
-2.480942606925964355e-01 2.429982423782348633e-01 1.706219911575317383e-01 1.720604896545410156e-01 -2.212883830070495605e-01 6.327737569808959961e-01
