2.270663976669311523e-01 4.612622261047363281e-01 -7.047504186630249023e-02 6.375241279602050781e-02 -1.456457972526550293e-01 1.526908874511718750e-01
1.876873970031738281e-01 4.319863319396972656e-01 -1.398247480392456055e-02 1.083911657333374023e-01 -9.536844491958618164e-02 6.293904781341552734e-02
3.484650850296020508e-01 4.722800254821777344e-01 -1.549819111824035645e-01 2.698932886123657227e-01 -1.702556610107421875e-01 9.831309318542480469e-02
4.419060945510864258e-01 5.320293903350830078e-01 -3.569520115852355957e-01 2.544199228286743164e-01 -2.010568380355834961e-01 1.136109828948974609e-01
6.065495014190673828e-01 5.463725328445434570e-01 -4.368422031402587891e-01 2.740572690963745117e-01 -2.146340608596801758e-01 1.479085683822631836e-01
6.922067403793334961e-01 5.149905681610107422e-01 -4.717344045639038086e-01 2.958663702011108398e-01 -1.934551596641540527e-01 1.220639944076538086e-01
7.706955671310424805e-01 5.047265291213989258e-01 -5.373333692550659180e-01 3.208930492401123047e-01 -2.353221774101257324e-01 1.286512613296508789e-01
6.842906475067138672e-01 5.150010585784912109e-01 -4.016203284263610840e-01 2.382029294967651367e-01 -2.427185177803039551e-01 1.540374755859375000e-01
6.677317619323730469e-01 4.212120771408081055e-01 -4.381453394889831543e-01 2.908378839492797852e-01 -1.820135712623596191e-01 5.173802375793457031e-02
6.610622406005859375e-01 4.829431772232055664e-01 -5.026276111602783203e-01 3.518185615539550781e-01 -3.148253560066223145e-01 8.977699279785156250e-02
5.613170862197875977e-01 5.920505523681640625e-01 -4.847155809402465820e-01 3.232427835464477539e-01 -4.973164796829223633e-01 2.192955017089843750e-01
5.449724197387695312e-01 6.087909936904907227e-01 -5.288032293319702148e-01 3.133057355880737305e-01 -4.425623416900634766e-01 1.924561262130737305e-01
5.210551023483276367e-01 5.889232158660888672e-01 -4.853392839431762695e-01 2.137041091918945312e-01 -3.077027797698974609e-01 1.539973020553588867e-01
5.636305809020996094e-01 5.849305391311645508e-01 -5.854505300521850586e-01 2.844178676605224609e-01 -2.943118810653686523e-01 1.401312351226806641e-01
4.468075037002563477e-01 6.473404169082641602e-01 -5.072226524353027344e-01 2.442659139633178711e-01 -3.569143414497375488e-01 1.981046199798583984e-01
3.887555599212646484e-01 6.371687650680541992e-01 -4.474603533744812012e-01 2.739417552947998047e-01 -3.214063048362731934e-01 2.162643671035766602e-01
4.681487083435058594e-01 6.172189712524414062e-01 -3.958076238632202148e-01 3.028852939605712891e-01 -2.581951022148132324e-01 2.364146709442138672e-01
4.807274341583251953e-01 4.287941455841064453e-01 -2.555580139160156250e-01 2.758655548095703125e-01 -1.609879732131958008e-01 1.989815235137939453e-01
4.679527282714843750e-01 3.923306465148925781e-01 -2.485292553901672363e-01 3.238503932952880859e-01 -8.712476491928100586e-02 1.857461929321289062e-01
4.832415580749511719e-01 4.626289606094360352e-01 -3.439027070999145508e-01 3.135374784469604492e-01 -2.046689987182617188e-01 3.079280853271484375e-01
4.137191772460937500e-01 4.745810031890869141e-01 -3.570071458816528320e-01 2.805709838867187500e-01 -2.502473592758178711e-01 3.107199668884277344e-01
1.348271369934082031e-01 5.411143302917480469e-01 -3.205069899559020996e-01 3.176666498184204102e-01 -4.448214769363403320e-01 4.822056293487548828e-01
1.437257528305053711e-01 5.232384204864501953e-01 -3.576638102531433105e-01 4.140216112136840820e-01 -4.780616164207458496e-01 5.646942853927612305e-01
2.233909368515014648e-01 4.119294881820678711e-01 -2.730038762092590332e-01 2.955642938613891602e-01 -2.819166779518127441e-01 4.482613801956176758e-01
4.582595825195312500e-02 3.727225065231323242e-01 -2.222411632537841797e-01 2.310054302215576172e-01 -2.543453574180603027e-01 4.350969791412353516e-01
5.197763442993164062e-02 4.995188713073730469e-01 -2.403194308280944824e-01 8.297145366668701172e-02 -3.436607718467712402e-01 4.968098402023315430e-01
1.749515533447265625e-03 3.146218061447143555e-01 -2.195245623588562012e-01 4.515409469604492188e-03 -2.390168905258178711e-01 3.396002054214477539e-01
-7.988506555557250977e-02 2.608853578567504883e-01 -1.194029450416564941e-01 1.820349693298339844e-02 -2.182523608207702637e-01 3.865873813629150391e-01
-1.387534141540527344e-01 2.175393104553222656e-01 -1.159167885780334473e-01 4.638135433197021484e-02 -2.247239351272583008e-01 3.176331520080566406e-01
-1.514368057250976562e-01 2.235599756240844727e-01 -6.136161088943481445e-02 3.502619266510009766e-02 -3.345593214035034180e-01 4.316262006759643555e-01
-1.441514492034912109e-02 3.054177761077880859e-02 -5.762803554534912109e-02 4.091131687164306641e-02 -1.087785363197326660e-01 2.181544303894042969e-01
-5.155563354492187500e-02 2.449198961257934570e-01 -9.195560216903686523e-02 1.782996654510498047e-01 -5.096583366394042969e-01 5.586744546890258789e-01
4.019749164581298828e-02 3.065996170043945312e-01 -1.642835736274719238e-01 2.717850208282470703e-01 -4.687449336051940918e-01 5.639036893844604492e-01
-1.107160449028015137e-01 1.583477258682250977e-01 7.592797279357910156e-02 4.066109657287597656e-02 -2.797013521194458008e-01 5.207376480102539062e-01
7.901191711425781250e-04 1.843664646148681641e-01 -1.206104755401611328e-01 2.268872261047363281e-01 -3.019119501113891602e-01 4.323165416717529297e-01
-9.239238500595092773e-02 1.048907041549682617e-01 -2.497321367263793945e-02 1.375465393066406250e-01 -3.327589035034179688e-01 4.211730957031250000e-01
-5.730462074279785156e-02 5.917680263519287109e-02 8.994162082672119141e-02 2.075959444046020508e-01 -3.870302438735961914e-01 4.765206575393676758e-01
-1.469992399215698242e-01 -1.246764063835144043e-01 1.100816726684570312e-01 4.659354686737060547e-02 -1.514280438423156738e-01 1.120054721832275391e-01
-1.880621314048767090e-01 -3.005290031433105469e-02 1.234896183013916016e-01 -9.946823120117187500e-03 -2.505915164947509766e-01 1.095898151397705078e-01
-3.691331744194030762e-01 2.007710933685302734e-01 -4.161483049392700195e-02 1.207988262176513672e-01 -4.408411979675292969e-01 2.896153926849365234e-01
-3.745852112770080566e-01 6.031739711761474609e-02 4.875707626342773438e-02 -2.192676067352294922e-03 -3.800991177558898926e-01 2.723994255065917969e-01
-4.477360248565673828e-01 -4.723352193832397461e-02 1.379817724227905273e-01 7.682204246520996094e-03 -2.776973247528076172e-01 1.729992628097534180e-01
-3.001267313957214355e-01 -1.224575042724609375e-01 6.104338169097900391e-02 -6.664097309112548828e-02 -2.211474776268005371e-01 -9.282290935516357422e-03
-3.020324110984802246e-01 -3.922694921493530273e-02 9.638416767120361328e-02 1.666909456253051758e-01 -3.806752562522888184e-01 2.089083194732666016e-01
-2.935190200805664062e-01 -5.114376544952392578e-03 1.169656515121459961e-01 2.218527793884277344e-01 -4.516929984092712402e-01 2.579885721206665039e-01
-4.546499848365783691e-01 -1.416922807693481445e-01 1.405320167541503906e-01 -2.396470308303833008e-02 4.384615421295166016e-01 -5.761582255363464355e-01
-4.583749175071716309e-01 -1.131586432456970215e-01 3.097491264343261719e-01 -4.646557569503784180e-02 5.315381288528442383e-01 -6.114684343338012695e-01
-3.934988379478454590e-01 -1.724452376365661621e-01 7.624090909957885742e-01 -5.239027738571166992e-02 4.620238542556762695e-01 -2.844312191009521484e-01
-1.655402183532714844e-01 -2.371367216110229492e-01 5.921511650085449219e-01 -3.823132514953613281e-01 5.432832241058349609e-02 -3.860858082771301270e-01
-9.506690502166748047e-02 -1.947126388549804688e-01 5.207909345626831055e-01 -3.767931461334228516e-01 -2.596551179885864258e-02 -3.897918462753295898e-01
6.045472621917724609e-02 1.357808113098144531e-01 5.135067701339721680e-01 -4.034869670867919922e-01 -1.489918231964111328e-01 3.030097484588623047e-02
4.169142246246337891e-02 2.568869590759277344e-01 4.881390333175659180e-01 -3.096356987953186035e-01 -3.106868863105773926e-01 1.964582204818725586e-01
-2.065777778625488281e-03 2.926034927368164062e-01 3.967348337173461914e-01 -3.099557757377624512e-01 -3.036901950836181641e-01 1.314209699630737305e-01
1.000545024871826172e-01 1.442092657089233398e-01 3.470751047134399414e-01 -3.021013140678405762e-01 -1.929892897605895996e-01 -5.220806598663330078e-02
6.209468841552734375e-02 2.071673870086669922e-01 2.968267202377319336e-01 -2.722256183624267578e-01 -2.307844758033752441e-01 5.520582199096679688e-04
1.257064342498779297e-01 1.300286054611206055e-01 3.658002614974975586e-01 -3.869803547859191895e-01 -5.999958515167236328e-02 -7.718634605407714844e-02
6.373417377471923828e-02 7.289528846740722656e-02 3.189933300018310547e-01 -2.559018731117248535e-01 -1.349145174026489258e-02 -1.344643235206604004e-01
8.925926685333251953e-02 -1.521372795104980469e-02 2.230229377746582031e-01 -3.602674603462219238e-01 1.554126739501953125e-01 -3.385024070739746094e-01
-6.437176465988159180e-02 -7.219099998474121094e-02 3.284881114959716797e-01 -5.253303050994873047e-01 1.075875759124755859e-01 -3.370400667190551758e-01
-1.398832798004150391e-01 -1.192332506179809570e-01 3.113930225372314453e-01 -5.014148950576782227e-01 1.496391296386718750e-01 -3.270466923713684082e-01
-2.281933426856994629e-01 -7.238858938217163086e-02 2.435575723648071289e-01 -2.217164635658264160e-01 -2.269387245178222656e-03 -1.490019559860229492e-01
-5.412179231643676758e-01 1.566898822784423828e-01 4.885108470916748047e-01 -1.863373517990112305e-01 -3.114389777183532715e-01 1.760212182998657227e-01
-4.239773750305175781e-01 1.278507709503173828e-01 6.120986938476562500e-01 -2.156649231910705566e-01 -2.135951519012451172e-01 9.387171268463134766e-02
-2.583867311477661133e-01 1.057336330413818359e-01 5.820689201354980469e-01 -2.068201303482055664e-01 -3.089002966880798340e-01 7.291066646575927734e-02
-3.968086838722229004e-01 -6.759148836135864258e-02 4.602524042129516602e-01 -7.655948400497436523e-02 -6.912243366241455078e-02 -5.954396724700927734e-02
-7.417076826095581055e-01 -6.022447347640991211e-02 2.667257785797119141e-01 -7.283866405487060547e-02 -2.553377151489257812e-01 -4.577583074569702148e-02
-7.035977840423583984e-01 6.856083869934082031e-03 4.027783870697021484e-01 -1.095362901687622070e-01 -3.021437525749206543e-01 9.815835952758789062e-02
-5.690027475357055664e-01 -9.766048192977905273e-02 2.940192222595214844e-01 -1.511796712875366211e-01 -2.687878608703613281e-01 -1.542513370513916016e-01
-5.170595645904541016e-01 -1.424559354782104492e-01 4.389203786849975586e-01 -5.545854568481445312e-02 -1.504248976707458496e-01 -1.019660234451293945e-01
-5.985744595527648926e-01 -1.022923588752746582e-01 -1.001656055450439453e-03 -1.409752368927001953e-01 1.131895780563354492e-01 -3.745803833007812500e-01
-5.154626965522766113e-01 -1.916939616203308105e-01 -2.113789319992065430e-02 3.076672554016113281e-03 3.395221233367919922e-01 -6.933643817901611328e-01
-4.727450013160705566e-01 -3.575180768966674805e-01 7.402706146240234375e-02 -1.105465888977050781e-01 4.523450136184692383e-01 -5.921198129653930664e-01
-4.303507208824157715e-01 -4.390071630477905273e-01 3.940389156341552734e-01 -2.299091815948486328e-01 2.741038799285888672e-01 -6.205056905746459961e-01
3.786969184875488281e-02 -6.385759115219116211e-01 2.276653051376342773e-01 -4.344817996025085449e-01 5.186653137207031250e-01 -7.168921828269958496e-01
4.439806938171386719e-02 -4.874699115753173828e-01 -3.113353252410888672e-02 -4.831283688545227051e-01 5.479016304016113281e-01 -6.574599146842956543e-01
1.574031114578247070e-01 -5.818676352500915527e-01 7.522296905517578125e-02 -4.245782494544982910e-01 6.535490751266479492e-01 -7.049875259399414062e-01
1.802275180816650391e-01 -5.491693615913391113e-01 4.009985923767089844e-02 -5.015434622764587402e-01 6.249046325683593750e-01 -6.639840602874755859e-01
1.693677902221679688e-01 -5.585029125213623047e-01 1.206820011138916016e-01 -5.206189155578613281e-01 6.329325437545776367e-01 -6.521676778793334961e-01
2.262192964553833008e-01 -6.209618449211120605e-01 9.190547466278076172e-02 -4.400965571403503418e-01 5.965474843978881836e-01 -6.221767663955688477e-01
6.893217563629150391e-02 -5.290845632553100586e-01 1.020152568817138672e-01 -5.582520961761474609e-01 3.980269432067871094e-01 -4.605002403259277344e-01
6.004488468170166016e-02 -4.535208940505981445e-01 5.587422847747802734e-02 -4.685678482055664062e-01 3.263618946075439453e-01 -4.242397546768188477e-01
1.566393375396728516e-01 -5.131237506866455078e-01 1.152381896972656250e-01 -6.014308333396911621e-01 4.807354211807250977e-01 -6.167181730270385742e-01
3.683483600616455078e-02 -4.468043446540832520e-01 1.962443590164184570e-01 -6.849743127822875977e-01 3.102951049804687500e-01 -5.964830517768859863e-01
-2.690398693084716797e-02 -6.236504316329956055e-01 9.050846099853515625e-02 -4.590444564819335938e-01 3.871608972549438477e-01 -7.631442546844482422e-01
-2.838932871818542480e-01 -3.080899119377136230e-01 1.647266149520874023e-01 -4.392777085304260254e-01 -3.151905536651611328e-02 -2.955911755561828613e-01
-2.954542040824890137e-01 -3.645185232162475586e-01 1.580027341842651367e-01 -3.878583312034606934e-01 -9.587901830673217773e-02 -3.195028901100158691e-01
-2.726387977600097656e-01 -2.358716726303100586e-01 2.219735383987426758e-01 -3.340155482292175293e-01 -2.142164707183837891e-01 -1.465467810630798340e-01
-2.594358325004577637e-01 -4.588547348976135254e-01 1.427971124649047852e-01 -3.410006761550903320e-01 -2.029567956924438477e-02 -3.335380554199218750e-01
-3.339527845382690430e-01 -3.465446233749389648e-01 1.500390768051147461e-01 -4.350181221961975098e-01 -7.035267353057861328e-02 -2.253062725067138672e-01
-2.298829555511474609e-01 -2.880616784095764160e-01 9.535741806030273438e-02 -2.310361862182617188e-01 -3.004280328750610352e-01 -1.456441879272460938e-01
-2.661481499671936035e-01 -2.804580330848693848e-01 2.615706920623779297e-01 -8.791232109069824219e-02 -2.038735747337341309e-01 -1.677241921424865723e-01
-1.348195672035217285e-01 -4.844018220901489258e-01 3.064550161361694336e-01 3.833639621734619141e-02 1.765947341918945312e-01 -2.369446754455566406e-01
-2.102441191673278809e-01 -5.108263492584228516e-01 2.718985080718994141e-01 7.844185829162597656e-02 1.170829534530639648e-01 -2.183866500854492188e-01
-1.902041435241699219e-01 -5.913714766502380371e-01 4.601019620895385742e-01 -4.308038949966430664e-02 1.116226911544799805e-01 -2.032516002655029297e-01
-1.559483408927917480e-01 -4.023067355155944824e-01 4.288690090179443359e-01 -2.455466985702514648e-02 -2.102456688880920410e-01 -1.256186962127685547e-01
-9.753412008285522461e-02 -4.283544421195983887e-01 2.247902154922485352e-01 -5.566215515136718750e-01 1.898725032806396484e-01 2.959060668945312500e-02
-1.829382777214050293e-01 -4.063133597373962402e-01 1.016497611999511719e-02 -4.031277894973754883e-01 1.088281869888305664e-01 1.004172563552856445e-01
-1.509833931922912598e-01 -3.922052979469299316e-01 2.923369407653808594e-03 -3.540195822715759277e-01 4.571402072906494141e-02 7.209670543670654297e-02
-1.209663748741149902e-01 -3.746364116668701172e-01 6.409621238708496094e-02 -3.186572194099426270e-01 -3.576302528381347656e-02 1.067950725555419922e-01
-1.447015404701232910e-01 -3.365682363510131836e-01 4.826140403747558594e-02 -3.328426480293273926e-01 2.754330635070800781e-03 9.072530269622802734e-02
-4.601377248764038086e-02 -3.608812093734741211e-01 8.247542381286621094e-02 -3.108696937561035156e-01 7.761168479919433594e-02 5.598187446594238281e-02
-9.501481056213378906e-02 -3.979471325874328613e-01 1.837666034698486328e-01 -2.793632745742797852e-01 1.028580665588378906e-01 2.201116085052490234e-02
-1.206585764884948730e-01 -3.856427073478698730e-01 1.216347217559814453e-01 -2.197734713554382324e-01 1.193943023681640625e-01 5.126166343688964844e-02
-1.754560470581054688e-01 -3.265053033828735352e-01 1.334339380264282227e-01 -2.515798807144165039e-01 6.937754154205322266e-02 1.236815452575683594e-01
-2.159542441368103027e-01 -3.126304149627685547e-01 7.624042034149169922e-02 -1.234781146049499512e-01 6.490337848663330078e-02 1.043655872344970703e-01
-1.484321355819702148e-01 -3.707913160324096680e-01 1.396230459213256836e-01 -1.266370415687561035e-01 1.913542747497558594e-01 7.309019565582275391e-02
-1.539762616157531738e-01 -3.821421265602111816e-01 2.358673810958862305e-01 -9.950953722000122070e-02 2.832576036453247070e-01 1.449278593063354492e-01
-2.794718146324157715e-01 -4.105502367019653320e-01 2.303322553634643555e-01 -8.860856294631958008e-02 2.181587219238281250e-01 1.261445283889770508e-01
-3.593446016311645508e-01 -2.593097090721130371e-01 1.991050243377685547e-01 -8.149945735931396484e-02 1.450251340866088867e-01 1.539063453674316406e-01
-7.306138873100280762e-01 -2.887071371078491211e-01 1.564817428588867188e-01 -2.097719907760620117e-02 2.440481185913085938e-01 1.106780767440795898e-01
