2.483940124511718750e-01 2.724937200546264648e-01 -2.682316303253173828e-01 2.450739145278930664e-01 -5.582833290100097656e-02 -9.363788366317749023e-02
3.020466566085815430e-01 3.351479768753051758e-01 -3.637790679931640625e-01 2.956198453903198242e-01 -7.665306329727172852e-02 -6.888109445571899414e-02
6.214189529418945312e-01 3.603630065917968750e-01 -4.654009342193603516e-01 2.155424356460571289e-01 -1.130177974700927734e-01 -4.144412279129028320e-02
6.258537769317626953e-01 3.154450654983520508e-01 -4.080125689506530762e-01 2.583789825439453125e-01 -9.188681840896606445e-02 -4.980659484863281250e-02
7.057787179946899414e-01 1.723307371139526367e-01 -4.722251296043395996e-01 3.505195379257202148e-01 8.873248100280761719e-02 -2.391989231109619141e-01
6.428561210632324219e-01 2.605130672454833984e-01 -5.810520052909851074e-01 3.201445341110229492e-01 -3.320521116256713867e-02 -1.633718013763427734e-01
6.204116344451904297e-01 2.848869562149047852e-01 -4.916947484016418457e-01 3.124204874038696289e-01 -5.324214696884155273e-02 -7.818371057510375977e-02
5.496304035186767578e-01 3.677073717117309570e-01 -5.310951471328735352e-01 3.191727399826049805e-01 -1.481234431266784668e-01 -4.025697708129882812e-03
5.508456230163574219e-01 4.702357053756713867e-01 -5.702024698257446289e-01 2.814322710037231445e-01 -2.137767076492309570e-01 8.291590213775634766e-02
5.506744384765625000e-01 4.567310810089111328e-01 -5.674860477447509766e-01 2.971553802490234375e-01 -1.656945943832397461e-01 6.345629692077636719e-02
5.549141168594360352e-01 4.697996377944946289e-01 -5.551524758338928223e-01 2.767961025238037109e-01 -1.572020649909973145e-01 9.238064289093017578e-02
7.770712375640869141e-01 4.510022401809692383e-01 -8.325387239456176758e-01 2.815639972686767578e-01 -1.226562261581420898e-01 3.225696086883544922e-02
5.110932588577270508e-01 5.336406230926513672e-01 -5.272171497344970703e-01 2.406003475189208984e-01 -1.947944760322570801e-01 1.831362247467041016e-01
5.182468891143798828e-01 5.030784606933593750e-01 -5.493234395980834961e-01 2.245370149612426758e-01 -1.422194242477416992e-01 1.613799333572387695e-01
4.550082683563232422e-01 5.108901262283325195e-01 -5.286041498184204102e-01 2.509455680847167969e-01 -1.642385721206665039e-01 1.670918464660644531e-01
4.800508022308349609e-01 4.657021760940551758e-01 -6.994156837463378906e-01 3.509272336959838867e-01 -1.511792540550231934e-01 1.067090034484863281e-01
5.082576274871826172e-01 4.416888952255249023e-01 -7.596791982650756836e-01 3.517512083053588867e-01 -1.549712419509887695e-01 8.462429046630859375e-02
4.023703336715698242e-01 5.113402605056762695e-01 -6.896359920501708984e-01 4.113219976425170898e-01 -3.165940642356872559e-01 2.177810668945312500e-01
2.652069330215454102e-01 5.993038415908813477e-01 -6.637698411941528320e-01 5.200659036636352539e-01 -5.100400447845458984e-01 4.190118312835693359e-01
1.963459253311157227e-01 5.637176036834716797e-01 -6.841037273406982422e-01 5.262672901153564453e-01 -4.888182282447814941e-01 4.458745718002319336e-01
3.467849493026733398e-01 5.314509868621826172e-01 -8.375728726387023926e-01 4.541938304901123047e-01 -3.087061047554016113e-01 3.501946926116943359e-01
3.498687744140625000e-01 4.375998973846435547e-01 -8.045508861541748047e-01 5.074894428253173828e-01 -2.374161481857299805e-01 2.783700227737426758e-01
2.027151584625244141e-01 4.000364542007446289e-01 -7.360270619392395020e-01 5.275235176086425781e-01 -3.278175592422485352e-01 2.556675672531127930e-01
2.309547662734985352e-01 3.385028839111328125e-01 -5.910724997520446777e-01 3.949580192565917969e-01 -2.293373346328735352e-01 2.323133945465087891e-01
2.146685123443603516e-01 2.465395927429199219e-01 -5.731437206268310547e-01 5.409550666809082031e-01 -2.640659809112548828e-01 2.768236398696899414e-01
2.711834907531738281e-01 2.140841484069824219e-01 -4.374916553497314453e-01 4.309086799621582031e-01 -1.861383914947509766e-01 3.319915533065795898e-01
3.275773525238037109e-01 1.599936485290527344e-01 -3.532635569572448730e-01 4.073250293731689453e-01 -1.266694068908691406e-01 3.490689992904663086e-01
1.392455101013183594e-01 2.488318681716918945e-01 -3.855271935462951660e-01 5.167922973632812500e-01 -2.973521351814270020e-01 4.152977466583251953e-01
9.528422355651855469e-02 2.163857221603393555e-01 -3.514056801795959473e-01 4.276365041732788086e-01 -2.765535116195678711e-01 3.405855894088745117e-01
2.317215204238891602e-01 1.453610658645629883e-01 -3.694006800651550293e-01 4.204052686691284180e-01 -9.513431787490844727e-02 2.504032850265502930e-01
8.154523372650146484e-02 9.160089492797851562e-02 -3.801714181900024414e-01 5.662958621978759766e-01 -1.546286344528198242e-01 2.482366561889648438e-01
1.413508653640747070e-01 1.077858209609985352e-01 -2.620448470115661621e-01 4.554075002670288086e-01 -1.319111585617065430e-01 2.672314643859863281e-01
1.385709047317504883e-01 1.779495477676391602e-01 -2.395301461219787598e-01 4.315512180328369141e-01 -2.932211160659790039e-01 3.197733163833618164e-01
-7.284748554229736328e-02 2.697763442993164062e-01 -1.195092201232910156e-01 3.722324371337890625e-01 -5.691009759902954102e-01 4.355126619338989258e-01
-1.377122998237609863e-01 1.177470684051513672e-01 3.995215892791748047e-02 5.144655704498291016e-02 -4.354870915412902832e-01 2.257126569747924805e-01
-4.934051036834716797e-01 2.649118900299072266e-01 4.737657308578491211e-01 2.388213872909545898e-01 -4.609776139259338379e-01 4.915752410888671875e-01
-5.034586191177368164e-01 2.195359468460083008e-01 4.541535377502441406e-01 -1.986105442047119141e-01 -5.209829211235046387e-01 2.654761075973510742e-01
-5.400823354721069336e-01 -7.971000671386718750e-02 4.962085485458374023e-01 -1.184839010238647461e-01 -1.501837968826293945e-01 -5.813878774642944336e-02
-3.167990446090698242e-01 -1.114376783370971680e-01 4.282783269882202148e-01 -3.891450166702270508e-02 -1.508123278617858887e-01 7.652997970581054688e-02
-6.396088004112243652e-01 6.118655204772949219e-03 2.189751863479614258e-01 6.084501743316650391e-02 -3.647948503494262695e-01 1.505784988403320312e-01
-5.323826074600219727e-01 -2.775239944458007812e-02 4.021372795104980469e-01 -6.774270534515380859e-02 -1.153359413146972656e-01 2.358226776123046875e-01
-4.966784119606018066e-01 3.252279758453369141e-02 3.591902256011962891e-01 -9.205764532089233398e-02 -2.971338629722595215e-01 2.563668489456176758e-01
-5.284733772277832031e-01 -3.487759828567504883e-02 1.605957746505737305e-01 7.517886161804199219e-02 -3.569455742835998535e-01 1.355943679809570312e-01
-4.153332710266113281e-01 -3.496615290641784668e-01 1.965543031692504883e-01 4.147458076477050781e-01 -3.075183629989624023e-01 -9.016352891921997070e-02
-5.316311717033386230e-01 -4.334777593612670898e-01 2.053108215332031250e-01 3.595677614212036133e-01 -2.872812151908874512e-01 -2.088199257850646973e-01
-6.583843231201171875e-01 -4.114190936088562012e-01 2.473894357681274414e-01 3.237558603286743164e-01 -4.799675941467285156e-01 -1.705032587051391602e-01
-5.679028034210205078e-01 -4.686679840087890625e-01 2.587959766387939453e-01 6.236881017684936523e-01 -5.171902775764465332e-01 -1.268134117126464844e-01
-6.150122880935668945e-01 -3.969058394432067871e-01 2.883106470108032227e-01 6.044659614562988281e-01 -5.680513381958007812e-01 3.338694572448730469e-03
-6.719913482666015625e-01 -3.542934060096740723e-01 2.270388603210449219e-01 5.230535268783569336e-01 -7.242591381072998047e-01 -4.286551475524902344e-02
-8.249458670616149902e-01 -4.355691075325012207e-01 1.352838277816772461e-01 6.341381072998046875e-01 -6.381247639656066895e-01 -1.242464780807495117e-01
-5.102477073669433594e-01 -4.951586127281188965e-01 1.216526031494140625e-01 3.279916048049926758e-01 -3.780840635299682617e-01 -2.405073642730712891e-01
-4.544692635536193848e-01 -4.791486263275146484e-01 3.296322822570800781e-01 3.163065910339355469e-01 -3.840098977088928223e-01 -2.162964940071105957e-01
-6.742064952850341797e-01 -3.357904553413391113e-01 4.529263973236083984e-01 5.973569154739379883e-01 -5.420371294021606445e-01 1.150679588317871094e-02
-5.695527791976928711e-01 -4.422098398208618164e-01 1.326503753662109375e-01 3.551597595214843750e-01 -5.552685260772705078e-01 -7.448148727416992188e-02
-5.436313748359680176e-01 -4.239498376846313477e-01 1.135601997375488281e-01 3.741203546524047852e-01 -4.787416458129882812e-01 -1.265460252761840820e-01
-6.676725149154663086e-01 -4.093619585037231445e-01 1.670726537704467773e-01 5.685776472091674805e-01 -5.464349985122680664e-01 -1.503965854644775391e-01
-6.989479064941406250e-01 -2.636892199516296387e-01 3.081343173980712891e-01 2.449977397918701172e-01 -7.310308218002319336e-01 -1.104198098182678223e-01
-5.745171308517456055e-01 -1.654356122016906738e-01 4.998211860656738281e-01 7.907104492187500000e-02 -5.682245492935180664e-01 -2.343136072158813477e-02
-4.915864467620849609e-01 -1.312304139137268066e-01 4.637999534606933594e-01 2.275764942169189453e-02 -5.122245550155639648e-01 1.378538608551025391e-01
-3.312528729438781738e-01 -3.491585254669189453e-01 4.270862340927124023e-01 -7.419288158416748047e-03 -2.335292100906372070e-01 -1.850914955139160156e-01
-4.667510390281677246e-01 -3.558811545372009277e-01 3.429927825927734375e-01 -1.048229336738586426e-01 -2.975142598152160645e-01 -2.723015546798706055e-01
-4.428754448890686035e-01 -2.579025626182556152e-01 4.180592298507690430e-01 -2.892023324966430664e-02 -4.052999615669250488e-01 -1.379747390747070312e-01
-4.659964442253112793e-01 -1.998776197433471680e-01 2.536365985870361328e-01 1.327279806137084961e-01 -5.407019257545471191e-01 -1.708779931068420410e-01
-3.643577694892883301e-01 -2.332496643066406250e-01 2.905924320220947266e-01 -1.237540245056152344e-01 -3.238764405250549316e-01 -2.454696893692016602e-01
-2.228149175643920898e-01 -2.622539401054382324e-01 2.887692451477050781e-01 1.080763339996337891e-02 -3.402293920516967773e-01 -2.356912493705749512e-01
-3.632722496986389160e-01 -1.987029910087585449e-01 2.954450845718383789e-01 6.183719635009765625e-02 -3.945254087448120117e-01 -1.511436104774475098e-01
-4.204275608062744141e-01 -2.018066644668579102e-01 2.012169361114501953e-01 -5.111557245254516602e-02 -4.806887507438659668e-01 -1.376500725746154785e-01
-4.690248966217041016e-01 -4.515157341957092285e-01 1.615090370178222656e-01 2.141910791397094727e-01 -2.470448613166809082e-01 -2.919008135795593262e-01
-4.642615914344787598e-01 -7.252461910247802734e-01 2.314519882202148438e-02 4.416819810867309570e-01 1.298481225967407227e-01 -5.661424994468688965e-01
-6.955754756927490234e-02 -6.448193192481994629e-01 2.874125242233276367e-01 -1.254476904869079590e-01 -1.322991251945495605e-01 -1.811810135841369629e-01
-1.676927208900451660e-01 -3.944890499114990234e-01 8.755874633789062500e-02 -5.270536541938781738e-01 -2.251830101013183594e-01 1.462562084197998047e-01
-6.367981433868408203e-03 -3.374394178390502930e-01 -1.219933629035949707e-01 -5.192409753799438477e-01 -7.191091775894165039e-02 1.753497123718261719e-01
-8.129787445068359375e-02 -2.755173444747924805e-01 -5.234569311141967773e-02 -4.919180870056152344e-01 -4.883497953414916992e-02 2.589577436447143555e-01
-1.335666179656982422e-01 -3.020871877670288086e-01 -6.077730655670166016e-02 -3.910686373710632324e-01 7.191836833953857422e-02 2.241182327270507812e-01
-1.075012087821960449e-01 -3.465854525566101074e-01 -4.776537418365478516e-03 -3.468592166900634766e-01 1.617847681045532227e-01 1.835205554962158203e-01
-1.024068593978881836e-01 -3.519201874732971191e-01 3.196370601654052734e-02 -3.292626142501831055e-01 1.703649759292602539e-01 1.749075651168823242e-01
-1.317860484123229980e-01 -3.196190595626831055e-01 6.778979301452636719e-02 -3.221932053565979004e-01 1.625835895538330078e-01 2.104605436325073242e-01
-8.723658323287963867e-02 -2.112035751342773438e-01 9.617412090301513672e-02 -3.537614941596984863e-01 1.735323667526245117e-01 3.057991266250610352e-01
-1.549487709999084473e-01 -2.602404356002807617e-01 1.227203607559204102e-01 -3.579269051551818848e-01 1.578720808029174805e-01 2.773748636245727539e-01
-1.028621196746826172e-01 -1.462387442588806152e-01 1.098953485488891602e-01 -3.484354615211486816e-01 7.736170291900634766e-02 3.779560327529907227e-01
-1.092664599418640137e-01 -2.109708189964294434e-01 9.080410003662109375e-02 -2.639819979667663574e-01 1.468269824981689453e-01 2.585000991821289062e-01
-7.767736911773681641e-02 -2.896524071693420410e-01 4.004633426666259766e-02 -2.389811277389526367e-01 2.465729713439941406e-01 1.851788759231567383e-01
-1.461804509162902832e-01 -2.826042175292968750e-01 1.662169694900512695e-01 -2.066216468811035156e-01 1.972784996032714844e-01 3.027104139328002930e-01
-1.446772813796997070e-01 -2.825840711593627930e-01 2.475399971008300781e-01 -1.868774294853210449e-01 1.824431419372558594e-01 3.278793096542358398e-01
-2.531229257583618164e-01 -1.417692303657531738e-01 4.487065076828002930e-01 -3.568671941757202148e-01 1.876819133758544922e-02 4.826352596282958984e-01
-2.689684629440307617e-01 -1.644923686981201172e-01 4.345500469207763672e-01 -3.066990971565246582e-01 -1.751445531845092773e-01 5.480399131774902344e-01
-3.254545331001281738e-01 -7.882714271545410156e-03 4.122198820114135742e-01 -1.854166984558105469e-01 -1.747697591781616211e-01 6.764274835586547852e-01
-3.776859641075134277e-01 -1.500316262245178223e-01 3.665878772735595703e-01 -2.972530126571655273e-01 -1.091157793998718262e-01 3.563210964202880859e-01
