1.018364429473876953e-01 4.609932899475097656e-01 2.399476766586303711e-01 -5.131006240844726562e-02 -1.983969807624816895e-01 2.457630634307861328e-01
2.888921499252319336e-01 5.293920040130615234e-01 1.771253347396850586e-01 -3.636884689331054688e-02 -2.851698398590087891e-01 2.442846298217773438e-01
3.347886800765991211e-01 4.979016780853271484e-01 4.746496677398681641e-02 6.882178783416748047e-02 -2.638534307479858398e-01 2.318361997604370117e-01
6.191598176956176758e-01 6.062716245651245117e-01 -2.865349650382995605e-01 1.668947935104370117e-01 -2.395021915435791016e-01 2.697529792785644531e-01
5.360263586044311523e-01 6.017078161239624023e-01 -2.603559494018554688e-01 1.347272396087646484e-01 -3.219870328903198242e-01 2.741717100143432617e-01
5.561345815658569336e-01 6.391487121582031250e-01 -4.934136867523193359e-01 2.207522392272949219e-01 -3.529747724533081055e-01 2.520834207534790039e-01
6.263504028320312500e-01 5.764802694320678711e-01 -5.197141170501708984e-01 1.640932559967041016e-01 -1.353049874305725098e-01 1.298778057098388672e-01
7.488266229629516602e-01 6.220455169677734375e-01 -5.667657852172851562e-01 1.618449687957763672e-01 -1.667764186859130859e-01 1.384658813476562500e-01
6.816265583038330078e-01 5.264645814895629883e-01 -5.859850645065307617e-01 2.205182313919067383e-01 -9.527623653411865234e-02 -2.140164375305175781e-02
6.389266252517700195e-01 6.357610225677490234e-01 -5.922378301620483398e-01 1.411172151565551758e-01 -2.282252311706542969e-01 1.323990821838378906e-01
6.999036073684692383e-01 4.993331432342529297e-01 -6.180081367492675781e-01 2.538008689880371094e-01 -1.577368974685668945e-01 -3.891348838806152344e-03
5.854771137237548828e-01 4.700740575790405273e-01 -5.712239742279052734e-01 1.659039258956909180e-01 -1.760262846946716309e-01 -3.101205825805664062e-02
6.618856191635131836e-01 4.900033473968505859e-01 -6.149108409881591797e-01 1.958811283111572266e-01 -2.334360480308532715e-01 2.655625343322753906e-03
6.057730913162231445e-01 5.141009092330932617e-01 -6.349958181381225586e-01 2.581532001495361328e-01 -2.726960778236389160e-01 6.974458694458007812e-02
5.587179660797119141e-01 5.199539661407470703e-01 -6.083732843399047852e-01 3.036242723464965820e-01 -2.584795355796813965e-01 7.839524745941162109e-02
6.312816143035888672e-01 4.966539144515991211e-01 -6.232155561447143555e-01 2.822405099868774414e-01 -2.326680421829223633e-01 9.504497051239013672e-02
6.581447124481201172e-01 5.033282041549682617e-01 -5.885717868804931641e-01 2.230287790298461914e-01 -2.250422239303588867e-01 1.210629940032958984e-01
6.493365764617919922e-01 5.255160331726074219e-01 -5.703697204589843750e-01 2.313688993453979492e-01 -2.057499885559082031e-01 1.744073629379272461e-01
5.001496076583862305e-01 5.734004974365234375e-01 -4.415495395660400391e-01 2.517576217651367188e-01 -3.159108161926269531e-01 3.207037448883056641e-01
4.616644382476806641e-01 4.969872236251831055e-01 -4.439261555671691895e-01 4.223320484161376953e-01 -3.264018297195434570e-01 2.425885200500488281e-01
2.473666667938232422e-01 5.143263339996337891e-01 -4.587875008583068848e-01 3.059428930282592773e-01 -3.402658700942993164e-01 2.502461671829223633e-01
3.218332529067993164e-01 4.106612205505371094e-01 -4.466622471809387207e-01 3.760237693786621094e-01 -1.865814328193664551e-01 1.986230611801147461e-01
1.826179027557373047e-01 4.889600276947021484e-01 -2.867264747619628906e-01 4.242830276489257812e-01 -4.168125987052917480e-01 3.931754827499389648e-01
1.337637901306152344e-01 4.579604864120483398e-01 -1.161773800849914551e-01 2.014734745025634766e-01 -2.221902608871459961e-01 4.109052419662475586e-01
3.922021389007568359e-02 5.096341371536254883e-01 -1.055487990379333496e-01 1.927645206451416016e-01 -4.027830362319946289e-01 5.556666851043701172e-01
-7.274568080902099609e-03 4.374934434890747070e-01 -5.828166007995605469e-02 1.723492145538330078e-01 -3.176634907722473145e-01 4.525425434112548828e-01
-1.261098980903625488e-01 3.535346984863281250e-01 3.721451759338378906e-02 7.418370246887207031e-02 -3.613976240158081055e-01 4.608451128005981445e-01
-9.686803817749023438e-02 3.957577943801879883e-01 9.523212909698486328e-02 1.301054954528808594e-01 -4.764419794082641602e-01 5.446267127990722656e-01
-2.611964941024780273e-01 3.495490550994873047e-01 1.630395650863647461e-01 2.069721221923828125e-01 -5.235593318939208984e-01 6.438201665878295898e-01
-8.012992143630981445e-02 2.069033384323120117e-01 6.965863704681396484e-02 3.733857870101928711e-01 -3.261113762855529785e-01 4.467444419860839844e-01
-1.894831657409667969e-02 2.730416059494018555e-01 -2.029627561569213867e-02 3.480454683303833008e-01 -3.537835478782653809e-01 4.362714290618896484e-01
-9.167766571044921875e-02 3.710337877273559570e-01 9.522223472595214844e-02 2.584950923919677734e-01 -4.590497016906738281e-01 6.349171400070190430e-01
-1.192073225975036621e-01 3.243130445480346680e-01 5.538856983184814453e-02 2.732855081558227539e-01 -4.189994931221008301e-01 5.725362300872802734e-01
-3.048885464668273926e-01 3.662672042846679688e-01 7.514631748199462891e-02 1.451413631439208984e-01 -4.897981882095336914e-01 5.432338714599609375e-01
-2.219171524047851562e-01 2.803550958633422852e-01 2.028990983963012695e-01 2.131315469741821289e-01 -5.253173708915710449e-01 6.163625717163085938e-01
-1.820110678672790527e-01 2.386430501937866211e-01 4.873579740524291992e-01 -5.972325801849365234e-02 -3.623709678649902344e-01 5.609362125396728516e-01
-5.294240117073059082e-01 1.924264430999755859e-01 2.911664247512817383e-01 6.886351108551025391e-02 -5.305775403976440430e-01 3.296740055084228516e-01
-3.786321878433227539e-01 1.756471395492553711e-01 4.194679260253906250e-01 -3.617691993713378906e-02 -5.291203260421752930e-01 4.095015525817871094e-01
-4.141359925270080566e-01 1.299009323120117188e-01 5.197119712829589844e-01 -1.016032099723815918e-01 -4.484381079673767090e-01 4.446434974670410156e-01
-5.851368904113769531e-01 1.746200323104858398e-01 4.820449352264404297e-01 2.317190170288085938e-02 -4.249678850173950195e-01 3.696794509887695312e-01
-5.961824655532836914e-01 1.350992918014526367e-01 5.502917766571044922e-01 2.133501768112182617e-01 -4.464834332466125488e-01 3.287843465805053711e-01
-5.356307029724121094e-01 7.098758220672607422e-02 5.118153095245361328e-01 1.533758640289306641e-02 -3.795079588890075684e-01 2.592977285385131836e-01
-4.469273686408996582e-01 -1.541990041732788086e-02 3.996392488479614258e-01 -7.024902105331420898e-02 -2.614266276359558105e-01 1.409213542938232422e-01
-5.493290424346923828e-01 1.165139675140380859e-01 2.176270484924316406e-01 -8.121478557586669922e-02 -2.375856041908264160e-01 -2.901113033294677734e-02
-3.081457018852233887e-01 -3.592377901077270508e-02 -2.078467607498168945e-02 2.122545242309570312e-02 3.474916219711303711e-01 -6.262694597244262695e-01
-2.188512682914733887e-01 -2.104667425155639648e-01 2.256507873535156250e-01 3.459942340850830078e-02 4.911031723022460938e-01 -5.512404441833496094e-01
-3.661537170410156250e-01 -4.048005938529968262e-01 3.352317810058593750e-01 2.031601667404174805e-01 5.233587026596069336e-01 -5.342164039611816406e-01
-4.011574983596801758e-01 -4.337974190711975098e-01 4.609955549240112305e-01 -1.308220624923706055e-02 2.176339626312255859e-01 -4.797924757003784180e-01
-1.575765609741210938e-01 -5.066924095153808594e-01 5.218640565872192383e-01 -1.017714142799377441e-01 2.523907423019409180e-01 -5.294110774993896484e-01
-1.433312296867370605e-01 -3.801916837692260742e-01 7.172677516937255859e-01 -3.341633677482604980e-01 1.429462432861328125e-01 -2.920064926147460938e-01
3.707194328308105469e-02 -4.845978021621704102e-01 2.253689765930175781e-01 -3.504683375358581543e-01 -6.952267885208129883e-02 -3.754560351371765137e-01
5.931866168975830078e-02 -4.595543742179870605e-01 6.065380573272705078e-02 -3.681234121322631836e-01 1.752597093582153320e-01 -4.125898480415344238e-01
1.376572847366333008e-01 -5.310836434364318848e-01 5.196785926818847656e-02 -4.370719790458679199e-01 4.836525917053222656e-01 -4.616990685462951660e-01
1.404743194580078125e-01 -6.092901825904846191e-01 8.073818683624267578e-02 -5.071917772293090820e-01 5.384311676025390625e-01 -5.766557455062866211e-01
3.253511190414428711e-01 -6.056847572326660156e-01 1.875042915344238281e-02 -5.679899454116821289e-01 6.440449953079223633e-01 -5.872339010238647461e-01
3.321304321289062500e-01 -5.573776364326477051e-01 -6.530886888504028320e-02 -5.725313425064086914e-01 5.899962186813354492e-01 -5.394015908241271973e-01
1.784651279449462891e-01 -5.381238460540771484e-01 -6.144583225250244141e-03 -7.325202226638793945e-01 5.197466611862182617e-01 -5.815705060958862305e-01
2.231160402297973633e-01 -4.170466065406799316e-01 -4.207664728164672852e-02 -7.602307796478271484e-01 4.791674613952636719e-01 -4.663267731666564941e-01
2.303644418716430664e-01 -4.788926243782043457e-01 -6.512379646301269531e-02 -6.868181824684143066e-01 4.527748823165893555e-01 -5.387744903564453125e-01
1.407563686370849609e-02 -4.701493978500366211e-01 1.468837261199951172e-01 -7.439028024673461914e-01 3.925278186798095703e-01 -4.623852968215942383e-01
-4.462749958038330078e-01 -2.695575356483459473e-01 3.228437900543212891e-01 -5.837848782539367676e-01 1.393593549728393555e-01 -8.581089973449707031e-02
-2.351072430610656738e-01 -4.221348166465759277e-01 2.627916336059570312e-01 -4.800521731376647949e-01 2.708909511566162109e-01 -2.899084687232971191e-01
3.978550434112548828e-02 -5.541396141052246094e-01 2.713632583618164062e-01 -4.655189514160156250e-01 4.116307497024536133e-01 -3.561175465583801270e-01
-1.513658165931701660e-01 -4.795407056808471680e-01 1.752985715866088867e-01 -4.913066029548645020e-01 2.890124320983886719e-01 -3.196969032287597656e-01
-3.975373506546020508e-01 -5.360535383224487305e-01 3.249680995941162109e-01 -1.488879919052124023e-01 2.805407047271728516e-01 -2.995116114616394043e-01
-2.304600477218627930e-01 -3.600103855133056641e-01 3.361865282058715820e-01 -3.044013977050781250e-01 1.622765064239501953e-01 -2.412865757942199707e-01
-2.637473344802856445e-01 -3.098398447036743164e-01 2.909305095672607422e-01 -3.497262597084045410e-01 -1.290315389633178711e-02 -1.964639425277709961e-01
-2.127311229705810547e-01 -4.135372638702392578e-01 2.356534004211425781e-01 -2.205652594566345215e-01 1.034432649612426758e-01 -3.365479111671447754e-01
-1.013496518135070801e-01 2.370859384536743164e-01 3.333556652069091797e-01 -8.877354860305786133e-02 -1.509503722190856934e-01 3.530895709991455078e-02
-2.475026249885559082e-01 2.699742317199707031e-01 2.175524234771728516e-01 5.827784538269042969e-02 -9.386116266250610352e-02 1.607692241668701172e-02
-5.391371250152587891e-01 4.555475711822509766e-02 1.436351537704467773e-01 -1.537138223648071289e-01 1.422449350357055664e-01 -1.107233762741088867e-02
-4.608251452445983887e-01 -6.767773628234863281e-02 1.333695650100708008e-01 2.549231052398681641e-02 -1.355904936790466309e-01 -1.558649539947509766e-02
-1.882163882255554199e-01 -1.691719889640808105e-01 1.219938993453979492e-01 -2.559477090835571289e-02 -1.904812455177307129e-01 1.193368434906005859e-02
-2.948998212814331055e-01 9.279489517211914062e-03 -1.322746872901916504e-01 9.214603900909423828e-02 -2.559489011764526367e-01 1.539046764373779297e-01
-1.928066611289978027e-01 8.388841152191162109e-02 -3.661370277404785156e-02 1.646275520324707031e-01 -2.368566393852233887e-01 3.092558383941650391e-01
-3.077248334884643555e-01 1.503539085388183594e-01 -8.892548084259033203e-02 1.948364973068237305e-01 -3.791607618331909180e-01 3.827394247055053711e-01
-2.003638148307800293e-01 9.195482730865478516e-02 4.773664474487304688e-02 1.411924362182617188e-01 -3.031031489372253418e-01 3.347290754318237305e-01
-1.112624406814575195e-01 5.499434471130371094e-02 -2.691793441772460938e-02 1.795010566711425781e-01 -3.061627745628356934e-01 3.576310873031616211e-01
-1.609410643577575684e-01 1.060119867324829102e-01 1.805940866470336914e-01 1.387695074081420898e-01 -3.282905220985412598e-01 5.178548097610473633e-01
-1.781033873558044434e-01 2.836023569107055664e-01 7.867443561553955078e-02 2.204380035400390625e-01 -5.272915363311767578e-01 6.019731760025024414e-01
-1.950814127922058105e-01 1.804168224334716797e-01 1.269125938415527344e-01 1.533844470977783203e-01 -3.630907535552978516e-01 4.423007965087890625e-01
-2.475543022155761719e-01 3.622863292694091797e-01 3.910803794860839844e-02 2.764639854431152344e-01 -6.091985702514648438e-01 6.364748477935791016e-01
-2.276862859725952148e-01 4.406471252441406250e-01 -5.240470170974731445e-02 2.790311574935913086e-01 -6.139541268348693848e-01 6.560983657836914062e-01
-1.164456009864807129e-01 4.167150259017944336e-01 -4.643201828002929688e-03 3.042645454406738281e-01 -5.180165171623229980e-01 6.562733650207519531e-01
-1.076608896255493164e-02 3.918462991714477539e-01 -3.567200899124145508e-02 4.099535942077636719e-01 -4.518021941184997559e-01 4.954878091812133789e-01
3.294157981872558594e-02 3.568264245986938477e-01 -5.369639396667480469e-02 4.266104698181152344e-01 -4.419661164283752441e-01 5.088508129119873047e-01
-1.705658435821533203e-01 3.649638891220092773e-01 8.238303661346435547e-02 1.594793796539306641e-01 -5.741679668426513672e-01 6.654852628707885742e-01
-1.587828397750854492e-01 4.421840906143188477e-01 -1.071746349334716797e-01 3.630110025405883789e-01 -5.294330120086669922e-01 6.262634992599487305e-01
-2.745543718338012695e-01 1.539468765258789062e-01 1.181552410125732422e-01 1.289144754409790039e-01 -3.567741513252258301e-01 4.478905200958251953e-01
-1.854205131530761719e-01 3.270690441131591797e-01 1.870093345642089844e-01 8.237898349761962891e-02 -3.243508934974670410e-01 4.923069477081298828e-01
-5.270845890045166016e-01 2.930595874786376953e-01 2.372424602508544922e-01 2.255173921585083008e-01 -3.981921076774597168e-01 5.346205234527587891e-01
