2.061330080032348633e-01 3.353443145751953125e-01 -1.549267768859863281e-01 1.252357959747314453e-01 4.361748695373535156e-03 1.011133193969726562e-02
3.703684806823730469e-01 3.565278053283691406e-01 -2.126624584197998047e-01 2.061342000961303711e-01 7.871675491333007812e-02 -1.474356651306152344e-02
5.642622709274291992e-01 2.882125377655029297e-01 -4.752652049064636230e-01 1.570903062820434570e-01 -6.363999843597412109e-02 -1.528337597846984863e-01
6.180649995803833008e-01 3.686118125915527344e-01 -5.385508537292480469e-01 1.887167692184448242e-01 -1.516934633255004883e-01 -4.547476768493652344e-03
5.165764093399047852e-01 2.961781024932861328e-01 -5.041588544845581055e-01 3.115814924240112305e-01 -9.600883722305297852e-02 -8.790642023086547852e-02
5.110421180725097656e-01 2.744983434677124023e-01 -5.274013280868530273e-01 3.308013677597045898e-01 -6.535083055496215820e-02 -1.310222148895263672e-01
4.871364831924438477e-01 3.414232730865478516e-01 -4.253766536712646484e-01 1.893066167831420898e-01 -8.328282833099365234e-02 -3.465658426284790039e-02
5.580459833145141602e-01 3.630580902099609375e-01 -5.839015841484069824e-01 2.816053628921508789e-01 -4.699110984802246094e-02 -7.253944873809814453e-02
5.481350421905517578e-01 3.971949815750122070e-01 -6.717348694801330566e-01 2.998706102371215820e-01 -6.331014633178710938e-02 -5.652493238449096680e-02
3.909418582916259766e-01 4.710518121719360352e-01 -5.630125999450683594e-01 2.410118579864501953e-01 -1.427083015441894531e-01 3.489792346954345703e-02
4.861276149749755859e-01 3.903417587280273438e-01 -6.519324183464050293e-01 2.751436233520507812e-01 -2.613341808319091797e-02 -8.644199371337890625e-02
5.093491077423095703e-01 4.898889064788818359e-01 -6.803417205810546875e-01 2.253001928329467773e-01 -1.281945109367370605e-01 1.176452636718750000e-02
5.387499332427978516e-01 4.918358325958251953e-01 -7.118431329727172852e-01 2.488744258880615234e-01 -1.477606892585754395e-01 4.876899719238281250e-02
5.327136516571044922e-01 4.931645393371582031e-01 -7.137661576271057129e-01 2.781785726547241211e-01 -1.512699127197265625e-01 8.107054233551025391e-02
3.748717308044433594e-01 4.841458797454833984e-01 -6.416716575622558594e-01 2.942236661911010742e-01 -1.696734428405761719e-01 1.118395328521728516e-01
3.336174488067626953e-01 5.344870090484619141e-01 -6.262090206146240234e-01 3.000732660293579102e-01 -2.191051244735717773e-01 1.920928955078125000e-01
4.737150669097900391e-01 5.141339302062988281e-01 -8.651703596115112305e-01 3.983099460601806641e-01 -1.746948957443237305e-01 1.212900876998901367e-01
2.873034477233886719e-01 5.323125123977661133e-01 -6.880525350570678711e-01 4.094809293746948242e-01 -2.421610355377197266e-01 2.197760343551635742e-01
2.418165206909179688e-01 5.517593622207641602e-01 -7.325520515441894531e-01 4.299238920211791992e-01 -3.013986349105834961e-01 2.305047512054443359e-01
4.071083068847656250e-01 4.762504100799560547e-01 -9.280524253845214844e-01 5.086539983749389648e-01 -2.061713337898254395e-01 1.206001043319702148e-01
2.025464773178100586e-01 4.994450807571411133e-01 -7.809391021728515625e-01 5.554037094116210938e-01 -4.036750793457031250e-01 3.253867626190185547e-01
1.846842765808105469e-01 5.067046880722045898e-01 -7.082089185714721680e-01 4.634641408920288086e-01 -3.784346580505371094e-01 3.645285367965698242e-01
9.610557556152343750e-02 3.585734367370605469e-01 -5.815381407737731934e-01 4.220198392868041992e-01 -2.086327075958251953e-01 2.194561958312988281e-01
4.177570343017578125e-03 3.070647716522216797e-01 -5.679959058761596680e-01 4.651216268539428711e-01 -3.145298361778259277e-01 2.712740898132324219e-01
3.861117362976074219e-02 3.775480985641479492e-01 -4.996023774147033691e-01 4.361307621002197266e-01 -3.438115119934082031e-01 4.167767763137817383e-01
8.392632007598876953e-02 3.685413599014282227e-01 -5.718075633049011230e-01 4.752031564712524414e-01 -3.313726186752319336e-01 3.942775726318359375e-01
2.849411964416503906e-02 3.400869369506835938e-01 -3.920760750770568848e-01 3.385111093521118164e-01 -3.069167137145996094e-01 4.299702644348144531e-01
2.294898033142089844e-02 2.506666183471679688e-01 -3.600682616233825684e-01 2.892973423004150391e-01 -2.317749857902526855e-01 4.436180591583251953e-01
4.413151741027832031e-02 1.975708007812500000e-01 -3.381074666976928711e-01 3.396394252777099609e-01 -2.095243930816650391e-01 4.037735462188720703e-01
6.297349929809570312e-03 3.471573591232299805e-01 -4.183039069175720215e-01 1.779221296310424805e-01 -2.734273076057434082e-01 4.442697763442993164e-01
-7.924240827560424805e-02 2.071988582611083984e-01 -3.243716955184936523e-01 2.287820577621459961e-01 -1.930888891220092773e-01 3.645261526107788086e-01
3.430879116058349609e-02 1.940720081329345703e-01 -3.034980297088623047e-01 2.299880981445312500e-01 -1.199414134025573730e-01 3.585065603256225586e-01
-6.489276885986328125e-03 1.266555786132812500e-01 -2.306652665138244629e-01 3.131133317947387695e-01 -2.195898294448852539e-01 3.437221050262451172e-01
2.964186668395996094e-02 1.925755739212036133e-01 -2.163224816322326660e-01 2.414286136627197266e-01 -2.544628381729125977e-01 3.255300521850585938e-01
-1.227325201034545898e-01 2.931507825851440430e-01 3.124499320983886719e-02 2.227084636688232422e-01 -5.227003097534179688e-01 5.126680135726928711e-01
-2.519422173500061035e-01 1.659455299377441406e-01 2.750728130340576172e-01 8.013904094696044922e-02 -5.144865512847900391e-01 4.902216196060180664e-01
-6.144580245018005371e-01 2.377709150314331055e-01 2.316776514053344727e-01 2.370798587799072266e-02 -5.450474023818969727e-01 3.107328414916992188e-01
-3.974572420120239258e-01 1.571613550186157227e-01 3.660652637481689453e-01 -2.810633778572082520e-01 -4.523550868034362793e-01 3.015875816345214844e-01
-3.443193435668945312e-01 1.062029600143432617e-01 3.617043495178222656e-01 -1.103121042251586914e-01 -2.979079484939575195e-01 2.290329933166503906e-01
-3.383847475051879883e-01 -2.889215946197509766e-02 3.320556879043579102e-01 -1.935395598411560059e-01 -2.678859233856201172e-01 1.185042858123779297e-01
-3.440297842025756836e-01 -7.772725820541381836e-02 2.432179450988769531e-01 -2.059983015060424805e-01 -2.568369507789611816e-01 1.373618841171264648e-01
-3.964453935623168945e-01 1.299023628234863281e-02 4.372154474258422852e-01 -9.300684928894042969e-02 -2.549682259559631348e-01 2.686375379562377930e-01
-3.277972936630249023e-01 -1.031867265701293945e-01 5.257539749145507812e-01 -8.996790647506713867e-02 -2.374615073204040527e-01 2.009609937667846680e-01
-3.944615721702575684e-01 -1.135007739067077637e-01 2.945648431777954102e-01 5.855143070220947266e-02 -4.081196784973144531e-01 3.419637680053710938e-03
-3.658853769302368164e-01 -2.391934394836425781e-04 3.231905698776245117e-01 -1.988915801048278809e-01 -1.139026880264282227e-02 -1.132802963256835938e-01
-4.929091930389404297e-01 -1.730204820632934570e-01 -5.077815055847167969e-02 -1.226079463958740234e-01 2.833154201507568359e-01 -6.656779646873474121e-01
-1.868531107902526855e-01 -3.580866456031799316e-01 7.572281360626220703e-02 -1.665586233139038086e-01 4.729298353195190430e-01 -6.068150401115417480e-01
-4.227203726768493652e-01 -5.744696855545043945e-01 2.189745903015136719e-01 1.516493558883666992e-01 3.086347579956054688e-01 -6.545727252960205078e-01
-1.794720292091369629e-01 -5.740214586257934570e-01 5.246497392654418945e-01 -3.554040193557739258e-02 1.548639535903930664e-01 -3.571735620498657227e-01
2.356256246566772461e-01 -6.533799767494201660e-01 1.300750970840454102e-01 -1.330359578132629395e-01 3.973345756530761719e-01 -5.867154598236083984e-01
2.212288379669189453e-01 -4.216585755348205566e-01 -9.371900558471679688e-02 -4.432220458984375000e-01 2.327225208282470703e-01 -4.216609001159667969e-01
3.653330802917480469e-01 -4.180523753166198730e-01 -1.008356809616088867e-01 -4.181736111640930176e-01 2.762030363082885742e-01 -3.556544780731201172e-01
2.544957399368286133e-01 -4.146480560302734375e-01 -8.227145671844482422e-02 -4.571966528892517090e-01 3.159450292587280273e-01 -3.480201959609985352e-01
3.062120676040649414e-01 -3.530068993568420410e-01 -1.766101121902465820e-01 -5.055320262908935547e-01 2.558480501174926758e-01 -3.392713665962219238e-01
3.074491024017333984e-01 -3.546282052993774414e-01 -2.253986001014709473e-01 -4.577915668487548828e-01 1.607762575149536133e-01 -3.502902388572692871e-01
3.980865478515625000e-01 -3.933354020118713379e-01 -2.697160840034484863e-01 -3.703826069831848145e-01 1.823506355285644531e-01 -4.351798295974731445e-01
3.273451328277587891e-01 -4.495745301246643066e-01 -1.694490313529968262e-01 -3.077663779258728027e-01 1.201673746109008789e-01 -4.625626206398010254e-01
1.792347431182861328e-01 -3.775849938392639160e-01 -6.847900152206420898e-02 -3.719554543495178223e-01 -1.129852533340454102e-01 -4.144794940948486328e-01
1.779501438140869141e-01 -5.567955970764160156e-01 2.065064907073974609e-01 -4.598746895790100098e-01 3.793789148330688477e-01 -6.761390566825866699e-01
-3.954070806503295898e-02 -5.384664535522460938e-01 2.101947069168090820e-01 -2.518009543418884277e-01 3.149415254592895508e-01 -7.312889695167541504e-01
-1.006693243980407715e-01 -3.955328464508056641e-01 4.641326665878295898e-01 -5.028308629989624023e-01 -1.898336410522460938e-02 -2.673626542091369629e-01
1.516401767730712891e-02 -2.403044700622558594e-01 2.815697193145751953e-01 -5.570722222328186035e-01 -8.889210224151611328e-02 -1.555965542793273926e-01
-1.176158785820007324e-01 -2.938509583473205566e-01 7.878601551055908203e-02 -2.554566264152526855e-01 -1.969082355499267578e-01 -2.622457742691040039e-01
-2.961527109146118164e-01 -3.470799326896667480e-01 2.572460174560546875e-01 -2.104573249816894531e-01 5.182945728302001953e-02 -2.567359805107116699e-01
-1.601493358612060547e-02 -5.275131464004516602e-01 3.056656122207641602e-01 -3.869200944900512695e-01 1.203668117523193359e-01 -3.810897469520568848e-01
-6.076544523239135742e-02 -4.992579817771911621e-01 2.138742208480834961e-01 -5.352820158004760742e-01 -5.931013822555541992e-02 -3.596561551094055176e-01
-8.616030216217041016e-02 -3.096950054168701172e-01 1.922862529754638672e-01 -1.172309517860412598e-01 -3.508548736572265625e-01 -2.073127627372741699e-01
-1.488608717918395996e-01 -3.370979428291320801e-01 1.088454723358154297e-01 -2.040346860885620117e-01 -2.890973091125488281e-01 -2.617021799087524414e-01
-1.951753497123718262e-01 -4.088044166564941406e-03 1.344070434570312500e-01 -1.171284914016723633e-02 -2.572040557861328125e-01 1.042051315307617188e-01
-1.715659499168395996e-01 1.084778308868408203e-01 -3.721356391906738281e-02 2.776125669479370117e-01 7.796847820281982422e-02 -4.929482936859130859e-02
-2.115992903709411621e-01 2.041873931884765625e-01 1.434041261672973633e-01 2.446010112762451172e-01 1.267755031585693359e-01 1.620471477508544922e-02
-3.374277353286743164e-01 1.667647361755371094e-01 -1.515145897865295410e-01 2.196131944656372070e-01 -4.037716388702392578e-01 2.026220560073852539e-01
-4.113101959228515625e-02 1.341120004653930664e-01 -3.956605792045593262e-01 3.410365581512451172e-01 -3.631207942962646484e-01 2.460240125656127930e-01
-1.346802711486816406e-02 3.854526281356811523e-01 -4.282957315444946289e-01 3.666623830795288086e-01 -4.678344726562500000e-01 4.905116558074951172e-01
1.001722812652587891e-01 2.896581888198852539e-01 -4.943475127220153809e-01 5.060577392578125000e-01 -3.674297928810119629e-01 3.387291431427001953e-01
2.094212770462036133e-01 3.160914182662963867e-01 -5.573674440383911133e-01 5.010737180709838867e-01 -3.328843116760253906e-01 3.328247070312500000e-01
1.501591205596923828e-01 2.787775993347167969e-01 -4.497401714324951172e-01 5.119023323059082031e-01 -2.729871273040771484e-01 3.036569356918334961e-01
1.502481698989868164e-01 3.894213438034057617e-01 -4.536073803901672363e-01 4.894173145294189453e-01 -3.577864170074462891e-01 4.427543878555297852e-01
1.213933229446411133e-01 4.055521488189697266e-01 -4.319069385528564453e-01 4.911127090454101562e-01 -4.074367880821228027e-01 5.203404426574707031e-01
1.057684421539306641e-01 4.525828361511230469e-01 -4.808781743049621582e-01 5.673599243164062500e-01 -4.688875675201416016e-01 5.634019374847412109e-01
1.357694864273071289e-01 4.207087755203247070e-01 -5.143902301788330078e-01 4.999030828475952148e-01 -3.823129534721374512e-01 5.337264537811279297e-01
6.331813335418701172e-02 4.446114301681518555e-01 -4.963435530662536621e-01 5.016541481018066406e-01 -3.960605859756469727e-01 5.122308731079101562e-01
6.981790065765380859e-02 4.250087738037109375e-01 -3.990228176116943359e-01 4.423947334289550781e-01 -3.724595308303833008e-01 4.808021783828735352e-01
2.523875236511230469e-02 3.519479036331176758e-01 -3.839068412780761719e-01 4.064842462539672852e-01 -3.424851298332214355e-01 4.400004148483276367e-01
3.318583965301513672e-02 5.138642787933349609e-01 -4.991688132286071777e-01 4.006291627883911133e-01 -5.106161832809448242e-01 5.937026739120483398e-01
1.486048698425292969e-01 4.691520929336547852e-01 -5.464426875114440918e-01 5.293742418289184570e-01 -4.420893788337707520e-01 5.520548820495605469e-01
7.241511344909667969e-02 3.558909893035888672e-01 -5.091422200202941895e-01 6.231917142868041992e-01 -3.598675131797790527e-01 4.747847318649291992e-01
-3.166300058364868164e-02 4.039299488067626953e-01 -3.492442965507507324e-01 5.997672080993652344e-01 -4.877065420150756836e-01 5.541127920150756836e-01
-2.908571958541870117e-01 4.828613996505737305e-01 5.611538887023925781e-02 3.847595453262329102e-01 -7.038750648498535156e-01 8.043526411056518555e-01
-7.099622488021850586e-02 4.911942481994628906e-01 -3.080552220344543457e-01 4.098850488662719727e-01 -4.215496182441711426e-01 6.019920110702514648e-01
-1.612108945846557617e-01 4.251240491867065430e-01 -7.373541593551635742e-02 2.282199859619140625e-01 -5.115029811859130859e-01 7.048473358154296875e-01
-1.913318037986755371e-01 3.047589063644409180e-01 -4.171657562255859375e-02 4.101623296737670898e-01 -6.629010438919067383e-01 6.950051784515380859e-01
-2.353767752647399902e-01 2.035791873931884766e-01 -1.175785064697265625e-02 1.697306632995605469e-01 -2.079500555992126465e-01 5.110632181167602539e-01
-1.555892229080200195e-01 9.153151512145996094e-02 3.610098361968994141e-02 4.602432250976562500e-02 -1.381481289863586426e-01 4.029666185379028320e-01
