8.812212944030761719e-02 3.330203294754028320e-01 -2.937958836555480957e-01 1.784211397171020508e-01 -2.263439893722534180e-01 1.333200931549072266e-02
3.519283533096313477e-01 4.749408960342407227e-01 -5.304026007652282715e-01 2.587213516235351562e-01 -2.139396071434020996e-01 8.730602264404296875e-02
4.217907190322875977e-01 6.281564235687255859e-01 -6.156195402145385742e-01 2.622071504592895508e-01 -2.537487149238586426e-01 1.421194076538085938e-01
5.356693267822265625e-01 5.529494285583496094e-01 -6.084374189376831055e-01 2.393530607223510742e-01 -2.362228631973266602e-01 6.601858139038085938e-02
6.533515453338623047e-01 4.862787723541259766e-01 -6.822631359100341797e-01 2.033853530883789062e-01 -1.431847214698791504e-01 -4.797583818435668945e-02
5.211329460144042969e-01 4.955879449844360352e-01 -4.887194037437438965e-01 1.686110496520996094e-01 -1.936232447624206543e-01 4.426336288452148438e-02
5.995094776153564453e-01 5.449773073196411133e-01 -5.224362015724182129e-01 1.732053756713867188e-01 -2.013782262802124023e-01 8.377659320831298828e-02
5.985171794891357422e-01 5.711972713470458984e-01 -5.043751001358032227e-01 1.901986598968505859e-01 -2.368999719619750977e-01 1.177299022674560547e-01
5.181123018264770508e-01 5.631293058395385742e-01 -4.463591575622558594e-01 9.923911094665527344e-02 -2.238631248474121094e-01 1.320437192916870117e-01
5.391383171081542969e-01 5.502985715866088867e-01 -4.804563522338867188e-01 1.351892948150634766e-01 -2.259042263031005859e-01 1.134798526763916016e-01
5.443495512008666992e-01 4.853373765945434570e-01 -4.969068765640258789e-01 1.554336547851562500e-01 -2.098374366760253906e-01 9.584259986877441406e-02
4.669233560562133789e-01 3.267227411270141602e-01 -4.375954270362854004e-01 1.566327810287475586e-01 -7.415056228637695312e-03 -3.981357812881469727e-02
5.449411869049072266e-01 2.323110103607177734e-01 -4.479107260704040527e-01 1.395595073699951172e-01 1.361435651779174805e-01 -8.359062671661376953e-02
4.474323987960815430e-01 1.556479930877685547e-01 -4.220570921897888184e-01 6.985914707183837891e-02 2.914886474609375000e-01 -1.736657023429870605e-01
3.977644443511962891e-01 2.581620216369628906e-02 -3.961488604545593262e-01 6.753551959991455078e-02 4.243900775909423828e-01 -2.238643765449523926e-01
4.419265985488891602e-01 -6.512045860290527344e-02 -4.902832508087158203e-01 -1.293337345123291016e-02 5.031679868698120117e-01 -3.364268541336059570e-01
3.255078792572021484e-01 -1.350263953208923340e-01 -5.019130110740661621e-01 -1.288347840309143066e-01 4.970031976699829102e-01 -3.981402516365051270e-01
2.349872589111328125e-01 -1.371239423751831055e-01 -5.309969186782836914e-01 -2.313503623008728027e-01 4.235428571701049805e-01 -3.933147192001342773e-01
2.740926742553710938e-01 -1.516579985618591309e-01 -5.156396031379699707e-01 -3.376789689064025879e-01 5.101910829544067383e-01 -3.787133693695068359e-01
2.867523431777954102e-01 -2.718362212181091309e-01 -5.875410437583923340e-01 -3.378531336784362793e-01 5.460108518600463867e-01 -6.344217061996459961e-01
1.879025697708129883e-01 -1.669217348098754883e-01 -3.974102139472961426e-01 -3.333697915077209473e-01 3.225018978118896484e-01 -4.128422737121582031e-01
9.963274002075195312e-02 -1.635876297950744629e-01 -1.943623423576354980e-01 -6.403201818466186523e-01 3.696706295013427734e-01 -4.030330777168273926e-01
3.639967441558837891e-01 -1.915723681449890137e-01 -3.591230511665344238e-01 -4.967569708824157715e-01 3.641149997711181641e-01 -5.381538867950439453e-01
5.168418884277343750e-01 -3.446426987648010254e-01 -3.882918357849121094e-01 -3.594508767127990723e-01 4.453653097152709961e-01 -6.101427078247070312e-01
3.856337070465087891e-01 -4.526811242103576660e-01 -8.874517679214477539e-02 -5.886201858520507812e-01 5.996890068054199219e-01 -5.453369021415710449e-01
3.746659755706787109e-01 -3.425034284591674805e-01 -2.630981802940368652e-01 -6.536154747009277344e-01 4.679374694824218750e-01 -5.135328173637390137e-01
2.825566530227661133e-01 -3.943709135055541992e-01 -3.092298507690429688e-01 -5.437926650047302246e-01 4.486169815063476562e-01 -5.967539548873901367e-01
2.846608161926269531e-01 -3.531066775321960449e-01 -2.341328263282775879e-01 -5.122630596160888672e-01 3.985191583633422852e-01 -5.088739395141601562e-01
3.636440038681030273e-01 -4.113024473190307617e-01 -3.205928802490234375e-01 -3.376040458679199219e-01 4.294990301132202148e-01 -5.300523042678833008e-01
3.593044281005859375e-01 -2.977833747863769531e-01 -2.316558361053466797e-01 -4.078193902969360352e-01 2.684502601623535156e-01 -3.615467548370361328e-01
3.777545690536499023e-01 -3.902397155761718750e-01 -1.963838934898376465e-01 -4.142434597015380859e-01 3.588167428970336914e-01 -4.199303984642028809e-01
5.352630615234375000e-01 -4.070711135864257812e-01 -2.344673871994018555e-01 -4.246903061866760254e-01 3.374955654144287109e-01 -4.530635476112365723e-01
4.516861438751220703e-01 -2.927382588386535645e-01 -1.515333652496337891e-01 -4.707661867141723633e-01 2.529406547546386719e-01 -2.731227278709411621e-01
4.185551404953002930e-01 -4.092410206794738770e-01 -2.761519551277160645e-01 -3.409641385078430176e-01 3.740755319595336914e-01 -4.419726133346557617e-01
4.205734729766845703e-01 -4.006658196449279785e-01 -2.084988951683044434e-01 -4.070867896080017090e-01 3.895800113677978516e-01 -4.243641495704650879e-01
4.112063646316528320e-01 -3.512179255485534668e-01 -2.290940880775451660e-01 -4.861365556716918945e-01 3.418916463851928711e-01 -3.772270679473876953e-01
4.155633449554443359e-01 -4.383322000503540039e-01 -2.546111941337585449e-01 -3.879832625389099121e-01 3.908958435058593750e-01 -4.748303890228271484e-01
4.805254936218261719e-01 -4.603074789047241211e-01 -2.840898633003234863e-01 -4.014896750450134277e-01 4.135565757751464844e-01 -4.826055169105529785e-01
4.096676111221313477e-01 -4.697690606117248535e-01 -2.343658208847045898e-01 -4.296430349349975586e-01 4.419051408767700195e-01 -5.362944006919860840e-01
4.003728628158569336e-01 -5.014962553977966309e-01 -2.166641950607299805e-01 -5.092621445655822754e-01 4.726715087890625000e-01 -5.566959381103515625e-01
3.607188463211059570e-01 -5.196949243545532227e-01 -8.562064170837402344e-02 -5.051801204681396484e-01 4.146331548690795898e-01 -4.922642707824707031e-01
2.948464155197143555e-01 -4.829431176185607910e-01 -4.885113239288330078e-02 -4.742368459701538086e-01 3.131468296051025391e-01 -3.563730120658874512e-01
3.230122327804565430e-01 -4.803242683410644531e-01 -1.231221556663513184e-01 -3.774490356445312500e-01 3.292676210403442383e-01 -2.382509112358093262e-01
3.329943418502807617e-01 -3.885623216629028320e-01 -1.880948543548583984e-01 -3.393722176551818848e-01 3.425798416137695312e-01 -1.240419149398803711e-01
1.324834823608398438e-01 -3.460900187492370605e-01 -8.007889986038208008e-02 -2.421960830688476562e-01 2.444612979888916016e-01 1.278460025787353516e-02
2.277305126190185547e-01 -2.716413736343383789e-01 -9.553790092468261719e-02 -2.133749127388000488e-01 2.020317316055297852e-01 1.610116958618164062e-01
3.019337654113769531e-01 -2.159874439239501953e-01 -1.238675713539123535e-01 -1.762347221374511719e-01 1.720280647277832031e-01 2.494776248931884766e-01
2.049071788787841797e-01 -1.721198558807373047e-01 -6.893819570541381836e-02 -1.274290084838867188e-01 1.058610677719116211e-01 3.345127105712890625e-01
2.910681962966918945e-01 -9.755301475524902344e-02 -1.144992709159851074e-01 -1.474597454071044922e-01 8.018219470977783203e-02 3.891301155090332031e-01
2.476438283920288086e-01 -1.257702112197875977e-01 -1.239675283432006836e-02 -1.621338129043579102e-01 9.998977184295654297e-02 3.640854358673095703e-01
2.911466360092163086e-01 -2.076548337936401367e-01 -6.126707792282104492e-02 -1.006404757499694824e-01 1.546235084533691406e-01 2.816901206970214844e-01
2.073227167129516602e-01 -3.663463592529296875e-01 -1.782900094985961914e-02 -2.246019840240478516e-01 2.917145490646362305e-01 1.006878614425659180e-01
1.355679035186767578e-01 -3.196302056312561035e-01 8.419859409332275391e-02 -4.374603629112243652e-01 2.104711532592773438e-01 1.737980842590332031e-01
-1.078168749809265137e-01 -5.555911660194396973e-01 1.772270202636718750e-01 -4.042288064956665039e-01 2.539060115814208984e-01 -3.091681003570556641e-02
-1.467826962471008301e-01 -3.172257542610168457e-01 2.687786817550659180e-01 -3.334916234016418457e-01 1.027165651321411133e-01 1.879369020462036133e-01
-3.997173309326171875e-01 -8.694165945053100586e-02 6.968616247177124023e-01 -2.508113384246826172e-01 6.512284278869628906e-02 4.467056989669799805e-01
-3.636222481727600098e-01 -9.376150369644165039e-02 6.186733245849609375e-01 -1.443271636962890625e-01 -1.525910496711730957e-01 5.265014171600341797e-01
-3.884923458099365234e-02 -1.398044824600219727e-01 5.964480638504028320e-01 -4.470735192298889160e-01 1.659631729125976562e-03 3.782914876937866211e-01
-1.378691792488098145e-01 -3.252208828926086426e-01 6.341083049774169922e-01 -5.002859830856323242e-01 1.089732646942138672e-01 1.023585796356201172e-01
-3.296045064926147461e-01 -2.727085947990417480e-01 5.401045083999633789e-01 -2.552323937416076660e-01 3.038263320922851562e-02 1.093192100524902344e-01
-3.406862616539001465e-01 -4.106469750404357910e-01 5.494815111160278320e-01 -2.880365848541259766e-01 6.153929233551025391e-02 9.007334709167480469e-02
-3.499181866645812988e-01 -3.460047245025634766e-01 5.043358802795410156e-01 -4.218457341194152832e-01 -4.636877775192260742e-02 5.001151561737060547e-02
-2.119939327239990234e-01 -2.966329455375671387e-01 3.765668869018554688e-01 -1.059670448303222656e-01 3.789511919021606445e-01 -5.283105373382568359e-01
-1.329569816589355469e-01 -5.000221729278564453e-01 5.966123342514038086e-01 4.805743694305419922e-02 5.670632123947143555e-01 -7.423077821731567383e-01
9.539484977722167969e-03 -2.645606994628906250e-01 4.695168733596801758e-01 -7.642328739166259766e-02 -1.768316626548767090e-01 -2.532864809036254883e-01
9.179341793060302734e-02 -1.759157180786132812e-01 5.100691318511962891e-01 -1.849309802055358887e-01 2.378079891204833984e-01 -1.825572848320007324e-01
-1.214700937271118164e-02 6.619179248809814453e-02 4.371147155761718750e-01 -1.779666543006896973e-01 -1.653058528900146484e-01 7.596170902252197266e-02
8.356642723083496094e-02 1.683878898620605469e-01 2.318767309188842773e-01 -3.839578032493591309e-01 -6.107175350189208984e-02 -3.492665290832519531e-02
2.274651527404785156e-01 4.704689979553222656e-02 1.448445320129394531e-01 -2.582388520240783691e-01 1.074234247207641602e-01 -1.018131375312805176e-01
3.860317468643188477e-01 -5.916416645050048828e-03 2.030458450317382812e-01 -2.850430607795715332e-01 2.774732112884521484e-01 -1.470253467559814453e-01
4.073412418365478516e-01 -3.853499889373779297e-03 1.775360107421875000e-01 -2.447953820228576660e-01 3.180468082427978516e-01 -1.650028824806213379e-01
4.476003646850585938e-01 -1.130397915840148926e-01 1.689534187316894531e-01 -7.672232389450073242e-02 4.017477035522460938e-01 -2.564731836318969727e-01
2.491534948348999023e-01 -2.448720932006835938e-01 2.133951187133789062e-01 -1.479631066322326660e-01 4.130928516387939453e-01 -2.820364832878112793e-01
1.959546804428100586e-01 -2.787469625473022461e-01 2.703785896301269531e-01 -3.072358965873718262e-01 5.174908638000488281e-01 -3.689767122268676758e-01
-2.121476531028747559e-01 -1.056462526321411133e-02 5.670855045318603516e-01 -3.034266829490661621e-01 -5.324214696884155273e-02 -3.732448816299438477e-02
3.997087478637695312e-02 9.837377071380615234e-02 2.347195148468017578e-01 -2.146122455596923828e-01 -3.836590051651000977e-02 -3.685653209686279297e-02
-4.821801185607910156e-02 -5.473327636718750000e-02 2.230905294418334961e-01 -3.167115449905395508e-01 5.639350414276123047e-02 -2.281823158264160156e-01
-3.325908184051513672e-01 -8.391964435577392578e-02 4.848816394805908203e-01 -5.491602420806884766e-02 -3.658366203308105469e-02 -1.696091890335083008e-02
-3.056363463401794434e-01 -5.321455001831054688e-02 8.126742839813232422e-01 -1.598897576332092285e-01 -1.828086376190185547e-02 4.668819904327392578e-02
-2.634195089340209961e-01 -1.586611270904541016e-01 4.232232570648193359e-01 -3.774807453155517578e-01 1.258683204650878906e-02 -1.488204002380371094e-01
-2.265816926956176758e-01 -3.140144348144531250e-01 4.232856035232543945e-01 -2.620369791984558105e-01 2.493934631347656250e-01 -2.993335723876953125e-01
-3.779689669609069824e-01 -2.600644230842590332e-01 2.657191753387451172e-01 -2.461532354354858398e-01 5.910527706146240234e-02 -2.484489679336547852e-01
-3.646926283836364746e-01 -3.479006886482238770e-01 7.731246948242187500e-02 4.650306701660156250e-02 2.930355072021484375e-01 -6.801102161407470703e-01
-2.183390855789184570e-01 -4.306916594505310059e-01 1.174951791763305664e-01 -1.496952772140502930e-02 4.950016736984252930e-01 -7.845427989959716797e-01
-7.292819023132324219e-02 -3.847184181213378906e-01 2.261561155319213867e-01 1.981909275054931641e-01 6.473211050033569336e-01 -6.978014707565307617e-01
-5.998426675796508789e-02 -4.639767408370971680e-01 3.065938949584960938e-01 6.360411643981933594e-02 5.402787923812866211e-01 -6.531962156295776367e-01
-1.219983696937561035e-01 -5.453139543533325195e-01 3.144737482070922852e-01 1.213824748992919922e-02 3.156681060791015625e-01 -5.050398111343383789e-01
-1.428639292716979980e-01 -5.056397914886474609e-01 5.204361677169799805e-01 7.210147380828857422e-02 2.766742706298828125e-01 -4.954386353492736816e-01
-1.129767894744873047e-01 -6.048728227615356445e-01 3.679032325744628906e-01 1.398659944534301758e-01 4.881047010421752930e-01 -7.092518806457519531e-01
-1.806861758232116699e-01 -6.385930776596069336e-01 4.286060333251953125e-01 1.811313629150390625e-02 4.317454099655151367e-01 -6.619055271148681641e-01
-1.456094384193420410e-01 -6.339395642280578613e-01 3.458967208862304688e-01 -3.623795509338378906e-02 3.813441991806030273e-01 -7.819303274154663086e-01
-3.618062734603881836e-01 -4.388118982315063477e-01 3.175545930862426758e-01 1.739200353622436523e-01 1.114060878753662109e-01 -5.409054160118103027e-01
-2.081714272499084473e-01 -3.658428788185119629e-01 3.180373907089233398e-01 5.652904510498046875e-02 1.316746473312377930e-01 -3.505573868751525879e-01
-3.083274960517883301e-01 -4.323667883872985840e-01 6.114885807037353516e-01 -6.299096345901489258e-02 2.967115640640258789e-01 -3.180716037750244141e-01
-4.671675562858581543e-01 -3.563013672828674316e-01 5.597094297409057617e-01 -8.074158430099487305e-02 1.386870145797729492e-01 -3.082879185676574707e-01
-3.650272488594055176e-01 -2.117314338684082031e-01 4.945006370544433594e-01 -1.620203852653503418e-01 -1.052207350730895996e-01 -1.553490161895751953e-01
-2.755012512207031250e-01 -4.174877405166625977e-01 4.475567340850830078e-01 -2.139129638671875000e-01 -1.027345657348632812e-03 -2.743096351623535156e-01
-1.617021560668945312e-01 -3.698285818099975586e-01 5.216521024703979492e-01 -1.985739469528198242e-01 -5.347985029220581055e-02 -9.289771318435668945e-02
-2.303958535194396973e-01 -1.588135361671447754e-01 5.494878292083740234e-01 -3.324061632156372070e-01 -1.334303617477416992e-01 -1.087962388992309570e-01
-4.021626114845275879e-01 -7.359933853149414062e-02 5.545964241027832031e-01 -6.345540285110473633e-02 -1.479607224464416504e-01 3.363049030303955078e-02
-4.021721482276916504e-01 -1.629735827445983887e-01 3.645565509796142578e-01 -1.914499998092651367e-01 -1.438488364219665527e-01 -1.844003200531005859e-01
-4.758124351501464844e-01 -1.495948433876037598e-01 4.148932695388793945e-01 -1.049211025238037109e-01 -1.687755584716796875e-01 -6.392079591751098633e-02
-4.375823140144348145e-01 -3.200613856315612793e-01 3.545987606048583984e-01 -5.643117427825927734e-02 3.575789928436279297e-02 -1.377117037773132324e-01
-3.584609627723693848e-01 -2.705019116401672363e-01 4.065041542053222656e-01 -7.617980241775512695e-02 -7.324069738388061523e-02 3.671598434448242188e-02
-1.951622962951660156e-01 -3.885337114334106445e-01 3.633877038955688477e-01 -2.467713356018066406e-01 -1.503877043724060059e-01 -4.146486520767211914e-02
-2.244819998741149902e-01 -4.557835459709167480e-01 1.765224933624267578e-01 -6.853824853897094727e-01 -8.657282590866088867e-02 1.579869985580444336e-01
-2.326688766479492188e-01 -2.845435142517089844e-01 1.158430576324462891e-01 -6.971270442008972168e-01 -3.709059953689575195e-02 3.158718347549438477e-01
-7.342308759689331055e-02 -2.262614369392395020e-01 -7.627516984939575195e-02 -5.913957357406616211e-01 -2.342867851257324219e-02 3.519452810287475586e-01
-1.062699556350708008e-01 -9.057122468948364258e-02 -7.307362556457519531e-02 -5.966361165046691895e-01 -7.137775421142578125e-02 4.889547824859619141e-01
-1.117048859596252441e-01 -8.909475803375244141e-02 -5.744171142578125000e-02 -5.411657094955444336e-01 -3.063052892684936523e-02 5.016463994979858398e-01
-9.060335159301757812e-02 -5.221724510192871094e-02 -2.253592014312744141e-03 -4.728326797485351562e-01 -2.983856201171875000e-02 5.501182079315185547e-01
-9.753507375717163086e-02 -9.218817949295043945e-02 -3.929769992828369141e-02 -3.654479980468750000e-01 -1.134544610977172852e-02 5.259451866149902344e-01
-1.501114964485168457e-01 -4.320865869522094727e-02 5.278789997100830078e-02 -3.387972116470336914e-01 -8.392095565795898438e-02 5.986330509185791016e-01
-9.552353620529174805e-02 -8.342057466506958008e-02 1.177453994750976562e-02 -3.105427622795104980e-01 -2.557420730590820312e-02 5.251704454421997070e-01
-1.226648688316345215e-01 -8.465665578842163086e-02 1.030472517013549805e-01 -3.601503968238830566e-01 3.716325759887695312e-02 5.211169719696044922e-01
-5.345213413238525391e-02 -1.403549909591674805e-01 4.121673107147216797e-02 -2.357851266860961914e-01 1.091790199279785156e-02 5.310283899307250977e-01
-1.409642696380615234e-01 -1.709679961204528809e-01 1.461563110351562500e-01 -1.860556006431579590e-01 4.353010654449462891e-02 4.665261507034301758e-01
-2.596781849861145020e-01 -2.303262948989868164e-01 2.682970762252807617e-01 -2.418032288551330566e-01 4.511237144470214844e-03 4.384456872940063477e-01
-2.900211215019226074e-01 -1.134298443794250488e-01 2.599393129348754883e-01 -7.054859399795532227e-02 -2.886396646499633789e-02 4.543795585632324219e-01
-4.173060655593872070e-01 -1.320688128471374512e-01 3.611929416656494141e-01 -4.646885395050048828e-02 -1.683908104896545410e-01 4.368565082550048828e-01
