4.697567224502563477e-01 5.893670320510864258e-01 5.188405513763427734e-02 4.032516479492187500e-02 -2.394780516624450684e-01 3.936948776245117188e-01
6.131807565689086914e-01 5.975879430770874023e-01 -1.909989118576049805e-02 7.898306846618652344e-02 -1.417785882949829102e-01 2.995754480361938477e-01
7.971955537796020508e-01 5.497347116470336914e-01 -1.178199648857116699e-01 4.968488216400146484e-02 -2.192565202713012695e-01 2.815450429916381836e-01
9.209431409835815430e-01 5.350873470306396484e-01 -2.384815216064453125e-01 3.863215446472167969e-02 -1.707957983016967773e-01 2.285721302032470703e-01
8.158700466156005859e-01 5.522767305374145508e-01 -1.134181022644042969e-01 -3.112000226974487305e-02 -1.956247687339782715e-01 3.119251728057861328e-01
7.801091670989990234e-01 5.695924758911132812e-01 -1.019496321678161621e-01 -1.233036518096923828e-01 -2.110537290573120117e-01 3.054112195968627930e-01
8.711583614349365234e-01 6.025496721267700195e-01 -1.052609682083129883e-01 -1.116310954093933105e-01 -1.810384988784790039e-01 3.123126029968261719e-01
8.313636779785156250e-01 5.404262542724609375e-01 -1.213600635528564453e-01 -7.988059520721435547e-02 -1.169734001159667969e-01 2.587739229202270508e-01
7.202304601669311523e-01 5.479452610015869141e-01 -8.401054143905639648e-02 -6.447690725326538086e-02 -1.274417638778686523e-01 2.829189300537109375e-01
6.837853193283081055e-01 6.280798912048339844e-01 -1.700206398963928223e-01 -1.209836602210998535e-01 -2.025348544120788574e-01 3.902202844619750977e-01
6.402354240417480469e-01 5.487428903579711914e-01 -1.359599232673645020e-01 -1.907405257225036621e-01 -1.415270566940307617e-02 3.043178319931030273e-01
6.032325029373168945e-01 4.903854131698608398e-01 -3.586411476135253906e-03 -2.596638202667236328e-01 9.635460376739501953e-02 2.940074205398559570e-01
5.524893999099731445e-01 3.840460777282714844e-01 -1.448118090629577637e-01 -1.801869869232177734e-01 1.359070539474487305e-01 2.433513402938842773e-01
4.111256599426269531e-01 3.500560522079467773e-01 -1.005532145500183105e-01 -2.501928806304931641e-01 2.042206525802612305e-01 2.039899826049804688e-01
3.022800683975219727e-01 2.665294408798217773e-01 -1.977232098579406738e-01 -4.034131169319152832e-01 3.171626329421997070e-01 7.009387016296386719e-03
2.464675903320312500e-01 1.346087455749511719e-01 -3.207930922508239746e-01 -4.286349415779113770e-01 3.476266860961914062e-01 -1.822250485420227051e-01
1.159843206405639648e-01 1.173496246337890625e-01 -3.728560805320739746e-01 -4.833173751831054688e-01 2.344995737075805664e-01 -2.045592665672302246e-01
2.671117782592773438e-01 8.867907524108886719e-02 -3.961688876152038574e-01 -5.007277727127075195e-01 4.012161493301391602e-01 -1.822555065155029297e-01
1.894662380218505859e-01 4.972457885742187500e-03 -3.465366363525390625e-01 -3.518879413604736328e-01 3.388901948928833008e-01 -1.558561921119689941e-01
2.828942537307739258e-01 1.592385768890380859e-02 -3.444551825523376465e-01 -4.397806525230407715e-01 3.338627815246582031e-01 -2.043408155441284180e-01
3.977304697036743164e-01 -7.558804750442504883e-02 -3.426972627639770508e-01 -6.191872358322143555e-01 4.080305099487304688e-01 -2.894109487533569336e-01
2.444964647293090820e-01 -2.478333711624145508e-01 -2.701706886291503906e-01 -5.986567735671997070e-01 4.742685556411743164e-01 -4.647921323776245117e-01
2.088527679443359375e-01 -1.729725599288940430e-01 -2.074473500251770020e-01 -7.091341018676757812e-01 3.491609096527099609e-01 -3.063049912452697754e-01
3.253824710845947266e-01 -1.917704343795776367e-01 -9.140723943710327148e-02 -7.026826143264770508e-01 5.030152797698974609e-01 -3.342285156250000000e-01
1.623203754425048828e-01 -2.981608510017395020e-01 -4.517275094985961914e-02 -6.091119050979614258e-01 5.221014022827148438e-01 -4.389020800590515137e-01
1.471300125122070312e-01 -2.864946722984313965e-01 -1.566916704177856445e-01 -5.251785516738891602e-01 4.950205087661743164e-01 -5.289829373359680176e-01
1.986454725265502930e-01 -2.892927527427673340e-01 -1.200910210609436035e-01 -5.920684337615966797e-01 4.944896697998046875e-01 -5.018680095672607422e-01
2.475761175155639648e-01 -3.401301503181457520e-01 -6.471109390258789062e-02 -7.006882429122924805e-01 6.147164106369018555e-01 -5.215487480163574219e-01
2.609610557556152344e-01 -2.983611226081848145e-01 -7.900017499923706055e-02 -5.883435010910034180e-01 5.269747972488403320e-01 -4.735606908798217773e-01
2.515021562576293945e-01 -2.342366576194763184e-01 -2.012741565704345703e-02 -6.410411596298217773e-01 4.491254091262817383e-01 -3.288137912750244141e-01
2.038663625717163086e-01 -2.614104747772216797e-01 1.434786319732666016e-01 -7.216550111770629883e-01 5.402008295059204102e-01 -3.494258522987365723e-01
4.017136096954345703e-01 -3.940465450286865234e-01 -1.335328817367553711e-02 -5.839433073997497559e-01 6.976130008697509766e-01 -5.032340288162231445e-01
4.275250434875488281e-01 -4.038422107696533203e-01 1.095613241195678711e-01 -6.685832142829895020e-01 7.467265129089355469e-01 -4.414244890213012695e-01
5.414171218872070312e-01 -3.955534100532531738e-01 5.908012390136718750e-02 -6.657841205596923828e-01 7.326302528381347656e-01 -3.934907317161560059e-01
5.476381778717041016e-01 -2.904212474822998047e-01 -1.193159818649291992e-02 -5.950763225555419922e-01 6.355445384979248047e-01 -3.329073190689086914e-01
5.855607986450195312e-01 -3.267984986305236816e-01 9.385144710540771484e-02 -5.636897087097167969e-01 6.593227386474609375e-01 -2.515777945518493652e-01
5.256190299987792969e-01 -3.217853903770446777e-01 1.942859888076782227e-01 -5.841113328933715820e-01 6.782840490341186523e-01 -2.058193087577819824e-01
4.777071475982666016e-01 -4.015001654624938965e-01 2.235324382781982422e-01 -4.784384369850158691e-01 7.200864553451538086e-01 -1.860715746879577637e-01
4.910590648651123047e-01 -4.645892977714538574e-01 1.790502071380615234e-01 -3.931058049201965332e-01 7.211077213287353516e-01 -1.810568571090698242e-01
4.834843873977661133e-01 -5.205289125442504883e-01 1.759140491485595703e-01 -2.760150432586669922e-01 6.837185621261596680e-01 -1.199101209640502930e-01
3.711810111999511719e-01 -3.712163567543029785e-01 2.059147357940673828e-01 -2.032160162925720215e-01 4.041556119918823242e-01 1.855109930038452148e-01
2.955521345138549805e-01 -3.433642387390136719e-01 2.459051609039306641e-01 -2.321238517761230469e-01 3.396018743515014648e-01 3.063503503799438477e-01
3.099046945571899414e-01 -3.099266886711120605e-01 1.467540264129638672e-01 -2.039152383804321289e-01 2.586594820022583008e-01 3.857452869415283203e-01
1.765360832214355469e-01 -2.496587038040161133e-01 2.516266107559204102e-01 -2.821304202079772949e-01 2.342889308929443359e-01 4.139040708541870117e-01
1.822706460952758789e-01 -2.888912558555603027e-01 2.204353809356689453e-01 -2.927719354629516602e-01 3.103631734848022461e-01 3.424803018569946289e-01
1.986578702926635742e-01 -2.295170426368713379e-01 2.148420810699462891e-01 -3.475487828254699707e-01 2.880822420120239258e-01 3.634908199310302734e-01
8.482086658477783203e-02 -1.809588670730590820e-01 3.311393260955810547e-01 -3.896204829216003418e-01 2.232511043548583984e-01 4.445756673812866211e-01
4.470109939575195312e-03 -1.620799899101257324e-01 3.847626447677612305e-01 -3.013461232185363770e-01 1.086300611495971680e-01 5.073174238204956055e-01
-1.482629776000976562e-02 -2.113431692123413086e-01 4.227809906005859375e-01 -2.169206738471984863e-01 8.152103424072265625e-02 4.709414243698120117e-01
3.323662281036376953e-02 -3.182555437088012695e-01 4.093056917190551758e-01 -2.481595873832702637e-01 1.657656431198120117e-01 3.691000938415527344e-01
-1.212906837463378906e-02 -4.712689518928527832e-01 4.478054046630859375e-01 -3.164576292037963867e-01 2.505893707275390625e-01 2.368220090866088867e-01
1.714932918548583984e-02 -5.778478980064392090e-01 3.866128921508789062e-01 -4.051960110664367676e-01 2.786355018615722656e-01 2.978324890136718750e-02
-1.679782271385192871e-01 -5.727384090423583984e-01 3.673902750015258789e-01 -5.484456419944763184e-01 1.844735145568847656e-01 -8.951354026794433594e-02
-4.153009653091430664e-01 -4.366028904914855957e-01 4.972803592681884766e-01 -4.388950467109680176e-01 1.282172203063964844e-01 3.149545192718505859e-02
-3.603399395942687988e-01 -4.514492750167846680e-01 4.705502986907958984e-01 -4.882026314735412598e-01 1.757478713989257812e-01 9.479403495788574219e-03
-3.198789358139038086e-01 -3.092979192733764648e-01 3.666027784347534180e-01 -5.771043300628662109e-01 -7.939553260803222656e-02 1.243454217910766602e-01
-3.971528410911560059e-01 -2.651274800300598145e-01 3.168992996215820312e-01 -3.695402145385742188e-01 -1.378562450408935547e-01 1.481405496597290039e-01
-3.226426839828491211e-01 -4.860256314277648926e-01 3.025317192077636719e-01 -2.860065698623657227e-01 -4.608368873596191406e-02 -7.669597864151000977e-02
-3.124381303787231445e-01 -3.957847356796264648e-01 3.427435159683227539e-01 -2.232615947723388672e-01 4.605078697204589844e-02 5.932414531707763672e-02
-3.255223631858825684e-01 -4.289010167121887207e-01 2.586425542831420898e-01 -1.763021349906921387e-01 5.743384361267089844e-03 6.645059585571289062e-02
-5.962462425231933594e-01 -4.442279338836669922e-01 1.958416700363159180e-01 1.478071212768554688e-01 -2.653746604919433594e-01 -6.733733415603637695e-02
-4.510605931282043457e-01 -3.906547427177429199e-01 3.416316509246826172e-01 -5.548840761184692383e-02 -3.854315876960754395e-01 -6.769585609436035156e-02
-5.867334008216857910e-01 -2.015545368194580078e-01 2.320659160614013672e-01 8.611083030700683594e-03 -6.441534757614135742e-01 8.882772922515869141e-02
-3.962896466255187988e-01 -5.490677356719970703e-01 5.477178096771240234e-02 2.882161140441894531e-01 -5.060831308364868164e-01 -2.879887819290161133e-01
-5.953123569488525391e-01 -5.417021512985229492e-01 8.864283561706542969e-02 6.609208583831787109e-01 -4.615196585655212402e-01 -1.714482903480529785e-01
-6.368031501770019531e-01 -5.009116530418395996e-01 1.800334453582763672e-01 4.426604509353637695e-01 -4.935012459754943848e-01 -2.214407920837402344e-01
-6.673306226730346680e-01 -4.805727005004882812e-01 9.537518024444580078e-02 5.796880722045898438e-01 -6.386511921882629395e-01 -1.367785930633544922e-01
-4.946110844612121582e-01 -4.588038921356201172e-01 2.519019842147827148e-01 6.095025539398193359e-01 -5.305304527282714844e-01 -9.350329637527465820e-02
-5.076187849044799805e-01 -4.960848093032836914e-01 -4.272758960723876953e-02 5.873870849609375000e-01 -5.104565620422363281e-01 -2.055029273033142090e-01
-5.721323490142822266e-01 -5.322427749633789062e-01 1.820957660675048828e-02 5.508999824523925781e-01 -5.199198126792907715e-01 -2.514055967330932617e-01
-6.151134967803955078e-01 -4.119815826416015625e-01 2.082312107086181641e-01 5.860582590103149414e-01 -6.690816879272460938e-01 -2.057982087135314941e-01
-4.794918298721313477e-01 -5.142794251441955566e-01 -3.617817163467407227e-02 4.484136104583740234e-01 -5.493738055229187012e-01 -3.882458209991455078e-01
-6.583310365676879883e-01 -2.523163557052612305e-01 2.668031454086303711e-01 4.767762422561645508e-01 -6.238830089569091797e-01 5.243587493896484375e-02
-7.034315466880798340e-01 -3.374983668327331543e-01 2.035336494445800781e-01 1.789237260818481445e-01 -4.795060753822326660e-01 -1.084439754486083984e-01
-8.394023776054382324e-01 -2.151554822921752930e-01 1.664144992828369141e-01 2.369323968887329102e-01 -4.043473005294799805e-01 -5.636715888977050781e-02
-7.636762261390686035e-01 -2.056353688240051270e-01 3.300994634628295898e-01 2.615767717361450195e-01 -5.494173765182495117e-01 6.492948532104492188e-02
-5.524421930313110352e-01 -2.905551195144653320e-01 2.093832492828369141e-01 1.924691200256347656e-01 -4.165438413619995117e-01 -1.316130757331848145e-01
-6.277236938476562500e-01 -3.192768096923828125e-01 6.735885143280029297e-02 1.537830829620361328e-01 -4.044122099876403809e-01 -1.529070138931274414e-01
-6.359126567840576172e-01 -3.488139510154724121e-01 2.349519729614257812e-02 4.382729530334472656e-02 -1.657130122184753418e-01 -3.596609830856323242e-01
-4.670703411102294922e-01 -3.427321314811706543e-01 -8.296990394592285156e-02 1.675860881805419922e-01 -2.472293972969055176e-01 -2.792108654975891113e-01
-5.328527092933654785e-01 -3.796181082725524902e-01 2.272592782974243164e-01 4.301660060882568359e-01 -6.847149133682250977e-01 9.193086624145507812e-02
-7.000387907028198242e-01 -4.393996596336364746e-01 2.648273706436157227e-01 5.813646316528320312e-01 -8.105102181434631348e-01 2.105776071548461914e-01
-5.840765237808227539e-01 -4.698305726051330566e-01 2.235282659530639648e-01 5.050019025802612305e-01 -4.237249493598937988e-01 -2.454072237014770508e-02
-1.468048095703125000e-01 -7.303378582000732422e-01 4.022238254547119141e-01 2.576787471771240234e-01 -2.056840658187866211e-01 -4.704485535621643066e-01
-1.034133434295654297e-01 -6.309802532196044922e-01 4.303401708602905273e-01 9.696459770202636719e-02 -3.198991417884826660e-01 -2.778376936912536621e-01
1.631704568862915039e-01 -2.883588671684265137e-01 1.850296258926391602e-01 -1.872670650482177734e-01 -2.134599685668945312e-01 3.026444911956787109e-01
-8.411455154418945312e-02 -3.609681725502014160e-01 4.730062484741210938e-01 -2.188927531242370605e-01 -9.151315689086914062e-02 4.042913913726806641e-01
-1.029921174049377441e-01 -4.288955330848693848e-01 4.902882575988769531e-01 -2.727378606796264648e-01 3.331828117370605469e-02 4.219543933868408203e-01
-1.230778098106384277e-01 -3.557021021842956543e-01 3.174183368682861328e-01 -2.299067378044128418e-01 -4.482090473175048828e-02 4.770740270614624023e-01
-2.107203006744384766e-02 -3.268849849700927734e-01 2.279759645462036133e-01 -2.316947579383850098e-01 5.656170845031738281e-02 3.608692884445190430e-01
1.376122236251831055e-01 -2.099317312240600586e-01 7.852673530578613281e-02 -2.596769928932189941e-01 3.111195564270019531e-02 4.204927682876586914e-01
7.343590259552001953e-02 -1.908423304557800293e-01 2.113435268402099609e-01 -2.000827789306640625e-01 -9.923815727233886719e-03 4.980561733245849609e-01
1.234270334243774414e-01 -2.608805894851684570e-01 2.444078922271728516e-01 -1.027217507362365723e-01 9.542012214660644531e-02 4.379898309707641602e-01
5.459070205688476562e-03 -1.937348246574401855e-01 3.053840398788452148e-01 -1.131343245506286621e-01 1.056716442108154297e-01 4.864445924758911133e-01
-2.088000774383544922e-01 -1.183465719223022461e-01 5.978912115097045898e-01 -2.443303465843200684e-01 -3.523421287536621094e-02 6.711993217468261719e-01
1.237034797668457031e-02 -1.379946470260620117e-01 3.193475008010864258e-01 -2.871003746986389160e-01 1.536273956298828125e-02 5.193027257919311523e-01
-3.452010154724121094e-01 -1.978487968444824219e-01 4.263699054718017578e-01 -2.692971229553222656e-01 -6.067961454391479492e-02 4.873572587966918945e-01
-1.718046665191650391e-01 -2.542181611061096191e-01 3.471505641937255859e-01 -7.792460918426513672e-02 1.354742050170898438e-02 3.618243932723999023e-01
-4.680774211883544922e-01 -1.230428814888000488e-01 2.463780641555786133e-01 -6.179833412170410156e-02 -3.559100627899169922e-02 4.217860698699951172e-01
-2.442990541458129883e-01 -2.513591647148132324e-01 3.682695627212524414e-01 -1.959307789802551270e-01 1.998841762542724609e-02 3.379104137420654297e-01
-2.449893951416015625e-01 -1.782133579254150391e-01 4.479171037673950195e-01 -1.564404368400573730e-01 -1.675190925598144531e-01 5.395233631134033203e-01
-4.592982530593872070e-01 -1.026564836502075195e-02 5.252945423126220703e-01 -1.997990012168884277e-01 -6.606614589691162109e-02 6.147557497024536133e-01
-9.756863117218017578e-02 -7.306188344955444336e-02 5.559214353561401367e-01 -5.470162630081176758e-02 -1.936973929405212402e-01 6.730177402496337891e-01
