-1.273722648620605469e-01 -3.671277165412902832e-01 -4.254064559936523438e-01 -2.757623791694641113e-01 -5.451306700706481934e-01 -1.734785437583923340e-01
-1.887912750244140625e-01 -4.546481966972351074e-01 -4.896831512451171875e-01 -3.960714340209960938e-01 -4.597353935241699219e-01 -3.114951848983764648e-01
-2.083960175514221191e-01 -6.383646726608276367e-01 -6.653441190719604492e-01 -1.982648372650146484e-01 -4.535903930664062500e-01 -4.869391322135925293e-01
-1.432720422744750977e-01 -5.801242589950561523e-01 -6.097381114959716797e-01 -1.348385214805603027e-01 -5.031964778900146484e-01 -3.743290305137634277e-01
-9.083634614944458008e-02 -6.180120706558227539e-01 -5.252461433410644531e-01 -1.881200671195983887e-01 -4.893355369567871094e-01 -4.302412271499633789e-01
3.609883785247802734e-02 -5.347568392753601074e-01 -5.383651852607727051e-01 -1.787242889404296875e-01 -5.823247432708740234e-01 -2.876473069190979004e-01
-8.337789773941040039e-02 -6.964961290359497070e-01 -5.181145668029785156e-01 -9.893631935119628906e-02 -6.341669559478759766e-01 -3.800084590911865234e-01
4.886829853057861328e-02 -7.219765186309814453e-01 -4.542595744132995605e-01 -3.009092211723327637e-01 -4.383749961853027344e-01 -4.622687697410583496e-01
-5.885362625122070312e-03 -6.430290937423706055e-01 -3.620506525039672852e-01 -2.453204393386840820e-01 -5.406278371810913086e-01 -3.310742378234863281e-01
-1.242536306381225586e-02 -6.548787355422973633e-01 -3.390697240829467773e-01 -8.801186084747314453e-02 -5.513597726821899414e-01 -1.940705776214599609e-01
1.958016157150268555e-01 -5.691381692886352539e-01 -4.162765145301818848e-01 -2.345106005668640137e-01 -4.396394491195678711e-01 -2.637655138969421387e-01
1.329069137573242188e-01 -6.875920295715332031e-01 -4.214429259300231934e-01 -2.777653932571411133e-01 -4.328380823135375977e-01 -4.343174695968627930e-01
9.701085090637207031e-02 -7.006667852401733398e-01 -4.166816473007202148e-01 -2.400392293930053711e-01 -4.005857706069946289e-01 -3.253248333930969238e-01
2.959514856338500977e-01 -5.777401924133300781e-01 -5.512245893478393555e-01 -2.796575427055358887e-01 -4.605213999748229980e-01 -3.093685507774353027e-01
2.323867082595825195e-01 -6.948418021202087402e-01 -4.379308223724365234e-01 -1.891146302223205566e-01 -5.050694942474365234e-01 -3.341645002365112305e-01
2.837311029434204102e-01 -6.817046403884887695e-01 -3.744956254959106445e-01 -1.598573923110961914e-01 -4.666951298713684082e-01 -2.229855060577392578e-01
3.210172653198242188e-01 -6.226356029510498047e-01 -4.477325081825256348e-01 -2.361066341400146484e-01 -2.138980627059936523e-01 -1.694799065589904785e-01
2.754969596862792969e-01 -6.398013830184936523e-01 -4.346942901611328125e-01 -2.099780440330505371e-01 -7.381558418273925781e-03 -1.754859685897827148e-01
1.764954328536987305e-01 -7.225067615509033203e-01 -3.022050857543945312e-01 -2.576487660408020020e-01 1.659095287322998047e-01 -1.870229840278625488e-01
1.910117864608764648e-01 -6.299898028373718262e-01 -3.113755583763122559e-01 -1.876664757728576660e-01 1.859422922134399414e-01 -1.042338013648986816e-01
1.799900531768798828e-01 -5.588459968566894531e-01 -1.618572473526000977e-01 -2.233854532241821289e-01 1.607377529144287109e-01 3.309834003448486328e-02
1.394983530044555664e-01 -5.782350897789001465e-01 -1.849200129508972168e-01 -1.970750093460083008e-01 2.014288902282714844e-01 -4.776954650878906250e-03
2.049098014831542969e-01 -4.327781796455383301e-01 -2.951917052268981934e-01 -1.912366151809692383e-01 1.107081174850463867e-01 7.767426967620849609e-02
1.130752563476562500e-01 -4.742312431335449219e-01 -2.009357213973999023e-01 -2.154752016067504883e-01 1.674292087554931641e-01 -8.584260940551757812e-04
1.514713764190673828e-01 -4.591570496559143066e-01 -1.499680876731872559e-01 -2.222369909286499023e-01 2.253379821777343750e-01 6.850910186767578125e-02
1.393277645111083984e-01 -4.602051973342895508e-01 -1.305976510047912598e-01 -1.456984877586364746e-01 1.921319961547851562e-01 7.019603252410888672e-02
1.649656295776367188e-01 -5.013527870178222656e-01 -8.701652288436889648e-02 -1.368766427040100098e-01 2.559930086135864258e-01 3.334391117095947266e-02
2.484222650527954102e-01 -4.194069504737854004e-01 -1.735618114471435547e-01 -9.786921739578247070e-02 2.151690721511840820e-01 9.402203559875488281e-02
1.806851625442504883e-01 -4.632170200347900391e-01 1.354169845581054688e-02 -1.085578799247741699e-01 2.824175357818603516e-01 5.911970138549804688e-02
2.247135639190673828e-01 -5.562583804130554199e-01 -1.132040619850158691e-01 -1.224538683891296387e-01 4.104458093643188477e-01 -1.547027230262756348e-01
1.991621255874633789e-01 -4.709029793739318848e-01 -5.279892683029174805e-02 -2.042251229286193848e-01 3.374613523483276367e-01 -8.292770385742187500e-02
1.477051973342895508e-01 -7.033598423004150391e-01 -8.645534515380859375e-03 -1.098669767379760742e-01 3.951491117477416992e-01 -2.552090287208557129e-01
3.315877914428710938e-02 -5.167065858840942383e-01 -8.428388833999633789e-02 -1.334037184715270996e-01 2.308551073074340820e-01 -2.118491530418395996e-01
-3.494758605957031250e-01 -2.998374700546264648e-01 1.563029289245605469e-01 -1.046950817108154297e-01 -9.586471319198608398e-02 1.111397743225097656e-01
-1.731844544410705566e-01 -3.860014677047729492e-01 3.130302429199218750e-01 -3.980672955513000488e-01 1.272822618484497070e-01 3.362667560577392578e-02
-3.763238191604614258e-01 -3.298899531364440918e-01 3.348181247711181641e-01 -3.715500831604003906e-01 6.054282188415527344e-03 2.441873550415039062e-01
-2.420058846473693848e-01 -4.113776087760925293e-01 4.331032037734985352e-01 -5.029016733169555664e-01 2.254732847213745117e-01 7.253050804138183594e-02
-6.644278764724731445e-02 -2.422720193862915039e-01 4.764107465744018555e-01 -5.507150292396545410e-01 1.594680547714233398e-01 2.014815807342529297e-01
-4.011911153793334961e-02 -1.977532505989074707e-01 3.808158636093139648e-01 -3.740760087966918945e-01 6.645429134368896484e-02 2.782278060913085938e-01
-2.466766238212585449e-01 -4.274749755859375000e-01 9.502434730529785156e-02 -3.954326510429382324e-01 1.796913146972656250e-01 -9.959656000137329102e-02
-2.975366711616516113e-01 -3.503436446189880371e-01 3.417607545852661133e-01 -3.320947885513305664e-01 2.417361736297607422e-02 4.418671131134033203e-02
-3.219428658485412598e-01 -4.172912836074829102e-01 2.578411102294921875e-01 1.927152872085571289e-01 4.178333282470703125e-02 -3.082564473152160645e-01
-3.187882900238037109e-02 -5.628184676170349121e-01 1.121815443038940430e-01 4.528647661209106445e-01 3.225317001342773438e-01 -7.261118888854980469e-01
-4.451000690460205078e-02 -5.054247975349426270e-01 3.292001485824584961e-01 3.261981010437011719e-01 2.902475595474243164e-01 -6.105669736862182617e-01
2.358913421630859375e-02 -2.515992522239685059e-01 3.662433624267578125e-01 -8.280593156814575195e-02 2.148509025573730469e-01 -1.623784303665161133e-01
2.396907806396484375e-01 -2.704426050186157227e-01 6.128513813018798828e-02 1.196187734603881836e-01 3.763521909713745117e-01 -3.912406563758850098e-01
9.434688091278076172e-02 -1.915915012359619141e-01 1.352239847183227539e-01 7.722139358520507812e-02 3.892447948455810547e-01 -3.769444823265075684e-01
3.429143428802490234e-01 -9.228473901748657227e-02 -6.161946058273315430e-02 1.420274972915649414e-01 3.603533506393432617e-01 -2.882224917411804199e-01
4.001504182815551758e-01 9.964227676391601562e-03 -4.517525434494018555e-02 9.092521667480468750e-02 3.177676200866699219e-01 -1.821862459182739258e-01
3.271332979202270508e-01 1.935625076293945312e-02 -9.442836046218872070e-02 1.225980520248413086e-01 2.944186925888061523e-01 -1.831214427947998047e-01
2.130571603775024414e-01 -1.374242305755615234e-01 -1.351952552795410156e-03 9.130382537841796875e-02 4.415725469589233398e-01 -3.302416205406188965e-01
3.780274391174316406e-01 -8.400535583496093750e-02 -8.807241916656494141e-03 7.265567779541015625e-02 4.124014377593994141e-01 -2.177151441574096680e-01
1.949698925018310547e-01 -3.711693882942199707e-01 7.985377311706542969e-02 5.288660526275634766e-02 6.034904718399047852e-01 -4.923921823501586914e-01
2.519068717956542969e-01 -5.147131085395812988e-01 2.081744670867919922e-01 6.529891490936279297e-02 6.786671876907348633e-01 -5.124965310096740723e-01
1.079069375991821289e-01 -3.672309517860412598e-01 4.408063888549804688e-01 -5.722773075103759766e-02 5.810914039611816406e-01 -4.329385757446289062e-01
2.252447605133056641e-02 7.087302207946777344e-02 3.480548858642578125e-01 -1.759148240089416504e-01 -9.363847970962524414e-02 1.687753200531005859e-02
7.874906063079833984e-02 8.159732818603515625e-02 3.543149232864379883e-01 3.458809852600097656e-02 -7.696717977523803711e-02 2.216696739196777344e-03
2.784311771392822266e-02 4.399251937866210938e-02 2.605751752853393555e-01 -2.162688970565795898e-02 -3.458952903747558594e-02 -2.797466516494750977e-02
-1.018369197845458984e-02 1.797151565551757812e-02 3.730490207672119141e-01 -1.746394634246826172e-01 1.021348237991333008e-01 -5.403506755828857422e-02
1.173045635223388672e-01 4.828226566314697266e-02 4.504461288452148438e-01 -1.804033517837524414e-01 6.826841831207275391e-02 7.464337348937988281e-02
-2.029621005058288574e-01 -1.310562491416931152e-01 4.907354116439819336e-01 -2.400732636451721191e-01 7.336354255676269531e-02 -1.151599884033203125e-01
-5.493807792663574219e-02 -4.065984487533569336e-02 4.445172548294067383e-01 -2.271257638931274414e-01 1.754406690597534180e-01 9.624624252319335938e-02
-2.337539196014404297e-01 -3.387230634689331055e-01 3.117276430130004883e-01 -1.746227145195007324e-01 3.300124406814575195e-01 -2.938084602355957031e-01
-4.569020867347717285e-01 -4.897544980049133301e-01 2.317854166030883789e-01 5.511318445205688477e-01 4.791152477264404297e-02 -2.192077636718750000e-01
-4.248436689376831055e-01 -3.086913228034973145e-01 1.173778772354125977e-01 4.771976470947265625e-01 -2.062631845474243164e-01 -1.415731906890869141e-01
-4.254199862480163574e-01 -4.224200248718261719e-01 1.323461532592773438e-01 4.300609827041625977e-01 -3.529560565948486328e-01 -1.496406197547912598e-01
-4.893844127655029297e-01 -4.678257703781127930e-01 1.618335247039794922e-01 5.659952163696289062e-01 -4.147861599922180176e-01 -2.513963580131530762e-01
-4.322310686111450195e-01 -3.883072733879089355e-01 1.543747186660766602e-01 5.216258764266967773e-01 -4.469155073165893555e-01 -2.384971976280212402e-01
-4.601449966430664062e-01 -4.753038287162780762e-01 1.270018815994262695e-01 6.568493843078613281e-01 -3.665080666542053223e-01 -2.850373387336730957e-01
-4.045683741569519043e-01 -3.402858972549438477e-01 4.725790023803710938e-02 7.895183563232421875e-01 -5.013636946678161621e-01 -1.925840973854064941e-01
-5.283269882202148438e-01 -3.658019304275512695e-01 1.578919887542724609e-01 5.702065229415893555e-01 -5.622049570083618164e-01 -7.609146833419799805e-02
-5.022702217102050781e-01 -6.052197217941284180e-01 -3.550648689270019531e-04 7.024549245834350586e-01 -3.901221156120300293e-01 -3.506251573562622070e-01
-6.336717605590820312e-01 -5.661535263061523438e-01 -1.392495036125183105e-01 6.129567623138427734e-01 -4.345324635505676270e-01 -4.600574374198913574e-01
-5.037055015563964844e-01 -5.953676104545593262e-01 3.244137763977050781e-02 6.309964656829833984e-01 -2.521567344665527344e-01 -4.742175936698913574e-01
-5.706694722175598145e-01 -5.968668460845947266e-01 2.322984933853149414e-01 6.839497089385986328e-01 -1.887735128402709961e-01 -3.391532301902770996e-01
-4.817492961883544922e-01 -6.444072723388671875e-01 -1.131655573844909668e-01 6.664760112762451172e-01 -4.864781498908996582e-01 -4.558756351470947266e-01
-5.469042658805847168e-01 -6.307399868965148926e-01 -1.118704080581665039e-01 4.799400568008422852e-01 -6.195913553237915039e-01 -4.315803647041320801e-01
-5.185901522636413574e-01 -4.447891712188720703e-01 3.410156965255737305e-01 3.124487400054931641e-01 -4.773253202438354492e-01 -2.578530907630920410e-01
-7.123380899429321289e-01 -2.662300467491149902e-01 4.223508834838867188e-01 4.577984809875488281e-01 -2.653170824050903320e-01 -2.726829051971435547e-02
-5.172286033630371094e-01 -2.260918617248535156e-01 5.269418954849243164e-01 8.206093311309814453e-02 -4.210034012794494629e-01 6.884741783142089844e-02
-2.998166680335998535e-01 -2.603059411048889160e-01 5.302040576934814453e-01 2.606141567230224609e-02 -3.769578337669372559e-01 4.861629009246826172e-02
-3.592385053634643555e-01 -3.939609527587890625e-01 3.552018404006958008e-01 -8.839339017868041992e-02 -1.271749138832092285e-01 -1.404970288276672363e-01
-4.188849925994873047e-01 -3.189948201179504395e-01 4.763636589050292969e-01 1.328226327896118164e-01 -1.807137131690979004e-01 -8.035516738891601562e-02
-4.477501511573791504e-01 -2.522148489952087402e-01 2.565912008285522461e-01 6.559252738952636719e-02 -2.970076203346252441e-01 -1.112941503524780273e-01
-4.417183399200439453e-01 -1.650271415710449219e-01 3.442257642745971680e-01 1.091467142105102539e-01 -2.779858708381652832e-01 3.882789611816406250e-02
-4.876717925071716309e-01 -1.354468464851379395e-01 3.633996248245239258e-01 -6.515514850616455078e-02 -2.111026048660278320e-01 9.502887725830078125e-03
-4.650802016258239746e-01 1.347533464431762695e-01 -3.887933492660522461e-02 2.589522600173950195e-01 -1.567538380622863770e-01 -2.907366752624511719e-01
-3.232486248016357422e-01 8.264291286468505859e-02 -3.373844027519226074e-01 4.073240756988525391e-01 -1.705749630928039551e-01 -5.331386923789978027e-01
-5.196974277496337891e-01 7.259488105773925781e-02 -1.011251211166381836e-01 2.013279199600219727e-01 -8.684629201889038086e-02 -1.796115040779113770e-01
-3.502118587493896484e-01 9.688031673431396484e-02 -1.397050619125366211e-01 9.862017631530761719e-02 -3.655339479446411133e-01 7.043457031250000000e-02
-2.486987113952636719e-01 2.703837156295776367e-01 -3.901171088218688965e-01 3.174452781677246094e-01 -4.100381731986999512e-01 2.046638727188110352e-01
5.951547622680664062e-02 1.747128963470458984e-01 -6.398149728775024414e-01 4.214446544647216797e-01 -1.443356871604919434e-01 6.824254989624023438e-03
2.643835544586181641e-02 1.173160076141357422e-01 -6.278934478759765625e-01 3.910838365554809570e-01 -1.474828720092773438e-01 5.541408061981201172e-02
-8.490622043609619141e-02 1.288052797317504883e-01 -5.898644924163818359e-01 3.431555032730102539e-01 -1.816425919532775879e-01 1.030749082565307617e-01
9.638178348541259766e-02 1.194329261779785156e-01 -7.116241455078125000e-01 3.646655082702636719e-01 -1.911659836769104004e-01 1.185228824615478516e-01
7.137179374694824219e-03 1.590896844863891602e-01 -5.262697935104370117e-01 2.743407487869262695e-01 -1.203258037567138672e-01 1.491327285766601562e-01
-9.934389591217041016e-02 9.919345378875732422e-02 -5.434927940368652344e-01 1.636260747909545898e-01 -1.000780463218688965e-01 9.358227252960205078e-02
-2.222679853439331055e-01 8.979797363281250000e-03 -5.559101700782775879e-01 9.360694885253906250e-02 -1.031708717346191406e-01 -9.211611747741699219e-02
-2.816954851150512695e-01 4.904031753540039062e-02 -3.262264728546142578e-01 2.217680215835571289e-01 -4.515728950500488281e-01 -1.563030481338500977e-02
-2.727989554405212402e-01 1.384211778640747070e-01 -3.529131412506103516e-03 8.856034278869628906e-02 -5.901324748992919922e-01 1.369918584823608398e-01
-3.965494632720947266e-01 1.466106176376342773e-01 7.088553905487060547e-02 -1.318579316139221191e-01 -5.284731388092041016e-01 7.353508472442626953e-02
-3.524453043937683105e-01 9.997355937957763672e-02 3.333135843276977539e-01 -2.461573481559753418e-01 -2.149258255958557129e-01 7.250225543975830078e-02
-3.134942054748535156e-01 7.573020458221435547e-02 3.575729131698608398e-01 -2.137024402618408203e-01 -3.234084248542785645e-01 2.741885185241699219e-01
-3.821653127670288086e-01 1.624097824096679688e-01 4.328908920288085938e-01 8.302354812622070312e-02 -4.802519083023071289e-01 4.270981550216674805e-01
-4.562826156616210938e-01 8.291089534759521484e-02 3.281464576721191406e-01 -5.484372377395629883e-02 -4.253689050674438477e-01 2.207273244857788086e-01
-4.227615594863891602e-01 -1.261405944824218750e-01 2.988735437393188477e-01 -3.501325845718383789e-02 -2.259668111801147461e-01 -1.281976699829101562e-03
-5.678225159645080566e-01 -1.242462992668151855e-01 2.151529788970947266e-01 -1.961395740509033203e-01 -1.505901217460632324e-01 -2.845793962478637695e-02
-4.734974503517150879e-01 -2.883720397949218750e-02 1.897672414779663086e-01 -3.288263082504272461e-02 -3.062178492546081543e-01 6.056487560272216797e-02
-3.145211935043334961e-01 -6.121093034744262695e-01 -3.667575120925903320e-02 3.155560493469238281e-01 -2.846710681915283203e-01 -5.486122965812683105e-01
-4.044144153594970703e-01 -5.420805215835571289e-01 -9.261846542358398438e-03 4.326448440551757812e-01 -4.732486605644226074e-01 -5.225596427917480469e-01
-3.572940230369567871e-01 -5.551874637603759766e-01 -1.908671855926513672e-02 5.638393163681030273e-01 -5.118201971054077148e-01 -3.900624513626098633e-01
-4.404349923133850098e-01 -5.924559235572814941e-01 -3.044657111167907715e-01 7.669129371643066406e-01 -5.488566160202026367e-01 -4.391601681709289551e-01
-9.111160039901733398e-02 -8.199270963668823242e-01 -1.677308082580566406e-01 1.584984064102172852e-01 -3.333751559257507324e-01 -5.395587086677551270e-01
-1.219352483749389648e-01 -7.231679558753967285e-01 -2.300667166709899902e-01 -2.241410613059997559e-01 -3.542353510856628418e-01 -3.837075829505920410e-01
1.953104734420776367e-01 -4.608848094940185547e-01 -3.146892786026000977e-01 -3.304444551467895508e-01 -4.850154519081115723e-01 -7.982665300369262695e-02
2.783970832824707031e-01 -5.050655603408813477e-01 -2.249455451965332031e-01 -3.509836196899414062e-01 -4.397372007369995117e-01 -3.971993923187255859e-02
2.930858135223388672e-01 -5.683971643447875977e-01 -2.448109984397888184e-01 -3.575913906097412109e-01 -3.190557360649108887e-01 -1.571747660636901855e-01
3.577992916107177734e-01 -5.373880267143249512e-01 -2.771913409233093262e-01 -3.785994648933410645e-01 -2.635930180549621582e-01 -7.164788246154785156e-02
2.012497186660766602e-01 -5.233556032180786133e-01 -1.860686540603637695e-01 -2.960553169250488281e-01 -3.177186250686645508e-01 2.016675472259521484e-02
3.250035047531127930e-01 -4.156816005706787109e-01 -2.204186916351318359e-01 -2.968866229057312012e-01 -3.460162281990051270e-01 1.484951972961425781e-01
3.352377414703369141e-01 -4.991588592529296875e-01 -3.990879058837890625e-01 -3.066072463989257812e-01 -2.544429898262023926e-01 3.400981426239013672e-02
3.082963228225708008e-01 -4.911782145500183105e-01 -2.102457880973815918e-01 -4.073302149772644043e-01 -1.969532966613769531e-01 9.401655197143554688e-02
2.971934080123901367e-01 -5.122034549713134766e-01 -2.519367337226867676e-01 -3.513584136962890625e-01 -1.722572445869445801e-01 4.184007644653320312e-02
2.077873945236206055e-01 -4.709464907646179199e-01 -2.194225788116455078e-01 -3.885707259178161621e-01 -1.357659101486206055e-01 4.442465305328369141e-02
2.649151086807250977e-01 -6.848620176315307617e-01 -1.351875066757202148e-01 -3.777472376823425293e-01 -2.902252674102783203e-01 -1.378814578056335449e-01
2.005904912948608398e-01 -3.641525506973266602e-01 -3.012014031410217285e-01 -2.945603728294372559e-01 -2.793932557106018066e-01 2.596974372863769531e-02
-2.617359161376953125e-02 -4.952613115310668945e-01 -1.179852485656738281e-01 -3.904748558998107910e-01 -1.434048414230346680e-01 -1.356715559959411621e-01
-3.398644328117370605e-01 -4.499675035476684570e-01 -2.109676599502563477e-01 -1.504058837890625000e-01 -3.431318998336791992e-01 -1.084405779838562012e-01
-2.888640761375427246e-01 -5.114809274673461914e-01 -3.577101826667785645e-01 -1.198695302009582520e-01 -1.682413220405578613e-01 -2.481102347373962402e-01
-2.775627970695495605e-01 -6.014395952224731445e-01 1.510021686553955078e-01 -4.204602837562561035e-01 1.044303178787231445e-01 -2.693936824798583984e-01
