-9.409010410308837891e-03 -4.671393036842346191e-01 -6.042242050170898438e-02 -3.557147383689880371e-01 -4.113168120384216309e-01 1.574838161468505859e-02
2.704842090606689453e-01 -5.482523441314697266e-01 -1.278331279754638672e-01 -2.813898921012878418e-01 -3.642781376838684082e-01 -3.362566232681274414e-02
1.770006418228149414e-01 -4.374095797538757324e-01 -8.264917135238647461e-02 -3.297788500785827637e-01 -4.498621225357055664e-01 1.066275835037231445e-01
4.440913200378417969e-01 -5.096712708473205566e-01 4.709482192993164062e-03 -4.726710915565490723e-01 -2.450991272926330566e-01 1.110612154006958008e-01
2.228304147720336914e-01 -6.272749304771423340e-01 -1.717728376388549805e-02 -3.997727632522583008e-01 -2.403350472450256348e-01 7.771015167236328125e-03
1.461768150329589844e-01 -7.388381958007812500e-01 7.151234149932861328e-02 -3.982053995132446289e-01 -1.027086377143859863e-01 -1.877367496490478516e-01
2.319890260696411133e-01 -6.607745289802551270e-01 5.836153030395507812e-02 -3.017975091934204102e-01 -2.766624689102172852e-01 -5.963814258575439453e-02
9.160864353179931641e-02 -6.055301427841186523e-01 8.042502403259277344e-02 -3.866418600082397461e-01 -4.312668442726135254e-01 -1.448392868041992188e-03
2.307164669036865234e-01 -5.468946695327758789e-01 1.457391977310180664e-01 -4.765312671661376953e-01 -2.631012201309204102e-01 1.240372657775878906e-02
3.129900693893432617e-01 -6.466369628906250000e-01 2.995599508285522461e-01 -4.497775435447692871e-01 -1.789838671684265137e-01 3.385436534881591797e-02
3.235236406326293945e-01 -5.530011057853698730e-01 1.061184406280517578e-01 -4.327737689018249512e-01 -2.577995657920837402e-01 -2.704083919525146484e-03
2.184953689575195312e-01 -5.947684049606323242e-01 -1.797103881835937500e-02 -4.434470534324645996e-01 -1.937804222106933594e-01 -1.605041027069091797e-01
2.112388610839843750e-01 -6.019501686096191406e-01 -5.604386329650878906e-02 -3.418874740600585938e-01 -2.690541148185729980e-01 -1.638749241828918457e-01
1.911150217056274414e-01 -5.367712974548339844e-01 1.462566852569580078e-02 -4.421645998954772949e-01 -3.514499664306640625e-01 -7.487195730209350586e-02
2.602485418319702148e-01 -6.053959131240844727e-01 3.339874744415283203e-02 -3.552561402320861816e-01 -3.299794793128967285e-01 -5.262279510498046875e-02
2.207669019699096680e-01 -5.757057070732116699e-01 -5.601078271865844727e-02 -3.103988170623779297e-01 -4.131053686141967773e-01 2.446460723876953125e-02
2.936476469039916992e-01 -5.991195440292358398e-01 -7.731676101684570312e-02 -3.554098606109619141e-01 -1.820872426033020020e-01 -3.119361400604248047e-02
3.210341930389404297e-01 -6.223999857902526855e-01 -7.163208723068237305e-02 -3.329260349273681641e-01 2.103114128112792969e-02 -4.789835214614868164e-02
2.319581508636474609e-01 -4.935601353645324707e-01 6.238508224487304688e-02 -2.802277803421020508e-01 -4.924094676971435547e-02 1.039454936981201172e-01
2.505326271057128906e-01 -4.065311551094055176e-01 -4.372149705886840820e-02 -3.423057198524475098e-01 -4.639077186584472656e-02 1.491194963455200195e-01
2.884348630905151367e-01 -3.360801339149475098e-01 2.976417541503906250e-03 -3.488241434097290039e-01 -5.995124578475952148e-02 2.709764242172241211e-01
1.264312267303466797e-01 -2.392946481704711914e-01 4.057979583740234375e-02 -4.854683876037597656e-01 -6.103342771530151367e-02 3.189069032669067383e-01
1.357510089874267578e-01 -1.572762131690979004e-01 3.253483772277832031e-02 -4.693651199340820312e-01 -9.477090835571289062e-02 4.180014133453369141e-01
1.051455736160278320e-01 -9.258472919464111328e-02 9.180688858032226562e-02 -4.615629315376281738e-01 -8.810752630233764648e-02 4.985548257827758789e-01
1.127544641494750977e-01 -1.675910949707031250e-01 1.087464094161987305e-01 -4.663875102996826172e-01 4.594671726226806641e-02 3.826627731323242188e-01
7.136297225952148438e-02 -1.528265476226806641e-01 1.316376924514770508e-01 -4.307279586791992188e-01 2.660012245178222656e-02 4.149354696273803711e-01
7.025325298309326172e-02 -1.642502546310424805e-01 1.076647043228149414e-01 -3.170146942138671875e-01 -4.324018955230712891e-03 3.903027772903442383e-01
1.050550937652587891e-01 -1.583401560783386230e-01 5.505430698394775391e-02 -2.850207090377807617e-01 6.518459320068359375e-02 3.132323026657104492e-01
1.320480108261108398e-01 -1.660830974578857422e-01 9.446024894714355469e-02 -3.494859337806701660e-01 8.645761013031005859e-02 3.230072259902954102e-01
4.691004753112792969e-02 -1.262165904045104980e-01 1.991916894912719727e-01 -4.009865522384643555e-01 3.706812858581542969e-03 4.000290632247924805e-01
-1.014947891235351562e-03 -2.127852439880371094e-01 3.085887432098388672e-01 -4.583973884582519531e-01 -1.682728528976440430e-02 3.651233911514282227e-01
-3.213763236999511719e-03 -2.995036840438842773e-01 2.762567996978759766e-01 -4.521729350090026855e-01 -1.857149600982666016e-02 2.060968875885009766e-01
-2.499679923057556152e-01 -4.218885898590087891e-01 2.860292196273803711e-01 -4.088088274002075195e-01 -8.136463165283203125e-02 5.310750007629394531e-02
-4.689248204231262207e-01 -3.392705917358398438e-01 4.278762340545654297e-01 -2.034604549407958984e-02 -3.653174638748168945e-02 8.257639408111572266e-02
-4.674435257911682129e-01 -2.853788137435913086e-01 2.857016324996948242e-01 -4.619249105453491211e-01 -1.721373796463012695e-01 1.536591053009033203e-01
-3.288877606391906738e-01 -3.834701180458068848e-01 4.660900831222534180e-01 -3.039329648017883301e-01 1.170779466629028320e-01 8.994913101196289062e-02
-5.826086997985839844e-01 -2.993142008781433105e-01 2.327920198440551758e-01 -1.932681202888488770e-01 -3.178411722183227539e-02 1.829493045806884766e-02
-6.476911902427673340e-01 -3.910436034202575684e-01 2.773951292037963867e-01 -3.278844952583312988e-01 6.926655769348144531e-02 -1.592653989791870117e-02
-5.201497077941894531e-01 -3.152460455894470215e-01 2.726181745529174805e-01 -1.406676769256591797e-01 -1.900839805603027344e-02 1.432188749313354492e-01
-6.714159250259399414e-01 -1.844641566276550293e-01 3.489843606948852539e-01 -3.350184559822082520e-01 -1.179214119911193848e-01 1.933038234710693359e-01
-3.884187936782836914e-01 -3.938884735107421875e-01 4.836351871490478516e-01 -1.033298969268798828e-01 3.101344108581542969e-01 -2.470303773880004883e-01
7.431530952453613281e-02 -4.366049766540527344e-01 5.179986953735351562e-01 -1.048638224601745605e-01 3.791911602020263672e-01 -7.023510932922363281e-01
-1.432645320892333984e-02 -3.207808136940002441e-01 6.688045263290405273e-01 -2.061008214950561523e-01 4.243221282958984375e-01 -6.923261284828186035e-01
-1.546860337257385254e-01 -2.509979009628295898e-01 7.063101530075073242e-01 -1.884887218475341797e-01 1.215075254440307617e-01 -3.769576549530029297e-01
7.586586475372314453e-02 5.045902729034423828e-02 4.356616735458374023e-01 -5.217075943946838379e-01 -2.572096586227416992e-01 -1.511769294738769531e-01
9.162652492523193359e-02 2.601521015167236328e-01 5.082079172134399414e-01 -6.764644384384155273e-01 -2.211732268333435059e-01 1.184911727905273438e-01
1.290891170501708984e-01 3.219065666198730469e-01 5.466529130935668945e-01 -5.689847469329833984e-01 -2.783077359199523926e-01 2.186746597290039062e-01
2.594207525253295898e-01 5.246276855468750000e-01 3.624657392501831055e-01 -4.775053858757019043e-01 -2.730048298835754395e-01 3.980093002319335938e-01
3.535627126693725586e-01 4.820733070373535156e-01 4.155741930007934570e-01 -4.902758598327636719e-01 -3.286635875701904297e-02 2.955313920974731445e-01
5.190662145614624023e-01 4.673533439636230469e-01 3.566162586212158203e-01 -4.966230392456054688e-01 9.662115573883056641e-02 3.014709949493408203e-01
5.651211738586425781e-01 3.936803340911865234e-01 2.612185478210449219e-01 -4.364405274391174316e-01 2.025407552719116211e-01 2.095441818237304688e-01
5.132614374160766602e-01 3.442649841308593750e-01 3.073345422744750977e-01 -3.986282944679260254e-01 2.329143285751342773e-01 2.312700748443603516e-01
3.983291387557983398e-01 1.757545471191406250e-01 3.181470632553100586e-01 -4.016970992088317871e-01 3.617074489593505859e-01 3.404486179351806641e-02
3.502516746520996094e-01 1.229560375213623047e-01 4.017322063446044922e-01 -6.087499856948852539e-01 4.433939456939697266e-01 -9.603029489517211914e-02
2.550250291824340820e-01 2.935755252838134766e-02 3.870214223861694336e-01 -6.860534548759460449e-01 4.103310108184814453e-01 -1.690110564231872559e-01
-3.595348596572875977e-01 3.844571113586425781e-02 6.795375347137451172e-01 -4.427352547645568848e-01 9.848439693450927734e-02 1.257884502410888672e-02
1.168829202651977539e-01 2.392492294311523438e-01 2.789047956466674805e-01 -3.864250779151916504e-01 3.886198997497558594e-02 4.477572441101074219e-02
-1.017981767654418945e-02 -1.789790391921997070e-02 4.824483394622802734e-01 -4.967467188835144043e-01 1.540167331695556641e-01 -1.684466004371643066e-01
-2.749800086021423340e-01 -1.362619996070861816e-01 5.637065172195434570e-01 -4.755288362503051758e-01 9.106385707855224609e-02 -1.958040595054626465e-01
-8.395940065383911133e-02 -2.647651433944702148e-01 5.140252113342285156e-01 -3.953793048858642578e-01 2.668018341064453125e-01 -1.974993944168090820e-01
-3.468154072761535645e-01 -1.391994357109069824e-01 2.658178806304931641e-01 -1.376339197158813477e-01 1.461534500122070312e-01 -1.004183888435363770e-01
-4.817013144493103027e-01 -2.318829298019409180e-02 4.540982246398925781e-01 -1.363379359245300293e-01 5.241847038269042969e-02 6.994378566741943359e-02
-3.128099441528320312e-01 -9.431618452072143555e-02 4.490224123001098633e-01 -9.050053358078002930e-02 3.016638755798339844e-02 3.010058403015136719e-02
-1.735463142395019531e-01 -1.748315691947937012e-01 4.091241359710693359e-01 -2.692459225654602051e-01 1.517468690872192383e-01 -2.258141636848449707e-01
-2.146387696266174316e-01 -3.062003254890441895e-01 4.746239185333251953e-01 -2.965873479843139648e-01 2.304763793945312500e-01 -3.177735805511474609e-01
-3.942847251892089844e-02 4.340274333953857422e-01 4.764412641525268555e-01 -1.998463869094848633e-01 -1.592747569084167480e-01 4.591503143310546875e-01
-1.840673089027404785e-01 6.144818067550659180e-01 3.839718103408813477e-01 -2.574038505554199219e-02 -3.940374255180358887e-01 5.865957736968994141e-01
-4.898545145988464355e-01 3.443366289138793945e-01 5.614217519760131836e-01 2.463291883468627930e-01 -2.990183234214782715e-01 4.888951778411865234e-01
-1.429117918014526367e-01 -3.395074605941772461e-02 6.901581287384033203e-01 -4.425402879714965820e-01 -1.697541475296020508e-01 1.115022897720336914e-01
-1.375569701194763184e-01 1.890363693237304688e-01 3.649375438690185547e-01 -2.643262743949890137e-01 -3.217496871948242188e-01 5.912737846374511719e-01
1.818096637725830078e-02 2.873460054397583008e-01 8.376359939575195312e-02 -2.033758163452148438e-02 -2.479594945907592773e-01 5.946693420410156250e-01
-1.035330891609191895e-01 3.059411048889160156e-01 6.242239475250244141e-02 5.452752113342285156e-02 -3.630338907241821289e-01 6.477177143096923828e-01
-1.137434244155883789e-01 2.770370244979858398e-01 6.114029884338378906e-02 1.102916002273559570e-01 -3.526874780654907227e-01 6.959176063537597656e-01
-5.822223424911499023e-02 1.648916006088256836e-01 1.504813432693481445e-01 2.022943496704101562e-01 -3.419851064682006836e-01 6.975370645523071289e-01
7.842016220092773438e-02 2.741767168045043945e-01 6.269443035125732422e-02 5.251717567443847656e-02 -1.614649295806884766e-01 6.350973844528198242e-01
-2.574515342712402344e-02 1.757583618164062500e-01 1.744896173477172852e-01 5.664336681365966797e-02 -1.543816328048706055e-01 5.924954414367675781e-01
-1.145601272583007812e-03 2.293828725814819336e-01 7.108259201049804688e-02 8.849370479583740234e-02 -3.744820356369018555e-01 6.807392835617065430e-01
-2.130756974220275879e-01 3.035609722137451172e-01 1.973421573638916016e-01 8.860492706298828125e-02 -3.137112259864807129e-01 8.004186153411865234e-01
-1.603624224662780762e-01 5.307459831237792969e-02 3.023966550827026367e-01 -8.437269926071166992e-02 -2.641483545303344727e-01 5.211199522018432617e-01
-1.136624217033386230e-01 2.073633670806884766e-01 2.032448053359985352e-01 2.462387084960937500e-03 -2.396871447563171387e-01 5.777754783630371094e-01
-5.741950273513793945e-01 1.162633895874023438e-01 4.346139430999755859e-01 2.200149297714233398e-01 -9.521514177322387695e-02 5.889227390289306641e-01
-2.906488776206970215e-01 -2.630114555358886719e-02 6.026705503463745117e-01 -2.361616492271423340e-01 -3.703137040138244629e-01 4.660941362380981445e-01
8.826792240142822266e-02 -6.573992967605590820e-02 4.223079681396484375e-01 8.339524269104003906e-03 -6.920164823532104492e-02 4.173868894577026367e-01
-3.168469667434692383e-01 2.534377574920654297e-02 5.978792905807495117e-01 4.771196842193603516e-02 -2.954254150390625000e-01 5.667470693588256836e-01
-2.560157775878906250e-01 1.707216501235961914e-01 5.102102756500244141e-01 -5.203658342361450195e-02 -4.118435382843017578e-01 6.360237598419189453e-01
