-2.210556268692016602e-01 -3.652727007865905762e-01 1.996979713439941406e-01 -2.570827603340148926e-01 -3.657162189483642578e-01 -1.813493371009826660e-01
-1.408206820487976074e-01 -3.149214386940002441e-01 2.509070634841918945e-01 -3.719251155853271484e-01 -2.897657752037048340e-01 -1.102867126464843750e-01
-5.474835634231567383e-02 -4.821145534515380859e-01 -5.395472049713134766e-03 -3.201906681060791016e-01 -2.841756939888000488e-01 -3.021509647369384766e-01
-7.672309875488281250e-04 -6.551827192306518555e-01 -2.074591517448425293e-01 -2.707598209381103516e-01 -1.821250915527343750e-01 -4.998800158500671387e-01
4.049658775329589844e-02 -5.848379135131835938e-01 -1.170976161956787109e-01 -2.276722788810729980e-01 -2.099128961563110352e-01 -3.617113232612609863e-01
1.658942699432373047e-01 -5.640823245048522949e-01 -8.067572116851806641e-02 -2.834270000457763672e-01 -2.218410372734069824e-01 -3.033448457717895508e-01
2.711489200592041016e-01 -5.572502613067626953e-01 -2.334651350975036621e-01 -2.027131915092468262e-01 -2.793878316879272461e-01 -3.379150629043579102e-01
9.015738964080810547e-02 -6.198769211769104004e-01 -1.923534274101257324e-01 -4.147532582283020020e-01 -3.158213496208190918e-01 -2.887116074562072754e-01
7.342863082885742188e-02 -5.073596239089965820e-01 -9.699356555938720703e-02 -3.636083006858825684e-01 -4.529697895050048828e-01 -2.127305269241333008e-01
2.277661561965942383e-01 -6.206768751144409180e-01 -8.837938308715820312e-02 -2.402383089065551758e-01 -4.163600802421569824e-01 -3.013465404510498047e-01
2.919236421585083008e-01 -6.389806866645812988e-01 -1.313744187355041504e-01 -1.404930949211120605e-01 -5.152405500411987305e-01 -2.895026803016662598e-01
2.965166568756103516e-01 -4.144421815872192383e-01 -2.221892476081848145e-01 -2.683774828910827637e-01 -4.319691658020019531e-01 -2.090860009193420410e-01
2.914440631866455078e-01 -4.448011517524719238e-01 -1.767401695251464844e-01 -2.209792137145996094e-01 -4.186798334121704102e-01 -1.701164245605468750e-01
1.887798309326171875e-01 -4.811291694641113281e-01 -6.321489810943603516e-02 -1.806142330169677734e-01 -5.151758790016174316e-01 -9.800279140472412109e-02
1.816841363906860352e-01 -5.894989967346191406e-01 -1.648422479629516602e-01 -1.799043416976928711e-01 -4.102391004562377930e-01 -2.119589447975158691e-01
2.580918073654174805e-01 -6.506595611572265625e-01 -1.313035488128662109e-01 -2.397885918617248535e-01 -2.956786155700683594e-01 -3.014075756072998047e-01
3.403689861297607422e-01 -7.034982442855834961e-01 -1.668173670768737793e-01 -3.026847243309020996e-01 -2.014177441596984863e-01 -3.559591174125671387e-01
1.239151954650878906e-01 -6.569677591323852539e-01 -2.288852930068969727e-01 -2.843697071075439453e-01 -3.853536248207092285e-01 -3.277003169059753418e-01
1.372628211975097656e-01 -6.547433733940124512e-01 -6.364846229553222656e-02 -2.948380112648010254e-01 -3.436819314956665039e-01 -2.259734869003295898e-01
2.195730209350585938e-01 -7.544246315956115723e-01 -1.586131453514099121e-01 -4.276457428932189941e-01 -7.221698760986328125e-03 -5.718250274658203125e-01
1.264305114746093750e-01 -7.290184497833251953e-01 -1.139947772026062012e-01 -2.896140217781066895e-01 -9.900319576263427734e-02 -3.340797424316406250e-01
7.933032512664794922e-02 -7.212759256362915039e-01 -7.118833065032958984e-02 -1.993125081062316895e-01 -2.062799930572509766e-01 -2.306611537933349609e-01
7.526862621307373047e-02 -5.865065455436706543e-01 -8.950543403625488281e-02 -1.962119340896606445e-01 -1.912587881088256836e-01 -8.281201124191284180e-02
1.654188632965087891e-01 -4.653409123420715332e-01 -1.173161864280700684e-01 -2.987285852432250977e-01 -6.415194272994995117e-02 -7.627522945404052734e-02
2.622221708297729492e-01 -4.032079577445983887e-01 -1.606190204620361328e-01 -2.143216729164123535e-01 -2.062553167343139648e-02 3.418207168579101562e-03
2.991174459457397461e-01 -3.675227761268615723e-01 -5.938863754272460938e-02 -2.714200615882873535e-01 1.361429691314697266e-02 1.420972347259521484e-01
2.763376235961914062e-01 -3.135340213775634766e-01 1.803731918334960938e-02 -3.286265134811401367e-01 5.821824073791503906e-02 2.349478006362915039e-01
1.854528188705444336e-01 -1.979027986526489258e-01 1.162501573562622070e-01 -4.197760224342346191e-01 9.257102012634277344e-02 2.772901058197021484e-01
2.135978937149047852e-01 -1.022946834564208984e-01 1.225745677947998047e-02 -3.078085184097290039e-01 -3.609079122543334961e-02 3.563107252120971680e-01
2.506884336471557617e-01 -7.089221477508544922e-02 1.592475175857543945e-01 -3.923292160034179688e-01 3.371548652648925781e-02 4.209523200988769531e-01
4.175914525985717773e-01 -3.968399763107299805e-02 2.069982290267944336e-01 -3.932478427886962891e-01 6.726932525634765625e-02 4.737131595611572266e-01
3.636221885681152344e-01 -7.867163419723510742e-02 2.870234251022338867e-01 -2.252178788185119629e-01 5.227208137512207031e-03 4.803361892700195312e-01
2.302662134170532227e-01 -1.022307276725769043e-01 2.464839220046997070e-01 -5.825197696685791016e-02 -2.478266358375549316e-01 5.052448511123657227e-01
2.537149190902709961e-01 -1.156705021858215332e-01 2.630982398986816406e-01 -3.146332502365112305e-02 -2.465421557426452637e-01 3.909214735031127930e-01
3.212752342224121094e-01 -1.544674634933471680e-01 2.724722623825073242e-01 -8.761954307556152344e-02 -1.972811222076416016e-01 4.715819358825683594e-01
3.218132257461547852e-01 -2.000846266746520996e-01 2.726074457168579102e-01 -2.281902432441711426e-01 -1.065892577171325684e-01 3.103333711624145508e-01
2.142186164855957031e-01 -3.310227394104003906e-01 3.127062320709228516e-01 -2.287868857383728027e-01 -1.549961566925048828e-01 1.637519598007202148e-01
3.238222599029541016e-01 -3.508748412132263184e-01 2.266715764999389648e-01 -3.153476119041442871e-01 -5.879598855972290039e-02 -2.201259136199951172e-03
-1.778532862663269043e-01 -3.063896298408508301e-01 3.247847557067871094e-01 -1.765937209129333496e-01 -1.898245811462402344e-01 1.738671064376831055e-01
-4.484647512435913086e-01 -5.543202161788940430e-02 5.421679019927978516e-01 2.333915233612060547e-02 -2.945516705513000488e-01 4.419945478439331055e-01
-3.458260297775268555e-01 -1.557471156120300293e-01 4.338439702987670898e-01 -2.697771787643432617e-01 -3.675252199172973633e-02 8.275496959686279297e-02
-4.431041479110717773e-01 -3.152529597282409668e-01 3.898983001708984375e-01 -2.995051741600036621e-01 1.346243619918823242e-01 9.600162506103515625e-03
-2.595113515853881836e-01 -1.862422227859497070e-01 4.852023124694824219e-01 -2.136992216110229492e-01 -1.456570625305175781e-02 1.525883674621582031e-01
-4.105976223945617676e-01 -6.450378894805908203e-02 5.650109052658081055e-01 -2.488096356391906738e-01 -1.189828515052795410e-01 2.745902538299560547e-01
-2.904230952262878418e-01 -1.190455555915832520e-01 5.010721683502197266e-01 -3.251217007637023926e-01 -4.215639829635620117e-02 1.771181821823120117e-01
-3.060384392738342285e-01 -2.863296866416931152e-01 3.954164981842041016e-01 -1.753376126289367676e-01 7.432854175567626953e-02 -4.120266437530517578e-02
-3.757808804512023926e-01 -4.715734124183654785e-01 3.219115734100341797e-01 1.347121000289916992e-01 3.252633810043334961e-01 -4.615192413330078125e-01
-1.010045409202575684e-01 -3.425607681274414062e-01 4.587181806564331055e-01 3.138397932052612305e-01 2.619383335113525391e-01 -2.789397835731506348e-01
-3.541313409805297852e-01 -2.611910104751586914e-01 6.182211637496948242e-01 2.002644538879394531e-01 1.765446662902832031e-01 -1.867286562919616699e-01
-5.580149292945861816e-01 -8.899414539337158203e-02 6.058049201965332031e-01 1.094092130661010742e-01 -3.359563350677490234e-01 7.546305656433105469e-02
-2.806527018547058105e-01 2.057111263275146484e-02 8.358527421951293945e-01 -1.483426690101623535e-01 -3.114537000656127930e-01 1.310529708862304688e-01
9.503340721130371094e-02 6.638383865356445312e-02 6.661635637283325195e-01 -5.426967144012451172e-01 -3.600946068763732910e-01 4.741322994232177734e-02
-5.916750431060791016e-02 9.373784065246582031e-03 8.174620866775512695e-01 -3.581521511077880859e-01 -2.760487794876098633e-01 1.271486282348632812e-02
2.449433803558349609e-01 1.067336797714233398e-01 6.844449043273925781e-01 -5.213763713836669922e-01 -1.074315309524536133e-01 5.467236042022705078e-02
1.989274024963378906e-01 2.504673004150390625e-01 6.282476186752319336e-01 -4.184972643852233887e-01 -1.831195354461669922e-01 1.109679937362670898e-01
3.095132112503051758e-01 1.577396392822265625e-01 7.491134405136108398e-01 -4.138164520263671875e-01 -8.753967285156250000e-02 1.920043230056762695e-01
3.423191308975219727e-01 2.707488536834716797e-01 5.865285396575927734e-01 -4.172762632369995117e-01 -1.565077900886535645e-01 2.423133850097656250e-01
4.386286735534667969e-01 1.861904859542846680e-01 6.174201965332031250e-01 -3.355005979537963867e-01 -1.218921542167663574e-01 3.103851079940795898e-01
3.754334449768066406e-01 7.691144943237304688e-03 6.670244932174682617e-01 -4.264044761657714844e-01 1.127215623855590820e-01 7.207763195037841797e-02
3.036830425262451172e-01 -1.826833486557006836e-01 7.300485372543334961e-01 -4.349690079689025879e-01 2.726134061813354492e-01 -1.022892594337463379e-01
-1.150047183036804199e-01 -1.958854198455810547e-01 7.891064882278442383e-01 -3.720275759696960449e-01 7.516443729400634766e-02 -4.482430219650268555e-02
-2.656646370887756348e-01 -1.758509874343872070e-01 6.465202569961547852e-01 -2.448070049285888672e-01 1.447755098342895508e-01 -8.616167306900024414e-02
-3.760802745819091797e-02 -2.646676898002624512e-01 3.680754899978637695e-01 -2.195050716400146484e-01 -1.756262779235839844e-02 -2.345288395881652832e-01
-1.673816442489624023e-01 -1.819167137145996094e-01 4.025837182998657227e-01 -1.317887306213378906e-01 -1.914151310920715332e-01 -1.420598626136779785e-01
-2.645175457000732422e-01 -2.744042873382568359e-02 6.339435577392578125e-01 -2.242187857627868652e-01 -1.582527160644531250e-01 -2.670824527740478516e-03
-1.581891775131225586e-01 -8.302402496337890625e-02 4.662955999374389648e-01 -2.900664210319519043e-01 -8.695262670516967773e-02 -4.324042797088623047e-02
-1.414517164230346680e-01 -3.304447531700134277e-01 4.204603433609008789e-01 -2.993922829627990723e-01 5.747413635253906250e-02 -2.714307308197021484e-01
-3.239709734916687012e-01 -9.181648492813110352e-02 2.683653831481933594e-01 -2.700945734977722168e-01 -2.017875313758850098e-01 -7.450050115585327148e-02
-1.185324192047119141e-01 -1.470977663993835449e-01 4.690597057342529297e-01 -2.306410074234008789e-01 -1.649405360221862793e-01 -1.319022774696350098e-01
-1.907413601875305176e-01 -2.625799179077148438e-02 5.961873531341552734e-01 -1.784692406654357910e-01 -2.526430487632751465e-01 3.960466384887695312e-02
-1.766399145126342773e-01 -4.027193784713745117e-02 4.771986007690429688e-01 -2.250006198883056641e-01 -3.288561105728149414e-02 -1.232762932777404785e-01
-2.000225782394409180e-01 -6.813716888427734375e-02 1.336731910705566406e-01 1.463006734848022461e-01 1.468914747238159180e-01 -4.721062183380126953e-01
-1.671687960624694824e-01 -3.749449849128723145e-01 1.549364328384399414e-01 -1.656270027160644531e-01 4.007189273834228516e-01 -8.120213747024536133e-01
-2.449014782905578613e-01 -3.415129780769348145e-01 3.146640062332153320e-01 -3.576972484588623047e-01 2.313561439514160156e-01 -6.778062582015991211e-01
-3.010019659996032715e-01 -4.050748944282531738e-01 2.441657781600952148e-01 -3.669635057449340820e-01 9.031188488006591797e-02 -5.781900882720947266e-01
7.755053043365478516e-02 -3.299515247344970703e-01 3.201224803924560547e-01 -5.662534236907958984e-01 2.282786369323730469e-02 -4.238938093185424805e-01
3.371962308883666992e-01 -3.954768180847167969e-01 -1.559031009674072266e-01 -6.806466579437255859e-01 4.429779052734375000e-01 -5.909817218780517578e-01
3.526488542556762695e-01 -2.188538312911987305e-01 -6.430077552795410156e-02 -6.370657682418823242e-01 3.193984031677246094e-01 -3.427610397338867188e-01
2.499278783798217773e-01 -2.291057109832763672e-01 2.199506759643554688e-02 -7.149480581283569336e-01 2.206480503082275391e-01 -2.696834802627563477e-01
2.935308218002319336e-01 -2.112609744071960449e-01 -1.732473373413085938e-01 -6.168258786201477051e-01 1.279858350753784180e-01 -2.866832017898559570e-01
2.991503477096557617e-01 -2.441198229789733887e-01 -1.859691739082336426e-01 -7.480529546737670898e-01 2.250943183898925781e-01 -4.429205060005187988e-01
2.794177532196044922e-01 -2.727569341659545898e-01 -2.048942446708679199e-01 -6.658871173858642578e-01 5.936825275421142578e-02 -3.481521010398864746e-01
1.964048147201538086e-01 -2.579619288444519043e-01 -1.955767273902893066e-01 -6.765555143356323242e-01 3.836488723754882812e-02 -3.545331954956054688e-01
1.104480028152465820e-01 -2.422985434532165527e-01 1.653933525085449219e-02 -7.455869913101196289e-01 -4.273617267608642578e-02 -2.368327379226684570e-01
1.609202623367309570e-01 -4.393089413642883301e-01 7.707428932189941406e-02 -7.004559040069580078e-01 1.310456991195678711e-01 -5.096006393432617188e-01
-1.303740143775939941e-01 -2.929168343544006348e-01 2.207568883895874023e-01 -5.718688964843750000e-01 -6.305932998657226562e-03 -3.017832636833190918e-01
-1.641445755958557129e-01 -1.864095926284790039e-01 5.874205827713012695e-01 -2.689506411552429199e-01 -2.067134380340576172e-01 -5.865490436553955078e-02
-4.237689971923828125e-01 -1.294270753860473633e-01 4.753959178924560547e-01 -3.099223375320434570e-01 -9.786069393157958984e-02 -4.080873727798461914e-02
-1.831212639808654785e-01 -1.928887963294982910e-01 4.837270975112915039e-01 -4.231399893760681152e-01 4.192650318145751953e-02 -1.285719275474548340e-01
-3.019576668739318848e-01 -3.116398453712463379e-01 3.328589200973510742e-01 -2.997802495956420898e-01 2.230572700500488281e-02 -2.901623845100402832e-01
-4.257818460464477539e-01 -1.971071958541870117e-01 1.859484910964965820e-01 -1.107916831970214844e-01 -3.052562475204467773e-01 -2.119397521018981934e-01
-2.660338282585144043e-01 -2.876259684562683105e-01 2.265304327011108398e-01 -3.113105893135070801e-01 -1.414255499839782715e-01 -2.799770832061767578e-01
-2.835565209388732910e-01 -1.186622381210327148e-01 3.405175209045410156e-01 -1.086515188217163086e-01 -3.875907659530639648e-01 -1.234214305877685547e-01
-2.733933925628662109e-01 -1.982170343399047852e-01 4.103373289108276367e-01 -4.207290410995483398e-01 -2.061555981636047363e-01 -1.424836516380310059e-01
-3.062168955802917480e-01 -5.777597427368164062e-02 1.821495294570922852e-01 -2.806717157363891602e-02 -3.827360272407531738e-01 -1.252893209457397461e-01
-3.139251470565795898e-01 -2.626826167106628418e-01 3.721288442611694336e-01 -2.684909105300903320e-02 -2.305991649627685547e-01 -9.704005718231201172e-02
-1.269610524177551270e-01 -3.570579886436462402e-01 4.557428359985351562e-01 2.579391002655029297e-02 -1.367555856704711914e-01 -1.075561046600341797e-01
-1.628071665763854980e-01 -3.292834758758544922e-01 5.145697593688964844e-01 1.685644388198852539e-01 -1.978615522384643555e-01 -7.326364517211914062e-03
-7.207989692687988281e-04 -6.165820956230163574e-01 1.915279626846313477e-01 -2.168011069297790527e-01 -1.168721914291381836e-02 -2.856563925743103027e-01
5.865430831909179688e-02 -2.608520388603210449e-01 1.410305500030517578e-01 -4.700586199760437012e-01 -1.158647537231445312e-01 3.212215900421142578e-01
-3.718835115432739258e-02 -2.955990433692932129e-01 1.233242750167846680e-01 -5.775381326675415039e-01 -4.980790615081787109e-02 3.049116134643554688e-01
-5.717092752456665039e-02 -2.351959943771362305e-01 6.155288219451904297e-02 -4.489200711250305176e-01 -7.396119832992553711e-02 3.337049484252929688e-01
-5.448162555694580078e-03 -2.415345907211303711e-01 5.888891220092773438e-02 -4.134414792060852051e-01 -2.480036020278930664e-02 3.460731506347656250e-01
3.977978229522705078e-02 -1.597709059715270996e-01 3.172600269317626953e-02 -3.199409246444702148e-01 -1.072613000869750977e-01 4.128278493881225586e-01
1.277831792831420898e-01 -1.722288131713867188e-01 -4.105216264724731445e-02 -3.186600208282470703e-01 -6.621122360229492188e-02 3.710995912551879883e-01
5.620300769805908203e-02 -2.039247751235961914e-01 4.513037204742431641e-02 -2.793504595756530762e-01 -7.632690668106079102e-02 4.020891189575195312e-01
-5.047380924224853516e-03 -1.664370298385620117e-01 9.812664985656738281e-02 -3.171650171279907227e-01 -6.729423999786376953e-02 3.946857452392578125e-01
6.063866615295410156e-02 -1.987748742103576660e-01 1.346033811569213867e-01 -2.027846574783325195e-01 -3.406304121017456055e-02 4.295024871826171875e-01
2.469052076339721680e-01 -2.551959156990051270e-01 1.115156412124633789e-01 -1.535106897354125977e-01 1.276209354400634766e-01 3.657854795455932617e-01
-1.323471069335937500e-01 -1.403412818908691406e-01 3.848097324371337891e-01 -1.802228093147277832e-01 -3.755992650985717773e-02 5.406557321548461914e-01
-1.891807317733764648e-01 -1.006372570991516113e-01 4.002504348754882812e-01 -2.538409233093261719e-01 7.002377510070800781e-02 4.865919351577758789e-01
-4.786947965621948242e-01 -2.134467959403991699e-01 5.422421693801879883e-01 -3.016982674598693848e-01 2.570531368255615234e-01 4.176255464553833008e-01
-2.154196500778198242e-01 2.177596092224121094e-03 6.181801557540893555e-01 -4.579658508300781250e-01 -1.076587438583374023e-01 5.583454370498657227e-01
