-1.925285458564758301e-01 -6.652311086654663086e-01 -1.943475008010864258e-01 -3.076032996177673340e-01 -2.066878080368041992e-01 -5.155070424079895020e-01
-9.108829498291015625e-02 -4.674291610717773438e-01 -1.369325518608093262e-01 -5.223082900047302246e-01 -3.623821139335632324e-01 -2.618666291236877441e-01
7.825005054473876953e-02 -6.654762625694274902e-01 -2.860593795776367188e-01 -3.343269228935241699e-01 -3.692829608917236328e-01 -5.592689514160156250e-01
6.903231143951416016e-02 -6.023498177528381348e-01 -2.017810344696044922e-01 -4.772331714630126953e-01 -4.694291353225708008e-01 -3.839360475540161133e-01
4.073381423950195312e-02 -5.085970759391784668e-01 -2.980509996414184570e-01 -3.414255380630493164e-01 -5.172676444053649902e-01 -3.462860584259033203e-01
1.142226457595825195e-01 -4.420843124389648438e-01 -1.618577837944030762e-01 -1.746446490287780762e-01 -5.838412642478942871e-01 -1.121101975440979004e-01
2.152415513992309570e-01 -4.575362801551818848e-01 -2.874035239219665527e-01 -1.811541914939880371e-01 -5.694046020507812500e-01 -1.766384840011596680e-01
1.889599561691284180e-01 -3.858228325843811035e-01 -2.870988249778747559e-01 -1.083589196205139160e-01 -5.390087366104125977e-01 -1.340028047561645508e-01
8.492827415466308594e-02 -4.533658027648925781e-01 -1.394025683403015137e-01 -2.774860262870788574e-01 -5.030546188354492188e-01 -1.023948788642883301e-01
1.453267335891723633e-01 -6.184591650962829590e-01 -2.292422056198120117e-01 8.359777927398681641e-02 -5.284554362297058105e-01 -1.140366792678833008e-01
2.004350423812866211e-01 -6.513619422912597656e-01 -1.562021374702453613e-01 1.140503883361816406e-01 -4.805029034614562988e-01 -8.848673105239868164e-02
3.113133907318115234e-01 -5.415269136428833008e-01 -1.963462233543395996e-01 -2.815526723861694336e-02 -5.122033357620239258e-01 -7.043486833572387695e-02
2.623686790466308594e-01 -6.847962141036987305e-01 -2.544521093368530273e-01 -4.136264324188232422e-02 -4.748020768165588379e-01 -2.672411799430847168e-01
2.606803178787231445e-01 -5.825113058090209961e-01 -2.519850730895996094e-01 3.812956809997558594e-02 -6.444605588912963867e-01 -7.830798625946044922e-02
4.114772081375122070e-01 -7.131218314170837402e-01 -3.647191524505615234e-01 -4.137998819351196289e-02 -4.722734093666076660e-01 -3.233105540275573730e-01
2.962735891342163086e-01 -6.285364627838134766e-01 -3.270869255065917969e-01 5.656492710113525391e-02 -5.118086338043212891e-01 -2.037508487701416016e-01
4.180934429168701172e-01 -5.565074682235717773e-01 -4.204698204994201660e-01 5.918121337890625000e-02 -4.381399750709533691e-01 -9.001630544662475586e-02
3.254820108413696289e-01 -5.746853351593017578e-01 -3.819485306739807129e-01 -1.566007137298583984e-01 -2.442311048507690430e-01 -2.072046399116516113e-01
2.736712694168090820e-01 -5.656807422637939453e-01 -3.602206110954284668e-01 -1.839633584022521973e-01 -2.236198186874389648e-01 -1.778168082237243652e-01
3.951587677001953125e-01 -6.299077272415161133e-01 -4.409316778182983398e-01 -1.198135018348693848e-01 -8.853733539581298828e-02 -1.099971532821655273e-01
2.573050260543823242e-01 -6.023994684219360352e-01 -3.631733655929565430e-01 -1.122210025787353516e-01 -5.124878883361816406e-02 -7.731860876083374023e-02
1.639977693557739258e-01 -5.572435259819030762e-01 -2.870395183563232422e-01 -1.418863534927368164e-01 -5.199551582336425781e-02 2.883446216583251953e-02
2.829108238220214844e-01 -5.469858050346374512e-01 -3.032959103584289551e-01 -1.676688790321350098e-01 -1.907068490982055664e-02 5.436074733734130859e-02
2.477455139160156250e-01 -5.531992912292480469e-01 -2.146747112274169922e-01 -1.313246488571166992e-01 -1.099514961242675781e-02 9.757411479949951172e-02
1.796336174011230469e-01 -5.940060615539550781e-01 -2.311242818832397461e-01 -5.704426765441894531e-02 -4.525864124298095703e-02 2.960741519927978516e-02
1.439105272293090820e-01 -6.155769824981689453e-01 -1.910454034805297852e-01 -1.040121316909790039e-01 2.300000190734863281e-02 -1.788908243179321289e-02
1.556719541549682617e-01 -5.656886100769042969e-01 -1.987539529800415039e-01 -1.320307850837707520e-01 6.528043746948242188e-02 2.591991424560546875e-02
2.227790355682373047e-01 -5.518321990966796875e-01 -3.164042830467224121e-01 -7.444143295288085938e-02 9.982442855834960938e-02 3.028607368469238281e-02
2.054634094238281250e-01 -5.155593156814575195e-01 -2.518566846847534180e-01 -6.228369474411010742e-02 9.112715721130371094e-02 3.738510608673095703e-02
4.669749736785888672e-02 -5.793989896774291992e-01 -2.225050926208496094e-01 -3.396439552307128906e-02 2.117273807525634766e-01 -8.366924524307250977e-02
5.011808872222900391e-02 -5.212148427963256836e-01 -2.630444765090942383e-01 -2.090644836425781250e-02 1.671837568283081055e-01 -5.001938343048095703e-02
5.062103271484375000e-03 -5.368214249610900879e-01 -1.385652422904968262e-01 2.110338211059570312e-02 1.742655038833618164e-01 -2.042716741561889648e-02
3.486633300781250000e-03 -5.168156623840332031e-01 -1.159534454345703125e-01 1.109111309051513672e-02 1.275923252105712891e-01 -9.177982807159423828e-03
1.393640041351318359e-01 -6.274701356887817383e-01 -2.162396907806396484e-01 4.143404960632324219e-02 2.425646781921386719e-01 -1.803247332572937012e-01
2.511976957321166992e-01 -6.586953401565551758e-01 -1.876468062400817871e-01 -6.076085567474365234e-02 2.408787012100219727e-01 -1.563283205032348633e-01
2.763152122497558594e-01 -8.829365968704223633e-01 -2.093270421028137207e-01 -2.079406976699829102e-01 3.548718690872192383e-01 -4.454050064086914062e-01
1.420383453369140625e-01 -8.448588252067565918e-01 -1.508614420890808105e-01 -2.666953802108764648e-01 1.733963489532470703e-01 -4.412455558776855469e-01
8.634293079376220703e-02 -7.523261308670043945e-01 -2.433431148529052734e-02 -1.812991499900817871e-01 2.311084270477294922e-01 -3.210287690162658691e-01
-1.923330426216125488e-01 -3.546530008316040039e-01 4.619837999343872070e-01 -2.575765252113342285e-01 -1.868985891342163086e-01 2.001309394836425781e-01
-1.063774228096008301e-01 -3.844779729843139648e-01 2.401371002197265625e-01 -1.395069956779479980e-01 -1.187004446983337402e-01 4.094314575195312500e-02
-7.140451669692993164e-02 -2.911587953567504883e-01 2.638982534408569336e-01 -2.059093117713928223e-01 -1.965232491493225098e-01 2.033407688140869141e-01
1.936817169189453125e-02 -3.792542219161987305e-01 3.035250902175903320e-01 -3.212576508522033691e-01 -1.954632401466369629e-01 7.912993431091308594e-03
-1.572972536087036133e-01 -2.866805195808410645e-01 4.686729907989501953e-01 -2.882170081138610840e-01 -2.014436721801757812e-01 2.339079380035400391e-01
-2.694351673126220703e-01 -3.561339974403381348e-01 3.751651048660278320e-01 -3.987052440643310547e-01 -1.069063544273376465e-01 1.066445112228393555e-01
-2.402586936950683594e-01 -5.100877285003662109e-01 2.744162082672119141e-01 -1.245507001876831055e-01 1.416101455688476562e-01 -1.937859654426574707e-01
-2.512659430503845215e-01 -3.690991401672363281e-01 1.468465328216552734e-01 -1.211851835250854492e-01 -1.558818221092224121e-01 -6.914418935775756836e-02
-3.041728138923645020e-01 -8.046876192092895508e-01 -1.753579378128051758e-01 2.207372188568115234e-01 -1.415984034538269043e-01 -5.816297531127929688e-01
-2.950128316879272461e-01 -7.559504508972167969e-01 5.455255508422851562e-02 2.599221467971801758e-01 -2.756175398826599121e-01 -3.866893649101257324e-01
-4.436718225479125977e-01 -5.309106707572937012e-01 5.346262454986572266e-02 -1.441067457199096680e-02 -4.990773797035217285e-01 -2.143598794937133789e-01
-5.425410270690917969e-01 -4.172075986862182617e-01 1.042170524597167969e-01 3.166246414184570312e-01 -5.118803977966308594e-01 -1.545367836952209473e-01
-7.099508047103881836e-01 -6.012045145034790039e-01 -1.001013517379760742e-01 4.770011901855468750e-01 -3.764103055000305176e-01 -4.261047840118408203e-01
-5.875015258789062500e-01 -5.502291321754455566e-01 8.521616458892822266e-02 4.487684965133666992e-01 -3.890818953514099121e-01 -2.028352618217468262e-01
-6.135205030441284180e-01 -5.477125644683837891e-01 2.636129856109619141e-01 4.229636192321777344e-01 -3.796606659889221191e-01 -1.447264552116394043e-01
-4.798378348350524902e-01 -5.581676959991455078e-01 4.916560649871826172e-02 5.327970981597900391e-01 -4.446002840995788574e-01 -3.598173260688781738e-01
-6.923652887344360352e-01 -3.941824436187744141e-01 1.617408990859985352e-01 6.337105035781860352e-01 -4.414074420928955078e-01 -1.615101099014282227e-01
-4.512940645217895508e-01 -5.784254074096679688e-01 1.265836954116821289e-01 3.448454141616821289e-01 -3.429594635963439941e-01 -3.159686923027038574e-01
-4.929082393646240234e-01 -3.799335360527038574e-01 2.996972799301147461e-01 9.049355983734130859e-02 -5.726412534713745117e-01 -1.722187995910644531e-01
-5.727275013923645020e-01 -2.521793842315673828e-01 3.379998207092285156e-01 3.701245784759521484e-02 -2.995311021804809570e-01 -1.432119011878967285e-01
-2.985981702804565430e-01 -2.304536104202270508e-01 3.238296508789062500e-01 -3.233952522277832031e-01 -2.893164753913879395e-01 -6.244069337844848633e-02
-3.170062899589538574e-01 -2.314779758453369141e-01 1.609358787536621094e-01 3.416740894317626953e-02 -3.922541141510009766e-01 -3.834098577499389648e-02
-3.600773811340332031e-01 -3.924232125282287598e-01 2.823464870452880859e-01 7.317757606506347656e-02 -1.267156600952148438e-01 -2.220910191535949707e-01
-4.233312010765075684e-01 -3.689635396003723145e-01 8.410501480102539062e-02 -5.523651838302612305e-02 -3.344228863716125488e-01 -1.479782462120056152e-01
-4.036386013031005859e-01 -2.268517613410949707e-01 2.471464872360229492e-01 8.458054065704345703e-02 -3.658677339553833008e-01 -3.373193740844726562e-02
-3.894575834274291992e-01 -4.526565670967102051e-01 3.428292274475097656e-01 -5.895400047302246094e-02 -7.875156402587890625e-02 -2.569133639335632324e-01
-5.946649909019470215e-01 -2.582308053970336914e-01 2.948471307754516602e-01 1.542127132415771484e-02 -1.662196516990661621e-01 -7.236301898956298828e-02
-4.758625626564025879e-01 -3.320616483688354492e-01 5.584290027618408203e-01 -2.199661731719970703e-02 -4.843753576278686523e-02 -1.504348516464233398e-01
-3.969601392745971680e-01 -4.311925172805786133e-01 4.746006727218627930e-01 3.550968170166015625e-01 -1.720349192619323730e-01 -5.780160427093505859e-02
-3.276847600936889648e-01 -5.374975204467773438e-01 1.600145101547241211e-01 6.127350330352783203e-01 -2.696990370750427246e-01 -1.107621788978576660e-01
-5.049468278884887695e-01 -7.059980034828186035e-01 -1.622737050056457520e-01 7.458971738815307617e-01 -2.099204063415527344e-01 -4.536123871803283691e-01
-1.651068329811096191e-01 -7.805610299110412598e-01 2.175748348236083984e-02 4.708706140518188477e-01 -2.003353238105773926e-01 -4.978016018867492676e-01
-2.257638573646545410e-01 -5.119875669479370117e-01 8.030450344085693359e-02 -4.279549121856689453e-01 -2.049595713615417480e-01 -3.600978851318359375e-02
-1.863743662834167480e-01 -4.571583271026611328e-01 3.985702991485595703e-02 -6.327891945838928223e-01 -6.104475259780883789e-02 1.554578542709350586e-01
-1.783288121223449707e-01 -4.245525002479553223e-01 2.564907073974609375e-02 -5.460910797119140625e-01 -4.053831100463867188e-03 1.754175424575805664e-01
-1.966276168823242188e-01 -4.313525557518005371e-01 -4.083496332168579102e-02 -5.340077877044677734e-01 9.902369976043701172e-02 1.473270654678344727e-01
-1.063854694366455078e-01 -3.706438541412353516e-01 -1.191267371177673340e-01 -4.781336188316345215e-01 9.714913368225097656e-02 1.984535455703735352e-01
-6.985175609588623047e-02 -2.956025004386901855e-01 -1.339166760444641113e-01 -4.254385828971862793e-01 9.185421466827392578e-02 2.698125839233398438e-01
-1.456273198127746582e-01 -2.214738726615905762e-01 -8.280140161514282227e-02 -4.056947827339172363e-01 4.344189167022705078e-02 3.711448907852172852e-01
-1.574573516845703125e-01 -1.591840982437133789e-01 -2.630722522735595703e-02 -4.479959607124328613e-01 4.750669002532958984e-02 4.252821207046508789e-01
-1.422595381736755371e-01 -1.074230074882507324e-01 -1.622587442398071289e-02 -4.483532905578613281e-01 8.026719093322753906e-03 4.940155744552612305e-01
-1.238737106323242188e-01 -2.672340273857116699e-01 -5.015659332275390625e-02 -4.104576706886291504e-01 1.793631315231323242e-01 3.074823617935180664e-01
-1.532088518142700195e-01 -3.031595945358276367e-01 -1.288336515426635742e-02 -3.815338015556335449e-01 2.117153406143188477e-01 2.952176332473754883e-01
1.530528068542480469e-02 -3.009646534919738770e-01 -1.125176548957824707e-01 -3.420953750610351562e-01 2.836567163467407227e-01 2.576830387115478516e-01
-5.404150485992431641e-02 -2.905737757682800293e-01 -9.925311803817749023e-02 -2.846910953521728516e-01 2.268248796463012695e-01 2.497283220291137695e-01
-1.045906543731689453e-01 -3.513364791870117188e-01 -1.576070785522460938e-01 -2.293735742568969727e-01 2.422600984573364258e-01 1.966010332107543945e-01
-2.870145440101623535e-01 -3.462430834770202637e-01 2.804231643676757812e-02 -2.298213839530944824e-01 2.348084449768066406e-01 2.347766160964965820e-01
-2.516937851905822754e-01 -3.695387840270996094e-01 -3.905969858169555664e-02 -1.383979916572570801e-01 3.104488849639892578e-01 1.561186313629150391e-01
-4.275894761085510254e-01 -3.782939910888671875e-01 1.506067514419555664e-01 -1.131819486618041992e-01 2.602559328079223633e-01 1.664375066757202148e-01
-2.723577618598937988e-01 -4.552859663963317871e-01 1.618993282318115234e-01 -1.017376184463500977e-01 2.646627426147460938e-01 8.207499980926513672e-02
-4.292841553688049316e-01 -4.611333608627319336e-01 1.318682432174682617e-01 -1.279786229133605957e-01 3.890380859375000000e-01 8.844292163848876953e-02
