4.780411720275878906e-02 -4.004085063934326172e-01 1.675370931625366211e-01 -4.034885764122009277e-01 -4.139675498008728027e-01 -1.135164499282836914e-01
6.217956542968750000e-03 -5.416241288185119629e-01 5.996692180633544922e-02 -3.064680099487304688e-01 -1.992468237876892090e-01 -1.598101258277893066e-01
2.104246616363525391e-02 -4.721554517745971680e-01 -9.168982505798339844e-04 -2.427440881729125977e-01 -3.744487166404724121e-01 8.006107807159423828e-02
5.129683017730712891e-02 -4.535359740257263184e-01 -2.202320098876953125e-02 -3.751646280288696289e-01 -3.435948491096496582e-01 4.491484165191650391e-02
2.142897844314575195e-01 -5.558863282203674316e-01 -1.938881278038024902e-01 -3.361785411834716797e-01 -6.095033884048461914e-02 -2.775298953056335449e-01
2.997153997421264648e-01 -4.704735279083251953e-01 -1.699390411376953125e-01 -2.790839672088623047e-01 -2.494317293167114258e-01 -6.653201580047607422e-02
2.683998346328735352e-01 -4.560509324073791504e-01 -3.607690334320068359e-01 -2.188143134117126465e-01 -3.148663043975830078e-01 -1.142343878746032715e-01
2.900248765945434570e-01 -5.247308015823364258e-01 -1.743267774581909180e-01 -3.486782312393188477e-01 -1.993327140808105469e-01 -1.337631940841674805e-01
8.763623237609863281e-02 -4.741460084915161133e-01 -9.611958265304565430e-02 -2.761425971984863281e-01 -4.081476926803588867e-01 -9.636759757995605469e-03
2.458677291870117188e-01 -3.923285603523254395e-01 -1.622862219810485840e-01 -3.159165978431701660e-01 -3.999986648559570312e-01 -1.339054107666015625e-02
2.402031421661376953e-01 -4.955637454986572266e-01 -1.240385770797729492e-01 -2.379970550537109375e-01 -4.454100131988525391e-01 -1.781380176544189453e-02
2.965537309646606445e-01 -4.376915693283081055e-01 -2.487451434135437012e-01 -2.339195013046264648e-01 -5.166333317756652832e-01 1.197659969329833984e-02
2.977920770645141602e-01 -4.954347014427185059e-01 -1.757572293281555176e-01 -3.170499205589294434e-01 -3.584214448928833008e-01 -6.927669048309326172e-02
3.287717103958129883e-01 -4.606959819793701172e-01 -2.342867851257324219e-01 -2.602126002311706543e-01 -4.573283195495605469e-01 1.319062709808349609e-02
3.832422494888305664e-01 -5.901894569396972656e-01 -2.333155870437622070e-01 -2.968038320541381836e-01 -2.799899578094482422e-01 -1.435399651527404785e-01
2.859846353530883789e-01 -5.255414247512817383e-01 -1.032025218009948730e-01 -4.431058764457702637e-01 -2.461079955101013184e-01 -5.010807514190673828e-02
3.978574275970458984e-01 -5.419948101043701172e-01 -1.391921639442443848e-01 -3.218863010406494141e-01 -2.315078973770141602e-01 -3.344774246215820312e-03
3.121984004974365234e-01 -4.758263826370239258e-01 -6.584322452545166016e-02 -4.264761805534362793e-01 -1.896111369132995605e-01 3.061294555664062500e-02
2.382149696350097656e-01 -4.399461150169372559e-01 -1.477735638618469238e-01 -2.826161384582519531e-01 -2.427111268043518066e-01 8.364748954772949219e-02
3.825551271438598633e-01 -3.993372321128845215e-01 -1.202814579010009766e-01 -3.542214035987854004e-01 -6.524658203125000000e-02 8.465015888214111328e-02
4.094358682632446289e-01 -4.398288726806640625e-01 7.189869880676269531e-03 -4.516228437423706055e-01 2.625131607055664062e-02 1.981668472290039062e-01
2.821632623672485352e-01 -2.292577028274536133e-01 6.376385688781738281e-03 -4.528428912162780762e-01 -1.853049993515014648e-01 4.432699680328369141e-01
3.375165462493896484e-01 -2.183908820152282715e-01 8.242189884185791016e-02 -6.460757255554199219e-01 -7.325232028961181641e-03 4.483284950256347656e-01
3.797523975372314453e-01 -2.049028873443603516e-01 2.549540996551513672e-02 -6.107995510101318359e-01 3.695023059844970703e-02 4.013063907623291016e-01
3.561426401138305664e-01 -1.684974431991577148e-01 1.531480550765991211e-01 -5.274156332015991211e-01 5.840802192687988281e-02 4.798773527145385742e-01
3.129951953887939453e-01 -2.374299764633178711e-01 2.002501487731933594e-01 -5.201427340507507324e-01 1.143741607666015625e-01 4.097747802734375000e-01
3.040391206741333008e-01 -2.270601987838745117e-01 2.837953567504882812e-01 -4.627170562744140625e-01 1.249654293060302734e-01 4.280364513397216797e-01
3.853458166122436523e-01 -2.089561223983764648e-01 2.765555381774902344e-01 -3.688908815383911133e-01 1.267755031585693359e-01 4.571609497070312500e-01
4.503887891769409180e-01 -2.361646294593811035e-01 2.122793197631835938e-01 -2.630909085273742676e-01 1.218907833099365234e-01 3.938783407211303711e-01
4.652775526046752930e-01 -2.673529982566833496e-01 2.402307987213134766e-01 -3.692805171012878418e-01 2.215273380279541016e-01 3.622843027114868164e-01
3.958048820495605469e-01 -2.814318537712097168e-01 2.793179750442504883e-01 -3.518859148025512695e-01 2.245652675628662109e-01 3.118257522583007812e-01
2.430886030197143555e-01 -3.043289184570312500e-01 4.090664386749267578e-01 -4.058143496513366699e-01 2.069448232650756836e-01 3.279768228530883789e-01
2.225842475891113281e-01 -4.208490848541259766e-01 4.038780927658081055e-01 -4.351434111595153809e-01 2.966626882553100586e-01 1.770868301391601562e-01
2.382589578628540039e-01 -5.458426475524902344e-01 4.935888051986694336e-01 -6.036353111267089844e-01 3.615477085113525391e-01 1.411840915679931641e-01
3.171682357788085938e-02 -4.341914653778076172e-01 6.158446073532104492e-01 -6.422501206398010254e-01 1.653511524200439453e-01 2.294899225234985352e-01
-2.541631460189819336e-01 -2.579757571220397949e-01 4.953935146331787109e-01 -4.713996052742004395e-01 -7.238429784774780273e-02 2.434828281402587891e-01
-2.214261293411254883e-01 -2.377402186393737793e-01 4.211035966873168945e-01 -4.159451723098754883e-01 -3.469622135162353516e-02 2.152864933013916016e-01
1.161311864852905273e-01 -3.040385246276855469e-01 3.770120143890380859e-01 -3.976644277572631836e-01 9.577965736389160156e-02 6.986689567565917969e-02
-2.149505019187927246e-01 -2.692183256149291992e-01 6.163448095321655273e-01 -5.428190827369689941e-01 1.423008441925048828e-01 1.861066818237304688e-01
-1.902255415916442871e-01 -1.544331908226013184e-01 6.677217483520507812e-01 -3.122489452362060547e-01 -1.274417042732238770e-01 4.640914201736450195e-01
-1.221425533294677734e-01 -3.683206439018249512e-01 5.053591728210449219e-01 -2.449515461921691895e-01 9.953296184539794922e-02 1.515144109725952148e-01
-2.618911266326904297e-01 -3.448182344436645508e-01 3.405791521072387695e-01 -2.839222550392150879e-01 -5.049693584442138672e-02 1.864695549011230469e-02
-3.929452896118164062e-01 -2.788665890693664551e-01 2.252699136734008789e-01 -2.550452351570129395e-01 -3.847455978393554688e-02 -1.598552465438842773e-01
-3.283777832984924316e-01 -1.380527615547180176e-01 2.857390642166137695e-01 -9.619104862213134766e-02 3.383374214172363281e-01 -4.181665182113647461e-01
-5.937308073043823242e-02 -1.732801795005798340e-01 2.649012804031372070e-01 -9.212118387222290039e-02 1.785954236984252930e-01 -3.056347370147705078e-01
-4.345773458480834961e-01 -2.598024606704711914e-01 1.879395246505737305e-01 1.435925960540771484e-01 3.547756671905517578e-01 -3.826617002487182617e-01
-4.746795296669006348e-01 -2.606702446937561035e-01 4.267866611480712891e-01 -7.188564538955688477e-02 2.048304080963134766e-01 -1.591230630874633789e-01
-9.675204753875732422e-02 -6.053194999694824219e-01 6.868782043457031250e-01 -2.442427277565002441e-01 2.488014698028564453e-01 -4.059274792671203613e-01
1.867543458938598633e-01 -4.291806221008300781e-01 2.196021080017089844e-01 -4.124736189842224121e-01 9.501099586486816406e-02 -1.445085406303405762e-01
6.282019615173339844e-02 -3.375781774520874023e-01 1.239395141601562500e-01 -7.189821004867553711e-01 2.165277004241943359e-01 -1.913750171661376953e-01
1.931324005126953125e-01 -4.334499239921569824e-01 7.246327400207519531e-02 -8.371630311012268066e-01 3.691284656524658203e-01 -3.529757857322692871e-01
3.867330551147460938e-01 -4.177612662315368652e-01 -2.616822719573974609e-03 -8.188729286193847656e-01 4.452670812606811523e-01 -3.519132137298583984e-01
3.104039430618286133e-01 -3.624672293663024902e-01 -4.785805940628051758e-02 -8.090693950653076172e-01 3.313550949096679688e-01 -2.732065916061401367e-01
8.968806266784667969e-02 -2.684947848320007324e-01 4.359483718872070312e-02 -7.179428339004516602e-01 9.009265899658203125e-02 -5.821031332015991211e-02
1.633311510086059570e-01 -2.427455782890319824e-01 -1.660525798797607422e-02 -7.188677787780761719e-01 9.537661075592041016e-02 -1.108662486076354980e-01
1.394509077072143555e-01 -1.408799290657043457e-01 7.155418395996093750e-03 -6.577829718589782715e-01 4.944550991058349609e-02 -1.006265282630920410e-01
8.889198303222656250e-02 -1.779523491859436035e-01 1.057287454605102539e-01 -5.820752382278442383e-01 1.369490623474121094e-01 -2.078604102134704590e-01
-1.986168026924133301e-01 -3.196922540664672852e-01 1.727761030197143555e-01 -6.108647584915161133e-01 1.496421098709106445e-01 -1.221872568130493164e-01
-9.949332475662231445e-02 -2.615457177162170410e-01 4.232903718948364258e-01 -3.774489164352416992e-01 -4.496186971664428711e-02 3.625226020812988281e-02
-5.417263507843017578e-02 -4.390996098518371582e-01 4.008356332778930664e-01 -5.557285547256469727e-01 1.102919578552246094e-01 -1.373801827430725098e-01
-5.505466461181640625e-02 -5.067678689956665039e-01 3.431640863418579102e-01 -3.505567908287048340e-01 8.427000045776367188e-02 -2.261385321617126465e-01
-2.134984731674194336e-01 -3.551969528198242188e-01 2.952797412872314453e-01 -5.815349221229553223e-01 -1.025384664535522461e-02 -1.552193164825439453e-01
-2.140083312988281250e-01 -2.205445766448974609e-01 3.256285190582275391e-01 -3.849489688873291016e-01 -6.441408395767211914e-02 -1.008021235466003418e-01
-2.261600494384765625e-01 -2.580397725105285645e-01 2.688264846801757812e-01 -3.189705014228820801e-01 5.097806453704833984e-02 -1.769765019416809082e-01
-2.827528119087219238e-01 4.021017551422119141e-01 3.262963294982910156e-01 1.882039308547973633e-01 -4.207668900489807129e-01 6.409883499145507812e-01
-3.988273143768310547e-01 4.529526233673095703e-01 2.461323738098144531e-01 -1.178675889968872070e-02 -2.336595058441162109e-01 3.603894710540771484e-01
-5.112715959548950195e-01 4.925887584686279297e-01 3.535861968994140625e-01 4.357898235321044922e-02 -1.793290376663208008e-01 3.581236600875854492e-01
-2.449049949645996094e-01 1.195725202560424805e-01 3.954538106918334961e-01 1.475703716278076172e-02 -1.464877724647521973e-01 1.631965637207031250e-01
-4.600405693054199219e-03 2.525022029876708984e-01 -2.101433277130126953e-02 -2.373505234718322754e-01 -2.195253968238830566e-01 2.520713806152343750e-01
-6.954741477966308594e-02 3.090226650238037109e-01 -1.494315862655639648e-01 -1.778079867362976074e-01 -2.774452567100524902e-01 3.981140851974487305e-01
-2.133548259735107422e-03 2.882477045059204102e-01 -2.768523693084716797e-01 -5.427479743957519531e-03 -2.687946557998657227e-01 4.006664752960205078e-01
1.254879236221313477e-01 3.673982620239257812e-01 -2.633830308914184570e-01 3.215885162353515625e-02 -3.340132236480712891e-01 5.871192216873168945e-01
2.169648408889770508e-01 4.905555248260498047e-01 -2.966367602348327637e-01 9.739398956298828125e-05 -3.534352183341979980e-01 6.223868131637573242e-01
1.769373416900634766e-01 5.129450559616088867e-01 -3.158554434776306152e-01 1.421319246292114258e-01 -4.144039750099182129e-01 6.481760740280151367e-01
7.058751583099365234e-02 4.839345216751098633e-01 -1.685628890991210938e-01 1.264282464981079102e-01 -4.383680224418640137e-01 6.804550886154174805e-01
-4.030549526214599609e-02 4.358551502227783203e-01 -1.215022206306457520e-01 1.678638458251953125e-01 -4.380290508270263672e-01 6.323431730270385742e-01
-3.602504730224609375e-02 4.682284593582153320e-01 -1.099796891212463379e-01 1.544762849807739258e-01 -4.034079909324645996e-01 6.667267084121704102e-01
1.167718172073364258e-01 4.447420835494995117e-01 -2.478020191192626953e-01 2.652980089187622070e-01 -3.149252533912658691e-01 5.772193670272827148e-01
1.393471956253051758e-01 5.249038934707641602e-01 -1.324784159660339355e-01 2.406163215637207031e-01 -4.347356557846069336e-01 7.761344909667968750e-01
3.157377243041992188e-02 3.735698461532592773e-01 -2.705788612365722656e-02 1.769088506698608398e-01 -3.325446844100952148e-01 7.168016433715820312e-01
1.233193874359130859e-01 4.568462371826171875e-01 -1.730083227157592773e-01 3.437846899032592773e-01 -3.065671324729919434e-01 6.550536155700683594e-01
-1.251897215843200684e-01 2.651987075805664062e-01 1.471047401428222656e-01 1.211491823196411133e-01 -3.304742574691772461e-01 6.456328630447387695e-01
-9.397304058074951172e-02 4.633518457412719727e-01 9.364128112792968750e-03 2.355464696884155273e-01 -3.685687184333801270e-01 7.489106655120849609e-01
-2.407247424125671387e-01 1.225593090057373047e-01 2.316480875015258789e-01 1.411187648773193359e-02 -2.552305459976196289e-01 5.486329793930053711e-01
