-2.681161761283874512e-01 -3.302708268165588379e-01 9.585607051849365234e-02 -4.865002632141113281e-01 -3.936648368835449219e-02 -2.201846837997436523e-01
-9.545850753784179688e-02 -5.132776498794555664e-02 1.830351352691650391e-02 -7.491383552551269531e-01 1.656126976013183594e-02 -4.819339513778686523e-02
6.201815605163574219e-02 -1.025996804237365723e-01 -2.251502871513366699e-01 -7.143972516059875488e-01 9.532356262207031250e-02 -2.212685942649841309e-01
5.908656120300292969e-02 -1.795789003372192383e-01 -2.445586323738098145e-01 -7.001934051513671875e-01 1.424715518951416016e-01 -3.031078577041625977e-01
1.047364473342895508e-01 -1.327323913574218750e-01 -2.088057994842529297e-01 -7.635180950164794922e-01 6.295835971832275391e-02 -1.767899394035339355e-01
6.934690475463867188e-02 -1.168039441108703613e-01 -1.801334619522094727e-01 -7.068260908126831055e-01 -2.496105432510375977e-02 -1.209869384765625000e-01
1.305265426635742188e-01 -1.407705545425415039e-01 -3.192114830017089844e-02 -8.290749788284301758e-01 1.030702590942382812e-01 -1.024286150932312012e-01
9.944915771484375000e-02 -1.462427973747253418e-01 2.725124359130859375e-03 -7.424652576446533203e-01 7.918393611907958984e-02 -1.048502326011657715e-01
1.771298646926879883e-01 -1.780685782432556152e-01 -9.166270494461059570e-02 -7.599047422409057617e-01 1.362861394882202148e-01 -1.509355306625366211e-01
2.001663446426391602e-01 -1.454221606254577637e-01 -1.316764354705810547e-01 -7.029587030410766602e-01 8.405864238739013672e-02 -1.498962044715881348e-01
2.161535024642944336e-01 -1.841628551483154297e-01 -2.608394026756286621e-01 -6.620243191719055176e-01 1.279230117797851562e-01 -2.697154283523559570e-01
1.251840591430664062e-01 -1.081432700157165527e-01 -3.158823251724243164e-01 -6.316338777542114258e-01 5.639314651489257812e-02 -2.295498251914978027e-01
8.688950538635253906e-02 -5.890142917633056641e-02 -3.945454955101013184e-01 -6.441409587860107422e-01 4.195451736450195312e-02 -2.965112328529357910e-01
1.524480581283569336e-01 -3.426206111907958984e-02 -5.658880472183227539e-01 -6.886755228042602539e-01 1.194443702697753906e-01 -3.871486783027648926e-01
3.318226337432861328e-02 -7.675570249557495117e-02 -4.966146349906921387e-01 -6.153699159622192383e-01 1.598370075225830078e-01 -3.977499604225158691e-01
-1.001554727554321289e-02 1.314110755920410156e-01 -4.199660420417785645e-01 -5.873018503189086914e-01 -4.698193073272705078e-02 -1.112582087516784668e-01
-1.248878836631774902e-01 2.351090908050537109e-01 -5.199753642082214355e-01 -5.002024173736572266e-01 -2.698288559913635254e-01 7.102787494659423828e-02
-4.135727882385253906e-02 3.079625368118286133e-01 -5.202845335006713867e-01 -4.973672032356262207e-01 -2.171891927719116211e-01 1.487777233123779297e-01
-4.658591747283935547e-02 2.847913503646850586e-01 -3.908549547195434570e-01 -4.354090094566345215e-01 -1.464220285415649414e-01 2.179418802261352539e-01
-4.435968399047851562e-02 3.439903259277343750e-01 -4.213681221008300781e-01 -2.625402808189392090e-01 -2.082474827766418457e-01 3.201694488525390625e-01
-4.540139436721801758e-02 3.189963102340698242e-01 -3.211795687675476074e-01 -7.556796073913574219e-02 -2.603971362113952637e-01 4.807767868041992188e-01
3.614175319671630859e-02 2.906800508499145508e-01 -1.691202521324157715e-01 -1.499966382980346680e-01 -3.528368473052978516e-02 4.122513532638549805e-01
2.384507656097412109e-01 3.873389959335327148e-01 -3.721749186515808105e-01 -4.630625247955322266e-03 -1.697141528129577637e-01 4.580183029174804688e-01
2.426537275314331055e-01 3.293415307998657227e-01 -2.405027151107788086e-01 1.442115306854248047e-01 -2.087979316711425781e-01 4.852981567382812500e-01
2.652273178100585938e-01 3.329430818557739258e-01 -3.207415342330932617e-01 2.656117677688598633e-01 -2.616237401962280273e-01 4.558429718017578125e-01
3.500646352767944336e-01 3.803647756576538086e-01 -3.706866502761840820e-01 4.561541080474853516e-01 -4.861502051353454590e-01 5.161455869674682617e-01
3.962621688842773438e-01 4.349697828292846680e-01 -4.342097043991088867e-01 4.400380849838256836e-01 -5.113844275474548340e-01 5.510516166687011719e-01
3.178080320358276367e-01 3.758912086486816406e-01 -3.582521080970764160e-01 4.621107578277587891e-01 -4.848759174346923828e-01 5.438190698623657227e-01
4.547967910766601562e-01 2.818180322647094727e-01 -4.072062969207763672e-01 4.914617538452148438e-01 -3.903638720512390137e-01 4.335147142410278320e-01
3.595881462097167969e-01 2.815943956375122070e-01 -2.939941883087158203e-01 4.428427219390869141e-01 -4.038299918174743652e-01 3.827353715896606445e-01
1.933076381683349609e-01 2.297506332397460938e-01 -1.927825808525085449e-01 2.906255722045898438e-01 -3.721778392791748047e-01 3.538168668746948242e-01
1.030139923095703125e-01 2.140456438064575195e-01 -2.040609121322631836e-01 3.311163187026977539e-01 -4.413725733757019043e-01 3.472940921783447266e-01
-1.848288774490356445e-01 1.949913501739501953e-01 -1.105965971946716309e-01 1.696692705154418945e-01 -6.073207259178161621e-01 3.185589313507080078e-01
-8.773630857467651367e-02 3.701602220535278320e-01 7.322788238525390625e-02 6.866466999053955078e-02 -6.552365422248840332e-01 5.930813550949096680e-01
-5.669249296188354492e-01 2.896569967269897461e-01 2.014816999435424805e-01 1.701202392578125000e-01 -6.551449298858642578e-01 5.045533180236816406e-01
-3.839263916015625000e-01 1.615053415298461914e-01 2.755771875381469727e-01 7.224810123443603516e-02 -3.969111442565917969e-01 4.625418186187744141e-01
-1.855281591415405273e-01 1.536078453063964844e-01 3.423889875411987305e-01 -5.033892393112182617e-02 -1.879522204399108887e-01 5.291991233825683594e-01
-2.786743044853210449e-01 1.780916452407836914e-01 4.247674942016601562e-01 8.342027664184570312e-03 -3.566710948944091797e-01 6.024097204208374023e-01
-5.460648536682128906e-01 1.775190830230712891e-01 2.601971626281738281e-01 9.506916999816894531e-02 -4.854889512062072754e-01 5.100562572479248047e-01
-5.940785408020019531e-01 1.627252101898193359e-01 3.423659801483154297e-01 7.813596725463867188e-02 -3.185158371925354004e-01 5.200428962707519531e-01
-3.405750393867492676e-01 4.602932929992675781e-02 4.344729185104370117e-01 3.399038314819335938e-02 -2.934430241584777832e-01 2.679519653320312500e-01
-4.252529740333557129e-01 -7.880139350891113281e-02 1.665698289871215820e-01 -1.382195949554443359e-01 2.848052978515625000e-01 -4.854856133460998535e-01
-3.069769144058227539e-01 -2.778095006942749023e-01 2.866326570510864258e-01 7.552385330200195312e-03 5.832759141921997070e-01 -7.333573102951049805e-01
-4.542579054832458496e-01 -3.762919306755065918e-01 5.673106908798217773e-01 -8.944004774093627930e-02 6.459749937057495117e-01 -6.921281814575195312e-01
-5.379256010055541992e-01 -3.861247301101684570e-01 8.440481424331665039e-01 -1.520859003067016602e-01 3.662803173065185547e-01 -3.735832571983337402e-01
-4.466960430145263672e-01 -3.689191937446594238e-01 6.604244709014892578e-01 -1.967106461524963379e-01 1.693325042724609375e-01 -5.369577407836914062e-01
-1.358551979064941406e-01 -3.075304031372070312e-01 7.332288026809692383e-01 -3.274866938591003418e-01 4.543828964233398438e-02 -3.583366274833679199e-01
2.735754251480102539e-01 1.396589279174804688e-01 5.720193386077880859e-01 -3.637820482254028320e-01 -4.853618144989013672e-02 8.012020587921142578e-02
2.607874870300292969e-01 2.525472640991210938e-01 5.209271907806396484e-01 -5.359932184219360352e-01 1.756095886230468750e-02 1.606266498565673828e-01
4.973571300506591797e-01 1.655006408691406250e-01 4.000200033187866211e-01 -4.735475778579711914e-01 9.592795372009277344e-02 1.043348312377929688e-01
3.832308053970336914e-01 3.408765792846679688e-02 4.097281694412231445e-01 -4.468419551849365234e-01 2.498182058334350586e-01 -6.725376844406127930e-02
4.017856121063232422e-01 5.642807483673095703e-02 3.510488271713256836e-01 -3.822626471519470215e-01 2.167161703109741211e-01 -5.682796239852905273e-02
3.868936300277709961e-01 7.166659832000732422e-02 3.755844831466674805e-01 -3.232466578483581543e-01 1.808065176010131836e-01 3.332138061523437500e-02
3.430833816528320312e-01 -3.371286392211914062e-02 5.300177335739135742e-01 -3.139545917510986328e-01 2.076421976089477539e-01 5.853140354156494141e-02
1.275825500488281250e-01 -3.087430000305175781e-01 5.767486095428466797e-01 -5.616807937622070312e-02 3.011851310729980469e-01 -1.381874084472656250e-01
1.217784881591796875e-01 -4.661539793014526367e-01 6.032862663269042969e-01 -2.250042557716369629e-01 5.723866224288940430e-01 -3.262537121772766113e-01
-2.434074878692626953e-03 -3.614359498023986816e-01 6.485397815704345703e-01 -2.348245382308959961e-01 5.359733104705810547e-01 -2.954780459403991699e-01
-3.104075193405151367e-01 -1.101946234703063965e-01 6.604181528091430664e-01 -4.587282538414001465e-01 2.872947454452514648e-01 5.753016471862792969e-02
-1.305012106895446777e-01 -1.022842526435852051e-01 5.110059976577758789e-01 -1.908361315727233887e-01 2.252289056777954102e-01 -2.575427293777465820e-02
-3.704363107681274414e-02 -1.308600902557373047e-01 4.161297082901000977e-01 -1.056220531463623047e-01 3.601443767547607422e-02 4.277956485748291016e-02
-3.466525673866271973e-01 6.084442138671875000e-03 6.317476034164428711e-01 -2.975611686706542969e-01 -3.860765695571899414e-02 7.669770717620849609e-02
-8.066540956497192383e-02 -1.110875010490417480e-01 5.761379003524780273e-01 -3.062168955802917480e-01 2.301105260848999023e-01 -2.000510692596435547e-03
-2.551103830337524414e-01 -2.813155055046081543e-01 4.553977251052856445e-01 -6.980478763580322266e-02 2.447949647903442383e-01 -2.158710360527038574e-01
-3.960437774658203125e-01 -4.263314604759216309e-01 1.958135366439819336e-01 3.700205087661743164e-01 -2.401347160339355469e-01 -2.202341556549072266e-01
-4.375928640365600586e-01 -4.952135086059570312e-01 2.141070365905761719e-01 2.682110071182250977e-01 -2.628546953201293945e-01 -3.566004037857055664e-01
-3.923491835594177246e-01 -5.261372327804565430e-01 2.240563631057739258e-01 4.390617609024047852e-01 -1.432923078536987305e-01 -3.613321185111999512e-01
-4.194740056991577148e-01 -3.662523627281188965e-01 3.777641057968139648e-01 3.646976947784423828e-01 -4.152795076370239258e-01 -2.209667563438415527e-01
-4.263017177581787109e-01 -5.064485073089599609e-01 2.554355859756469727e-01 3.312437534332275391e-01 -3.542714118957519531e-01 -4.012164473533630371e-01
-6.440490484237670898e-01 -4.809256792068481445e-01 3.939176797866821289e-01 3.192530870437622070e-01 -2.769004702568054199e-01 -1.916908025741577148e-01
-2.393887639045715332e-01 -5.472515225410461426e-01 3.042232990264892578e-01 3.452541828155517578e-01 -4.841089248657226562e-01 -2.654960155487060547e-01
-1.087406873703002930e-01 -6.854201555252075195e-01 1.671578884124755859e-01 -2.905434370040893555e-01 -2.732774615287780762e-01 -2.647565603256225586e-01
-2.044552564620971680e-02 -5.388250946998596191e-01 1.204993724822998047e-01 -4.029158353805541992e-01 -3.590843677520751953e-01 -1.157051324844360352e-01
1.831829547882080078e-01 -4.683964848518371582e-01 -6.398469209671020508e-02 -3.483827114105224609e-01 -4.196336269378662109e-01 -1.131780147552490234e-01
4.162421226501464844e-01 -4.645646810531616211e-01 -2.314886450767517090e-01 -2.115190029144287109e-01 -3.922930955886840820e-01 -1.049970388412475586e-01
2.508865594863891602e-01 -3.800163865089416504e-01 -2.506082057952880859e-01 -2.165077924728393555e-01 -4.798865914344787598e-01 -1.024525165557861328e-01
1.699433326721191406e-01 -4.880311489105224609e-01 -2.325944900512695312e-01 -3.391776680946350098e-01 -4.122689962387084961e-01 -1.823022961616516113e-01
-3.922355175018310547e-02 -5.440472364425659180e-01 -1.985585689544677734e-01 -4.367361068725585938e-01 -4.291864037513732910e-01 -2.170955538749694824e-01
1.429367065429687500e-01 -7.203344106674194336e-01 -7.251226902008056641e-02 -3.302358388900756836e-01 -2.489668130874633789e-01 -3.209450244903564453e-01
1.828998327255249023e-01 -6.619708538055419922e-01 4.096376895904541016e-02 -4.078763127326965332e-01 -7.816839218139648438e-02 -3.960454463958740234e-01
3.026580810546875000e-02 -7.132281064987182617e-01 1.411582231521606445e-01 -2.121237516403198242e-01 8.586049079895019531e-02 -3.116540908813476562e-01
-3.397113084793090820e-01 -4.204474687576293945e-01 1.733502149581909180e-01 -1.015949249267578125e-01 -3.537493944168090820e-02 -1.060667634010314941e-01
-2.643816471099853516e-01 -2.746821045875549316e-01 4.418731927871704102e-01 -3.088405728340148926e-01 -2.031316161155700684e-01 7.544076442718505859e-02
-1.145376563072204590e-01 -2.960673570632934570e-01 2.769547700881958008e-01 -9.077495336532592773e-02 -2.071036100387573242e-01 -6.030064821243286133e-02
-2.470164895057678223e-01 -5.324720144271850586e-01 8.792829513549804688e-02 -3.347400426864624023e-01 -5.838769674301147461e-02 -3.540304899215698242e-01
-3.131068944931030273e-01 -5.039756298065185547e-01 -4.746693372726440430e-02 -1.965604424476623535e-01 -9.754520654678344727e-02 -3.501308560371398926e-01
-2.616499066352844238e-01 -3.302451968193054199e-01 3.046576976776123047e-01 -1.532729268074035645e-01 -1.409683823585510254e-01 -1.992112994194030762e-01
-3.618163466453552246e-01 1.738228797912597656e-01 -6.134891510009765625e-02 3.622626066207885742e-01 -2.028360962867736816e-01 3.464508056640625000e-02
-2.136009931564331055e-01 1.131730079650878906e-01 5.698204040527343750e-05 1.033927202224731445e-01 -8.773505687713623047e-02 -7.575988769531250000e-03
-3.777274489402770996e-01 2.205252647399902344e-01 3.079216480255126953e-01 5.072307586669921875e-02 -2.039501070976257324e-01 2.170739173889160156e-01
-2.454995512962341309e-01 1.192566156387329102e-01 3.044610023498535156e-01 -3.966927528381347656e-02 -2.230252027511596680e-01 1.743167638778686523e-01
-2.549984455108642578e-01 7.956385612487792969e-03 5.559921264648437500e-02 -1.042056083679199219e-02 -2.597477436065673828e-01 1.578469276428222656e-01
1.905226707458496094e-02 1.819376945495605469e-01 -3.200596570968627930e-01 -3.515106439590454102e-02 -2.073399424552917480e-01 2.178966999053955078e-01
-9.961521625518798828e-02 1.971304416656494141e-01 -3.345696330070495605e-01 8.016908168792724609e-02 -3.695896267890930176e-01 3.122280836105346680e-01
-2.998352050781250000e-03 1.469988822937011719e-01 -3.731130957603454590e-01 2.368793487548828125e-01 -3.662078380584716797e-01 3.075802326202392578e-01
1.778992414474487305e-01 1.229085922241210938e-01 -5.204729437828063965e-01 2.612065076828002930e-01 -2.090348005294799805e-01 1.137446165084838867e-01
7.097077369689941406e-02 1.826099157333374023e-01 -4.945108890533447266e-01 2.038650512695312500e-01 -3.736858963966369629e-01 2.372837066650390625e-01
1.183314323425292969e-01 2.480282783508300781e-01 -4.248558282852172852e-01 1.065446138381958008e-01 -3.672053217887878418e-01 2.059615850448608398e-01
-9.858345985412597656e-02 2.640995979309082031e-01 -3.024513721466064453e-01 3.748607635498046875e-02 -5.338481664657592773e-01 3.570145368576049805e-01
-1.868496537208557129e-01 1.081422567367553711e-01 -1.404032707214355469e-01 -8.328729867935180664e-02 -4.313029646873474121e-01 1.685801744461059570e-01
-4.435815215110778809e-01 2.994422912597656250e-01 1.720106601715087891e-02 -1.123326420783996582e-01 -5.909025669097900391e-01 3.600820302963256836e-01
-3.820345401763916016e-01 1.988867521286010742e-01 7.045006752014160156e-02 -3.307347297668457031e-01 -4.131531119346618652e-01 2.661079168319702148e-01
-1.447005867958068848e-01 1.438376903533935547e-01 1.690245866775512695e-01 -1.448402404785156250e-01 -8.450603485107421875e-02 2.089395523071289062e-01
-3.763050436973571777e-01 3.797209262847900391e-02 2.288938760757446289e-01 1.203191280364990234e-02 -2.936616539955139160e-01 3.067668676376342773e-01
-5.102097392082214355e-01 7.894909381866455078e-02 3.826153278350830078e-02 -2.472805976867675781e-02 -3.324317932128906250e-01 2.405356168746948242e-01
-3.481130599975585938e-01 -1.341618895530700684e-01 2.234489917755126953e-01 -5.662620067596435547e-03 -4.975885152816772461e-02 2.757108211517333984e-02
-2.627933025360107422e-01 1.119318008422851562e-01 2.739475965499877930e-01 1.887571811676025391e-02 -4.726738333702087402e-01 3.225035667419433594e-01
-3.431015014648437500e-01 2.408140897750854492e-01 3.859108686447143555e-01 -7.204967737197875977e-02 -5.412278175354003906e-01 4.472266435623168945e-01
-2.562295794486999512e-01 -1.254165172576904297e-02 3.170425891876220703e-01 4.259657859802246094e-02 -3.551573157310485840e-01 1.897714138031005859e-01
-1.009947061538696289e-01 -4.493700861930847168e-01 1.139318943023681641e-02 2.873201370239257812e-01 -5.934894084930419922e-02 -2.608013749122619629e-01
-1.235374808311462402e-01 -6.175178289413452148e-01 1.743187904357910156e-01 4.652260541915893555e-01 -1.366714835166931152e-01 -4.687304496765136719e-01
-2.829531431198120117e-01 -6.815758943557739258e-01 1.292121410369873047e-01 4.740952253341674805e-01 -1.003619432449340820e-01 -4.982793927192687988e-01
-4.947880506515502930e-01 -5.197385549545288086e-01 -1.171522140502929688e-01 6.479927301406860352e-01 -6.484427452087402344e-01 -4.273968935012817383e-01
-2.042430639266967773e-01 -4.487561583518981934e-01 1.470763683319091797e-01 6.343476772308349609e-01 -5.411967039108276367e-01 -2.350025773048400879e-01
-1.643445491790771484e-01 -5.729159712791442871e-01 2.281367778778076172e-02 4.398773908615112305e-01 -5.829162597656250000e-01 -2.902303338050842285e-01
-3.842526674270629883e-02 -7.721083164215087891e-01 -5.210047960281372070e-02 -3.573125600814819336e-02 -2.442890405654907227e-01 -3.772439956665039062e-01
3.968416452407836914e-01 -5.935562252998352051e-01 -1.310538649559020996e-01 -3.673210740089416504e-01 -3.980547189712524414e-02 -1.726986765861511230e-01
2.409546375274658203e-01 -5.969925522804260254e-01 -1.459715962409973145e-01 -2.391390800476074219e-01 -2.174855470657348633e-01 -7.711148262023925781e-02
1.418770551681518555e-01 -5.969942808151245117e-01 -1.121190786361694336e-01 -1.534283161163330078e-01 -3.258558511734008789e-01 -7.947695255279541016e-02
3.189795017242431641e-01 -4.976071119308471680e-01 -2.773893475532531738e-01 -1.207489967346191406e-01 -3.397012352943420410e-01 -7.015454769134521484e-02
2.991573810577392578e-01 -4.072583913803100586e-01 -3.080511093139648438e-01 -1.138550639152526855e-01 -4.514166116714477539e-01 -2.375793457031250000e-02
2.940479516983032227e-01 -4.563353061676025391e-01 -1.968507170677185059e-01 -9.355181455612182617e-02 -4.464619755744934082e-01 -3.199142217636108398e-02
3.219016790390014648e-01 -5.241374969482421875e-01 -1.518649458885192871e-01 -1.577087044715881348e-01 -3.096199631690979004e-01 -1.455727219581604004e-01
3.240584135055541992e-01 -5.208561420440673828e-01 -1.966826915740966797e-01 -1.629543900489807129e-01 -3.494257330894470215e-01 -1.228203773498535156e-01
3.209121227264404297e-01 -5.023251175880432129e-01 -2.162124514579772949e-01 -1.509589552879333496e-01 -2.593449354171752930e-01 -1.384924054145812988e-01
3.232100009918212891e-01 -5.080897212028503418e-01 -2.188704013824462891e-01 -2.316893339157104492e-01 -1.312158107757568359e-01 -1.654953956604003906e-01
8.468008041381835938e-02 -6.465863585472106934e-01 1.519033908843994141e-01 -2.416589856147766113e-01 -7.656884193420410156e-02 -9.477472305297851562e-02
-3.467011451721191406e-02 -4.907996654510498047e-01 1.792494058609008789e-01 -2.096824645996093750e-01 -1.811492443084716797e-01 -3.991246223449707031e-02
-2.149628996849060059e-01 -5.187170505523681641e-01 1.040142774581909180e-01 -1.526874303817749023e-01 -2.176768183708190918e-01 -1.251103281974792480e-01
6.893587112426757812e-02 -6.745055913925170898e-01 3.974092006683349609e-02 -1.551424860954284668e-01 8.088457584381103516e-02 -3.116932511329650879e-01
