1.754970550537109375e-01 -5.512241721153259277e-01 -2.867972850799560547e-02 -6.488544940948486328e-01 4.507790803909301758e-01 -5.016574859619140625e-01
2.284198999404907227e-01 -5.874081254005432129e-01 -7.870519161224365234e-02 -6.196517348289489746e-01 3.456200361251831055e-01 -5.261238813400268555e-01
3.592165708541870117e-01 -5.538273453712463379e-01 -1.059451699256896973e-01 -5.730178356170654297e-01 3.410159349441528320e-01 -5.636434555053710938e-01
3.748209476470947266e-01 -4.999734163284301758e-01 -8.074045181274414062e-04 -6.014438271522521973e-01 3.286136388778686523e-01 -4.235393404960632324e-01
4.786379337310791016e-01 -4.946714639663696289e-01 3.858315944671630859e-02 -7.344433665275573730e-01 4.486697912216186523e-01 -4.455706477165222168e-01
4.194217920303344727e-01 -3.814374208450317383e-01 6.336605548858642578e-02 -7.811318635940551758e-01 3.377473354339599609e-01 -2.859890460968017578e-01
3.044720888137817383e-01 -3.978422284126281738e-01 1.782577037811279297e-01 -8.055674433708190918e-01 3.199330568313598633e-01 -2.549531459808349609e-01
3.902405500411987305e-01 -4.457712769508361816e-01 1.272855997085571289e-01 -8.187949657440185547e-01 4.564038515090942383e-01 -3.686183094978332520e-01
4.803253412246704102e-01 -4.444099068641662598e-01 1.115537881851196289e-01 -7.644443511962890625e-01 4.665087461471557617e-01 -3.985103368759155273e-01
4.430966377258300781e-01 -3.777807950973510742e-01 9.023404121398925781e-02 -7.322335243225097656e-01 3.497198820114135742e-01 -3.344963788986206055e-01
3.748100996017456055e-01 -3.546349406242370605e-01 1.775777339935302734e-02 -5.796633958816528320e-01 2.175279855728149414e-01 -3.096011877059936523e-01
3.646967411041259766e-01 -2.925336956977844238e-01 -7.686901092529296875e-02 -6.175447702407836914e-01 1.262993812561035156e-01 -2.943431735038757324e-01
2.882653474807739258e-01 -1.116285324096679688e-01 -1.611250042915344238e-01 -6.928054094314575195e-01 -6.308692693710327148e-02 -1.667078733444213867e-01
1.602354049682617188e-01 -4.018390178680419922e-02 -2.465340495109558105e-01 -6.547752618789672852e-01 -1.893510222434997559e-01 -1.385149359703063965e-01
1.600404977798461914e-01 3.867387771606445312e-02 -3.929581642150878906e-01 -6.257095336914062500e-01 -2.379583716392517090e-01 -1.802904605865478516e-01
1.697350740432739258e-01 1.501852273941040039e-01 -4.548712968826293945e-01 -6.708610653877258301e-01 -1.717726588249206543e-01 -1.205920577049255371e-01
-9.143352508544921875e-03 2.505487203598022461e-01 -5.232895612716674805e-01 -6.802603006362915039e-01 -2.328805923461914062e-01 -2.071923017501831055e-02
3.240382671356201172e-02 3.696273565292358398e-01 -5.426600575447082520e-01 -5.595191717147827148e-01 -3.243906497955322266e-01 1.430244445800781250e-01
-1.616699099540710449e-01 3.519660234451293945e-01 -4.138604998588562012e-01 -4.947916269302368164e-01 -3.799023032188415527e-01 2.494207620620727539e-01
-3.650486469268798828e-03 3.842275142669677734e-01 -6.133743524551391602e-01 -2.753686904907226562e-01 -3.814496397972106934e-01 2.550959587097167969e-01
-6.040030717849731445e-02 4.521874189376831055e-01 -4.989017248153686523e-01 -1.944442391395568848e-01 -4.778960347175598145e-01 4.375705718994140625e-01
-1.366361975669860840e-01 4.963016510009765625e-01 -3.741521239280700684e-01 -2.979933619499206543e-01 -5.129040479660034180e-01 5.933654308319091797e-01
1.029728651046752930e-01 3.389465808868408203e-01 -3.623619675636291504e-01 -2.398199439048767090e-01 -2.220546603202819824e-01 4.344027042388916016e-01
1.983584165573120117e-01 3.138136863708496094e-01 -2.696623802185058594e-01 -2.009871602058410645e-01 -1.610452532768249512e-01 4.843302965164184570e-01
3.312203884124755859e-01 3.119634389877319336e-01 -3.120143413543701172e-01 -1.063329577445983887e-01 -4.860836267471313477e-02 4.220463037490844727e-01
6.332385540008544922e-02 3.381471633911132812e-01 -1.373105645179748535e-01 -1.251246929168701172e-01 -1.924785971641540527e-01 4.826833009719848633e-01
1.889514923095703125e-01 3.003886938095092773e-01 -1.119396090507507324e-01 5.336403846740722656e-03 -2.362395524978637695e-01 4.879839420318603516e-01
9.175372123718261719e-02 3.236893415451049805e-01 -3.601300716400146484e-02 1.681027412414550781e-01 -4.124514460563659668e-01 5.959588289260864258e-01
1.575790643692016602e-01 2.722592353820800781e-01 -1.047577857971191406e-01 4.587233066558837891e-02 -3.287163972854614258e-01 4.190402030944824219e-01
1.580456495285034180e-01 2.508467435836791992e-01 -1.758990287780761719e-01 1.893937587738037109e-01 -3.682145476341247559e-01 3.041362762451171875e-01
4.719388484954833984e-02 2.354854345321655273e-01 -1.295177340507507324e-01 2.226085662841796875e-01 -4.345831871032714844e-01 3.093452453613281250e-01
1.160627603530883789e-01 2.345941066741943359e-01 -2.691574692726135254e-01 9.163165092468261719e-02 -4.243909716606140137e-01 1.997605562210083008e-01
-3.596267700195312500e-01 3.413647413253784180e-01 2.234034538269042969e-01 -8.919715881347656250e-03 -5.574569702148437500e-01 4.539455175399780273e-01
-2.764142155647277832e-01 8.756875991821289062e-02 3.046861886978149414e-01 4.571139812469482422e-02 -2.592941522598266602e-01 3.876073360443115234e-01
-4.432327747344970703e-01 2.622807025909423828e-02 2.330664396286010742e-01 1.293034553527832031e-01 -1.961207985877990723e-01 3.378882408142089844e-01
-2.709571123123168945e-01 1.196177005767822266e-01 1.801209449768066406e-01 -1.429834961891174316e-01 -2.915234565734863281e-01 3.807694911956787109e-01
-6.290495395660400391e-02 -5.030286312103271484e-02 1.579495668411254883e-01 -4.752910137176513672e-02 -3.889825940132141113e-01 1.068003177642822266e-01
-4.529096484184265137e-01 3.330922126770019531e-02 2.446033954620361328e-01 -4.934382438659667969e-02 -2.517734169960021973e-01 1.558673381805419922e-01
-4.851890206336975098e-01 1.127272844314575195e-01 3.660531044006347656e-01 1.663613319396972656e-02 -2.373110055923461914e-01 2.698978185653686523e-01
-3.483933806419372559e-01 -7.665336132049560547e-02 2.858643531799316406e-01 -7.120060920715332031e-02 4.125419855117797852e-01 -4.855566620826721191e-01
-4.549330472946166992e-02 -3.235191702842712402e-01 2.696695327758789062e-01 -3.587818145751953125e-02 5.154935121536254883e-01 -7.763092517852783203e-01
-1.512053012847900391e-01 -2.530405521392822266e-01 5.608446598052978516e-01 -1.192868947982788086e-01 2.617398500442504883e-01 -4.615474343299865723e-01
1.456632614135742188e-01 4.639673233032226562e-02 4.074593782424926758e-01 -4.350436329841613770e-01 1.105087995529174805e-01 -1.883788704872131348e-01
2.473598718643188477e-01 2.444626092910766602e-01 4.205143451690673828e-01 -3.643870949745178223e-01 5.033373832702636719e-02 -7.135272026062011719e-04
3.574784994125366211e-01 2.965440750122070312e-01 3.632944822311401367e-01 -4.329218864440917969e-01 1.473575830459594727e-01 6.357371807098388672e-02
3.965892791748046875e-01 3.400281667709350586e-01 2.381206750869750977e-01 -3.288589715957641602e-01 7.222330570220947266e-02 1.424473524093627930e-01
3.733202219009399414e-01 4.178676605224609375e-01 2.556217908859252930e-01 -4.090820550918579102e-01 -6.983578205108642578e-03 2.666711807250976562e-01
3.290170431137084961e-01 3.804819583892822266e-01 3.356512784957885742e-01 -4.827014803886413574e-01 6.135284900665283203e-02 2.567645311355590820e-01
3.981337547302246094e-01 4.194579124450683594e-01 3.170795440673828125e-01 -4.877648949623107910e-01 6.372654438018798828e-02 2.925977706909179688e-01
4.064378738403320312e-01 3.522348403930664062e-01 2.790113687515258789e-01 -4.921461939811706543e-01 1.651896238327026367e-01 1.860646009445190430e-01
3.190239667892456055e-01 3.597055673599243164e-01 3.334069252014160156e-01 -4.833440184593200684e-01 1.544290781021118164e-01 2.257418632507324219e-01
3.204348087310791016e-01 1.146590709686279297e-01 3.554615974426269531e-01 -4.976778030395507812e-01 3.826377391815185547e-01 -1.468682289123535156e-02
2.576574087142944336e-01 9.067308902740478516e-02 3.744179010391235352e-01 -5.916851758956909180e-01 3.689385652542114258e-01 -6.098514795303344727e-02
6.075608730316162109e-02 -9.933698177337646484e-02 3.990272283554077148e-01 -6.541522741317749023e-01 4.414589405059814453e-01 -2.408386468887329102e-01
-2.896960377693176270e-01 -1.133291125297546387e-01 5.493201017379760742e-01 -4.327197074890136719e-01 1.974545717239379883e-01 -1.281099915504455566e-01
-2.284477353096008301e-01 -2.005354166030883789e-01 5.383423566818237305e-01 -3.999374508857727051e-01 2.507078647613525391e-01 -1.325305700302124023e-01
4.637658596038818359e-02 -9.852880239486694336e-02 5.789141654968261719e-01 -4.479805231094360352e-01 2.334755659103393555e-01 -2.131074666976928711e-02
-1.153704524040222168e-01 -1.762844324111938477e-01 3.629115819931030273e-01 -4.417251348495483398e-01 7.821965217590332031e-02 -2.374159097671508789e-01
-2.121374011039733887e-01 -2.520078420639038086e-02 2.967061996459960938e-01 -4.784187078475952148e-01 3.837585449218750000e-03 -8.043932914733886719e-02
-2.891069054603576660e-01 -6.222724914550781250e-03 2.159123420715332031e-01 -4.412081241607666016e-01 -7.663685083389282227e-02 -8.903133869171142578e-02
-2.531449198722839355e-01 -3.283405303955078125e-02 8.711338043212890625e-02 -4.294674992561340332e-01 -6.431168317794799805e-02 -8.058410882949829102e-02
-2.727098464965820312e-01 -2.283747196197509766e-01 2.489842176437377930e-01 -2.117083072662353516e-01 3.211236000061035156e-02 -1.992549896240234375e-01
-1.624290943145751953e-01 -2.403832077980041504e-01 2.282103300094604492e-01 -2.166370153427124023e-01 5.558156967163085938e-02 -2.522526979446411133e-01
-2.595037817955017090e-01 -2.046573162078857422e-02 4.261670112609863281e-01 -1.275921463966369629e-01 -2.266581058502197266e-01 1.056971549987792969e-01
-4.346150159835815430e-01 2.405253648757934570e-01 5.170547962188720703e-01 -7.300281524658203125e-02 1.858934164047241211e-01 3.812726736068725586e-01
-1.819326877593994141e-01 2.467917203903198242e-01 4.975436925888061523e-01 -2.349680662155151367e-02 2.027250528335571289e-01 4.090764522552490234e-01
-1.808535456657409668e-01 2.511596679687500000e-02 3.760508298873901367e-01 -2.086530327796936035e-01 5.727112293243408203e-02 1.833437681198120117e-01
-1.756799221038818359e-01 1.629092693328857422e-01 1.306872367858886719e-01 6.303083896636962891e-02 -2.795289754867553711e-01 4.177265167236328125e-01
-9.238070249557495117e-02 2.764593362808227539e-01 -5.854904651641845703e-03 7.245337963104248047e-02 -2.768719792366027832e-01 5.378882884979248047e-01
-1.170254349708557129e-01 2.839615345001220703e-01 -2.201658487319946289e-02 2.944092750549316406e-01 -3.954828381538391113e-01 5.682543516159057617e-01
3.489744663238525391e-02 3.396257162094116211e-01 -7.018208503723144531e-03 2.007817029953002930e-01 -3.469313383102416992e-01 6.754151582717895508e-01
-3.763604164123535156e-02 3.735692501068115234e-01 1.003074645996093750e-02 1.801110506057739258e-01 -3.750292658805847168e-01 6.956278085708618164e-01
-1.337932348251342773e-01 3.286591768264770508e-01 -4.203438758850097656e-03 1.451873779296875000e-01 -3.442241549491882324e-01 6.847732067108154297e-01
-8.241605758666992188e-02 3.404681682586669922e-01 -2.429741621017456055e-02 2.340762615203857422e-01 -3.244563937187194824e-01 6.968225240707397461e-01
-7.167482376098632812e-02 3.725591897964477539e-01 -6.124109029769897461e-02 2.554419040679931641e-01 -4.359455108642578125e-01 7.709331512451171875e-01
2.477884292602539062e-02 3.356958627700805664e-01 -9.035819768905639648e-02 2.803236246109008789e-01 -3.050343394279479980e-01 6.653226613998413086e-01
1.309561729431152344e-02 2.884849309921264648e-01 -8.691561222076416016e-02 3.554228544235229492e-01 -3.087221980094909668e-01 6.267012357711791992e-01
-6.945836544036865234e-02 3.640280961990356445e-01 -6.011754274368286133e-02 3.299247026443481445e-01 -4.261804223060607910e-01 7.638779878616333008e-01
-8.547317981719970703e-02 2.704591751098632812e-01 6.810331344604492188e-02 2.878110408782958984e-01 -3.444261550903320312e-01 6.500362157821655273e-01
-2.565302252769470215e-01 1.923789978027343750e-01 3.066349029541015625e-02 2.738270759582519531e-01 -3.855260610580444336e-01 6.084506511688232422e-01
-2.724438309669494629e-01 1.475722789764404297e-01 1.660385131835937500e-01 1.830000877380371094e-01 -1.592143774032592773e-01 5.179017782211303711e-01
-1.643748283386230469e-01 2.962887287139892578e-01 1.887277364730834961e-01 2.576985359191894531e-01 -3.642733097076416016e-01 6.907373666763305664e-01
