-7.980394363403320312e-02 -4.031492471694946289e-01 2.729190587997436523e-01 -5.845910310745239258e-01 3.555533885955810547e-01 -2.921482324600219727e-01
-5.191659927368164062e-02 -4.664428234100341797e-01 4.645478725433349609e-02 -6.505228281021118164e-01 4.157315492630004883e-01 -5.124023556709289551e-01
2.004625797271728516e-01 -5.078028440475463867e-01 -4.165834188461303711e-02 -6.668869853019714355e-01 3.932483196258544922e-01 -5.984638929367065430e-01
8.585238456726074219e-02 -5.278472304344177246e-01 1.067316532135009766e-02 -6.799392700195312500e-01 3.066384792327880859e-01 -5.293806195259094238e-01
6.711137294769287109e-02 -5.429583787918090820e-01 1.366053819656372070e-01 -6.861334443092346191e-01 3.357989788055419922e-01 -5.015698671340942383e-01
2.337986230850219727e-01 -4.829590916633605957e-01 4.868745803833007812e-03 -6.737868189811706543e-01 3.499238491058349609e-01 -5.255873203277587891e-01
1.791367530822753906e-01 -4.795023202896118164e-01 1.487076282501220703e-01 -8.003250956535339355e-01 3.723189830780029297e-01 -4.836790561676025391e-01
1.776162385940551758e-01 -4.327490925788879395e-01 3.611290454864501953e-02 -7.242483496665954590e-01 3.469872474670410156e-01 -4.687286019325256348e-01
1.723055839538574219e-01 -4.059653878211975098e-01 -3.533792495727539062e-02 -7.290078997611999512e-01 1.737209558486938477e-01 -4.429017305374145508e-01
1.585773229598999023e-01 -4.887616038322448730e-01 8.043289184570312500e-03 -7.015960812568664551e-01 2.922602891921997070e-01 -5.563197135925292969e-01
2.692469358444213867e-01 -4.708885550498962402e-01 -3.881794214248657227e-02 -7.453578710556030273e-01 3.983378410339355469e-01 -5.170726776123046875e-01
3.234926462173461914e-01 -3.707697987556457520e-01 -8.722764253616333008e-02 -7.832974195480346680e-01 3.900719881057739258e-01 -4.463807940483093262e-01
3.340339660644531250e-01 -3.739875555038452148e-01 -1.610704660415649414e-01 -6.799578070640563965e-01 3.813195228576660156e-01 -4.551332592964172363e-01
2.926151752471923828e-01 -3.766251802444458008e-01 -1.064655184745788574e-01 -6.049472689628601074e-01 4.276926517486572266e-01 -4.712060093879699707e-01
3.457438945770263672e-01 -2.560200095176696777e-01 -2.304752469062805176e-01 -5.808539390563964844e-01 3.431853055953979492e-01 -3.950279355049133301e-01
2.058002948760986328e-01 -1.206386685371398926e-01 -2.644551396369934082e-01 -6.943889856338500977e-01 2.116665840148925781e-01 -3.056114315986633301e-01
1.413688659667968750e-01 8.055031299591064453e-02 -4.524570107460021973e-01 -6.414322853088378906e-01 1.403093338012695312e-02 -1.435661911964416504e-01
-2.776521444320678711e-02 1.133249998092651367e-01 -3.532357215881347656e-01 -5.594910383224487305e-01 -8.609974384307861328e-02 6.954073905944824219e-03
-1.249510049819946289e-01 2.472095489501953125e-01 -4.314098358154296875e-01 -6.443166136741638184e-01 -9.413969516754150391e-02 3.503346443176269531e-02
-6.754404306411743164e-02 3.032875061035156250e-01 -3.770369887351989746e-01 -5.807889103889465332e-01 -1.279374361038208008e-01 1.653637886047363281e-01
-1.455783843994140625e-03 3.532397747039794922e-01 -3.036143183708190918e-01 -4.820667505264282227e-01 -1.051688194274902344e-01 2.769930362701416016e-01
8.646810054779052734e-02 3.404110670089721680e-01 -2.743402719497680664e-01 -3.880971670150756836e-01 -1.406268477439880371e-01 4.055293798446655273e-01
1.555371284484863281e-01 3.670750856399536133e-01 -3.403818011283874512e-01 -2.912951707839965820e-01 -1.785917282104492188e-01 4.017217159271240234e-01
1.673966646194458008e-01 3.348330259323120117e-01 -3.019917011260986328e-01 -1.250315308570861816e-01 -1.933339834213256836e-01 4.665789604187011719e-01
1.090703010559082031e-01 2.941755056381225586e-01 -1.805105209350585938e-01 1.349619626998901367e-01 -2.714917659759521484e-01 4.603731632232666016e-01
1.808656454086303711e-01 4.254379272460937500e-01 -2.740659117698669434e-01 1.471732854843139648e-01 -4.862951636314392090e-01 5.654286146163940430e-01
1.370073556900024414e-01 3.734515905380249023e-01 -3.018291592597961426e-01 2.288018465042114258e-01 -5.498288869857788086e-01 4.943391084671020508e-01
1.921471357345581055e-01 3.306174278259277344e-01 -3.985691666603088379e-01 1.956201791763305664e-01 -4.054666161537170410e-01 4.038782119750976562e-01
2.282149791717529297e-01 3.139355182647705078e-01 -4.069991111755371094e-01 1.381602287292480469e-01 -4.914854764938354492e-01 4.537346363067626953e-01
1.697089672088623047e-01 3.365893363952636719e-01 -2.056454420089721680e-01 7.903134822845458984e-02 -5.236802697181701660e-01 5.158780813217163086e-01
1.183568239212036133e-01 2.840330600738525391e-01 -2.014704942703247070e-01 2.036488056182861328e-02 -4.611210823059082031e-01 4.559371471405029297e-01
-4.626160860061645508e-02 1.952300071716308594e-01 -5.465275049209594727e-02 -8.971631526947021484e-03 -4.515156149864196777e-01 3.744071722030639648e-01
2.073037624359130859e-02 2.140605449676513672e-01 5.289256572723388672e-02 -5.635023117065429688e-03 -3.905904889106750488e-01 3.533486127853393555e-01
-4.045365452766418457e-01 2.928817272186279297e-01 2.030621767044067383e-01 1.512385606765747070e-01 -4.648315906524658203e-01 5.399739742279052734e-01
-5.493425130844116211e-01 2.323979139328002930e-01 3.220208883285522461e-01 1.200199127197265625e-02 -3.115330934524536133e-01 5.315065383911132812e-01
-1.762285232543945312e-01 2.550759315490722656e-01 5.570698976516723633e-01 3.358948230743408203e-02 -3.515531420707702637e-01 6.750649213790893555e-01
-1.746404170989990234e-01 2.090733051300048828e-01 5.087736845016479492e-01 -7.148003578186035156e-02 -4.351028203964233398e-01 6.595002412796020508e-01
-2.380526065826416016e-02 8.019900321960449219e-02 3.548625707626342773e-01 -1.603542566299438477e-01 -2.740084528923034668e-01 3.569337129592895508e-01
-2.571201920509338379e-01 4.761660099029541016e-02 2.864726781845092773e-01 -2.898067235946655273e-02 -2.441276907920837402e-01 3.612960577011108398e-01
-2.941892147064208984e-01 9.455120563507080078e-02 3.679186105728149414e-01 4.649734497070312500e-02 -3.092818260192871094e-01 4.157747030258178711e-01
-4.763646721839904785e-01 7.686126232147216797e-02 4.533697366714477539e-01 1.027241945266723633e-01 -2.361319065093994141e-01 2.474964857101440430e-01
-4.930883646011352539e-02 -2.628619074821472168e-01 1.040761470794677734e-01 2.067371606826782227e-01 4.859638214111328125e-01 -6.479864716529846191e-01
-2.057539820671081543e-01 -3.454647064208984375e-01 2.368724346160888672e-01 1.715478897094726562e-01 4.476439952850341797e-01 -6.999949812889099121e-01
-2.990937829017639160e-01 -1.726901531219482422e-01 7.266267538070678711e-01 -1.808893680572509766e-02 1.786358356475830078e-01 -2.742666006088256836e-01
-3.633117675781250000e-01 -1.964019536972045898e-01 6.880291700363159180e-01 -1.053594350814819336e-01 -2.683168649673461914e-02 -3.932461738586425781e-01
-3.190040588378906250e-01 7.557427883148193359e-02 7.028149366378784180e-01 -3.462724089622497559e-01 -2.293641567230224609e-01 -9.489983320236206055e-02
7.702946662902832031e-03 2.227696180343627930e-01 6.607468128204345703e-01 -5.110675096511840820e-01 -4.180589318275451660e-01 9.873402118682861328e-02
1.576309204101562500e-01 3.675597906112670898e-01 5.401337146759033203e-01 -5.590204000473022461e-01 -2.246850728988647461e-01 2.620754241943359375e-01
1.478291749954223633e-01 3.354870080947875977e-01 4.258522987365722656e-01 -4.959657192230224609e-01 -1.838859319686889648e-01 1.230591535568237305e-01
2.801793813705444336e-01 3.295383453369140625e-01 3.634490966796875000e-01 -4.942837357521057129e-01 -1.505588293075561523e-01 2.246375083923339844e-01
3.440823554992675781e-01 1.942098140716552734e-01 3.382583856582641602e-01 -3.942679166793823242e-01 -4.262226819992065430e-02 1.191861629486083984e-01
3.513234853744506836e-01 1.807067394256591797e-01 3.840968608856201172e-01 -6.711876392364501953e-01 1.698007583618164062e-01 -1.061648130416870117e-02
2.451145648956298828e-01 -1.070111989974975586e-02 4.703794717788696289e-01 -6.771396398544311523e-01 3.470307588577270508e-01 -1.639356613159179688e-01
1.598744392395019531e-01 -2.132466435432434082e-01 5.270959138870239258e-01 -6.905329227447509766e-01 4.865419864654541016e-01 -3.581843972206115723e-01
-9.139168262481689453e-02 -2.553875446319580078e-01 4.629185199737548828e-01 -6.897528767585754395e-01 4.475669860839843750e-01 -4.555280208587646484e-01
-2.608432769775390625e-01 -1.365145444869995117e-01 6.394748687744140625e-01 -4.362358450889587402e-01 2.495619058609008789e-01 -6.921672821044921875e-02
-3.307467699050903320e-01 -8.295291662216186523e-02 5.219854116439819336e-01 -4.950876832008361816e-01 1.222337484359741211e-01 -6.571704149246215820e-02
-4.140737652778625488e-01 -1.326851844787597656e-01 3.837704658508300781e-01 -3.824757337570190430e-01 1.969560384750366211e-01 -1.360406279563903809e-01
-4.119834899902343750e-01 -1.499607563018798828e-01 5.186944007873535156e-01 -2.235811948776245117e-01 8.757054805755615234e-02 -1.481406688690185547e-01
-3.493396639823913574e-01 -1.568082571029663086e-01 3.620328903198242188e-01 -3.090198040008544922e-01 -3.080755472183227539e-02 -1.706394553184509277e-01
-4.245635271072387695e-01 -1.215633153915405273e-01 2.209973335266113281e-01 -2.790461182594299316e-01 -5.456960201263427734e-02 -1.549773216247558594e-01
-6.176174879074096680e-01 5.908322334289550781e-02 3.553154468536376953e-01 -8.872145414352416992e-02 -2.625375986099243164e-01 1.064330339431762695e-01
-5.342497229576110840e-01 -1.833062767982482910e-01 3.580379486083984375e-01 -2.845848202705383301e-01 -4.774093627929687500e-02 -1.075145602226257324e-01
-2.703313231468200684e-01 -1.400527954101562500e-01 2.633932828903198242e-01 -1.692094206809997559e-01 1.471561193466186523e-01 -1.926180720329284668e-01
-3.365182876586914062e-02 -2.583292126655578613e-01 1.428185701370239258e-01 -1.541531085968017578e-01 6.623904705047607422e-01 -7.159175276756286621e-01
-9.650301933288574219e-02 -2.645826339721679688e-01 1.973495483398437500e-01 -2.837943434715270996e-01 4.488694667816162109e-01 -6.272492408752441406e-01
-2.762417197227478027e-01 -3.263275027275085449e-01 3.964533805847167969e-01 -2.408525943756103516e-01 2.428821325302124023e-01 -4.807116985321044922e-01
1.117134094238281250e-02 -7.265460491180419922e-01 5.322084426879882812e-01 -1.417011618614196777e-01 3.875833749771118164e-01 -7.328054904937744141e-01
1.738053560256958008e-01 -5.670786499977111816e-01 2.493779659271240234e-01 -4.374894499778747559e-01 3.765392303466796875e-01 -5.241417884826660156e-01
1.231412887573242188e-01 -5.639182329177856445e-01 1.023932695388793945e-01 -5.215762853622436523e-01 5.136352777481079102e-01 -5.595251321792602539e-01
9.043502807617187500e-02 -5.300417542457580566e-01 1.627482175827026367e-01 -6.080791354179382324e-01 4.663172960281372070e-01 -4.455734491348266602e-01
1.018309593200683594e-01 -4.574058651924133301e-01 7.072901725769042969e-02 -5.756340026855468750e-01 3.326201438903808594e-01 -3.293738961219787598e-01
2.510095834732055664e-01 -4.721466302871704102e-01 -9.004539251327514648e-02 -6.073125600814819336e-01 4.249515533447265625e-01 -4.442005753517150879e-01
2.060112953186035156e-01 -4.686350822448730469e-01 -8.126074075698852539e-02 -6.504610776901245117e-01 3.872259855270385742e-01 -4.364756345748901367e-01
1.639293432235717773e-01 -5.260441303253173828e-01 -3.856682777404785156e-02 -6.636309623718261719e-01 3.596956729888916016e-01 -4.776197075843811035e-01
1.300760507583618164e-01 -6.527040004730224609e-01 2.153050899505615234e-02 -5.589419603347778320e-01 4.582688808441162109e-01 -5.948152542114257812e-01
1.638194322586059570e-01 -6.276854276657104492e-01 2.204972505569458008e-01 -6.960072517395019531e-01 5.215486288070678711e-01 -5.142153501510620117e-01
-5.882471799850463867e-02 -6.050248146057128906e-01 2.673988342285156250e-01 -7.290624380111694336e-01 5.314044952392578125e-01 -5.257474184036254883e-01
-3.088890910148620605e-01 -3.281073570251464844e-01 4.572780132293701172e-01 -3.495036363601684570e-01 3.606677055358886719e-02 -2.596593499183654785e-01
-2.877062559127807617e-01 -4.458321332931518555e-01 5.148377418518066406e-01 -2.882610559463500977e-01 3.216980695724487305e-01 -2.306677699089050293e-01
-6.298971176147460938e-02 -4.279238581657409668e-01 4.508193731307983398e-01 -3.791817426681518555e-01 1.343493461608886719e-01 -2.670514583587646484e-01
-2.090638875961303711e-01 -3.318682312965393066e-01 4.105222225189208984e-01 -3.134722709655761719e-01 -1.713758707046508789e-02 -2.053269743919372559e-01
-2.403902411460876465e-01 -3.244350552558898926e-01 2.332123517990112305e-01 -1.991234421730041504e-01 -5.272525548934936523e-02 -1.661897897720336914e-01
-2.678571343421936035e-01 -3.410893082618713379e-01 9.697473049163818359e-02 -1.887912154197692871e-01 -9.460657835006713867e-02 -3.060624599456787109e-01
-1.373440027236938477e-01 -5.294981598854064941e-01 3.090775012969970703e-01 -1.861996650695800781e-01 1.099165678024291992e-01 -3.270889520645141602e-01
-2.338542342185974121e-01 -5.702685117721557617e-01 1.922581195831298828e-01 3.028917312622070312e-02 2.698198556900024414e-01 -3.765828609466552734e-01
-4.655843973159790039e-02 -6.604895591735839844e-01 3.227885961532592773e-01 -1.098486185073852539e-01 3.029749393463134766e-01 -4.138175249099731445e-01
1.352132558822631836e-01 -8.793790936470031738e-01 3.325271606445312500e-01 -1.275097131729125977e-01 4.790756702423095703e-01 -5.568473339080810547e-01
1.841855049133300781e-02 -6.857662200927734375e-01 1.725257635116577148e-01 -2.752729654312133789e-01 8.564889430999755859e-02 -3.536639213562011719e-01
-1.075508594512939453e-01 -4.067918062210083008e-01 2.875097990036010742e-01 -6.501927375793457031e-01 3.964316844940185547e-02 1.424980163574218750e-01
-7.565742731094360352e-02 -3.784368634223937988e-01 1.257570981979370117e-01 -6.221245527267456055e-01 -1.295328140258789062e-02 1.599508523941040039e-01
-7.108330726623535156e-03 -3.788880705833435059e-01 1.829516887664794922e-02 -5.553845167160034180e-01 7.540822029113769531e-03 1.362402439117431641e-01
8.093869686126708984e-02 -2.941068410873413086e-01 6.140589714050292969e-03 -5.654922723770141602e-01 5.872333049774169922e-02 2.097076177597045898e-01
-2.948415279388427734e-02 -3.698592185974121094e-01 3.780925273895263672e-02 -4.288911223411560059e-01 8.932852745056152344e-02 1.351865530014038086e-01
4.388785362243652344e-02 -3.159623146057128906e-01 -1.289467811584472656e-01 -4.620560407638549805e-01 9.629118442535400391e-02 1.431246995925903320e-01
-1.085311770439147949e-01 -2.342007756233215332e-01 -5.548155307769775391e-02 -4.676790237426757812e-01 -5.574011802673339844e-02 2.494640350341796875e-01
-7.800984382629394531e-02 -2.191199064254760742e-01 -1.104001402854919434e-01 -4.176977872848510742e-01 -2.436679601669311523e-02 2.566332817077636719e-01
-8.894228935241699219e-02 -2.073355913162231445e-01 -1.778310537338256836e-02 -3.664946556091308594e-01 3.064930438995361328e-02 2.774417400360107422e-01
1.007642745971679688e-01 -2.830001115798950195e-01 -9.000986814498901367e-02 -2.954891324043273926e-01 2.411681413650512695e-01 1.338547468185424805e-01
3.097975254058837891e-02 -2.952257990837097168e-01 7.852530479431152344e-02 -2.981082201004028320e-01 2.241207361221313477e-01 1.891082525253295898e-01
-1.303784251213073730e-01 -3.948968052864074707e-01 3.421713113784790039e-01 -2.045329213142395020e-01 2.366213798522949219e-01 1.584469079971313477e-01
-3.200753331184387207e-01 -1.431363821029663086e-01 2.718431949615478516e-01 -2.811935544013977051e-01 9.526836872100830078e-02 3.248417377471923828e-01
-6.349566578865051270e-01 -2.195534706115722656e-01 5.382485389709472656e-01 -4.031459689140319824e-01 2.731040716171264648e-01 4.290778636932373047e-01
-2.821778655052185059e-01 -2.930417060852050781e-01 3.586628437042236328e-01 -3.905659914016723633e-02 5.783081054687500000e-02 2.077089548110961914e-01
-3.086869120597839355e-01 -3.199120759963989258e-01 3.515857458114624023e-01 -2.827125787734985352e-02 2.173815965652465820e-01 1.350440979003906250e-01
