3.460222482681274414e-01 -5.018194317817687988e-01 -2.083996534347534180e-01 -6.411927938461303711e-01 4.892725944519042969e-01 -5.660742521286010742e-01
2.087949514389038086e-01 -4.219197034835815430e-01 -1.729491949081420898e-01 -6.903649568557739258e-01 2.750283479690551758e-01 -4.185766577720642090e-01
2.345093488693237305e-01 -4.259384870529174805e-01 -9.046602249145507812e-02 -8.472806811332702637e-01 2.316172122955322266e-01 -4.871031641960144043e-01
1.886370182037353516e-01 -4.487205147743225098e-01 -4.037141799926757812e-03 -8.367671966552734375e-01 1.077193021774291992e-01 -4.807136654853820801e-01
2.033109664916992188e-01 -5.080834627151489258e-01 1.595643758773803711e-01 -8.576511740684509277e-01 2.062153816223144531e-01 -4.248812794685363770e-01
3.551492691040039062e-01 -3.923690915107727051e-01 -3.648769855499267578e-02 -8.502591848373413086e-01 2.199208736419677734e-01 -3.657725453376770020e-01
3.904373645782470703e-01 -4.365265369415283203e-01 -8.409333229064941406e-02 -6.862145662307739258e-01 2.052633762359619141e-01 -3.927133083343505859e-01
3.803837299346923828e-01 -3.645868301391601562e-01 -7.737094163894653320e-02 -7.857937812805175781e-01 1.851470470428466797e-01 -3.852521777153015137e-01
3.906545639038085938e-01 -3.720803856849670410e-01 -7.275235652923583984e-02 -6.199666261672973633e-01 1.110957860946655273e-01 -3.010208606719970703e-01
3.960080146789550781e-01 -3.271320462226867676e-01 -3.378540277481079102e-02 -7.301820516586303711e-01 2.258536815643310547e-01 -3.128886818885803223e-01
2.331718206405639648e-01 -3.097960352897644043e-01 2.169740200042724609e-02 -7.958919405937194824e-01 8.199024200439453125e-02 -2.736777067184448242e-01
2.368110418319702148e-01 -3.825566768646240234e-01 -1.369148492813110352e-01 -7.414125204086303711e-01 1.058697700500488281e-03 -3.642618060111999512e-01
2.047462463378906250e-01 -3.965706229209899902e-01 -1.904602646827697754e-01 -6.728078722953796387e-01 -1.163905858993530273e-02 -4.710693359375000000e-01
1.695978641510009766e-01 -3.179941177368164062e-01 -3.049741387367248535e-01 -7.842990756034851074e-01 -1.374759078025817871e-01 -4.259877204895019531e-01
2.274252176284790039e-01 -2.747277617454528809e-01 -2.698991298675537109e-01 -6.880090236663818359e-01 -5.087912082672119141e-02 -4.171862006187438965e-01
8.514559268951416016e-02 -2.269725799560546875e-01 -3.604500293731689453e-01 -6.703936457633972168e-01 -4.766756296157836914e-02 -4.394279718399047852e-01
2.429676055908203125e-02 -2.111638188362121582e-01 -3.918460011482238770e-01 -6.266407370567321777e-01 8.428096771240234375e-04 -4.527820348739624023e-01
-9.175968170166015625e-02 -9.267210960388183594e-03 -4.573982357978820801e-01 -5.053611397743225098e-01 -2.465994954109191895e-01 -1.806470155715942383e-01
-1.146751046180725098e-01 1.671918630599975586e-01 -5.983301997184753418e-01 -4.515746235847473145e-01 -3.702943921089172363e-01 2.623558044433593750e-03
-1.410278677940368652e-01 1.992932558059692383e-01 -4.885976314544677734e-01 -3.958674669265747070e-01 -3.002413511276245117e-01 8.647418022155761719e-02
1.029300689697265625e-02 2.752135992050170898e-01 -4.125779867172241211e-01 -2.521935701370239258e-01 -3.081333637237548828e-01 2.540557384490966797e-01
9.072422981262207031e-03 3.381822109222412109e-01 -1.978843808174133301e-01 -3.308814764022827148e-01 -2.349306941032409668e-01 3.804719448089599609e-01
1.400932073593139648e-01 2.748939990997314453e-01 -3.049162030220031738e-01 -9.523653984069824219e-02 -1.993864178657531738e-01 3.332904577255249023e-01
2.421665191650390625e-01 3.047097921371459961e-01 -3.232202529907226562e-01 2.492749691009521484e-02 -2.022603750228881836e-01 4.019682407379150391e-01
1.024894714355468750e-01 3.787454366683959961e-01 -2.243369817733764648e-01 2.103174924850463867e-01 -4.473721981048583984e-01 6.054421663284301758e-01
2.697070837020874023e-01 3.096297979354858398e-01 -3.551598191261291504e-01 3.546553850173950195e-01 -4.113286733627319336e-01 4.589658975601196289e-01
4.053301811218261719e-01 3.192083835601806641e-01 -4.859523773193359375e-01 3.803732395172119141e-01 -5.244005322456359863e-01 4.444559812545776367e-01
2.307198047637939453e-01 3.152415752410888672e-01 -2.267171740531921387e-01 1.905735731124877930e-01 -4.232167005538940430e-01 5.431194305419921875e-01
4.903104305267333984e-01 2.636497020721435547e-01 -4.398565888404846191e-01 2.259848117828369141e-01 -3.264318108558654785e-01 3.855586051940917969e-01
4.950897693634033203e-01 3.139728307723999023e-01 -4.691144824028015137e-01 1.709762811660766602e-01 -3.688961863517761230e-01 4.584401845932006836e-01
4.074200391769409180e-01 9.304940700531005859e-02 -3.931271433830261230e-01 2.037088871002197266e-01 -1.894366741180419922e-01 2.079619169235229492e-01
3.072938919067382812e-01 1.034982204437255859e-01 -1.866147518157958984e-01 2.856992483139038086e-01 -2.259398102760314941e-01 2.805418968200683594e-01
3.581994771957397461e-01 6.917119026184082031e-02 -2.950607538223266602e-01 2.398662567138671875e-01 -2.168214917182922363e-01 1.906106472015380859e-01
2.763986587524414062e-01 1.004253625869750977e-01 -2.227907180786132812e-01 1.877700090408325195e-01 -3.629207611083984375e-01 1.900299787521362305e-01
-9.230506420135498047e-02 1.085232496261596680e-01 2.032930850982666016e-01 1.413118839263916016e-02 -3.426471352577209473e-01 2.947816848754882812e-01
-1.771753430366516113e-01 1.255444288253784180e-01 1.818276643753051758e-01 6.910181045532226562e-02 -3.429656028747558594e-01 4.235860109329223633e-01
-5.239999294281005859e-02 1.898119449615478516e-01 9.715020656585693359e-02 -3.939151763916015625e-03 -2.217754125595092773e-01 4.711725711822509766e-01
7.769477367401123047e-02 4.826259613037109375e-02 -2.985572814941406250e-02 1.009812355041503906e-01 -1.583843231201171875e-01 2.998597621917724609e-01
-7.748568058013916016e-02 1.096856594085693359e-01 8.108294010162353516e-02 -4.278343915939331055e-02 -3.889269828796386719e-01 3.681964874267578125e-01
-1.443961858749389648e-01 2.956666946411132812e-01 2.799539566040039062e-01 -1.205605268478393555e-02 -5.343174934387207031e-01 5.653227567672729492e-01
-1.590887904167175293e-01 1.609964370727539062e-01 3.920711278915405273e-01 5.535662174224853516e-02 -4.519082903861999512e-01 4.393851757049560547e-01
-9.802573919296264648e-02 7.897377014160156250e-03 3.633377552032470703e-01 -3.111284971237182617e-02 -3.716107010841369629e-01 2.602316141128540039e-01
-5.089330673217773438e-02 -9.594243764877319336e-02 2.533535957336425781e-01 3.719282150268554688e-02 -8.311110734939575195e-02 -1.788952946662902832e-01
1.824761629104614258e-01 -3.520507812500000000e-01 3.058488368988037109e-01 2.217764854431152344e-01 3.414423465728759766e-01 -6.865210533142089844e-01
2.339565753936767578e-01 -4.633523821830749512e-01 5.066585540771484375e-01 2.374582290649414062e-01 4.100848436355590820e-01 -6.669305562973022461e-01
-1.888375878334045410e-01 -3.944646120071411133e-01 5.434496402740478516e-01 2.366062402725219727e-01 1.831067800521850586e-01 -3.944555521011352539e-01
-1.800912022590637207e-01 -2.988327145576477051e-01 9.048287868499755859e-01 -1.479405164718627930e-02 6.731307506561279297e-02 -2.074660062789916992e-01
1.101014614105224609e-01 -3.483577370643615723e-01 7.049064636230468750e-01 -4.093495607376098633e-01 -1.644629240036010742e-02 -3.946744203567504883e-01
2.307540178298950195e-01 6.025135517120361328e-02 5.722386837005615234e-01 -2.932832837104797363e-01 1.007533073425292969e-02 -2.304691076278686523e-02
2.294757366180419922e-01 2.774941921234130859e-02 3.480143547058105469e-01 -1.729467511177062988e-01 3.941881656646728516e-02 -1.029756069183349609e-01
3.999223709106445312e-01 1.682598590850830078e-01 3.695093393325805664e-01 -3.277301788330078125e-01 9.342789649963378906e-03 9.732389450073242188e-02
4.542307853698730469e-01 1.849262714385986328e-01 4.297474622726440430e-01 -4.350365400314331055e-01 3.734970092773437500e-02 1.383638381958007812e-01
4.715325832366943359e-01 1.015013456344604492e-01 3.884984254837036133e-01 -4.208832979202270508e-01 1.311596632003784180e-01 1.983940601348876953e-02
4.097120761871337891e-01 -7.161056995391845703e-02 4.584054946899414062e-01 -3.244568705558776855e-01 2.622050046920776367e-01 -5.722135305404663086e-02
3.997532129287719727e-01 -8.651274442672729492e-02 5.153120756149291992e-01 -4.017732143402099609e-01 3.025308847427368164e-01 -7.349020242691040039e-02
1.639910936355590820e-01 -3.376618623733520508e-01 5.505518913269042969e-01 -4.023320078849792480e-01 4.003773927688598633e-01 -2.602769732475280762e-01
1.433923244476318359e-01 -3.565344214439392090e-01 4.961134195327758789e-01 -4.494634270668029785e-01 4.767808914184570312e-01 -3.463489413261413574e-01
-2.962338328361511230e-01 -1.794860959053039551e-01 7.716695070266723633e-01 -3.314636945724487305e-01 3.703610897064208984e-01 -4.176127910614013672e-02
-2.651213407516479492e-01 -6.923824548721313477e-02 6.955716609954833984e-01 -4.173950552940368652e-01 2.087737321853637695e-01 4.712080955505371094e-02
-2.362861037254333496e-01 -1.790093183517456055e-01 6.063591241836547852e-01 -4.002363681793212891e-01 2.040261030197143555e-01 -7.917815446853637695e-02
-3.645082116127014160e-01 -1.175481081008911133e-02 5.884095430374145508e-01 -7.064038515090942383e-02 -3.978037834167480469e-02 9.593939781188964844e-02
-4.252104759216308594e-01 -6.454586982727050781e-02 3.143372535705566406e-01 -1.092274785041809082e-01 -1.585444211959838867e-01 -3.826010227203369141e-02
-3.826051950454711914e-01 1.314032077789306641e-02 6.608928442001342773e-01 -2.211400866508483887e-01 -7.663941383361816406e-02 1.885116100311279297e-01
-4.029073119163513184e-01 -1.403470039367675781e-01 6.530264616012573242e-01 -1.921541094779968262e-01 2.448482513427734375e-01 -2.296161651611328125e-02
-2.720222473144531250e-01 -1.141322255134582520e-01 5.054126977920532227e-01 -1.451143026351928711e-01 1.332020759582519531e-02 -1.372758150100708008e-01
-1.900451779365539551e-01 -9.910154342651367188e-02 4.170442819595336914e-01 -1.054511666297912598e-01 -7.820552587509155273e-02 -1.126378774642944336e-02
-3.033643364906311035e-01 -1.473805904388427734e-01 2.004356384277343750e-01 -2.499659657478332520e-01 3.551282882690429688e-01 -4.618480801582336426e-01
-1.862498521804809570e-01 -2.458763122558593750e-01 -2.408510446548461914e-02 -1.833069920539855957e-01 4.328249692916870117e-01 -6.903072595596313477e-01
-2.104547619819641113e-01 -4.450075030326843262e-01 -5.933517217636108398e-02 3.342127799987792969e-02 5.394519567489624023e-01 -8.855705261230468750e-01
-2.412955760955810547e-01 -4.583079814910888672e-01 1.967264413833618164e-01 -7.169914245605468750e-02 2.384575605392456055e-01 -6.704992651939392090e-01
-1.994049549102783203e-02 -6.940022110939025879e-01 5.081303119659423828e-01 -8.555001020431518555e-02 3.028126955032348633e-01 -6.947903037071228027e-01
9.133768081665039062e-02 -4.388892054557800293e-01 1.770416498184204102e-01 -5.234316587448120117e-01 1.145753860473632812e-01 -3.837755322456359863e-01
1.374423503875732422e-01 -3.099023103713989258e-01 4.423606395721435547e-02 -6.958168745040893555e-01 2.472673654556274414e-01 -3.383291959762573242e-01
2.227395772933959961e-01 -5.073335170745849609e-01 -8.476132154464721680e-02 -6.520057320594787598e-01 5.257296562194824219e-01 -6.142090559005737305e-01
1.868077516555786133e-01 -3.985908627510070801e-01 -7.529687881469726562e-02 -6.677675247192382812e-01 3.915549516677856445e-01 -5.087148547172546387e-01
2.086362838745117188e-01 -3.584020137786865234e-01 -2.108633518218994141e-01 -8.015564680099487305e-01 3.422563076019287109e-01 -5.138996839523315430e-01
4.252600669860839844e-02 -3.295260667800903320e-01 -9.424775838851928711e-02 -7.901127338409423828e-01 2.113091945648193359e-01 -4.283999204635620117e-01
1.057286262512207031e-01 -3.834034800529479980e-01 3.438436985015869141e-02 -7.611844539642333984e-01 2.592030763626098633e-01 -4.220084547996520996e-01
3.697538375854492188e-02 -4.478101134300231934e-01 1.559517383575439453e-01 -7.517141699790954590e-01 2.636476755142211914e-01 -4.161942005157470703e-01
-2.323859930038452148e-02 -6.729537248611450195e-01 2.050994634628295898e-01 -6.288260221481323242e-01 5.609883069992065430e-01 -5.929840803146362305e-01
-4.782378673553466797e-03 -3.787984848022460938e-01 4.507580995559692383e-01 -6.717781424522399902e-01 2.123903036117553711e-01 -3.525173068046569824e-01
-1.760500073432922363e-01 -3.429347276687622070e-01 3.413065671920776367e-01 -5.622072219848632812e-01 8.182251453399658203e-02 -3.507140278816223145e-01
-4.631056785583496094e-01 -4.470954537391662598e-01 6.484365463256835938e-02 -3.343556523323059082e-01 6.742966175079345703e-02 -4.430602192878723145e-01
-4.425501823425292969e-01 -2.516835927963256836e-01 1.171518564224243164e-01 -2.092515230178833008e-01 -1.947118639945983887e-01 -1.197271943092346191e-01
-3.845276236534118652e-01 -3.222429752349853516e-01 9.193122386932373047e-02 -3.389192223548889160e-01 -1.535874605178833008e-01 -1.424557566642761230e-01
-3.497285246849060059e-01 -2.962914705276489258e-01 2.161986827850341797e-01 -2.068005204200744629e-01 -1.139713525772094727e-01 -1.931741237640380859e-01
-2.906794548034667969e-01 -5.463434457778930664e-01 3.125201463699340820e-01 -2.030545473098754883e-01 2.827608585357666016e-02 -3.043711185455322266e-01
-2.991448640823364258e-01 -2.526119351387023926e-01 4.292213916778564453e-01 -2.254958748817443848e-01 -8.967787027359008789e-02 -1.778265237808227539e-01
-2.697386741638183594e-01 -4.384871721267700195e-01 3.253159523010253906e-01 -1.932434439659118652e-01 5.874454975128173828e-02 -3.305805325508117676e-01
-3.152003884315490723e-01 -4.224761128425598145e-01 1.620136499404907227e-01 1.659557819366455078e-01 -1.679371595382690430e-01 -2.608648538589477539e-01
-2.097570896148681641e-01 -5.843864679336547852e-01 2.735714912414550781e-01 -9.158080816268920898e-02 3.138053417205810547e-02 -4.281460642814636230e-01
-2.975582480430603027e-01 -4.842659831047058105e-01 4.007792472839355469e-01 -1.283402442932128906e-01 -9.906184673309326172e-02 -2.511369585990905762e-01
-5.720275640487670898e-02 -5.472688078880310059e-01 1.058353185653686523e-01 -4.801728129386901855e-01 -1.746898889541625977e-02 -1.025897264480590820e-01
-8.145791292190551758e-02 -4.246498346328735352e-01 1.520360708236694336e-01 -6.137410402297973633e-01 4.617071151733398438e-02 1.701618432998657227e-01
-2.888280153274536133e-02 -4.012097120285034180e-01 4.247283935546875000e-02 -5.590626001358032227e-01 1.039125919342041016e-01 1.440542936325073242e-01
-3.022974729537963867e-02 -3.238975405693054199e-01 -9.232789278030395508e-02 -5.187225341796875000e-01 3.466248512268066406e-03 1.790488958358764648e-01
-6.700116395950317383e-02 -3.409720659255981445e-01 -3.011572360992431641e-02 -4.865307807922363281e-01 1.311469078063964844e-02 2.123456001281738281e-01
-2.838778495788574219e-02 -3.103652000427246094e-01 -7.599031925201416016e-02 -4.268052577972412109e-01 5.688893795013427734e-02 2.375333309173583984e-01
-8.708620071411132812e-02 -3.257218599319458008e-01 -9.310668706893920898e-02 -4.115671515464782715e-01 1.033133268356323242e-01 1.559244394302368164e-01
-1.783072948455810547e-02 -4.164392948150634766e-01 -1.402420401573181152e-01 -3.757508993148803711e-01 2.304315567016601562e-01 3.402912616729736328e-02
-1.068924665451049805e-01 -4.534931778907775879e-01 4.692173004150390625e-02 -4.611748456954956055e-01 2.818903923034667969e-01 8.277356624603271484e-02
1.199672222137451172e-01 -3.477184772491455078e-01 -1.632083654403686523e-01 -3.552306294441223145e-01 3.050103187561035156e-01 1.370832920074462891e-01
-1.851244568824768066e-01 -4.591114521026611328e-01 1.684879064559936523e-01 -2.921277880668640137e-01 2.756104469299316406e-01 1.306897401809692383e-01
-1.974447369575500488e-01 -3.717914819717407227e-01 2.169758081436157227e-01 -3.261941671371459961e-01 1.472764015197753906e-01 1.612195968627929688e-01
-2.073304653167724609e-01 -4.225044250488281250e-01 2.676573991775512695e-01 -1.897591352462768555e-01 2.517826557159423828e-01 2.225551605224609375e-01
-3.584848642349243164e-01 -3.447039127349853516e-01 3.971960544586181641e-01 -3.501023054122924805e-01 1.442452669143676758e-01 2.962167263031005859e-01
-3.040784597396850586e-01 -1.716609597206115723e-01 2.938364744186401367e-01 -9.665596485137939453e-02 -7.911622524261474609e-03 3.718701601028442383e-01
