7.998955249786376953e-02 -3.993730545043945312e-01 1.773217916488647461e-01 -4.948865771293640137e-01 2.933303117752075195e-01 -3.020139336585998535e-01
3.260465860366821289e-01 -4.091454744338989258e-01 1.208853721618652344e-02 -4.007292389869689941e-01 3.577561378479003906e-01 -3.617629408836364746e-01
4.383227825164794922e-01 -4.815457463264465332e-01 3.452074527740478516e-02 -4.447763562202453613e-01 2.506867647171020508e-01 -4.816822409629821777e-01
4.491164684295654297e-01 -5.369704961776733398e-01 -5.147767066955566406e-02 -3.557103872299194336e-01 3.308999538421630859e-01 -5.618038773536682129e-01
4.894890785217285156e-01 -4.757841229438781738e-01 -8.574128150939941406e-03 -3.243411779403686523e-01 3.802292346954345703e-01 -5.170814990997314453e-01
3.463803529739379883e-01 -5.113015174865722656e-01 3.831350803375244141e-02 -4.003834724426269531e-01 3.473205566406250000e-01 -5.067811012268066406e-01
4.251669645309448242e-01 -5.044881105422973633e-01 -3.812634944915771484e-02 -3.899037241935729980e-01 3.233816623687744141e-01 -5.432633161544799805e-01
4.150371551513671875e-01 -5.350773334503173828e-01 -4.264307022094726562e-02 -3.545683622360229492e-01 3.373821973800659180e-01 -5.324261188507080078e-01
4.184408187866210938e-01 -5.907630920410156250e-01 -5.075001716613769531e-02 -3.312985301017761230e-01 3.421437740325927734e-01 -5.762721300125122070e-01
3.722567558288574219e-01 -7.010682821273803711e-01 1.653635501861572266e-02 -3.521413207054138184e-01 4.397112131118774414e-01 -6.285278797149658203e-01
5.599889755249023438e-01 -6.758418083190917969e-01 -6.165069341659545898e-02 -3.314509391784667969e-01 4.689787626266479492e-01 -6.303791999816894531e-01
4.579496383666992188e-01 -6.279155015945434570e-01 -1.515525579452514648e-01 -3.082627654075622559e-01 4.004541635513305664e-01 -7.016799449920654297e-01
4.631980657577514648e-01 -5.604225397109985352e-01 -1.921889185905456543e-01 -2.878040075302124023e-01 2.850823402404785156e-01 -6.024771928787231445e-01
3.068413734436035156e-01 -4.746521711349487305e-01 -9.537094831466674805e-02 -3.213531374931335449e-01 7.848942279815673828e-02 -4.193268418312072754e-01
2.713412046432495117e-01 -4.406767487525939941e-01 -1.672062873840332031e-01 -3.809323310852050781e-01 -1.156371831893920898e-02 -4.232730269432067871e-01
2.701188325881958008e-01 -4.588311910629272461e-01 -2.797896862030029297e-01 -4.169009923934936523e-01 4.329895973205566406e-02 -5.218743085861206055e-01
2.393283843994140625e-01 -4.841828942298889160e-01 -2.066674828529357910e-01 -5.559462308883666992e-01 1.930851936340332031e-01 -5.708637833595275879e-01
2.671939134597778320e-01 -4.126386642456054688e-01 -3.452987670898437500e-01 -6.542655229568481445e-01 2.137097120285034180e-01 -6.268056631088256836e-01
1.945630311965942383e-01 -4.580731391906738281e-01 -3.445491790771484375e-01 -6.265285015106201172e-01 2.028439044952392578e-01 -6.833714246749877930e-01
1.971127986907958984e-01 -2.233955860137939453e-01 -3.408775925636291504e-01 -7.794010639190673828e-01 2.418694496154785156e-01 -5.097186565399169922e-01
2.913560867309570312e-01 -1.491438746452331543e-01 -4.157794117927551270e-01 -7.253458499908447266e-01 3.253468275070190430e-01 -4.503445029258728027e-01
2.030787467956542969e-01 -7.084697484970092773e-02 -4.243890643119812012e-01 -6.502567529678344727e-01 2.521723508834838867e-01 -2.686434388160705566e-01
3.247654438018798828e-02 1.857148408889770508e-01 -4.116646051406860352e-01 -5.930861234664916992e-01 3.854930400848388672e-02 -2.294981479644775391e-02
1.038947105407714844e-01 2.178332805633544922e-01 -5.919282436370849609e-01 -3.165427446365356445e-01 -8.407121896743774414e-02 5.329394340515136719e-02
2.558902502059936523e-01 2.152494192123413086e-01 -7.143564224243164062e-01 -1.428732872009277344e-01 -7.980126142501831055e-02 7.563948631286621094e-02
2.604207992553710938e-01 3.346091508865356445e-01 -7.772227525711059570e-01 -2.172404527664184570e-02 -2.477944493293762207e-01 2.184962034225463867e-01
4.100638628005981445e-01 3.710360527038574219e-01 -7.106624245643615723e-01 8.719909191131591797e-02 -1.681094765663146973e-01 2.604659795761108398e-01
3.921415805816650391e-01 4.394602775573730469e-01 -7.386564016342163086e-01 1.914014816284179688e-01 -2.605644464492797852e-01 3.400387763977050781e-01
3.417438268661499023e-01 5.407359600067138672e-01 -7.026150226593017578e-01 2.560687065124511719e-01 -3.704827427864074707e-01 4.541543722152709961e-01
3.576312065124511719e-01 5.700123310089111328e-01 -7.206124663352966309e-01 2.108474969863891602e-01 -3.369330763816833496e-01 4.367963075637817383e-01
4.704895019531250000e-01 5.388990640640258789e-01 -7.990786433219909668e-01 4.178199768066406250e-01 -3.998826146125793457e-01 4.540889263153076172e-01
5.127766132354736328e-01 5.441585779190063477e-01 -7.746437191963195801e-01 4.423189163208007812e-01 -3.906331062316894531e-01 4.786013364791870117e-01
3.288347721099853516e-01 4.541912078857421875e-01 -6.897892951965332031e-01 4.180490970611572266e-01 -3.065279126167297363e-01 3.564319610595703125e-01
3.466625213623046875e-01 4.185596704483032227e-01 -6.966668963432312012e-01 3.941725492477416992e-01 -2.597113251686096191e-01 3.071643114089965820e-01
3.965913057327270508e-01 4.377082586288452148e-01 -6.972488760948181152e-01 3.267568349838256836e-01 -3.230964541435241699e-01 4.232113361358642578e-01
2.535301446914672852e-01 3.621053695678710938e-01 -7.209532260894775391e-01 2.591969966888427734e-01 -3.558896183967590332e-01 3.168632984161376953e-01
2.670001983642578125e-02 2.295843362808227539e-01 -4.062558412551879883e-01 1.930443048477172852e-01 -4.297654032707214355e-01 2.196466922760009766e-01
-3.650063276290893555e-01 3.682316541671752930e-01 9.728264808654785156e-02 -2.704620361328125000e-02 -4.338824152946472168e-01 4.420303106307983398e-01
-3.852753639221191406e-01 2.362302541732788086e-01 3.816508054733276367e-01 -7.694524526596069336e-02 -5.045690536499023438e-01 4.269275665283203125e-01
-3.682071566581726074e-01 1.890183687210083008e-01 5.402439832687377930e-01 -1.946876645088195801e-01 -2.635299563407897949e-01 2.473313808441162109e-01
-2.521577477455139160e-01 1.770966053009033203e-01 4.122968912124633789e-01 -5.835473537445068359e-03 -2.778911590576171875e-01 2.059179544448852539e-01
-4.551800489425659180e-01 1.269367933273315430e-01 5.982676744461059570e-01 3.584480285644531250e-02 -3.619174957275390625e-01 3.887073993682861328e-01
-5.162971019744873047e-01 9.047377109527587891e-02 2.976461648941040039e-01 1.762664318084716797e-02 -4.396747946739196777e-01 2.459503412246704102e-01
-5.759108066558837891e-01 1.670336723327636719e-02 2.008180618286132812e-01 1.671156883239746094e-01 -4.222511053085327148e-01 2.722815275192260742e-01
-7.844330668449401855e-01 -1.903182864189147949e-01 2.120125293731689453e-01 2.251296043395996094e-01 -4.219331145286560059e-01 1.782017946243286133e-01
-5.445569753646850586e-01 -5.212766528129577637e-01 2.273038625717163086e-01 3.377521038055419922e-01 -3.238444924354553223e-01 -2.764000892639160156e-01
-4.668040871620178223e-01 -4.424614906311035156e-01 1.934628486633300781e-01 5.174074172973632812e-01 -4.848774075508117676e-01 -3.216478228569030762e-01
-4.906706213951110840e-01 -3.013949990272521973e-01 5.033886432647705078e-02 5.275357961654663086e-01 -5.099058151245117188e-01 -8.875757455825805664e-02
-5.057536363601684570e-01 -6.480993032455444336e-01 3.009080886840820312e-01 4.383596181869506836e-01 -2.217717766761779785e-01 -2.628219127655029297e-01
-5.572401881217956543e-01 -5.829048156738281250e-01 6.079924106597900391e-02 7.054851055145263672e-01 -4.789964556694030762e-01 -1.937726736068725586e-01
-4.752298593521118164e-01 -4.042147397994995117e-01 -1.062500476837158203e-02 4.845539331436157227e-01 -5.436691045761108398e-01 -1.306042075157165527e-01
-5.030269622802734375e-01 -4.847632050514221191e-01 1.994372606277465820e-01 3.282190561294555664e-01 -4.791554808616638184e-01 -1.809050440788269043e-01
-5.167015790939331055e-01 -4.546507000923156738e-01 3.167356252670288086e-01 6.724509000778198242e-01 -6.406193971633911133e-01 -1.528795361518859863e-01
-5.448329448699951172e-01 -5.528879165649414062e-01 1.394444704055786133e-01 8.022631406784057617e-01 -5.907486677169799805e-01 -2.473789453506469727e-01
-4.040801525115966797e-02 -7.523025274276733398e-01 -5.042135715484619141e-02 2.545565366744995117e-01 -3.692134618759155273e-01 -4.309352040290832520e-01
1.047170162200927734e-01 -7.202754020690917969e-01 -7.195276021957397461e-02 -6.309199333190917969e-02 -4.556844830513000488e-01 -2.743685245513916016e-01
1.871052980422973633e-01 -5.797166824340820312e-01 -2.234753966331481934e-01 -8.233880996704101562e-02 -3.815874457359313965e-01 -1.143030524253845215e-01
3.790229558944702148e-01 -4.844893217086791992e-01 -2.527080774307250977e-01 -1.049003005027770996e-01 -3.373857736587524414e-01 -4.820650815963745117e-02
3.995468616485595703e-01 -5.121579170227050781e-01 -2.701326608657836914e-01 -4.838401079177856445e-02 -3.105749487876892090e-01 -6.574016809463500977e-02
5.215222835540771484e-01 -4.968269467353820801e-01 -3.252208232879638672e-01 -8.180272579193115234e-02 -2.627899050712585449e-01 -4.039025306701660156e-02
3.753136396408081055e-01 -5.592905282974243164e-01 -1.611656546592712402e-01 -6.935989856719970703e-02 -3.041707277297973633e-01 -1.047269701957702637e-01
1.837502717971801758e-01 -7.991673350334167480e-01 -1.425655484199523926e-01 1.884927749633789062e-01 -2.617847323417663574e-01 -3.786432743072509766e-01
8.368062973022460938e-02 -8.750569224357604980e-01 -1.184047460556030273e-01 1.993811130523681641e-01 -3.937302827835083008e-01 -4.906005263328552246e-01
-2.209331989288330078e-01 -7.757136821746826172e-01 -6.338965892791748047e-02 1.164228916168212891e-01 -3.195554018020629883e-01 -5.151135325431823730e-01
-1.317435503005981445e-01 -4.799356460571289062e-01 1.511753797531127930e-01 -2.265591025352478027e-01 -2.668825387954711914e-01 -1.957137584686279297e-01
-1.424869298934936523e-01 -3.738576173782348633e-01 3.015275001525878906e-01 -3.484457731246948242e-01 -2.482975125312805176e-01 -7.854694128036499023e-02
-4.025644063949584961e-02 -5.588192939758300781e-01 2.243574857711791992e-01 -2.969189286231994629e-01 -9.903222322463989258e-02 -3.177477121353149414e-01
-2.499157786369323730e-01 -4.250603914260864258e-01 2.982726097106933594e-01 -4.372240900993347168e-01 -2.321824431419372559e-01 -1.055138707160949707e-01
-2.650035619735717773e-01 -3.618090748786926270e-01 3.122973442077636719e-01 -2.325589060783386230e-01 -3.590022921562194824e-01 -8.200460672378540039e-02
-6.226694583892822266e-02 -4.810170531272888184e-01 2.137109041213989258e-01 -3.185442090034484863e-01 -1.831002831459045410e-01 -1.546088457107543945e-01
-8.673745393753051758e-02 -5.998526811599731445e-01 8.294618129730224609e-02 -6.042838096618652344e-02 -4.166345596313476562e-01 -4.433073401451110840e-01
-2.127627134323120117e-01 -3.890156745910644531e-01 2.582110166549682617e-01 -1.993852853775024414e-01 -3.681524991989135742e-01 -1.924180984497070312e-01
-1.491813659667968750e-01 -4.552659392356872559e-01 3.616739511489868164e-01 3.479561805725097656e-01 -2.820963859558105469e-01 -1.035744547843933105e-01
-1.931192874908447266e-01 -6.249799728393554688e-01 1.107590198516845703e-01 3.547457456588745117e-01 -7.868379354476928711e-02 -3.163706660270690918e-01
-2.488644719123840332e-01 -6.195256710052490234e-01 2.814710140228271484e-01 1.468758583068847656e-01 -2.443833351135253906e-01 -1.111060380935668945e-01
-6.175553798675537109e-02 -3.300627470016479492e-01 1.422617435455322266e-01 -4.407226443290710449e-01 -2.262790203094482422e-01 2.221397161483764648e-01
3.433609008789062500e-02 -3.157689571380615234e-01 -5.362236499786376953e-02 -4.111620187759399414e-01 8.948206901550292969e-03 1.822925806045532227e-01
-9.989446401596069336e-02 -3.324746489524841309e-01 5.783069133758544922e-02 -4.667246937751770020e-01 3.296017646789550781e-02 2.223361730575561523e-01
-3.071737289428710938e-02 -2.461749911308288574e-01 -4.690754413604736328e-02 -4.642857313156127930e-01 3.601753711700439453e-02 2.814656496047973633e-01
-7.591009140014648438e-03 -2.258928418159484863e-01 -9.599107503890991211e-02 -4.417221546173095703e-01 5.197906494140625000e-02 3.364783525466918945e-01
-7.847863435745239258e-02 -1.449719667434692383e-01 -8.479177951812744141e-03 -3.803986907005310059e-01 4.184722900390625000e-03 4.478541612625122070e-01
-1.751822233200073242e-02 -1.781278252601623535e-01 -3.074991703033447266e-02 -3.465628623962402344e-01 6.572544574737548828e-02 4.165412187576293945e-01
2.180731296539306641e-02 -1.770971417427062988e-01 -7.607972621917724609e-02 -3.455659747123718262e-01 8.821511268615722656e-02 3.703446388244628906e-01
-1.037979125976562500e-02 -2.205510735511779785e-01 -3.088098764419555664e-02 -3.102641701698303223e-01 7.185530662536621094e-02 3.400869369506835938e-01
2.994370460510253906e-02 -2.381013631820678711e-01 -8.581417798995971680e-02 -2.826861739158630371e-01 1.045622825622558594e-01 2.979018688201904297e-01
-4.792934656143188477e-02 -2.119567394256591797e-01 -4.271370172500610352e-02 -2.791871428489685059e-01 5.956196784973144531e-02 3.259758949279785156e-01
-6.202113628387451172e-02 -2.120772004127502441e-01 -5.890899896621704102e-02 -2.857718467712402344e-01 6.493544578552246094e-02 3.597042560577392578e-01
-8.483552932739257812e-02 -1.564880609512329102e-01 2.100181579589843750e-02 -3.291165232658386230e-01 7.777619361877441406e-02 4.153889417648315430e-01
2.103459835052490234e-02 -2.676970958709716797e-01 -4.619598388671875000e-03 -2.864539027214050293e-01 2.247717380523681641e-01 2.671043872833251953e-01
4.278373718261718750e-02 -3.028617501258850098e-01 -2.758914232254028320e-02 -2.661759257316589355e-01 2.552306652069091797e-01 2.351841926574707031e-01
-1.842176914215087891e-02 -2.334529757499694824e-01 6.670618057250976562e-02 -1.860162615776062012e-01 1.602860689163208008e-01 3.180071115493774414e-01
-1.301274299621582031e-01 -3.145607709884643555e-01 3.213825225830078125e-01 -1.737157106399536133e-01 1.285557746887207031e-01 3.053452968597412109e-01
-3.888696432113647461e-01 -3.140771389007568359e-01 3.763064146041870117e-01 -1.773034334182739258e-01 5.131387710571289062e-02 3.208073377609252930e-01
-1.932123303413391113e-01 -2.321391701698303223e-01 3.512513637542724609e-01 -6.311595439910888672e-02 1.376509666442871094e-03 3.766745328903198242e-01
