-6.324648857116699219e-02 -3.513576388359069824e-01 -2.824389934539794922e-02 -4.661496877670288086e-01 2.868167161941528320e-01 -3.448967933654785156e-01
-9.621322154998779297e-03 -3.709030151367187500e-01 -9.321379661560058594e-02 -5.442817807197570801e-01 2.783552408218383789e-01 -4.610163569450378418e-01
2.050282955169677734e-01 -5.009450316429138184e-01 -2.588657736778259277e-01 -5.758966207504272461e-01 3.374663591384887695e-01 -6.246502399444580078e-01
2.951719760894775391e-01 -5.287227630615234375e-01 -1.046650409698486328e-01 -6.496787071228027344e-01 4.140945672988891602e-01 -5.868356823921203613e-01
3.788900375366210938e-01 -4.670591950416564941e-01 -9.200030565261840820e-02 -6.259025931358337402e-01 3.891191482543945312e-01 -4.818078279495239258e-01
2.330135107040405273e-01 -4.095584750175476074e-01 4.482173919677734375e-02 -5.799587965011596680e-01 2.533726692199707031e-01 -3.046470880508422852e-01
2.897686958312988281e-01 -3.579973578453063965e-01 -5.368816852569580078e-02 -6.809507608413696289e-01 2.659137248992919922e-01 -3.249469399452209473e-01
2.487400770187377930e-01 -3.137670755386352539e-01 -3.793060779571533203e-03 -6.335368156433105469e-01 1.839244365692138672e-01 -2.666448354721069336e-01
2.669980525970458984e-01 -3.138870596885681152e-01 1.117007732391357422e-01 -6.867995262145996094e-01 1.447342634201049805e-01 -1.828410625457763672e-01
3.383909463882446289e-01 -2.897228002548217773e-01 -5.795788764953613281e-02 -6.868540644645690918e-01 1.254333257675170898e-01 -2.670187950134277344e-01
1.578289270401000977e-01 -2.502245306968688965e-01 -2.431815862655639648e-02 -7.190282344818115234e-01 3.316056728363037109e-02 -2.385609149932861328e-01
1.650714874267578125e-01 -2.485357522964477539e-01 -7.685357332229614258e-02 -7.887233495712280273e-01 -3.915315866470336914e-02 -2.018269896507263184e-01
2.485078573226928711e-01 -2.452645301818847656e-01 -9.821772575378417969e-02 -7.067136764526367188e-01 4.940962791442871094e-02 -2.690103054046630859e-01
3.011202812194824219e-01 -2.622367143630981445e-01 -7.743871212005615234e-02 -6.910817623138427734e-01 1.668426990509033203e-01 -3.146628737449645996e-01
2.134259939193725586e-01 -1.406659483909606934e-01 -7.928067445755004883e-02 -7.191638946533203125e-01 6.864261627197265625e-02 -2.235506772994995117e-01
2.355120182037353516e-01 -1.119570136070251465e-01 -1.335343122482299805e-01 -6.917579770088195801e-01 2.002497911453247070e-01 -2.609071731567382812e-01
1.562417745590209961e-01 -4.074937105178833008e-02 -1.925004720687866211e-01 -6.216406822204589844e-01 1.074215173721313477e-01 -1.874731779098510742e-01
8.301734924316406250e-04 4.344499111175537109e-02 -2.117252349853515625e-01 -6.035578250885009766e-01 -2.687436342239379883e-02 -1.249949932098388672e-01
3.062450885772705078e-02 2.633653879165649414e-01 -3.981356024742126465e-01 -4.933187961578369141e-01 -2.860912084579467773e-01 8.220291137695312500e-02
-1.077105402946472168e-01 2.677062749862670898e-01 -4.051493406295776367e-01 -3.644202947616577148e-01 -2.968980669975280762e-01 5.971586704254150391e-02
-1.774013638496398926e-01 3.408062458038330078e-01 -4.773309230804443359e-01 -3.405282497406005859e-01 -4.044772982597351074e-01 2.098398208618164062e-01
-8.442562818527221680e-02 3.160127401351928711e-01 -3.284552693367004395e-01 -3.515509963035583496e-01 -3.283162713050842285e-01 3.233649730682373047e-01
-4.649353027343750000e-02 2.588301897048950195e-01 -3.329876661300659180e-01 -3.510594367980957031e-02 -3.359869718551635742e-01 3.825234174728393555e-01
1.605838537216186523e-01 2.429838180541992188e-01 -3.030707240104675293e-01 -3.756988048553466797e-02 -1.440709829330444336e-01 3.567361831665039062e-01
1.875364780426025391e-02 3.787611722946166992e-01 -1.434289216995239258e-01 -5.771982669830322266e-02 -2.819110155105590820e-01 5.406160354614257812e-01
9.841609001159667969e-02 3.562663793563842773e-01 -1.970426440238952637e-01 4.862058162689208984e-02 -3.372331261634826660e-01 5.449458360671997070e-01
1.441836357116699219e-01 2.997256517410278320e-01 -1.107617616653442383e-01 3.053307533264160156e-03 -2.265554666519165039e-01 5.056302547454833984e-01
1.618545055389404297e-01 2.882455587387084961e-01 -1.000294089317321777e-01 9.018969535827636719e-02 -2.575798034667968750e-01 5.486093759536743164e-01
1.843955516815185547e-01 3.175488710403442383e-01 -2.161458730697631836e-01 2.311477661132812500e-01 -3.702485561370849609e-01 5.734344720840454102e-01
2.426774501800537109e-01 2.953171730041503906e-01 -2.899236679077148438e-01 2.201775312423706055e-01 -4.067211151123046875e-01 4.998171329498291016e-01
1.087505817413330078e-01 3.475605249404907227e-01 -2.884741425514221191e-01 2.370078563690185547e-01 -5.375843644142150879e-01 4.408941268920898438e-01
1.147452592849731445e-01 3.003119230270385742e-01 -2.893097400665283203e-01 3.263603448867797852e-01 -5.854607820510864258e-01 4.300787448883056641e-01
6.550276279449462891e-02 2.343472242355346680e-01 -2.297263741493225098e-01 1.394475698471069336e-01 -4.574989080429077148e-01 2.546803951263427734e-01
-2.048770189285278320e-01 3.077217340469360352e-01 -1.524797081947326660e-01 -9.877508878707885742e-02 -7.023519873619079590e-01 2.756425142288208008e-01
-1.763372421264648438e-01 1.099491119384765625e-01 -1.518965363502502441e-01 -1.666304469108581543e-01 -3.699156641960144043e-01 -5.418878793716430664e-02
-4.061032533645629883e-01 2.784490585327148438e-02 6.573987007141113281e-02 -4.210050106048583984e-01 -2.253961563110351562e-01 -2.474218606948852539e-02
-5.120011568069458008e-01 1.656224727630615234e-01 2.027157545089721680e-01 -8.735877275466918945e-02 -3.418350815773010254e-01 2.531138658523559570e-01
-3.110395669937133789e-01 7.675671577453613281e-02 4.740633964538574219e-01 -1.742360591888427734e-01 -1.098816394805908203e-01 3.048008680343627930e-01
-2.030940055847167969e-01 -6.606519222259521484e-03 4.129948616027832031e-01 -1.176527738571166992e-01 -2.219809889793395996e-01 3.134070634841918945e-01
-4.112217426300048828e-01 1.774052381515502930e-01 5.400297641754150391e-01 -6.727498769760131836e-02 -3.605701327323913574e-01 4.545414447784423828e-01
-5.528792142868041992e-01 1.041694879531860352e-01 3.554739952087402344e-01 2.377824783325195312e-01 -3.254720568656921387e-01 3.593307733535766602e-01
-5.150506496429443359e-01 6.900990009307861328e-02 2.595371007919311523e-01 1.374701261520385742e-01 -2.674464583396911621e-01 2.791607379913330078e-01
-3.701067566871643066e-01 -5.870521068572998047e-03 1.049318313598632812e-01 -4.909670352935791016e-02 -3.906937837600708008e-01 1.892386674880981445e-01
-5.954304337501525879e-01 -5.531376600265502930e-02 2.398525476455688477e-01 -9.085839986801147461e-02 -2.906678318977355957e-01 1.158943176269531250e-01
-3.382697105407714844e-01 -7.330830097198486328e-01 1.886972188949584961e-01 4.770472049713134766e-01 -4.583889245986938477e-02 -5.395247936248779297e-01
-2.361735105514526367e-01 -8.796205520629882812e-01 2.686911821365356445e-01 4.767819643020629883e-01 8.486366271972656250e-02 -6.396266818046569824e-01
-4.737658500671386719e-01 -4.114104509353637695e-01 6.606280803680419922e-02 2.092452049255371094e-01 -4.223392009735107422e-01 -1.752313375473022461e-01
-3.121212124824523926e-01 -3.225138783454895020e-01 7.931947708129882812e-02 3.103209733963012695e-01 -5.328285694122314453e-01 -1.834623217582702637e-01
-5.252351760864257812e-01 -3.373343348503112793e-01 3.659439086914062500e-02 3.653057813644409180e-01 -6.017721295356750488e-01 -2.007457613945007324e-01
-6.133150458335876465e-01 -4.790192246437072754e-01 2.244901657104492188e-02 3.911863565444946289e-01 -5.138154029846191406e-01 -3.152760863304138184e-01
-3.333471417427062988e-01 -3.616678118705749512e-01 -3.993314504623413086e-02 1.700485944747924805e-01 -6.683510541915893555e-01 -1.456297636032104492e-01
-8.403098583221435547e-02 -5.512444972991943359e-01 -8.455216884613037109e-02 -1.901005506515502930e-01 -3.321705460548400879e-01 -2.002298831939697266e-01
-4.496568441390991211e-02 -3.433278203010559082e-01 -1.158942580223083496e-01 -2.986812591552734375e-01 -5.635472536087036133e-01 7.761800289154052734e-02
-7.793533802032470703e-02 -2.464364767074584961e-01 -1.028659939765930176e-01 -2.968044281005859375e-01 -7.661298513412475586e-01 1.386489868164062500e-01
1.220854520797729492e-01 -1.022130846977233887e-01 -1.532391309738159180e-01 -2.327415347099304199e-01 -8.687021136283874512e-01 3.636177778244018555e-01
-9.984457492828369141e-02 -2.699810266494750977e-02 -2.987837791442871094e-02 -2.566487789154052734e-01 -9.972400665283203125e-01 4.918744564056396484e-01
2.588245868682861328e-01 -1.249834299087524414e-01 -1.508944034576416016e-01 -2.992867231369018555e-01 -7.287503480911254883e-01 2.340381145477294922e-01
5.757772922515869141e-02 -1.513201594352722168e-01 1.300364732742309570e-01 -2.583018541336059570e-01 -6.594779491424560547e-01 3.274637460708618164e-01
-2.517176270484924316e-01 -3.662798404693603516e-01 4.449367523193359375e-02 -7.928580045700073242e-02 -5.615766048431396484e-01 4.122126102447509766e-02
-3.133068680763244629e-01 -4.987336397171020508e-01 -1.326602697372436523e-01 -3.649002313613891602e-02 -4.262999296188354492e-01 -2.598934769630432129e-01
4.829108715057373047e-02 -4.078305363655090332e-01 1.000026464462280273e-01 -3.033657073974609375e-01 -1.281033158302307129e-01 -1.876300573348999023e-01
-9.189885854721069336e-02 -4.230316281318664551e-01 2.417912483215332031e-01 -2.826475501060485840e-01 -1.385859847068786621e-01 -2.545498609542846680e-01
-1.749503016471862793e-01 -2.934502959251403809e-01 3.619729280471801758e-01 -3.846989870071411133e-01 -2.443239688873291016e-01 -9.195899963378906250e-02
-1.920319199562072754e-01 -3.117741942405700684e-01 1.436932086944580078e-01 -3.666648268699645996e-01 -3.608920574188232422e-01 -2.616948485374450684e-01
-3.796166777610778809e-01 -2.657041549682617188e-01 2.386281490325927734e-01 -2.003408670425415039e-01 -2.817497253417968750e-01 -1.464433670043945312e-01
-4.700231552124023438e-01 -1.213169097900390625e-01 3.223943710327148438e-01 -2.051150798797607422e-01 -4.265536069869995117e-01 2.075529098510742188e-02
-2.523360252380371094e-01 -1.761474013328552246e-01 2.554408311843872070e-01 -2.156340479850769043e-01 -3.093914389610290527e-01 -9.700328111648559570e-02
-4.073818922042846680e-01 -2.299558520317077637e-01 3.365821838378906250e-01 -1.296233534812927246e-01 -2.705242633819580078e-01 -9.143340587615966797e-02
-5.091262459754943848e-01 -6.054433584213256836e-01 9.015583992004394531e-02 3.459372520446777344e-01 -1.671656966209411621e-01 -3.511303663253784180e-01
-3.043477535247802734e-01 -6.640336513519287109e-01 -6.747865676879882812e-02 3.840324878692626953e-01 -1.659206748008728027e-01 -3.528761267662048340e-01
-3.014672994613647461e-01 -7.878774404525756836e-01 -8.927959203720092773e-02 2.804296016693115234e-01 -3.383688926696777344e-01 -5.576449036598205566e-01
-3.873327374458312988e-01 -5.678477287292480469e-01 2.726461887359619141e-01 1.915102005004882812e-01 -3.066035509109497070e-01 -3.416907191276550293e-01
-9.700745344161987305e-02 -6.031610965728759766e-01 2.262808084487915039e-01 -1.386286616325378418e-01 -1.122597455978393555e-01 -1.074754595756530762e-01
-1.131321191787719727e-01 -5.712327957153320312e-01 1.958011388778686523e-01 -1.904036998748779297e-01 -4.406827688217163086e-02 2.059447765350341797e-02
-5.798274278640747070e-02 -4.724836349487304688e-01 6.262660026550292969e-02 -2.896512150764465332e-01 -3.463435173034667969e-02 8.963167667388916016e-02
1.108675003051757812e-01 -3.994064331054687500e-01 1.508092880249023438e-02 -2.989342212677001953e-01 2.836203575134277344e-02 1.580054759979248047e-01
1.080026626586914062e-01 -3.583802580833435059e-01 8.249580860137939453e-02 -2.994816899299621582e-01 4.863655567169189453e-02 1.892154216766357422e-01
1.126004457473754883e-01 -3.365161418914794922e-01 3.390979766845703125e-02 -3.081529140472412109e-01 4.213190078735351562e-02 1.462873220443725586e-01
1.877467632293701172e-01 -3.427795767784118652e-01 3.180038928985595703e-02 -2.847749590873718262e-01 6.022882461547851562e-02 2.024133205413818359e-01
2.219489812850952148e-01 -3.267509937286376953e-01 5.904388427734375000e-02 -2.755543589591979980e-01 1.081147193908691406e-01 2.089511156082153320e-01
6.755709648132324219e-02 -4.015816450119018555e-01 1.681518554687500000e-01 -3.240473270416259766e-01 1.956925392150878906e-01 1.434391736984252930e-01
3.170549869537353516e-02 -4.162045121192932129e-01 5.911815166473388672e-02 -2.216975688934326172e-01 2.044211626052856445e-01 6.614124774932861328e-02
6.803131103515625000e-02 -4.633247256278991699e-01 1.141422986984252930e-01 -1.102160811424255371e-01 1.577092409133911133e-01 6.142163276672363281e-02
-7.150793075561523438e-02 -4.770795106887817383e-01 2.706844806671142578e-01 -1.529086828231811523e-01 1.724674701690673828e-01 1.541738510131835938e-01
-7.061350345611572266e-02 -3.062468171119689941e-01 3.731268644332885742e-01 -2.313338518142700195e-01 9.604132175445556641e-02 2.726151943206787109e-01
-1.517368555068969727e-01 -3.292261958122253418e-01 3.342889547348022461e-01 -1.965355873107910156e-02 1.484482288360595703e-01 2.037905454635620117e-01
-2.155829071998596191e-01 -3.797018527984619141e-01 1.736541986465454102e-01 3.536713123321533203e-02 7.070267200469970703e-02 1.982214450836181641e-01
-2.962927818298339844e-01 -3.966200351715087891e-01 2.670499086380004883e-01 1.094793081283569336e-01 2.223489284515380859e-01 1.139618158340454102e-01
-5.793832540512084961e-01 -4.552644491195678711e-02 5.113133192062377930e-01 -1.282612085342407227e-01 -2.663397789001464844e-02 5.036985874176025391e-01
-6.997418403625488281e-01 -5.067336559295654297e-02 4.446955919265747070e-01 -1.251826882362365723e-01 -2.273678779602050781e-02 4.727003574371337891e-01
-5.844855308532714844e-01 -1.159957051277160645e-01 4.067747592926025391e-01 -5.505990982055664062e-02 6.838238239288330078e-02 2.910765409469604492e-01
