-8.869475126266479492e-02 -3.328117132186889648e-01 4.358422756195068359e-02 -6.278941631317138672e-01 1.286588907241821289e-01 -3.170102834701538086e-01
1.350317001342773438e-01 -4.107779264450073242e-01 -8.356899023056030273e-02 -6.762478351593017578e-01 2.506480216979980469e-01 -4.871155619621276855e-01
1.775916814804077148e-01 -3.951308131217956543e-01 -6.688863039016723633e-02 -7.629475593566894531e-01 2.557958364486694336e-01 -5.241155028343200684e-01
2.386311292648315430e-01 -4.186062216758728027e-01 -1.179419755935668945e-01 -6.677902936935424805e-01 2.261514663696289062e-01 -5.307016372680664062e-01
1.880007982254028320e-01 -3.872526884078979492e-01 -6.254988908767700195e-02 -5.796697139739990234e-01 2.272777557373046875e-01 -4.277992844581604004e-01
2.882760763168334961e-01 -3.756786584854125977e-01 -1.149340271949768066e-01 -7.098144888877868652e-01 2.818361520767211914e-01 -4.128138422966003418e-01
1.408014297485351562e-01 -3.852134346961975098e-01 -4.132062196731567383e-02 -7.008404135704040527e-01 2.521916627883911133e-01 -4.039279818534851074e-01
2.127104997634887695e-01 -4.473521709442138672e-01 -4.055976867675781250e-02 -7.248113155364990234e-01 3.068053722381591797e-01 -4.505526423454284668e-01
2.072825431823730469e-01 -4.116964340209960938e-01 -7.511925697326660156e-02 -8.312493562698364258e-01 3.273127079010009766e-01 -5.335553288459777832e-01
1.059013605117797852e-01 -3.953830003738403320e-01 7.364022731781005859e-02 -8.116534352302551270e-01 1.912678480148315430e-01 -3.862993717193603516e-01
1.793107986450195312e-01 -3.370975255966186523e-01 -5.812644958496093750e-03 -8.041788339614868164e-01 2.168409824371337891e-01 -4.038003683090209961e-01
1.870775222778320312e-01 -2.892971038818359375e-01 -1.015921235084533691e-01 -7.254467010498046875e-01 9.851682186126708984e-02 -3.667687177658081055e-01
1.099323034286499023e-01 -3.376023769378662109e-01 -1.318053603172302246e-01 -7.071243524551391602e-01 7.591259479522705078e-02 -3.838236331939697266e-01
1.693463325500488281e-02 -3.443750143051147461e-01 -1.422231197357177734e-01 -5.497946739196777344e-01 1.048423051834106445e-01 -4.071276187896728516e-01
9.880661964416503906e-02 -2.706778049468994141e-01 -2.358738780021667480e-01 -5.143994688987731934e-01 1.189031600952148438e-01 -4.319207072257995605e-01
7.790029048919677734e-02 -2.314674854278564453e-02 -2.368298172950744629e-01 -5.938765406608581543e-01 -4.273647069931030273e-02 -1.869039535522460938e-01
-1.686251163482666016e-02 1.187474727630615234e-01 -2.493038773536682129e-01 -5.515090823173522949e-01 -1.315223574638366699e-01 -6.982821226119995117e-02
-1.200398206710815430e-01 2.011022567749023438e-01 -3.281148672103881836e-01 -4.865023493766784668e-01 -2.472024559974670410e-01 2.631533145904541016e-02
-1.762625575065612793e-01 2.820216417312622070e-01 -4.494835138320922852e-01 -4.511663913726806641e-01 -3.187489509582519531e-01 1.063112020492553711e-01
-1.509338617324829102e-01 3.617603778839111328e-01 -4.765747189521789551e-01 -4.148501157760620117e-01 -3.388686776161193848e-01 2.224576473236083984e-01
-8.448165655136108398e-02 4.383164644241333008e-01 -4.963936805725097656e-01 -2.847222089767456055e-01 -4.671412110328674316e-01 4.185024499893188477e-01
-1.042152047157287598e-01 4.384276866912841797e-01 -4.478376507759094238e-01 -3.034436702728271484e-01 -4.216200709342956543e-01 4.160183668136596680e-01
-8.093333244323730469e-02 4.749171733856201172e-01 -3.155665397644042969e-01 -7.015478610992431641e-02 -5.006794929504394531e-01 5.873553752899169922e-01
-3.306049108505249023e-02 4.455862045288085938e-01 -2.392020821571350098e-01 -5.962842702865600586e-02 -4.185868501663208008e-01 6.306567192077636719e-01
1.549688577651977539e-01 4.132562875747680664e-01 -2.683870196342468262e-01 -7.680934667587280273e-02 -2.885745763778686523e-01 5.945541858673095703e-01
1.609494686126708984e-01 3.769263029098510742e-01 -2.549351453781127930e-01 4.528903961181640625e-02 -3.069270849227905273e-01 6.036771535873413086e-01
2.218143939971923828e-01 3.319530487060546875e-01 -3.211752176284790039e-01 3.522062301635742188e-02 -2.094860076904296875e-01 4.159411191940307617e-01
7.089495658874511719e-02 4.006048440933227539e-01 -2.287585139274597168e-01 9.850502014160156250e-03 -4.326868057250976562e-01 5.504046678543090820e-01
-3.265881538391113281e-02 3.450962305068969727e-01 -2.285857796669006348e-01 5.503904819488525391e-02 -4.547854065895080566e-01 4.409682750701904297e-01
5.158936977386474609e-02 3.530831336975097656e-01 -1.351347565650939941e-01 1.187386512756347656e-01 -5.238457918167114258e-01 4.704976081848144531e-01
-1.955392956733703613e-01 2.628344297409057617e-01 7.531166076660156250e-02 7.718086242675781250e-02 -6.300066709518432617e-01 5.080492496490478516e-01
-2.290375232696533203e-01 1.741049289703369141e-01 3.235503435134887695e-01 -1.405801773071289062e-01 -4.790043830871582031e-01 4.246188402175903320e-01
-2.534769773483276367e-01 2.455340623855590820e-01 2.961715459823608398e-01 -7.135587930679321289e-02 -5.675194859504699707e-01 4.359982013702392578e-01
-2.893335819244384766e-01 7.746386528015136719e-02 3.423129320144653320e-01 -3.494644165039062500e-02 -2.920440435409545898e-01 2.812726497650146484e-01
-3.810836076736450195e-01 -1.265943646430969238e-01 3.160451650619506836e-01 -7.740336656570434570e-02 -2.132603526115417480e-01 1.572364568710327148e-01
-5.179210901260375977e-01 -1.019809246063232422e-01 2.575906515121459961e-01 1.170982122421264648e-01 -1.845225691795349121e-01 9.508109092712402344e-02
-4.450445771217346191e-01 -1.078772544860839844e-02 2.651209831237792969e-01 1.151409149169921875e-01 -3.044068813323974609e-01 2.351056337356567383e-01
-4.827472567558288574e-01 -2.929234504699707031e-02 2.421677112579345703e-02 3.412365913391113281e-03 -2.932876944541931152e-01 1.160887479782104492e-01
-6.262111067771911621e-01 3.601944446563720703e-02 1.155000925064086914e-01 -1.528546214103698730e-01 -4.022359848022460938e-01 1.359221935272216797e-01
-4.842892885208129883e-01 -1.466955542564392090e-01 3.088461160659790039e-01 -7.595634460449218750e-02 -1.588986515998840332e-01 1.046869754791259766e-01
-4.849433302879333496e-01 -7.117348909378051758e-02 1.628763675689697266e-01 1.306200027465820312e-01 -4.206869602203369141e-01 1.788072586059570312e-01
-5.132524967193603516e-01 9.622347354888916016e-02 -3.460872173309326172e-02 2.605097293853759766e-01 -1.574692130088806152e-01 -5.880928039550781250e-02
-4.289684295654296875e-01 5.869352817535400391e-02 -5.407631397247314453e-03 1.437474489212036133e-01 -1.427536010742187500e-01 -1.778949499130249023e-01
-1.782776117324829102e-01 -2.156455516815185547e-01 2.831256389617919922e-01 -3.204119205474853516e-02 9.141564369201660156e-03 -4.190961122512817383e-01
-3.516135215759277344e-01 -6.428860425949096680e-01 2.781708240509033203e-01 3.642249107360839844e-02 1.587150096893310547e-01 -8.215999007225036621e-01
-6.500750780105590820e-02 -6.172729134559631348e-01 2.600791454315185547e-01 -1.147990226745605469e-01 -6.099039316177368164e-02 -5.495352149009704590e-01
2.741301059722900391e-01 -3.957307338714599609e-01 -8.613371849060058594e-02 -3.958451151847839355e-01 9.827160835266113281e-02 -3.438821434974670410e-01
2.433161735534667969e-01 -4.494276642799377441e-01 -1.216335296630859375e-01 -8.089852333068847656e-01 4.356523752212524414e-01 -6.011975407600402832e-01
4.775004386901855469e-01 -5.223299264907836914e-01 -3.212327957153320312e-01 -7.413087487220764160e-01 4.786542654037475586e-01 -6.843221187591552734e-01
4.130787849426269531e-01 -5.281548500061035156e-01 -3.479254245758056641e-01 -8.242721557617187500e-01 4.849895238876342773e-01 -7.513381838798522949e-01
3.134461641311645508e-01 -3.580160737037658691e-01 -3.595514297485351562e-01 -7.777515649795532227e-01 1.906009912490844727e-01 -5.552763938903808594e-01
1.188814640045166016e-01 -4.078416228294372559e-01 -3.148581981658935547e-01 -7.268997430801391602e-01 8.033108711242675781e-02 -5.817426443099975586e-01
1.923264265060424805e-01 -4.440924525260925293e-01 -4.002643823623657227e-01 -7.539252638816833496e-01 1.920890808105468750e-01 -6.541563868522644043e-01
1.598893404006958008e-01 -4.640702605247497559e-01 -2.349264621734619141e-01 -8.587821125984191895e-01 2.617125511169433594e-01 -6.762228012084960938e-01
-4.184961318969726562e-02 -3.551838397979736328e-01 1.962709426879882812e-02 -6.984869837760925293e-01 2.428686618804931641e-02 -3.659507632255554199e-01
-1.304697394371032715e-01 -3.064369559288024902e-01 8.611369132995605469e-02 -6.831453442573547363e-01 5.160212516784667969e-02 -3.837269544601440430e-01
-2.274852991104125977e-02 -3.179486393928527832e-01 -1.770240068435668945e-01 -6.521546840667724609e-01 9.407961368560791016e-02 -4.167665839195251465e-01
4.261600971221923828e-02 -1.692025661468505859e-01 7.595789432525634766e-02 -4.150449037551879883e-01 -1.322319507598876953e-01 -2.121782898902893066e-01
1.128066778182983398e-01 -3.750796914100646973e-01 3.219847679138183594e-01 -4.887495636940002441e-01 -1.437559127807617188e-01 -1.861407160758972168e-01
-2.729409933090209961e-02 -4.349566102027893066e-01 2.818295955657958984e-01 -6.462315320968627930e-01 5.763196945190429688e-02 -3.175746798515319824e-01
-1.137245297431945801e-01 -3.612698316574096680e-01 2.184948921203613281e-01 -4.410645365715026855e-01 -4.399675130844116211e-02 -1.675372719764709473e-01
-2.874363064765930176e-01 -2.639810442924499512e-01 2.237395048141479492e-01 -2.032735943794250488e-01 -2.379139661788940430e-01 -1.316850185394287109e-01
-2.218081355094909668e-01 -2.464333772659301758e-01 4.190180301666259766e-01 -3.526045680046081543e-01 -1.366341710090637207e-01 -2.027928829193115234e-03
-2.685037255287170410e-01 -3.023305535316467285e-01 2.913426160812377930e-01 -3.812764286994934082e-01 -3.236180543899536133e-02 -2.061860561370849609e-01
-3.098520636558532715e-01 -4.252817630767822266e-01 2.650951147079467773e-01 -1.517454981803894043e-01 -9.895789623260498047e-02 -1.564780473709106445e-01
-3.994062542915344238e-01 4.454022645950317383e-01 4.316400289535522461e-01 1.203541755676269531e-01 -4.975748062133789062e-01 5.926740169525146484e-01
-3.912855386734008789e-01 4.864307641983032227e-01 3.449190855026245117e-01 3.456656932830810547e-01 -5.180161595344543457e-01 5.048877000808715820e-01
-3.900310993194580078e-01 5.747077465057373047e-01 5.335679054260253906e-01 2.720298767089843750e-01 -3.715305924415588379e-01 5.585001707077026367e-01
-2.598835825920104980e-01 4.223067760467529297e-01 3.952037096023559570e-01 -1.696562767028808594e-02 -5.473026633262634277e-01 5.112825632095336914e-01
-1.408421993255615234e-01 2.686300277709960938e-01 -1.049985885620117188e-01 -2.890670299530029297e-02 -4.321926832199096680e-01 4.518591165542602539e-01
3.826737403869628906e-03 3.595539331436157227e-01 -3.481174111366271973e-01 -5.718529224395751953e-03 -4.657176733016967773e-01 4.856337308883666992e-01
1.330909729003906250e-01 3.887548446655273438e-01 -3.663016557693481445e-01 3.428590297698974609e-02 -4.550124406814575195e-01 5.679413080215454102e-01
2.346545457839965820e-01 3.393598794937133789e-01 -3.790282607078552246e-01 1.655091047286987305e-01 -3.963319063186645508e-01 5.530095100402832031e-01
2.644890546798706055e-01 3.557510375976562500e-01 -4.451826810836791992e-01 3.157407045364379883e-01 -4.548808932304382324e-01 5.969302654266357422e-01
2.120059728622436523e-01 4.055278301239013672e-01 -4.275642037391662598e-01 3.487342596054077148e-01 -5.327255725860595703e-01 6.308959722518920898e-01
3.718451261520385742e-01 4.471116065979003906e-01 -6.237597465515136719e-01 3.565478324890136719e-01 -5.145553350448608398e-01 6.077516078948974609e-01
3.175569772720336914e-01 4.254791736602783203e-01 -5.522975921630859375e-01 3.147854804992675781e-01 -4.299362301826477051e-01 5.611237287521362305e-01
2.203049659729003906e-01 3.618810176849365234e-01 -4.856895208358764648e-01 2.980570793151855469e-01 -3.213847875595092773e-01 4.815274477005004883e-01
2.136576175689697266e-01 4.322367906570434570e-01 -4.204239845275878906e-01 3.298369646072387695e-01 -3.071497082710266113e-01 5.336115360260009766e-01
5.057907104492187500e-02 3.996132612228393555e-01 -3.478978276252746582e-01 3.243656158447265625e-01 -4.258484244346618652e-01 6.175408363342285156e-01
7.458901405334472656e-02 3.649070262908935547e-01 -8.929455280303955078e-02 2.672963142395019531e-01 -4.565440416336059570e-01 6.501863002777099609e-01
-1.489673256874084473e-01 3.201366662979125977e-01 1.937384605407714844e-01 2.459841966629028320e-01 -3.001586794853210449e-01 6.971211433410644531e-01
-3.950050473213195801e-01 2.601863145828247070e-01 4.178146123886108398e-01 1.137746572494506836e-01 -3.633197546005249023e-01 7.233482599258422852e-01
-2.515314817428588867e-01 1.545233726501464844e-01 6.114828586578369141e-02 3.340702056884765625e-01 -2.517452239990234375e-01 5.031422376632690430e-01
-5.161782503128051758e-01 7.257890701293945312e-02 1.139923334121704102e-01 3.756604194641113281e-01 -2.014321684837341309e-01 5.088056325912475586e-01
