3.576908111572265625e-01 5.665818452835083008e-01 -1.433777809143066406e-02 -2.425314784049987793e-01 2.765345573425292969e-02 1.926828622817993164e-01
5.518798828125000000e-01 6.295194625854492188e-01 -5.708473920822143555e-02 -2.311972975730895996e-01 -2.205806970596313477e-02 2.412108182907104492e-01
6.425557136535644531e-01 6.645562648773193359e-01 -1.463619470596313477e-01 -2.217290997505187988e-01 -1.029108762741088867e-01 3.014805316925048828e-01
7.745503187179565430e-01 6.501177549362182617e-01 -7.988649606704711914e-02 -2.584092617034912109e-01 -1.360974907875061035e-01 3.122175931930541992e-01
1.000000000000000000e+00 5.662574768066406250e-01 -2.734587192535400391e-01 -2.383397817611694336e-01 -9.547013044357299805e-02 2.406002283096313477e-01
7.680604457855224609e-01 5.163164138793945312e-01 -1.608228087425231934e-01 -1.850808858871459961e-01 -9.279710054397583008e-02 1.812922954559326172e-01
7.997056245803833008e-01 4.681807756423950195e-01 -3.090891838073730469e-01 -8.855408430099487305e-02 -3.772294521331787109e-02 4.200160503387451172e-02
6.065924167633056641e-01 5.707534551620483398e-01 -1.805695295333862305e-01 -3.192037343978881836e-01 -1.584751605987548828e-01 1.845604181289672852e-01
7.619416713714599609e-01 5.887106657028198242e-01 -2.522261142730712891e-01 -2.581213712692260742e-01 -1.319149732589721680e-01 1.479647159576416016e-01
7.474396228790283203e-01 4.896874427795410156e-01 -2.246953845024108887e-01 -1.953504681587219238e-01 -2.218413352966308594e-02 1.001805067062377930e-01
7.257367372512817383e-01 5.435554981231689453e-01 -2.433091402053833008e-01 -2.570427656173706055e-01 -2.234375476837158203e-02 9.619283676147460938e-02
6.673071384429931641e-01 4.386737346649169922e-01 -2.143939733505249023e-01 9.877800941467285156e-03 -1.068089008331298828e-01 1.317803859710693359e-01
6.822870969772338867e-01 3.790171146392822266e-01 -1.949544548988342285e-01 -6.915909051895141602e-02 -7.549941539764404297e-03 8.479654788970947266e-02
6.278659105300903320e-01 4.848191738128662109e-01 -1.903764009475708008e-01 -1.008432507514953613e-01 -1.376802921295166016e-01 2.762619256973266602e-01
6.708815097808837891e-01 3.680605888366699219e-01 -1.333715319633483887e-01 -1.403360366821289062e-01 1.174204349517822266e-01 1.226141452789306641e-01
5.414773225784301758e-01 2.672969102859497070e-01 -4.198050498962402344e-02 -1.106619238853454590e-01 1.785206794738769531e-01 9.945046901702880859e-02
7.467058897018432617e-01 1.823699474334716797e-01 -5.622088909149169922e-03 -7.722860574722290039e-02 3.299298286437988281e-01 6.874132156372070312e-02
7.926014661788940430e-01 7.027053833007812500e-02 -3.785490989685058594e-04 -3.700721263885498047e-02 5.028707981109619141e-01 2.210342884063720703e-02
5.936044454574584961e-01 5.070924758911132812e-03 6.352579593658447266e-02 4.442405700683593750e-02 4.185376167297363281e-01 5.899393558502197266e-02
3.292793035507202148e-01 -9.385585784912109375e-02 1.369545459747314453e-01 -5.543518066406250000e-02 4.092900753021240234e-01 4.588782787322998047e-02
1.727476119995117188e-01 -1.622610092163085938e-01 1.811127662658691406e-01 -1.091951131820678711e-02 2.965950965881347656e-01 1.659412384033203125e-01
2.380015850067138672e-01 -1.362854838371276855e-01 -5.546605587005615234e-02 6.283450126647949219e-02 1.921453475952148438e-01 1.852020025253295898e-01
3.350353240966796875e-01 -1.776334047317504883e-01 1.212525367736816406e-02 -1.081944704055786133e-01 2.890424728393554688e-01 2.018935680389404297e-01
3.059490919113159180e-01 -2.260544896125793457e-01 3.061592578887939453e-02 -3.306167721748352051e-01 1.969907283782958984e-01 1.223579645156860352e-01
5.716314315795898438e-01 -3.432246446609497070e-01 -8.248060941696166992e-02 -2.291107177734375000e-01 2.640215158462524414e-01 -2.520126104354858398e-02
4.663307666778564453e-01 -4.309383630752563477e-01 -2.506810426712036133e-02 -1.151153445243835449e-01 1.887545585632324219e-01 -7.098215818405151367e-02
4.020982980728149414e-01 -3.301284909248352051e-01 3.995227813720703125e-02 -3.056613802909851074e-01 7.758498191833496094e-02 -7.988214492797851562e-03
4.713575839996337891e-01 -4.721572995185852051e-01 -1.051002740859985352e-01 -2.424913644790649414e-01 7.971787452697753906e-02 -1.681482195854187012e-01
4.152945280075073242e-01 -4.420775771141052246e-01 -6.504184007644653320e-02 -1.940065622329711914e-01 -1.292805075645446777e-01 -1.366569399833679199e-01
4.966260194778442383e-01 -4.631891846656799316e-01 -9.911060333251953125e-04 -3.778321146965026855e-01 -1.103016734123229980e-01 -2.717871069908142090e-01
5.859749317169189453e-01 -5.334725379943847656e-01 4.575133323669433594e-03 -3.459570407867431641e-01 6.582140922546386719e-02 -2.162902355194091797e-01
3.429512977600097656e-01 -4.514662027359008789e-01 -4.375064373016357422e-02 -2.305827736854553223e-01 -1.045755147933959961e-01 -9.743618965148925781e-02
3.587921857833862305e-01 -4.412135481834411621e-01 -9.899735450744628906e-04 -4.131110906600952148e-01 -4.231345653533935547e-02 -1.806812882423400879e-01
2.227843999862670898e-01 -4.694643616676330566e-01 1.349570751190185547e-01 -3.469191789627075195e-01 -1.108768582344055176e-01 -4.999095201492309570e-02
3.620754480361938477e-01 -5.935260057449340820e-01 3.911304473876953125e-02 -1.710433959960937500e-01 -7.124662399291992188e-02 -2.099019885063171387e-01
2.394652366638183594e-01 -4.533184170722961426e-01 -6.840008497238159180e-02 -2.849079966545104980e-01 -2.335691452026367188e-01 -2.234006524085998535e-01
4.877461194992065430e-01 -5.916726589202880859e-01 -5.009686946868896484e-02 -3.782331943511962891e-01 -7.310807704925537109e-03 -3.314374089241027832e-01
3.013552427291870117e-01 -6.279553174972534180e-01 -1.672208309173583984e-03 -3.158988952636718750e-01 1.074552536010742188e-02 -3.462164402008056641e-01
1.213330030441284180e-01 -4.344037175178527832e-01 1.039153337478637695e-01 -4.784267544746398926e-01 -1.743862032890319824e-01 -1.166582703590393066e-01
3.561213016510009766e-01 -5.679176449775695801e-01 -5.745017528533935547e-02 -2.875052690505981445e-01 -3.820294141769409180e-02 -2.766138911247253418e-01
4.072340726852416992e-01 -6.406948566436767578e-01 -8.257377147674560547e-02 -1.999149322509765625e-01 -5.854517221450805664e-02 -2.654881477355957031e-01
4.617705345153808594e-01 -6.819381713867187500e-01 -1.596971750259399414e-01 -2.227326035499572754e-01 -1.769492030143737793e-01 -2.961694002151489258e-01
4.777135848999023438e-01 -6.336369514465332031e-01 -1.098523139953613281e-01 -3.238759040832519531e-01 -3.019235134124755859e-01 -2.401638627052307129e-01
3.996964693069458008e-01 -5.836277604103088379e-01 -7.207703590393066406e-02 -3.431489467620849609e-01 -2.788261771202087402e-01 -1.693575382232666016e-01
3.469526767730712891e-01 -5.646460056304931641e-01 1.127167940139770508e-01 -4.921137690544128418e-01 -6.139135360717773438e-02 -5.487859249114990234e-02
2.980562448501586914e-01 -4.747136831283569336e-01 1.360487937927246094e-01 -4.963032007217407227e-01 4.427313804626464844e-02 -1.859098672866821289e-02
5.871263742446899414e-01 -3.852999806404113770e-01 3.657615184783935547e-02 -4.434141516685485840e-01 3.173590898513793945e-01 -1.002965569496154785e-01
6.473975181579589844e-01 -3.156075477600097656e-01 -2.391487360000610352e-02 -4.568445086479187012e-01 4.882932901382446289e-01 -2.263827323913574219e-01
6.578364372253417969e-01 -1.100791692733764648e-01 -1.507671475410461426e-01 -4.817802309989929199e-01 4.971742630004882812e-01 -2.216678857803344727e-01
3.354887962341308594e-01 7.977819442749023438e-02 -1.400399804115295410e-01 -3.887615799903869629e-01 2.681061029434204102e-01 -8.669769763946533203e-02
2.505240440368652344e-01 1.911672353744506836e-01 -3.021513819694519043e-01 -3.297272920608520508e-01 1.930358409881591797e-01 -3.009235858917236328e-02
2.644515037536621094e-01 3.090113401412963867e-01 -3.007482290267944336e-01 -1.729130744934082031e-01 1.394391059875488281e-02 1.719805002212524414e-01
2.261810302734375000e-01 4.711982011795043945e-01 -3.366197943687438965e-01 -2.008901834487915039e-01 -1.760721802711486816e-01 4.532015323638916016e-01
1.671195030212402344e-01 4.686968326568603516e-01 -2.248645424842834473e-01 -1.374536156654357910e-01 -2.007509469985961914e-01 4.946821928024291992e-01
1.884807348251342773e-01 5.019321441650390625e-01 -2.807612419128417969e-01 -1.046920418739318848e-01 -2.297778129577636719e-01 5.506877899169921875e-01
2.166318893432617188e-01 5.467634201049804688e-01 -3.121988773345947266e-01 -1.116535067558288574e-01 -2.323604822158813477e-01 5.436016321182250977e-01
2.771019935607910156e-01 5.441341400146484375e-01 -2.307538390159606934e-01 -1.261594891548156738e-01 -1.361998915672302246e-01 5.080320835113525391e-01
2.973489761352539062e-01 6.141356229782104492e-01 -2.212985754013061523e-01 -1.394285559654235840e-01 -1.971158385276794434e-01 5.922617912292480469e-01
3.438606262207031250e-01 4.901891946792602539e-01 -3.343982696533203125e-01 -1.543009281158447266e-01 -7.409149408340454102e-02 4.073770046234130859e-01
2.602525949478149414e-01 5.602637529373168945e-01 -3.951010107994079590e-01 -1.137126684188842773e-01 -1.084756851196289062e-01 3.765674829483032227e-01
1.419637203216552734e-01 5.805691480636596680e-01 -3.175234794616699219e-01 -2.263458371162414551e-01 -1.299630999565124512e-01 3.776040077209472656e-01
2.802546024322509766e-01 5.499422550201416016e-01 -3.640915751457214355e-01 -3.946354985237121582e-01 8.239865303039550781e-03 2.883024215698242188e-01
3.959554433822631836e-01 2.413353919982910156e-01 -2.564113140106201172e-01 -4.789457917213439941e-01 3.717499971389770508e-01 1.299607753753662109e-02
5.911822319030761719e-01 5.813121795654296875e-03 -1.566537022590637207e-01 -4.082646965980529785e-01 6.159683465957641602e-01 -1.436739563941955566e-01
6.150904893875122070e-01 -1.357663869857788086e-01 6.709253787994384766e-02 -4.448885917663574219e-01 6.801981925964355469e-01 -1.233845949172973633e-01
6.787031888961791992e-01 -2.784271240234375000e-01 1.267125606536865234e-01 -3.257582783699035645e-01 6.124566793441772461e-01 -8.977472782135009766e-02
5.196545124053955078e-01 -3.261566758155822754e-01 2.255532741546630859e-01 -4.866760969161987305e-01 4.543800354003906250e-01 2.663838863372802734e-02
4.937220811843872070e-01 -2.598034739494323730e-01 1.498682498931884766e-01 -5.977865457534790039e-01 2.437642812728881836e-01 1.444963216781616211e-01
5.430170297622680664e-01 -2.796607017517089844e-01 -7.902270555496215820e-02 -6.657485961914062500e-01 2.404606342315673828e-01 -4.476189613342285156e-03
3.969779014587402344e-01 -3.375283479690551758e-01 8.794426918029785156e-02 -6.876455545425415039e-01 2.108922004699707031e-01 7.297992706298828125e-03
4.698427915573120117e-01 -4.149937033653259277e-01 1.481890678405761719e-01 -6.365491747856140137e-01 2.198443412780761719e-01 1.631939411163330078e-02
4.724236726760864258e-01 -4.661826491355895996e-01 -1.501131057739257812e-02 -6.247771978378295898e-01 2.608408927917480469e-01 -1.829736828804016113e-01
5.176042318344116211e-01 -3.815714120864868164e-01 -1.670968532562255859e-01 -5.335664153099060059e-01 5.355489253997802734e-02 -5.108141899108886719e-02
4.169318675994873047e-01 -4.606831669807434082e-01 6.119132041931152344e-03 -5.108652114868164062e-01 -3.882896900177001953e-02 2.485120296478271484e-02
1.895308494567871094e-01 -4.142181277275085449e-01 7.250881195068359375e-02 -5.620197057723999023e-01 -1.784247756004333496e-01 4.304933547973632812e-02
2.617912292480468750e-01 -4.103825688362121582e-01 1.665768623352050781e-01 -5.470015406608581543e-01 -1.496134400367736816e-01 7.047605514526367188e-02
2.251386642456054688e-01 -4.087276458740234375e-01 2.673423290252685547e-02 -4.625607728958129883e-01 -2.246368527412414551e-01 4.112720489501953125e-03
2.183085680007934570e-01 -5.381924510002136230e-01 8.301734924316406250e-03 -3.866714835166931152e-01 -1.364829540252685547e-01 -9.886324405670166016e-02
2.957613468170166016e-01 -3.646940588951110840e-01 -4.596418142318725586e-02 -2.888637781143188477e-01 -2.790975570678710938e-01 8.449780941009521484e-02
3.236032724380493164e-01 -4.446990489959716797e-01 -6.841892004013061523e-02 -2.826065421104431152e-01 -1.991755962371826172e-01 -2.302515506744384766e-02
2.409948110580444336e-01 -3.785763382911682129e-01 4.246270656585693359e-02 -3.460603356361389160e-01 -2.068628072738647461e-01 3.445327281951904297e-02
3.296823501586914062e-01 -3.485062718391418457e-01 -2.850973606109619141e-02 -2.812607884407043457e-01 -1.941751837730407715e-01 1.631438732147216797e-02
3.386008739471435547e-01 -4.516153931617736816e-01 -1.144629716873168945e-01 -1.648289561271667480e-01 -9.936064481735229492e-02 -2.121371030807495117e-02
3.158668279647827148e-01 -3.324694037437438965e-01 4.805243015289306641e-02 -2.013822793960571289e-01 -1.680111289024353027e-01 1.972259283065795898e-01
1.027120351791381836e-01 -4.847945570945739746e-01 1.084241867065429688e-01 -1.031911373138427734e-01 -2.043764591217041016e-01 2.608053684234619141e-01
-2.173179388046264648e-02 -4.324559569358825684e-01 -2.725696563720703125e-02 -2.258045077323913574e-01 -3.728665113449096680e-01 2.137750387191772461e-01
-2.766376137733459473e-01 -4.965835809707641602e-01 -2.918457984924316406e-02 -3.088715672492980957e-01 -2.319803237915039062e-01 9.768521785736083984e-02
-3.318555355072021484e-01 -4.851718544960021973e-01 -1.036074161529541016e-01 -3.912389874458312988e-01 -1.637679338455200195e-02 -1.581696271896362305e-01
-3.944802880287170410e-01 -3.220705986022949219e-01 1.563508510589599609e-01 -2.159859538078308105e-01 -2.025379538536071777e-01 2.463480234146118164e-01
-1.792955398559570312e-02 -2.704933285713195801e-01 1.348650455474853516e-01 -3.929976820945739746e-01 3.998121023178100586e-01 1.213164329528808594e-01
-2.048725485801696777e-01 -4.224790930747985840e-01 4.203721284866333008e-01 -2.829794287681579590e-01 5.149372816085815430e-01 5.422091484069824219e-02
-1.389698386192321777e-01 -2.796007990837097168e-01 3.368687629699707031e-01 2.716001272201538086e-01 3.701281547546386719e-02 2.084825038909912109e-01
3.326532840728759766e-01 -4.617160558700561523e-02 3.882356882095336914e-01 2.602471113204956055e-01 1.179032325744628906e-01 1.974471807479858398e-01
2.898701429367065430e-01 1.309612989425659180e-01 4.768301248550415039e-01 2.008557319641113281e-02 1.139055490493774414e-01 2.446148395538330078e-01
2.330257892608642578e-01 2.530100345611572266e-01 5.102833509445190430e-01 -7.241809368133544922e-02 1.403503417968750000e-01 3.007608652114868164e-01
5.449285507202148438e-01 3.535487651824951172e-01 1.715019941329956055e-01 -1.485772132873535156e-01 1.115249395370483398e-01 2.476456165313720703e-01
7.235982418060302734e-01 3.503344058990478516e-01 1.652021408081054688e-01 -1.753077507019042969e-01 1.649376153945922852e-01 3.347647190093994141e-01
6.979914903640747070e-01 3.581862449645996094e-01 1.074187755584716797e-01 -2.423906922340393066e-01 1.158117055892944336e-01 2.894519567489624023e-01
7.090952396392822266e-01 3.674861192703247070e-01 1.624772548675537109e-01 -3.399770855903625488e-01 1.906838417053222656e-01 2.031644582748413086e-01
7.386007308959960938e-01 4.085704088211059570e-01 1.084507703781127930e-01 -3.313766717910766602e-01 1.606788635253906250e-01 1.707935333251953125e-01
6.791208982467651367e-01 4.130461215972900391e-01 1.144151687622070312e-01 -3.500834107398986816e-01 7.000851631164550781e-02 2.423099279403686523e-01
7.063019275665283203e-01 3.617204427719116211e-01 1.658171415328979492e-01 -3.626639842987060547e-01 6.684458255767822266e-02 2.308421134948730469e-01
5.906087160110473633e-01 1.917688846588134766e-01 1.428791284561157227e-01 -3.154568076133728027e-01 1.482816934585571289e-01 7.228243350982666016e-02
5.026639699935913086e-01 -1.090943813323974609e-02 1.566596031188964844e-01 -2.423384189605712891e-01 2.172120809555053711e-01 -5.985808372497558594e-02
2.265869379043579102e-01 -7.253766059875488281e-03 3.028835058212280273e-01 -3.144268989562988281e-01 -4.478204250335693359e-02 9.305655956268310547e-02
2.452194690704345703e-02 -3.640431165695190430e-02 5.215682983398437500e-01 -4.979131221771240234e-01 1.401587724685668945e-01 -3.245198726654052734e-02
-1.057642698287963867e-02 2.360891103744506836e-01 5.903831720352172852e-01 -2.886766791343688965e-01 -7.528078556060791016e-02 2.423065900802612305e-01
7.155597209930419922e-02 -1.490101218223571777e-01 6.822798252105712891e-01 -3.471474051475524902e-01 1.725285053253173828e-01 -7.496803998947143555e-02
-3.101110458374023438e-03 -1.354538202285766602e-01 6.635901927947998047e-01 -3.134641051292419434e-01 2.569614648818969727e-01 -1.078848838806152344e-01
-1.849985718727111816e-01 2.370238304138183594e-03 6.575812101364135742e-01 -4.395948052406311035e-01 2.636718750000000000e-02 2.619957923889160156e-02
-2.817421555519104004e-01 9.064161777496337891e-02 5.731838941574096680e-01 -1.720035672187805176e-01 -1.105126142501831055e-01 1.999263763427734375e-01
-3.439905643463134766e-01 -1.297954916954040527e-01 5.144690275192260742e-01 -2.943420410156250000e-02 1.789847612380981445e-01 -5.593240261077880859e-03
-2.982149720191955566e-01 -8.336937427520751953e-02 5.203064680099487305e-01 6.006276607513427734e-02 -6.878578662872314453e-02 1.347472667694091797e-01
-2.786458730697631836e-01 -1.811177730560302734e-01 2.123750448226928711e-01 3.228273391723632812e-01 1.237506866455078125e-01 -4.739323258399963379e-01
1.433641910552978516e-01 -2.765856385231018066e-01 4.140844345092773438e-01 1.401439905166625977e-01 2.823953628540039062e-01 -4.514076113700866699e-01
1.160558462142944336e-01 -2.362062335014343262e-01 6.179647445678710938e-01 1.601637601852416992e-01 2.438392639160156250e-01 -1.723244786262512207e-01
2.847983837127685547e-01 -3.719329833984375000e-02 3.044221401214599609e-01 -4.147993922233581543e-01 1.640689373016357422e-01 -5.975681543350219727e-02
2.340013980865478516e-01 9.007906913757324219e-02 3.115354776382446289e-01 -3.783195614814758301e-01 1.590011119842529297e-01 2.116775512695312500e-02
5.371360778808593750e-01 2.291841506958007812e-01 1.987339258193969727e-01 -3.224089741706848145e-01 1.773319244384765625e-01 5.671489238739013672e-02
3.757004737854003906e-01 2.720131874084472656e-01 1.813603639602661133e-01 -2.668147087097167969e-01 1.197074651718139648e-01 6.089615821838378906e-02
2.983405590057373047e-01 4.976366758346557617e-01 2.827458381652832031e-01 -4.473270177841186523e-01 -6.065660715103149414e-02 2.763162851333618164e-01
3.777292966842651367e-01 5.060073137283325195e-01 3.609843254089355469e-01 -4.538878202438354492e-01 -2.392649650573730469e-02 2.350387573242187500e-01
3.824729919433593750e-01 5.497697591781616211e-01 3.471916913986206055e-01 -3.514626026153564453e-01 -1.386805772781372070e-01 3.895069360733032227e-01
3.790423870086669922e-01 4.269106388092041016e-01 3.335206508636474609e-01 -4.601062536239624023e-01 -9.268409013748168945e-02 3.024830818176269531e-01
4.999872446060180664e-01 3.523368835449218750e-01 4.124531745910644531e-01 -4.975900650024414062e-01 1.030285358428955078e-01 1.763401031494140625e-01
3.222632408142089844e-01 2.644941806793212891e-01 5.110946893692016602e-01 -5.412902832031250000e-01 5.387771129608154297e-02 1.624983549118041992e-01
3.239319324493408203e-01 8.159780502319335938e-02 5.592304468154907227e-01 -4.515066742897033691e-01 1.919766664505004883e-01 5.101084709167480469e-02
3.102705478668212891e-01 3.564131259918212891e-02 6.393176317214965820e-01 -4.735143184661865234e-01 1.322160959243774414e-01 4.028820991516113281e-02
1.680573225021362305e-01 -1.229487657546997070e-01 6.356780529022216797e-01 -4.312438368797302246e-01 1.931651830673217773e-01 -1.815946698188781738e-01
-2.304996848106384277e-01 -4.425847530364990234e-02 5.682193040847778320e-01 -2.593133449554443359e-01 1.434708833694458008e-01 -1.220996379852294922e-01
-1.781277060508728027e-01 1.019001007080078125e-02 3.666601181030273438e-01 -2.312144637107849121e-01 -1.350806355476379395e-01 -1.629841327667236328e-02
-2.460300326347351074e-01 -1.229979991912841797e-01 4.566926956176757812e-01 -1.282553672790527344e-01 5.341351032257080078e-02 -1.263486742973327637e-01
-2.018814682960510254e-01 -2.169024944305419922e-02 4.561059474945068359e-01 -1.504909396171569824e-01 8.970856666564941406e-03 -6.106829643249511719e-02
-4.292375445365905762e-01 8.128952980041503906e-02 4.883215427398681641e-01 -5.421584844589233398e-02 -2.567882537841796875e-01 1.308649778366088867e-01
-5.180375576019287109e-01 2.057822942733764648e-01 5.804191827774047852e-01 -1.953517198562622070e-01 -2.896327972412109375e-01 1.982219219207763672e-01
-3.620326519012451172e-01 -1.453267931938171387e-01 3.246363401412963867e-01 2.018368244171142578e-02 1.786673069000244141e-01 -3.996043205261230469e-01
-1.390485167503356934e-01 -2.961502671241760254e-01 3.458629846572875977e-01 -1.144524812698364258e-01 3.511446714401245117e-01 -5.813878178596496582e-01
-2.613615393638610840e-01 -1.827896833419799805e-01 6.416375637054443359e-01 6.130087375640869141e-02 4.204484224319458008e-01 -3.742746710777282715e-01
-3.835942149162292480e-01 -1.499387621879577637e-01 6.980139017105102539e-01 -1.337546110153198242e-02 1.546014547348022461e-01 -3.300055861473083496e-01
-5.472296476364135742e-02 4.522943496704101562e-02 8.914332389831542969e-01 -2.289861440658569336e-01 -1.593129634857177734e-01 -5.767112970352172852e-02
7.684206962585449219e-02 1.408309936523437500e-01 6.786736249923706055e-01 -4.710819125175476074e-01 -2.088688611984252930e-01 5.974793434143066406e-02
1.178337335586547852e-01 2.868106365203857422e-01 5.277786254882812500e-01 -3.005499243736267090e-01 -2.518743872642517090e-01 3.080999851226806641e-01
2.311091423034667969e-01 3.783266544342041016e-01 5.073889493942260742e-01 -3.275622725486755371e-01 -2.996865510940551758e-01 4.206057786941528320e-01
3.111244440078735352e-01 2.142086029052734375e-01 5.605560541152954102e-01 -4.108953475952148438e-01 -7.115870714187622070e-02 1.250542402267456055e-01
3.485840559005737305e-01 2.063089609146118164e-01 6.239523887634277344e-01 -4.593694806098937988e-01 1.694726943969726562e-02 1.784187555313110352e-01
2.454769611358642578e-01 2.455246448516845703e-01 5.465599298477172852e-01 -2.482454776763916016e-01 -7.534837722778320312e-02 1.203944683074951172e-01
1.749536991119384766e-01 4.037897586822509766e-01 5.280741453170776367e-01 -4.052849411964416504e-01 -2.544318437576293945e-01 3.552750349044799805e-01
1.071497201919555664e-01 2.165895700454711914e-01 5.502156019210815430e-01 -3.606098890304565430e-01 -8.132559061050415039e-02 1.401560306549072266e-01
9.819412231445312500e-02 -1.417245268821716309e-01 6.245332956314086914e-01 -2.404565215110778809e-01 1.089705228805541992e-01 -1.516519784927368164e-01
4.534363746643066406e-02 -2.092605233192443848e-01 5.007466077804565430e-01 -2.476614117622375488e-01 1.146284341812133789e-01 -8.654916286468505859e-02
-1.914858818054199219e-01 -6.888318061828613281e-02 7.481240034103393555e-01 -1.312597393989562988e-01 -8.525699377059936523e-02 6.044530868530273438e-02
-3.105437755584716797e-02 -1.496146917343139648e-01 7.349854707717895508e-01 -2.524816989898681641e-01 2.240896224975585938e-03 -1.534911990165710449e-01
-2.303064465522766113e-01 -1.219244599342346191e-01 4.478306770324707031e-01 -1.269720196723937988e-01 6.704926490783691406e-02 -2.958619594573974609e-02
-2.437759637832641602e-01 -7.870137691497802734e-02 5.014556646347045898e-01 -4.454582929611206055e-02 -9.224879741668701172e-02 1.561391353607177734e-02
-2.936525344848632812e-01 -8.090180158615112305e-02 4.690996408462524414e-01 2.133524417877197266e-02 -1.416102051734924316e-01 -4.303026199340820312e-02
-2.698770761489868164e-01 -1.669483184814453125e-01 5.155819654464721680e-01 -1.850186586380004883e-01 -1.635581254959106445e-01 -8.214473724365234375e-02
-3.868970870971679688e-01 -1.206713914871215820e-01 6.721322536468505859e-01 -5.644947290420532227e-02 -1.101505756378173828e-01 -6.812077760696411133e-02
-3.859595656394958496e-01 -3.498573303222656250e-01 2.762860059738159180e-01 8.555471897125244141e-02 -3.090646862983703613e-01 -1.621169447898864746e-01
-3.906257152557373047e-01 -4.125795960426330566e-01 2.602313756942749023e-01 2.766190767288208008e-01 -4.476042389869689941e-01 -1.796173453330993652e-01
-3.054873943328857422e-01 -4.398002624511718750e-01 2.808449268341064453e-01 2.546565532684326172e-01 -3.125188946723937988e-01 -1.960135102272033691e-01
-6.107517480850219727e-01 -2.357680201530456543e-01 3.950353860855102539e-01 3.343551158905029297e-01 -5.409599542617797852e-01 5.233049392700195312e-03
-5.203056335449218750e-01 -4.158379435539245605e-01 3.653198480606079102e-01 1.337760686874389648e-01 -4.027753472328186035e-01 -1.421877741813659668e-01
-2.659098505973815918e-01 -6.078295707702636719e-01 3.672729730606079102e-01 4.063322544097900391e-01 -2.707705497741699219e-01 -3.105500340461730957e-01
-2.693805098533630371e-01 -5.763625502586364746e-01 2.244887351989746094e-01 2.517775297164916992e-01 -5.505397319793701172e-01 -3.211283683776855469e-01
-2.040874958038330078e-02 -7.557248473167419434e-01 1.850671768188476562e-01 -2.871996760368347168e-01 -3.002424836158752441e-01 -4.180750846862792969e-01
3.268897533416748047e-02 -6.483615636825561523e-01 2.053782939910888672e-01 -1.271018981933593750e-01 -2.449766993522644043e-01 -1.854062676429748535e-01
9.037339687347412109e-02 -4.890581369400024414e-01 4.450185298919677734e-01 -4.005945324897766113e-01 -2.959272265434265137e-01 7.271885871887207031e-02
1.644086837768554688e-02 -5.764000415802001953e-01 3.701298236846923828e-01 -3.161028027534484863e-01 -2.706208825111389160e-01 -9.498631954193115234e-02
-1.109782457351684570e-01 -5.084315538406372070e-01 3.139624595642089844e-01 -3.219994902610778809e-01 -3.666648864746093750e-01 -5.596053600311279297e-02
-8.720219135284423828e-03 -6.732439994812011719e-01 2.164372205734252930e-01 -1.425853371620178223e-01 -3.202080130577087402e-01 -2.222765088081359863e-01
6.125593185424804688e-02 -6.474610567092895508e-01 3.046097755432128906e-01 -1.649731397628784180e-01 -2.703171968460083008e-01 -1.576328277587890625e-01
-6.987959146499633789e-02 -6.715124845504760742e-01 1.486738920211791992e-01 -9.949511289596557617e-02 -3.142658472061157227e-01 -2.034772634506225586e-01
-6.400907039642333984e-02 -6.474747657775878906e-01 1.951885223388671875e-01 -1.226037144660949707e-01 -2.719719409942626953e-01 -2.155066728591918945e-01
-6.033039093017578125e-02 -7.013195753097534180e-01 1.712284088134765625e-01 -3.825211524963378906e-02 -2.051655054092407227e-01 -4.604841470718383789e-01
-1.522395014762878418e-01 -6.300216913223266602e-01 2.354035377502441406e-01 -8.515560626983642578e-02 -2.027010321617126465e-01 -4.453979134559631348e-01
-2.942775487899780273e-01 -3.786436319351196289e-01 4.283324480056762695e-01 -1.217924356460571289e-01 -1.963101625442504883e-01 -1.452589035034179688e-01
-3.500726819038391113e-01 -2.757139801979064941e-01 2.920237779617309570e-01 -1.119971275329589844e-02 -3.296560645103454590e-01 -1.194840073585510254e-01
-2.113000750541687012e-01 -2.933409810066223145e-01 5.333627462387084961e-01 -2.362443804740905762e-01 -1.998270750045776367e-01 -7.537686824798583984e-02
-3.184454441070556641e-01 -3.733056187629699707e-01 3.778113126754760742e-01 -1.088526844978332520e-01 -1.911814808845520020e-01 -2.639261484146118164e-01
-4.176867604255676270e-01 -1.808080077171325684e-01 2.834311723709106445e-01 -4.269993305206298828e-02 -3.430690169334411621e-01 6.273269653320312500e-02
-1.613417863845825195e-01 -3.886221051216125488e-01 1.933972835540771484e-01 -1.722174286842346191e-01 -2.051479816436767578e-01 -2.646923065185546875e-01
-2.201235890388488770e-01 -1.959302425384521484e-01 2.784838676452636719e-01 -4.773634672164916992e-02 -4.140768647193908691e-01 -4.432123899459838867e-02
-3.341665267944335938e-01 5.894315242767333984e-02 5.220973491668701172e-02 -1.820226311683654785e-01 -4.308670759201049805e-02 -3.413938283920288086e-01
-3.539791703224182129e-01 2.363969087600708008e-01 1.138781309127807617e-01 -3.845036029815673828e-02 -1.284593343734741211e-02 -9.611058235168457031e-02
-5.792341232299804688e-01 4.286582469940185547e-01 2.393079996109008789e-01 6.973016262054443359e-02 -2.702025771141052246e-01 2.138006687164306641e-01
-4.249383807182312012e-01 3.051387071609497070e-01 2.454303503036499023e-01 5.702757835388183594e-02 -4.058313965797424316e-01 2.704181671142578125e-01
-3.391703367233276367e-01 2.318270206451416016e-01 1.632308959960937500e-01 -4.527395963668823242e-02 -4.814636707305908203e-01 3.344148397445678711e-01
-2.087386846542358398e-01 3.165093660354614258e-01 -1.512978672981262207e-01 -1.414281129837036133e-01 -4.360228776931762695e-01 2.422837018966674805e-01
-1.505776643753051758e-01 3.443416357040405273e-01 -5.280488729476928711e-02 3.041398525238037109e-02 -4.189488887786865234e-01 3.692476749420166016e-01
-7.394087314605712891e-02 3.308854103088378906e-01 -3.371208906173706055e-02 -1.332494020462036133e-01 -2.797594070434570312e-01 3.969860076904296875e-01
-5.051404237747192383e-02 4.190963506698608398e-01 -1.543595790863037109e-01 7.389569282531738281e-02 -3.988953828811645508e-01 4.548182487487792969e-01
-1.999272704124450684e-01 3.614302873611450195e-01 -8.039349317550659180e-02 -6.183129549026489258e-02 -3.702131509780883789e-01 4.192203283309936523e-01
-2.586552500724792480e-01 3.888428211212158203e-01 -3.121119737625122070e-02 2.562916278839111328e-02 -4.987294673919677734e-01 4.755970239639282227e-01
-2.109117507934570312e-01 2.815390825271606445e-01 9.107470512390136719e-03 -7.208240032196044922e-02 -3.660475611686706543e-01 3.389077186584472656e-01
-2.651372551918029785e-01 3.424814939498901367e-01 -7.207846641540527344e-02 -8.149755001068115234e-02 -5.822280645370483398e-01 4.208625555038452148e-01
-4.547142386436462402e-01 2.160960435867309570e-01 6.672573089599609375e-02 -1.847082972526550293e-01 -5.634224414825439453e-01 3.148837089538574219e-01
-3.273695707321166992e-01 1.226716041564941406e-01 8.349704742431640625e-02 -1.753361225128173828e-01 -4.853718876838684082e-01 2.263354063034057617e-01
-4.048926830291748047e-01 6.182193756103515625e-03 2.299059629440307617e-01 1.962590217590332031e-02 -3.843212127685546875e-01 -5.664741992950439453e-02
-4.477831721305847168e-01 3.355836868286132812e-02 4.769380092620849609e-01 -2.159985303878784180e-01 -2.346680760383605957e-01 1.681746244430541992e-01
-4.252162575721740723e-01 6.794440746307373047e-02 5.008596181869506836e-01 4.753470420837402344e-03 -1.939542293548583984e-01 2.803937196731567383e-01
-3.947725892066955566e-01 2.201795578002929688e-04 4.304219484329223633e-01 1.540437936782836914e-01 -3.319987058639526367e-01 2.778218984603881836e-01
-5.409333705902099609e-01 -2.566838264465332031e-02 2.907198667526245117e-01 6.767177581787109375e-02 -3.673439025878906250e-01 2.999724149703979492e-01
-5.343651175498962402e-01 -5.623048543930053711e-02 1.498134136199951172e-01 -7.779812812805175781e-02 -3.544705510139465332e-01 1.402565240859985352e-01
-6.504545211791992188e-01 3.521800041198730469e-03 1.723659038543701172e-02 1.743992567062377930e-01 -5.653841495513916016e-01 1.176288127899169922e-01
-4.973022341728210449e-01 -4.033283591270446777e-01 1.483658552169799805e-01 -1.167028546333312988e-01 -6.903702020645141602e-02 -1.724551320075988770e-01
-5.701000690460205078e-01 -4.228532910346984863e-01 2.109030485153198242e-01 2.710001468658447266e-01 -1.792930960655212402e-01 -1.370357871055603027e-01
-6.588383913040161133e-01 -4.482268095016479492e-01 2.555543184280395508e-01 4.541555643081665039e-01 -2.399498224258422852e-01 -2.097576856613159180e-01
-3.455567955970764160e-01 -3.396741151809692383e-01 1.692092418670654297e-01 4.537900686264038086e-01 -5.646152496337890625e-01 -1.543222069740295410e-01
-3.481028079986572266e-01 -5.289307832717895508e-01 2.157428264617919922e-01 3.991762399673461914e-01 -3.916054368019104004e-01 -1.788268685340881348e-01
-2.316228151321411133e-01 -5.722500085830688477e-01 2.731519937515258789e-01 9.781646728515625000e-02 -4.634339809417724609e-01 -2.068352699279785156e-01
-5.994856357574462891e-03 -6.267638802528381348e-01 7.487595081329345703e-02 -2.673506736755371094e-03 -4.891260862350463867e-01 -2.478373050689697266e-01
1.028590202331542969e-01 -4.568240642547607422e-01 2.144058942794799805e-01 -3.907462954521179199e-01 -2.471475601196289062e-01 8.115768432617187500e-03
1.860663890838623047e-01 -2.746773958206176758e-01 3.465929031372070312e-01 -4.012952446937561035e-01 -2.819406390190124512e-01 2.370173931121826172e-01
2.427004575729370117e-01 -9.775799512863159180e-02 2.536242008209228516e-01 -5.036862492561340332e-01 -4.204375743865966797e-01 3.535259962081909180e-01
1.432346105575561523e-01 -2.278884053230285645e-01 2.056013345718383789e-01 -3.258458375930786133e-01 -4.430695176124572754e-01 2.514977455139160156e-01
-1.413822174072265625e-02 -4.435023665428161621e-01 1.327168941497802734e-02 -1.763427257537841797e-01 -4.409240484237670898e-01 -1.861763000488281250e-02
8.273732662200927734e-02 -2.673713564872741699e-01 -1.363199949264526367e-02 -3.058307170867919922e-01 -6.425834894180297852e-01 1.834255456924438477e-01
-2.364581823348999023e-02 -3.236758708953857422e-01 3.088152408599853516e-02 -2.319897413253784180e-01 -6.642856597900390625e-01 2.347584962844848633e-01
5.968534946441650391e-02 -3.924975991249084473e-01 3.084444999694824219e-02 -3.608370423316955566e-01 -4.430342912673950195e-01 9.373831748962402344e-02
1.249730587005615234e-02 -4.949297904968261719e-01 1.450889110565185547e-01 -3.291549682617187500e-01 -3.348920345306396484e-01 -5.533856153488159180e-02
-5.181133747100830078e-03 -4.307787418365478516e-01 7.874906063079833984e-02 -2.488369345664978027e-01 -3.401084542274475098e-01 1.296639442443847656e-01
-4.992949962615966797e-02 -4.440674185752868652e-01 1.271872520446777344e-01 -2.690062522888183594e-01 -3.102338910102844238e-01 -6.248629093170166016e-02
1.689112186431884766e-01 -4.679543375968933105e-01 1.569714546203613281e-01 -4.067901372909545898e-01 -8.288699388504028320e-02 -1.238054037094116211e-01
