4.596340656280517578e-01 4.237514734268188477e-01 -1.159297227859497070e-01 1.100268363952636719e-01 1.314198970794677734e-02 8.906900882720947266e-02
5.884066820144653320e-01 3.222678899765014648e-01 -3.796122074127197266e-01 1.308861970901489258e-01 2.005829811096191406e-01 -1.055105328559875488e-01
7.097876071929931641e-01 4.121176004409790039e-01 -3.879955410957336426e-01 5.065560340881347656e-02 4.747664928436279297e-02 1.472949981689453125e-02
7.489026784896850586e-01 3.551183938980102539e-01 -4.090079069137573242e-01 3.738331794738769531e-02 1.150810718536376953e-02 -5.017817020416259766e-03
5.923997163772583008e-01 3.268543481826782227e-01 -3.077369332313537598e-01 2.458381652832031250e-02 1.681482791900634766e-02 -5.135077238082885742e-02
6.852574348449707031e-01 3.658577203750610352e-01 -3.922081589698791504e-01 7.221460342407226562e-02 -2.486109733581542969e-04 -2.704924345016479492e-02
7.240970134735107422e-01 4.607237577438354492e-01 -3.507515192031860352e-01 5.551576614379882812e-02 -9.107708930969238281e-02 1.126064062118530273e-01
8.173465728759765625e-01 4.792784452438354492e-01 -4.532375931739807129e-01 5.286264419555664062e-02 -8.611369132995605469e-02 1.107854843139648438e-01
7.009276151657104492e-01 4.769043922424316406e-01 -3.587360382080078125e-01 9.215855598449707031e-02 -7.072418928146362305e-02 1.160117387771606445e-01
7.580188512802124023e-01 5.015866756439208984e-01 -3.712249994277954102e-01 7.192003726959228516e-02 -1.286621689796447754e-01 1.855580806732177734e-01
8.797652721405029297e-01 4.136554002761840820e-01 -4.855060577392578125e-01 8.828461170196533203e-02 -8.367478847503662109e-03 8.660066127777099609e-02
6.800571680068969727e-01 4.081598520278930664e-01 -2.822217941284179688e-01 1.013442277908325195e-01 -2.703619003295898438e-02 1.267323493957519531e-01
6.374163627624511719e-01 3.296108245849609375e-01 -3.041828870773315430e-01 1.124092340469360352e-01 2.590847015380859375e-02 6.964051723480224609e-02
7.169824838638305664e-01 2.268542051315307617e-01 -3.398393392562866211e-01 1.421926021575927734e-01 1.415742635726928711e-01 -9.849727153778076172e-03
6.453921794891357422e-01 1.469870805740356445e-01 -2.292304039001464844e-01 1.313438415527343750e-01 1.677670478820800781e-01 1.138603687286376953e-02
6.666740179061889648e-01 3.053927421569824219e-02 -1.832320690155029297e-01 2.131257057189941406e-01 2.643005847930908203e-01 -1.984393596649169922e-02
6.608576774597167969e-01 -1.384936571121215820e-01 -7.558971643447875977e-02 1.198203563690185547e-01 4.639089107513427734e-01 -9.715634584426879883e-02
3.918130397796630859e-01 -1.054617166519165039e-01 -6.153285503387451172e-03 -6.351280212402343750e-02 3.960551023483276367e-01 3.808999061584472656e-02
1.769748926162719727e-01 -1.218038797378540039e-01 5.715084075927734375e-02 -2.552294731140136719e-02 2.527325153350830078e-01 1.944668292999267578e-01
1.155370473861694336e-01 -1.705288887023925781e-01 4.453361034393310547e-02 -1.776679158210754395e-01 1.732984781265258789e-01 3.318942785263061523e-01
1.358355283737182617e-01 -3.682546615600585938e-01 -6.899386644363403320e-02 -2.415466308593750000e-01 3.127923011779785156e-01 1.125035285949707031e-01
3.951035737991333008e-01 -4.054620862007141113e-01 -2.133935093879699707e-01 -3.072646260261535645e-01 3.750683069229125977e-01 6.152391433715820312e-04
5.263874530792236328e-01 -4.464245438575744629e-01 -4.647359251976013184e-01 -3.919474482536315918e-01 3.428934812545776367e-01 -2.597946524620056152e-01
4.945734739303588867e-01 -3.981601595878601074e-01 -3.770915865898132324e-01 -3.118805289268493652e-01 2.610695362091064453e-01 -1.901986002922058105e-01
4.010472297668457031e-01 -2.820212841033935547e-01 -4.582839012145996094e-01 -2.719580531120300293e-01 2.673125267028808594e-02 -1.234796643257141113e-01
4.684101343154907227e-01 -3.768539428710937500e-01 -5.065826773643493652e-01 -2.306842207908630371e-01 -2.885055541992187500e-02 -2.046541571617126465e-01
5.847210884094238281e-01 -2.777040004730224609e-01 -5.288177728652954102e-01 -1.455205678939819336e-01 -1.851469278335571289e-02 -1.611011624336242676e-01
5.726996660232543945e-01 -3.874738216400146484e-01 -4.451071023941040039e-01 -1.606479883193969727e-01 1.588144302368164062e-01 -2.865375876426696777e-01
6.247153282165527344e-01 -4.507262110710144043e-01 -5.263453722000122070e-01 -2.391694188117980957e-01 1.151643991470336914e-01 -3.322709798812866211e-01
5.134824514389038086e-01 -4.224047660827636719e-01 -4.296357631683349609e-01 -2.601749897003173828e-01 9.511649608612060547e-02 -2.609958648681640625e-01
5.930792093276977539e-01 -5.413153171539306641e-01 -4.600242376327514648e-01 -3.845542669296264648e-02 4.674923419952392578e-02 -1.588640809059143066e-01
4.914612770080566406e-01 -2.993189096450805664e-01 -3.774824142456054688e-01 -1.109193563461303711e-01 -1.112533807754516602e-01 2.444243431091308594e-02
3.896328210830688477e-01 -3.635113835334777832e-01 -3.884481191635131836e-01 -1.610237360000610352e-01 -1.617037653923034668e-01 -1.352334618568420410e-01
3.797312974929809570e-01 -5.009305477142333984e-01 -3.848475813865661621e-01 -1.538562178611755371e-01 -1.837633252143859863e-01 -2.361869215965270996e-01
5.532784461975097656e-01 -5.657750964164733887e-01 -5.905770063400268555e-01 -1.728181242942810059e-01 -5.198597908020019531e-02 -4.584256410598754883e-01
4.800338745117187500e-01 -4.642472863197326660e-01 -6.447446346282958984e-01 -1.244808435440063477e-01 -2.853878140449523926e-01 -3.983305096626281738e-01
4.797925949096679688e-01 -5.131208300590515137e-01 -7.185674309730529785e-01 -8.561491966247558594e-02 -2.378637790679931641e-01 -3.968568444252014160e-01
5.222287178039550781e-01 -4.821643829345703125e-01 -5.823630690574645996e-01 -8.982157707214355469e-02 -2.843839526176452637e-01 -3.661910295486450195e-01
4.360424280166625977e-01 -5.640547871589660645e-01 -5.724281072616577148e-01 -1.205612421035766602e-01 -1.886886954307556152e-01 -4.243292212486267090e-01
4.635437726974487305e-01 -5.015883445739746094e-01 -5.630208253860473633e-01 -1.214768886566162109e-01 -2.278351783752441406e-01 -3.241342902183532715e-01
4.367407560348510742e-01 -5.276988744735717773e-01 -5.333031415939331055e-01 -7.853686809539794922e-03 -2.969887256622314453e-01 -2.281038761138916016e-01
3.704550266265869141e-01 -4.999279975891113281e-01 -5.493015646934509277e-01 -1.154671311378479004e-01 -2.845170497894287109e-01 -2.050949931144714355e-01
4.141891002655029297e-01 -5.681810379028320312e-01 -2.627373933792114258e-01 -1.617179512977600098e-01 -2.074354290962219238e-01 -1.062797307968139648e-01
3.007215261459350586e-01 -6.224349141120910645e-01 -1.468522548675537109e-01 -2.962552309036254883e-01 -1.305285692214965820e-01 -1.069608330726623535e-01
4.224936962127685547e-01 -5.775989294052124023e-01 -1.891485452651977539e-01 -4.418186545372009277e-01 1.006423234939575195e-01 -1.626428365707397461e-01
3.354043960571289062e-01 -5.029388666152954102e-01 -1.123459339141845703e-01 -4.820142984390258789e-01 2.175403833389282227e-01 -1.675797104835510254e-01
4.177700281143188477e-01 -5.144580602645874023e-01 -1.456748247146606445e-01 -4.391397833824157715e-01 5.307086706161499023e-01 -4.018924832344055176e-01
5.913290977478027344e-01 -3.977255225181579590e-01 -1.983995437622070312e-01 -4.801648259162902832e-01 7.402065992355346680e-01 -4.891967773437500000e-01
6.345038414001464844e-01 -2.491102218627929688e-01 -3.810639381408691406e-01 -4.216448068618774414e-01 7.128520011901855469e-01 -4.924039840698242188e-01
5.081026554107666016e-01 -1.234037876129150391e-01 -5.219265222549438477e-01 -3.077571988105773926e-01 6.215411424636840820e-01 -5.196640491485595703e-01
3.199176788330078125e-01 1.229786872863769531e-01 -5.324637889862060547e-01 -2.454975247383117676e-01 3.056896924972534180e-01 -2.177768349647521973e-01
3.611713647842407227e-01 2.443027496337890625e-01 -6.170610189437866211e-01 -1.333592534065246582e-01 1.592278480529785156e-01 -1.053246855735778809e-01
3.194407224655151367e-01 2.923260927200317383e-01 -6.945618391036987305e-01 -3.987854719161987305e-02 9.406173229217529297e-02 -4.997897148132324219e-02
3.324910402297973633e-01 2.933864593505859375e-01 -6.710395812988281250e-01 1.968276500701904297e-02 5.341732501983642578e-02 5.262577533721923828e-02
2.896881103515625000e-01 3.194822072982788086e-01 -5.644944906234741211e-01 3.199493885040283203e-02 -1.340609788894653320e-02 1.702902317047119141e-01
2.497605085372924805e-01 2.997562885284423828e-01 -5.603896379470825195e-01 6.655669212341308594e-02 -2.309262752532958984e-02 1.933861970901489258e-01
3.895186185836791992e-01 2.172107696533203125e-01 -7.350955009460449219e-01 2.449833154678344727e-01 2.644801139831542969e-02 8.030998706817626953e-02
1.698096990585327148e-01 3.595005273818969727e-01 -5.615143775939941406e-01 1.729884147644042969e-01 -1.388647556304931641e-01 2.710565328598022461e-01
2.146716117858886719e-01 3.207165002822875977e-01 -6.807455420494079590e-01 1.714724302291870117e-01 -9.546715021133422852e-02 1.970781087875366211e-01
1.597355604171752930e-01 3.483496904373168945e-01 -6.199014186859130859e-01 7.159936428070068359e-02 -8.854639530181884766e-02 2.245501279830932617e-01
1.847350597381591797e-01 2.563496828079223633e-01 -6.596481800079345703e-01 -2.094602584838867188e-02 2.863287925720214844e-03 1.066479682922363281e-01
1.660630702972412109e-01 2.415219545364379883e-01 -6.268316507339477539e-01 -5.791598558425903320e-02 1.202476024627685547e-01 -6.141370534896850586e-02
3.302836418151855469e-01 1.159868240356445312e-01 -6.621410846710205078e-01 -2.821143269538879395e-01 4.240126609802246094e-01 -2.694429755210876465e-01
4.878559112548828125e-01 -7.760435342788696289e-02 -4.086360335350036621e-01 -3.809904456138610840e-01 6.608109474182128906e-01 -3.428390622138977051e-01
7.129892110824584961e-01 -3.434516191482543945e-01 -3.344721198081970215e-01 -3.223747014999389648e-01 8.255953788757324219e-01 -4.550668001174926758e-01
5.336852073669433594e-01 -6.037998199462890625e-01 -1.949490904808044434e-01 -1.791195869445800781e-01 7.383785247802734375e-01 -5.316715836524963379e-01
5.818552970886230469e-01 -7.588867545127868652e-01 -8.497446775436401367e-02 -3.689938783645629883e-01 5.863780975341796875e-01 -4.481195211410522461e-01
6.035586595535278320e-01 -6.966845989227294922e-01 -1.633191108703613281e-01 -5.482023954391479492e-01 2.940269708633422852e-01 -3.159245848655700684e-01
5.481331348419189453e-01 -5.996470451354980469e-01 -3.849636316299438477e-01 -3.722444176673889160e-01 7.242190837860107422e-02 -2.599613070487976074e-01
5.345674753189086914e-01 -5.401570796966552734e-01 -4.425109028816223145e-01 -3.343218564987182617e-01 1.199117898941040039e-01 -2.859801054000854492e-01
5.430929660797119141e-01 -4.780677556991577148e-01 -3.024711608886718750e-01 -2.651628851890563965e-01 8.928406238555908203e-02 -1.924284100532531738e-01
6.732605695724487305e-01 -3.660387396812438965e-01 -6.113145351409912109e-01 -2.272813320159912109e-01 -9.334206581115722656e-03 -2.246156930923461914e-01
3.929426670074462891e-01 -1.969570517539978027e-01 -5.262089967727661133e-01 -3.884721398353576660e-01 -2.668325304985046387e-01 -1.929533481597900391e-02
4.204548597335815430e-01 -2.836366891860961914e-01 -5.597883462905883789e-01 -3.027702569961547852e-01 -2.600151300430297852e-01 -5.123633146286010742e-02
4.806596040725708008e-01 -2.793325781822204590e-01 -5.548916459083557129e-01 -2.257760763168334961e-01 -2.730938792228698730e-01 -7.823044061660766602e-02
4.871034622192382812e-01 -2.640436291694641113e-01 -4.690818786621093750e-01 -2.496880888938903809e-01 -2.991446256637573242e-01 -3.533226251602172852e-02
3.747389316558837891e-01 -3.431767225265502930e-01 -6.033267974853515625e-01 -1.282628774642944336e-01 -3.564015626907348633e-01 -1.448652148246765137e-01
2.451370954513549805e-01 -2.693310379981994629e-01 -6.235797405242919922e-01 -1.140794754028320312e-01 -4.296174049377441406e-01 -4.935646057128906250e-02
2.818545103073120117e-01 -2.988221049308776855e-01 -6.395918726921081543e-01 -1.706701517105102539e-01 -2.847220897674560547e-01 -6.337767839431762695e-02
1.819133758544921875e-04 -4.515711069107055664e-01 -3.746237754821777344e-01 -2.622897028923034668e-01 -2.396656274795532227e-01 -1.246260404586791992e-01
-9.781849384307861328e-02 -5.257719755172729492e-01 -9.520304203033447266e-02 -2.705546021461486816e-01 -1.589384078979492188e-01 -1.032354235649108887e-01
6.343483924865722656e-02 -4.485195279121398926e-01 -9.176880121231079102e-02 -2.223115563392639160e-01 -2.368421554565429688e-01 7.722735404968261719e-03
-3.568584918975830078e-01 -5.862134099006652832e-01 -1.353374123573303223e-01 -2.102244496345520020e-01 -5.525946617126464844e-02 -2.193552851676940918e-01
-3.008967041969299316e-01 -5.456513166427612305e-01 4.084527492523193359e-02 -3.591296076774597168e-01 8.611834049224853516e-02 -3.454556465148925781e-01
-9.987509250640869141e-02 -4.733168482780456543e-01 -2.812945842742919922e-02 -3.586647510528564453e-01 3.944432735443115234e-02 -3.580392599105834961e-01
-3.007796406745910645e-01 -4.380533695220947266e-01 -2.025824785232543945e-02 -2.491713762283325195e-01 -1.567366123199462891e-01 -2.539951205253601074e-01
-2.838979363441467285e-01 -4.432221055030822754e-01 -1.723407506942749023e-01 -8.075368404388427734e-02 -2.973433136940002441e-01 -3.183249831199645996e-01
-1.380606889724731445e-01 -5.169426798820495605e-01 6.677651405334472656e-02 -7.715100049972534180e-02 -9.435361623764038086e-02 -3.303861618041992188e-01
-1.023859977722167969e-01 -4.559991955757141113e-01 1.852512359619140625e-03 1.502394676208496094e-03 -2.582181096076965332e-01 -1.534190177917480469e-01
-2.651721835136413574e-01 -4.877531528472900391e-01 1.498200893402099609e-01 -1.358550190925598145e-01 -1.394976973533630371e-01 -1.753439307212829590e-01
-2.149680852890014648e-01 -3.468424677848815918e-01 2.492480278015136719e-01 -2.199014425277709961e-01 -1.772755384445190430e-01 -1.117359995841979980e-01
4.610816240310668945e-01 2.283779382705688477e-01 1.390153169631958008e-01 -7.760161161422729492e-02 1.083081960678100586e-01 9.491991996765136719e-02
3.625293970108032227e-01 1.160341501235961914e-01 2.175999879837036133e-01 1.322038173675537109e-01 1.545563936233520508e-01 -3.954708576202392578e-02
5.922958850860595703e-01 2.893998622894287109e-01 -3.683483600616455078e-02 -6.907343864440917969e-03 1.071803569793701172e-01 5.832874774932861328e-02
7.068797349929809570e-01 3.114048242568969727e-01 -2.042322158813476562e-01 -8.963912725448608398e-02 1.338049173355102539e-01 3.241980075836181641e-02
7.869729995727539062e-01 2.419940233230590820e-01 -1.351469159126281738e-01 -1.881047487258911133e-01 2.557665109634399414e-01 -4.330188035964965820e-02
7.490500211715698242e-01 2.307256460189819336e-01 -1.857721805572509766e-01 -1.151847243309020996e-01 1.889467239379882812e-01 -7.829886674880981445e-02
7.538300752639770508e-01 2.320282459259033203e-01 -1.591108441352844238e-01 -7.405972480773925781e-02 2.093592882156372070e-01 -5.587106943130493164e-02
7.723563909530639648e-01 2.494767904281616211e-01 -2.456051111221313477e-01 -6.657540798187255859e-03 1.378107070922851562e-01 7.501363754272460938e-03
7.031772136688232422e-01 8.386826515197753906e-02 -1.332767009735107422e-01 1.679354906082153320e-01 2.031614780426025391e-01 -1.049188971519470215e-01
4.187761545181274414e-01 -2.490487694740295410e-01 -1.725494265556335449e-01 2.078508138656616211e-01 3.621610403060913086e-01 -5.058835744857788086e-01
1.737922430038452148e-01 -1.907191872596740723e-01 2.092603445053100586e-01 -2.606601119041442871e-01 2.599124908447265625e-01 -3.859763145446777344e-01
6.922066211700439453e-02 8.209025859832763672e-02 6.035699844360351562e-01 -2.519438266754150391e-01 2.073423862457275391e-01 7.552886009216308594e-02
8.169198036193847656e-02 7.208800315856933594e-02 8.300858736038208008e-01 -4.772151112556457520e-01 1.391860246658325195e-01 4.256749153137207031e-02
2.060304880142211914e-01 3.439021110534667969e-02 5.701481103897094727e-01 -1.889020204544067383e-01 8.992660045623779297e-02 -1.779437065124511719e-03
2.635482549667358398e-01 9.401321411132812500e-02 2.599303722381591797e-01 -6.668847799301147461e-02 -1.402800083160400391e-01 3.147923946380615234e-02
7.416379451751708984e-02 1.015225648880004883e-01 4.119033813476562500e-01 -2.828319072723388672e-01 6.047105789184570312e-02 -8.536255359649658203e-02
-8.284813165664672852e-02 9.316563606262207031e-02 5.341681241989135742e-01 -2.746457457542419434e-01 -8.328807353973388672e-02 -2.571064233779907227e-02
-1.892584562301635742e-01 -1.126047968864440918e-01 5.045015811920166016e-01 -1.210817694664001465e-01 2.944755554199218750e-02 -2.006925344467163086e-01
-2.120010256767272949e-01 2.797043323516845703e-02 8.789495229721069336e-01 -5.960172414779663086e-02 8.054494857788085938e-02 1.519455909729003906e-01
-1.572928428649902344e-01 2.256488800048828125e-02 4.411921501159667969e-01 -7.889592647552490234e-02 3.242254257202148438e-02 5.078959465026855469e-02
-1.106880307197570801e-01 -4.453585743904113770e-01 3.159339427947998047e-01 -6.328409910202026367e-02 3.813421726226806641e-01 -8.397611379623413086e-01
-1.513770222663879395e-01 -4.935029149055480957e-01 1.387804746627807617e-01 1.826137304306030273e-01 5.105391740798950195e-01 -8.840930461883544922e-01
5.385279655456542969e-02 -4.118019938468933105e-01 4.465290307998657227e-01 1.782131195068359375e-02 3.568092584609985352e-01 -4.077354669570922852e-01
2.857820987701416016e-01 -1.810758709907531738e-01 2.763863801956176758e-01 -1.635692715644836426e-01 3.106598854064941406e-01 -1.298015713691711426e-01
3.100031614303588867e-01 -8.871531486511230469e-02 1.334520578384399414e-01 -2.038127183914184570e-02 2.865124940872192383e-01 -1.427477598190307617e-01
2.298288345336914062e-01 -4.684495925903320312e-02 1.600617170333862305e-01 -8.054393529891967773e-02 1.876114606857299805e-01 -8.472806215286254883e-02
3.480356931686401367e-01 7.872796058654785156e-02 1.979165077209472656e-01 -1.002572774887084961e-01 1.453425884246826172e-01 3.392541408538818359e-02
3.647152185440063477e-01 1.838580369949340820e-01 1.119799613952636719e-01 -7.723939418792724609e-02 1.012465953826904297e-01 1.014258861541748047e-01
3.339427709579467773e-01 1.956326961517333984e-01 1.198928356170654297e-01 -1.102602481842041016e-01 9.065949916839599609e-02 1.051198244094848633e-01
3.035092353820800781e-01 2.005338668823242188e-01 1.457016468048095703e-01 -1.058664917945861816e-01 9.942281246185302734e-02 8.871567249298095703e-02
4.220969676971435547e-01 1.756186485290527344e-01 1.471172571182250977e-01 -1.543016433715820312e-01 2.028012275695800781e-01 4.047226905822753906e-02
4.539334774017333984e-01 1.300296783447265625e-01 1.216011047363281250e-01 -6.415212154388427734e-02 1.856739521026611328e-01 -2.113711833953857422e-02
4.213546514511108398e-01 6.141662597656250000e-03 1.148617267608642578e-02 -4.352909326553344727e-02 3.028173446655273438e-01 -2.363678812980651855e-01
4.445961713790893555e-01 -1.213231682777404785e-01 -8.136272430419921875e-03 -2.584201097488403320e-02 4.195257425308227539e-01 -3.604113459587097168e-01
2.601711750030517578e-01 -3.843765854835510254e-01 4.232287406921386719e-02 6.625699996948242188e-02 6.009796857833862305e-01 -5.842822790145874023e-01
2.160825729370117188e-01 -4.584795236587524414e-01 1.605042219161987305e-01 -3.485971689224243164e-02 5.832382440567016602e-01 -6.068309545516967773e-01
8.468842506408691406e-02 -2.088540196418762207e-01 3.503783941268920898e-01 -1.939225792884826660e-01 1.039054393768310547e-01 -3.560096621513366699e-01
-8.116054534912109375e-02 1.821339130401611328e-02 6.979759931564331055e-01 -8.600258827209472656e-02 1.971180438995361328e-01 7.920992374420166016e-02
1.293967962265014648e-01 2.271406650543212891e-01 3.871347904205322266e-01 -1.926258802413940430e-01 -6.382435560226440430e-02 1.227409839630126953e-01
7.658004760742187500e-03 1.997113227844238281e-01 6.439396142959594727e-01 -1.401355862617492676e-01 -1.135651469230651855e-01 2.754845619201660156e-01
-1.053721308708190918e-01 1.501467227935791016e-01 6.144658327102661133e-01 -2.109469771385192871e-01 1.342661380767822266e-01 1.226558685302734375e-01
-1.903532147407531738e-01 8.486509323120117188e-03 5.610707998275756836e-01 -1.506306529045104980e-01 2.510702610015869141e-02 -8.745968341827392578e-03
-2.462722659111022949e-01 5.827271938323974609e-02 4.936542510986328125e-01 6.762599945068359375e-02 -1.560383439064025879e-01 1.973302364349365234e-01
-1.344668865203857422e-01 4.648244380950927734e-02 5.187443494796752930e-01 -1.716956496238708496e-01 -4.848033189773559570e-02 2.451527118682861328e-02
-2.877638936042785645e-01 7.703542709350585938e-03 4.324880838394165039e-01 -3.999412059783935547e-03 -1.665391921997070312e-01 -3.516036272048950195e-02
-3.231179714202880859e-02 -2.354958057403564453e-01 5.456546545028686523e-01 8.898115158081054688e-02 2.909411191940307617e-01 -4.332203269004821777e-01
1.680036783218383789e-01 -4.487626552581787109e-01 5.554125308990478516e-01 1.376506090164184570e-01 5.049023628234863281e-01 -6.610966920852661133e-01
9.480631351470947266e-02 -5.099537372589111328e-01 4.484601020812988281e-01 5.723690986633300781e-02 5.532996654510498047e-01 -7.121781110763549805e-01
-1.703184843063354492e-01 -2.575492262840270996e-01 6.110398769378662109e-01 6.178665161132812500e-02 6.664264202117919922e-02 -3.239195346832275391e-01
-1.147192716598510742e-01 5.277752876281738281e-03 7.545220851898193359e-01 2.066879272460937500e-01 -3.276648521423339844e-01 -4.992723464965820312e-03
2.377840280532836914e-01 1.561237573623657227e-01 6.623988151550292969e-01 -1.874921917915344238e-01 -3.292455077171325684e-01 4.228675365447998047e-02
3.863189220428466797e-01 5.111134052276611328e-02 4.148367643356323242e-01 -4.890555143356323242e-02 -1.336568593978881836e-01 -5.590027570724487305e-02
3.107404708862304688e-01 4.939901828765869141e-02 3.657865524291992188e-01 -3.053774237632751465e-01 -4.477268457412719727e-02 -4.882866144180297852e-02
4.381278753280639648e-01 3.545773029327392578e-02 4.203342199325561523e-01 -3.169968724250793457e-01 1.467418670654296875e-02 -3.113985061645507812e-02
3.826955556869506836e-01 1.678127050399780273e-01 3.396306037902832031e-01 -8.351701498031616211e-02 -1.729603409767150879e-01 1.459120512008666992e-01
3.811912536621093750e-01 -2.133030295372009277e-01 4.888356924057006836e-01 1.002526283264160156e-02 9.237217903137207031e-02 -1.468222737312316895e-01
2.528834342956542969e-01 -2.516981959342956543e-01 5.464774370193481445e-01 2.108397483825683594e-01 -6.037217378616333008e-02 -3.541791439056396484e-02
1.497433185577392578e-01 -2.310217618942260742e-01 4.919892549514770508e-01 -1.810950040817260742e-02 3.122305870056152344e-02 -8.189094066619873047e-02
7.958149909973144531e-02 -2.443892955780029297e-01 6.503762006759643555e-01 -2.902374267578125000e-01 -1.920020580291748047e-02 -2.343066930770874023e-01
-2.532908916473388672e-01 -1.757633686065673828e-02 5.161155462265014648e-01 -7.847517728805541992e-02 -1.738827824592590332e-01 6.048440933227539062e-03
-3.336523771286010742e-01 -1.760678291320800781e-01 3.202705383300781250e-01 1.568990945816040039e-01 -2.102066874504089355e-01 -1.669137477874755859e-01
-1.474383473396301270e-01 -1.744734048843383789e-01 6.080142259597778320e-01 -3.093403577804565430e-02 -1.351469159126281738e-01 -2.911210060119628906e-03
-1.709531545639038086e-01 -6.038367748260498047e-03 6.777716875076293945e-01 -1.474080085754394531e-01 -1.796224713325500488e-01 7.480335235595703125e-02
-2.272189855575561523e-01 -6.959003210067749023e-02 5.174282789230346680e-01 -2.090402841567993164e-01 -3.136310577392578125e-01 -5.813175439834594727e-02
-1.384139060974121094e-01 -2.315165996551513672e-01 5.091568231582641602e-01 -2.817991971969604492e-01 -1.732241511344909668e-01 -1.504252552986145020e-01
-7.263690233230590820e-02 -3.131165504455566406e-01 6.506105661392211914e-01 -1.956118941307067871e-01 4.221856594085693359e-02 8.590340614318847656e-03
-1.805726289749145508e-01 -2.827611565589904785e-01 6.056087017059326172e-01 -5.339443683624267578e-02 -6.323885917663574219e-02 -2.856540679931640625e-02
-4.877951741218566895e-01 -1.741248965263366699e-01 3.729902505874633789e-01 5.007605552673339844e-01 -4.976701140403747559e-01 7.048523426055908203e-02
-4.604342579841613770e-01 -4.031319022178649902e-01 3.189867734909057617e-01 2.216446399688720703e-01 -4.990444779396057129e-01 -1.234819889068603516e-01
-5.140562653541564941e-01 -3.365668654441833496e-01 3.442286252975463867e-01 3.206682205200195312e-01 -7.112056612968444824e-01 -6.732559204101562500e-02
-5.454261302947998047e-01 -4.662615060806274414e-01 2.438722848892211914e-01 3.943653106689453125e-01 -5.126039981842041016e-01 -2.537516951560974121e-01
-5.653139352798461914e-01 -4.318372011184692383e-01 2.865904569625854492e-01 2.429270744323730469e-01 -5.841182470321655273e-01 -1.387619376182556152e-01
-7.145152091979980469e-01 -3.287414908409118652e-01 2.197332382202148438e-01 4.021879434585571289e-01 -6.638998985290527344e-01 -1.069408655166625977e-01
-6.339823603630065918e-01 -4.725998044013977051e-01 2.663966417312622070e-01 2.927650213241577148e-01 -3.101159930229187012e-01 -1.652186512947082520e-01
-5.963528156280517578e-01 -4.951746463775634766e-01 2.234055995941162109e-01 3.066085577011108398e-01 -5.103776454925537109e-01 -8.921033143997192383e-02
-5.114775896072387695e-01 -5.400186777114868164e-01 7.279336452484130859e-02 4.002366065979003906e-01 -4.428654313087463379e-01 -2.209378480911254883e-01
-4.677278995513916016e-01 -4.321349859237670898e-01 2.913379669189453125e-02 3.856743574142456055e-01 -5.661957263946533203e-01 -1.598736643791198730e-01
-4.911891818046569824e-01 -5.596287250518798828e-01 2.050631046295166016e-01 5.194542407989501953e-01 -4.744884967803955078e-01 -2.153783440589904785e-01
-4.685801863670349121e-01 -5.206077694892883301e-01 2.263169288635253906e-01 5.668334960937500000e-01 -6.124403476715087891e-01 -3.801120519638061523e-01
-7.783656716346740723e-01 -3.310477733612060547e-01 4.870673418045043945e-01 4.388642311096191406e-01 -5.920789241790771484e-01 -1.142994761466979980e-01
-7.912384867668151855e-01 -2.521223425865173340e-01 4.942106008529663086e-01 2.848174571990966797e-01 -5.411832332611083984e-01 1.328790187835693359e-02
-5.662993192672729492e-01 -2.725775837898254395e-01 3.112908601760864258e-01 -3.386986255645751953e-02 -3.597066402435302734e-01 -2.127497792243957520e-01
-3.482795357704162598e-01 -4.311079382896423340e-01 2.850753068923950195e-01 -5.431842803955078125e-02 -3.761994838714599609e-02 -3.755092620849609375e-01
-3.826259970664978027e-01 -3.353271484375000000e-01 4.728094339370727539e-01 8.919680118560791016e-02 -1.761765480041503906e-01 -1.413162946701049805e-01
-3.654383420944213867e-01 -3.350221514701843262e-01 4.472304582595825195e-01 -7.145702838897705078e-02 -2.256125211715698242e-01 -3.861325979232788086e-02
-4.283405542373657227e-01 -3.094232678413391113e-01 3.911553621292114258e-01 3.583455085754394531e-02 -2.609744668006896973e-01 -1.118950247764587402e-01
-2.205830812454223633e-01 -2.425001263618469238e-01 5.376541614532470703e-01 -1.305079460144042969e-02 -2.657527327537536621e-01 -8.341491222381591797e-03
-4.309205412864685059e-01 -1.052743792533874512e-01 4.418812990188598633e-01 -6.615304946899414062e-02 -5.074757337570190430e-01 4.196119308471679688e-02
-4.036847352981567383e-01 -1.759411692619323730e-01 2.629820108413696289e-01 -1.682489514350891113e-01 -5.014396905899047852e-01 -7.692855596542358398e-02
-4.986652135848999023e-01 2.011328935623168945e-01 3.874118328094482422e-01 1.396669149398803711e-01 -4.590362906455993652e-01 2.246007919311523438e-01
-4.798493981361389160e-01 3.627229928970336914e-01 2.976691722869873047e-02 2.636649608612060547e-01 -3.225133419036865234e-01 -3.616958856582641602e-02
-4.147949218750000000e-01 2.777997255325317383e-01 -2.169001102447509766e-02 1.484649181365966797e-01 -1.888486742973327637e-01 -1.642847061157226562e-02
-3.402357101440429688e-01 1.926580667495727539e-01 1.068542003631591797e-01 2.474796772003173828e-02 -2.061514854431152344e-01 -1.010209321975708008e-02
-1.464205980300903320e-01 6.176578998565673828e-02 -2.532025575637817383e-01 6.350314617156982422e-02 -3.030199408531188965e-01 2.896606922149658203e-02
-1.124832630157470703e-01 2.190008163452148438e-01 -3.514480590820312500e-01 2.388976812362670898e-01 -4.120051860809326172e-01 2.576459646224975586e-01
5.572104454040527344e-02 3.047921657562255859e-01 -5.059384703636169434e-01 3.692450523376464844e-01 -4.271229505538940430e-01 3.284413814544677734e-01
2.342581748962402344e-03 3.610670566558837891e-01 -4.394568204879760742e-01 3.986096382141113281e-01 -5.453571081161499023e-01 4.178065061569213867e-01
1.113619804382324219e-01 3.830004930496215820e-01 -4.552199840545654297e-01 3.993866443634033203e-01 -5.352325439453125000e-01 4.406483173370361328e-01
1.207697391510009766e-02 2.329671382904052734e-01 -3.908779025077819824e-01 4.898331165313720703e-01 -5.317704677581787109e-01 3.761314153671264648e-01
-1.847302913665771484e-02 1.469768285751342773e-01 -1.991458535194396973e-01 3.387591838836669922e-01 -4.238869547843933105e-01 2.795075178146362305e-01
-2.865960597991943359e-01 4.980170726776123047e-02 4.827713966369628906e-02 1.904017925262451172e-01 -4.906699061393737793e-01 2.641018629074096680e-01
-3.209496736526489258e-01 2.524011135101318359e-01 -7.236403226852416992e-02 1.931337118148803711e-01 -6.042786240577697754e-01 3.516545295715332031e-01
-3.617829084396362305e-01 2.326573133468627930e-01 2.363661527633666992e-01 3.515732288360595703e-02 -6.611831188201904297e-01 3.493957519531250000e-01
-2.894254922866821289e-01 1.281802654266357422e-01 2.423406839370727539e-01 -2.695554494857788086e-01 -4.493904709815979004e-01 1.708420515060424805e-01
-4.084102511405944824e-01 -8.220076560974121094e-04 2.498855590820312500e-01 -2.501015067100524902e-01 -1.937140822410583496e-01 -1.228755712509155273e-02
-5.144365429878234863e-01 -6.828367710113525391e-02 2.367780208587646484e-01 -4.927593469619750977e-02 -2.854807972908020020e-01 3.922569751739501953e-02
-6.128419041633605957e-01 1.155090332031250000e-01 1.213073730468750000e-01 -5.630195140838623047e-03 -5.731113553047180176e-01 2.824714183807373047e-01
-6.058609485626220703e-01 -3.442454338073730469e-02 1.239712238311767578e-01 1.164232492446899414e-01 -3.861917257308959961e-01 1.852289438247680664e-01
-4.296384453773498535e-01 -1.537032127380371094e-01 2.218117713928222656e-01 -1.683294773101806641e-02 -2.463101744651794434e-01 7.417058944702148438e-02
-4.217159152030944824e-01 -1.311802864074707031e-01 1.459466218948364258e-01 1.078078746795654297e-01 -1.616901159286499023e-01 -1.853865385055541992e-02
-5.277091264724731445e-01 2.273070812225341797e-02 2.308856248855590820e-01 2.265286445617675781e-02 -3.280099034309387207e-01 2.064912319183349609e-01
-1.654261946678161621e-01 -4.868332743644714355e-01 -1.051763296127319336e-01 2.910602092742919922e-01 -2.334905266761779785e-01 -4.021209478378295898e-01
-2.541379332542419434e-01 -5.242851972579956055e-01 -1.167630553245544434e-01 5.331274271011352539e-01 -1.733105182647705078e-01 -5.551538467407226562e-01
-5.511678457260131836e-01 -4.563146233558654785e-01 -1.189834475517272949e-01 6.647274494171142578e-01 -5.059040784835815430e-01 -4.014471173286437988e-01
-5.015743970870971680e-01 -3.374130725860595703e-01 -1.421433687210083008e-02 7.565677165985107422e-01 -7.871406078338623047e-01 -1.836118102073669434e-01
-5.349138975143432617e-01 -5.146322250366210938e-01 -1.570373177528381348e-01 7.312802076339721680e-01 -6.743093729019165039e-01 -3.530205488204956055e-01
-1.837017536163330078e-01 -5.531122088432312012e-01 7.503116130828857422e-02 1.714212894439697266e-01 -7.569978237152099609e-01 -2.290039062500000000e-01
-2.942997217178344727e-02 -6.895271539688110352e-01 -1.270220875740051270e-01 3.069198131561279297e-02 -6.882408857345581055e-01 -2.490707039833068848e-01
1.309980154037475586e-01 -5.788645744323730469e-01 -9.118360280990600586e-02 -7.482552528381347656e-02 -5.270520448684692383e-01 -3.731566667556762695e-02
2.508985996246337891e-01 -5.335038900375366211e-01 -4.595363140106201172e-02 -2.542594671249389648e-01 -3.189902305603027344e-01 -7.360160350799560547e-02
2.133902311325073242e-01 -5.448554158210754395e-01 -5.712527036666870117e-02 -1.534793972969055176e-01 -3.291938304901123047e-01 -5.881607532501220703e-02
1.882157325744628906e-01 -5.402473211288452148e-01 1.851308345794677734e-02 -1.555470228195190430e-01 -3.701976537704467773e-01 2.931857109069824219e-02
1.073389053344726562e-01 -4.840557575225830078e-01 -5.626916885375976562e-02 -1.689984202384948730e-01 -4.526795744895935059e-01 1.189160346984863281e-01
1.829073429107666016e-01 -5.066817998886108398e-01 -1.558248400688171387e-01 -1.822802424430847168e-01 -3.477786779403686523e-01 -2.719557285308837891e-02
2.554436922073364258e-01 -5.992203950881958008e-01 -1.275256276130676270e-01 -1.952952146530151367e-01 -2.624269723892211914e-01 -1.302438378334045410e-01
2.991642951965332031e-01 -6.096688508987426758e-01 -1.128632426261901855e-01 -2.942699193954467773e-01 -2.528452873229980469e-01 -1.562824249267578125e-01
2.352591753005981445e-01 -7.264845967292785645e-01 -1.754932999610900879e-01 -2.549620270729064941e-01 -2.209119796752929688e-01 -2.210391163825988770e-01
3.361465930938720703e-01 -8.373288512229919434e-01 -2.377200126647949219e-01 -2.941316962242126465e-01 3.298878669738769531e-02 -4.867152571678161621e-01
1.069484949111938477e-01 -8.542203903198242188e-01 -6.591063737869262695e-02 -3.347509503364562988e-01 6.130266189575195312e-02 -5.167042613029479980e-01
7.187759876251220703e-02 -7.383074760437011719e-01 1.357173919677734375e-02 -3.007217049598693848e-01 -3.818643093109130859e-02 -3.408103585243225098e-01
3.895485401153564453e-02 -8.078101277351379395e-01 -1.038294434547424316e-01 -4.047479629516601562e-01 1.783291101455688477e-01 -5.528306365013122559e-01
3.585612773895263672e-02 -3.972914814949035645e-01 -1.524403095245361328e-01 -4.321482777595520020e-01 -2.153397798538208008e-01 -1.411775946617126465e-01
1.948429346084594727e-01 -5.107527971267700195e-01 2.112734317779541016e-02 -4.964146018028259277e-01 -6.006550788879394531e-02 -3.578416705131530762e-01
