-4.717558622360229492e-02 2.240641117095947266e-01 2.651022672653198242e-01 5.105638504028320312e-02 -2.047270536422729492e-01 8.484077453613281250e-02
6.028521060943603516e-02 1.884541511535644531e-01 9.508097171783447266e-02 -2.479562163352966309e-01 -1.665918827056884766e-01 1.198732852935791016e-01
1.836609840393066406e-01 2.936445474624633789e-01 1.910924911499023438e-03 -1.670791506767272949e-01 -1.501728296279907227e-01 1.384441852569580078e-01
6.844857931137084961e-01 4.746714830398559570e-01 -2.310811877250671387e-01 1.164997816085815430e-01 -1.028949022293090820e-01 1.124931573867797852e-01
5.673614740371704102e-01 5.848050117492675781e-01 -5.209213495254516602e-02 -2.964943647384643555e-02 -1.258932948112487793e-01 1.758388280868530273e-01
7.975182533264160156e-01 5.001809597015380859e-01 -1.617684960365295410e-01 5.059683322906494141e-02 -1.600897908210754395e-01 1.809060573577880859e-01
6.804492473602294922e-01 5.472879409790039062e-01 -3.092849254608154297e-02 -1.036689281463623047e-01 -1.392189860343933105e-01 1.857908964157104492e-01
7.231061458587646484e-01 5.013304948806762695e-01 -2.244406342506408691e-01 -2.734398841857910156e-02 -1.458334922790527344e-01 7.477378845214843750e-02
8.607103824615478516e-01 3.855799436569213867e-01 -1.712146997451782227e-01 9.720683097839355469e-03 -2.626013755798339844e-02 4.412806034088134766e-02
7.970166206359863281e-01 4.000203609466552734e-01 -1.952427625656127930e-01 1.169586181640625000e-02 -1.072902083396911621e-01 6.079006195068359375e-02
8.447581529617309570e-01 4.100869894027709961e-01 -2.080923318862915039e-01 -1.969206333160400391e-02 -9.169548749923706055e-02 8.771169185638427734e-02
7.973400354385375977e-01 4.148280620574951172e-01 -2.426310181617736816e-01 4.167187213897705078e-02 -7.990521192550659180e-02 4.626572132110595703e-02
9.077109098434448242e-01 4.207500219345092773e-01 -3.983109593391418457e-01 2.121925354003906250e-05 -7.389497756958007812e-02 6.312847137451171875e-03
8.814048767089843750e-01 3.665553331375122070e-01 -2.540807723999023438e-01 -5.686581134796142578e-03 6.364607810974121094e-02 -1.018756628036499023e-02
9.485080242156982422e-01 3.167924880981445312e-01 -3.343998789787292480e-01 1.188623905181884766e-02 1.014579534530639648e-01 -4.832190275192260742e-02
7.449781894683837891e-01 2.144645452499389648e-01 -7.278811931610107422e-02 3.310990333557128906e-02 1.003290414810180664e-01 3.328919410705566406e-02
7.796416282653808594e-01 2.560666799545288086e-01 -7.983332872390747070e-02 7.601737976074218750e-02 -1.010143756866455078e-02 1.660987138748168945e-01
7.140412330627441406e-01 1.371614933013916016e-01 3.351712226867675781e-02 5.717027187347412109e-02 7.974457740783691406e-02 1.748279333114624023e-01
6.898376941680908203e-01 5.150783061981201172e-02 2.582681179046630859e-02 9.642243385314941406e-03 2.446892261505126953e-01 7.475399971008300781e-02
5.032817125320434570e-01 2.182960510253906250e-03 1.414933204650878906e-01 2.912330627441406250e-02 2.212356328964233398e-01 1.691633462905883789e-01
4.231373071670532227e-01 -1.515173912048339844e-02 1.592360734939575195e-01 -3.372609615325927734e-02 1.650686264038085938e-01 2.918279170989990234e-01
4.085630178451538086e-01 1.348626613616943359e-02 1.625585556030273438e-02 -3.297823667526245117e-02 1.634986400604248047e-01 2.465814352035522461e-01
2.383100986480712891e-01 -1.136211156845092773e-01 -3.471207618713378906e-02 -1.142715215682983398e-01 2.051222324371337891e-01 1.573606729507446289e-01
2.583383321762084961e-01 -6.828522682189941406e-02 2.926945686340332031e-03 -1.341339945793151855e-01 6.029284000396728516e-02 3.530392646789550781e-01
2.790633440017700195e-01 -1.700856685638427734e-01 2.122032642364501953e-02 -1.891273260116577148e-01 5.165958404541015625e-02 1.878389120101928711e-01
4.956048727035522461e-01 -9.115785360336303711e-02 -8.645451068878173828e-02 -2.779994010925292969e-01 -1.507699489593505859e-03 1.598138809204101562e-01
4.949159622192382812e-01 -1.462678909301757812e-01 1.095926761627197266e-02 -2.010952830314636230e-01 -1.505992412567138672e-01 2.006702423095703125e-01
5.861514806747436523e-01 -3.885366320610046387e-01 -1.033056378364562988e-01 -3.197722434997558594e-01 2.429916858673095703e-01 -1.869992613792419434e-01
4.405040740966796875e-01 -4.814053773880004883e-01 -5.026215314865112305e-02 -2.229493260383605957e-01 1.814582347869873047e-01 -2.407568693161010742e-01
3.518773317337036133e-01 -4.368820786476135254e-01 -1.075991988182067871e-01 -2.670424580574035645e-01 1.260149478912353516e-02 -2.499886155128479004e-01
4.018833637237548828e-01 -4.193736314773559570e-01 -6.205993890762329102e-02 -3.918005228042602539e-01 1.090947389602661133e-01 -2.731577157974243164e-01
4.123005867004394531e-01 -3.478062748908996582e-01 2.420508861541748047e-02 -4.840194582939147949e-01 8.670723438262939453e-02 -6.933474540710449219e-02
3.211934566497802734e-01 -3.690261244773864746e-01 -2.878838777542114258e-02 -2.536648511886596680e-01 2.750432491302490234e-02 -8.597064018249511719e-02
2.224429845809936523e-01 -1.590526103973388672e-01 -1.134436130523681641e-01 -3.010370135307312012e-01 -3.928008079528808594e-01 1.630818843841552734e-01
4.334843158721923828e-01 -4.298506379127502441e-01 -3.772586584091186523e-02 -3.314450383186340332e-01 1.880252361297607422e-02 -2.020272612571716309e-01
4.233437776565551758e-01 -5.150594711303710938e-01 -5.586326122283935547e-03 -2.900208830833435059e-01 -5.482035875320434570e-02 -2.724730968475341797e-01
4.302098751068115234e-01 -3.780819177627563477e-01 -9.790343046188354492e-02 -2.956054210662841797e-01 -2.757380008697509766e-01 -1.229768991470336914e-01
1.996785402297973633e-01 -4.447932243347167969e-01 2.551102638244628906e-02 -2.491835951805114746e-01 -2.978202700614929199e-01 -5.080103874206542969e-03
3.621202707290649414e-01 -4.478003978729248047e-01 -1.311179399490356445e-01 -2.328366041183471680e-01 -2.407487630844116211e-01 -9.839832782745361328e-02
4.279923439025878906e-01 -5.214291810989379883e-01 -1.141762733459472656e-01 -3.683570623397827148e-01 -2.397745847702026367e-02 -2.484285235404968262e-01
4.141806364059448242e-01 -6.453967094421386719e-01 -5.239182710647583008e-02 -2.884221076965332031e-01 -1.398581266403198242e-02 -2.084113955497741699e-01
2.732565402984619141e-01 -6.330925822257995605e-01 3.294885158538818359e-02 -2.876086235046386719e-01 -1.252031326293945312e-01 -1.570212841033935547e-01
3.738855123519897461e-01 -5.369408130645751953e-01 -8.226376771926879883e-02 -2.025544047355651855e-01 -2.156375646591186523e-01 -3.915017843246459961e-02
5.130480527877807617e-01 -4.874608516693115234e-01 -2.229908704757690430e-01 -3.129920363426208496e-01 -1.898311376571655273e-01 -9.985160827636718750e-02
3.162513971328735352e-01 -5.784032344818115234e-01 3.354156017303466797e-02 -3.114720582962036133e-01 -1.793771386146545410e-01 -2.960979938507080078e-02
3.016183376312255859e-01 -5.775896906852722168e-01 2.167627811431884766e-01 -4.720289111137390137e-01 -4.850125312805175781e-02 3.414535522460937500e-02
2.544714212417602539e-01 -4.502114057540893555e-01 2.129578590393066406e-01 -6.504278182983398438e-01 -7.316428422927856445e-02 2.200956344604492188e-01
2.457542419433593750e-01 -2.781091928482055664e-01 2.427821159362792969e-01 -6.427898406982421875e-01 -1.159822940826416016e-02 2.882876396179199219e-01
2.939257621765136719e-01 -2.568740844726562500e-01 1.679162979125976562e-01 -5.832136869430541992e-01 1.904282569885253906e-01 1.388859748840332031e-01
3.097988367080688477e-01 -1.736433506011962891e-01 1.379728317260742188e-01 -5.875118374824523926e-01 3.409630060195922852e-01 1.315164566040039062e-02
3.439553976058959961e-01 -4.910600185394287109e-02 -2.142155170440673828e-02 -6.511821746826171875e-01 4.191300868988037109e-01 -4.355132579803466797e-03
2.927402257919311523e-01 1.702358722686767578e-01 -1.651453971862792969e-01 -6.288272142410278320e-01 2.841860055923461914e-01 8.945405483245849609e-02
1.933077573776245117e-01 3.575294017791748047e-01 -3.369149565696716309e-01 -4.759984016418457031e-01 8.236384391784667969e-02 1.887242794036865234e-01
4.997622966766357422e-02 3.644438982009887695e-01 -2.663429379463195801e-01 -4.099259972572326660e-01 -4.816675186157226562e-02 2.991384267807006836e-01
1.520532369613647461e-01 3.573588132858276367e-01 -3.305720090866088867e-01 -3.081616759300231934e-01 -5.966955423355102539e-02 3.365080356597900391e-01
2.179889678955078125e-01 4.107452630996704102e-01 -3.582339882850646973e-01 -2.509815692901611328e-01 -6.276893615722656250e-02 3.766961097717285156e-01
1.430982351303100586e-01 4.328074455261230469e-01 -3.265987634658813477e-01 -1.963846087455749512e-01 -1.260184645652770996e-01 4.236122369766235352e-01
1.677024364471435547e-01 3.871847391128540039e-01 -2.716296315193176270e-01 -2.011478543281555176e-01 -6.160616874694824219e-02 4.195084571838378906e-01
1.203055381774902344e-01 4.094232320785522461e-01 -3.663535118103027344e-01 -1.540420651435852051e-01 -1.636495590209960938e-01 4.900370836257934570e-01
1.608524322509765625e-01 3.603506088256835938e-01 -3.340930342674255371e-01 -1.055525541305541992e-01 -1.024125218391418457e-01 4.355235099792480469e-01
8.969235420227050781e-02 3.449262380599975586e-01 -3.608218431472778320e-01 -1.188240647315979004e-01 -8.411520719528198242e-02 3.688944578170776367e-01
-1.835644245147705078e-03 3.966258764266967773e-01 -2.942375540733337402e-01 -1.490359306335449219e-01 -2.022086381912231445e-01 4.672561883926391602e-01
5.210387706756591797e-02 3.850231170654296875e-01 -2.210993170738220215e-01 -3.819983005523681641e-01 -8.328002691268920898e-02 4.401005506515502930e-01
2.019118070602416992e-01 1.573569774627685547e-01 -2.281448841094970703e-01 -5.219075679779052734e-01 2.862256765365600586e-01 1.369794607162475586e-01
2.179725170135498047e-01 6.402254104614257812e-02 -1.377429366111755371e-01 -6.693084239959716797e-01 4.963898658752441406e-01 -3.586387634277343750e-02
4.300351142883300781e-01 -1.836503148078918457e-01 -1.453220844268798828e-03 -7.485754489898681641e-01 8.274286985397338867e-01 -2.223533987998962402e-01
5.722340345382690430e-01 -3.302021026611328125e-01 2.064849138259887695e-01 -8.880668282508850098e-01 1.000000000000000000e+00 -2.121427059173583984e-01
5.453400611877441406e-01 -5.296781063079833984e-01 1.350358724594116211e-01 -7.608779072761535645e-01 9.731140136718750000e-01 -3.237535953521728516e-01
2.962815761566162109e-01 -6.312510967254638672e-01 3.032664060592651367e-01 -7.323706746101379395e-01 7.152448892593383789e-01 -1.551952958106994629e-01
2.742958068847656250e-01 -3.725451231002807617e-01 1.656875610351562500e-01 -7.148973345756530762e-01 2.420960664749145508e-01 1.692562103271484375e-01
3.349332809448242188e-01 -4.344021081924438477e-01 4.443085193634033203e-02 -5.708357095718383789e-01 1.687731742858886719e-01 1.197441816329956055e-01
3.504077196121215820e-01 -5.630625486373901367e-01 5.747747421264648438e-02 -4.453423619270324707e-01 2.595601081848144531e-01 -4.353642463684082031e-02
4.040831327438354492e-01 -5.159506797790527344e-01 -2.019342184066772461e-01 -4.423577189445495605e-01 2.079370021820068359e-01 -1.769008636474609375e-01
3.878339529037475586e-01 -4.911444187164306641e-01 -1.729440689086914062e-01 -4.045785665512084961e-01 1.524256467819213867e-01 -1.666484475135803223e-01
1.812834739685058594e-01 -3.546586632728576660e-01 -4.269647598266601562e-02 -4.079006910324096680e-01 -1.767278909683227539e-01 1.425299644470214844e-01
1.242027282714843750e-01 -4.281620979309082031e-01 -3.100132942199707031e-02 -4.885842800140380859e-01 -9.664773941040039062e-02 -2.723538875579833984e-02
1.519221067428588867e-01 -4.601140618324279785e-01 -1.001429557800292969e-02 -3.805684447288513184e-01 -9.357529878616333008e-02 -6.231975555419921875e-02
1.378355026245117188e-01 -3.929371833801269531e-01 6.862044334411621094e-03 -5.748395323753356934e-01 -8.840942382812500000e-02 -9.652537107467651367e-02
1.023185253143310547e-01 -3.144686818122863770e-01 6.965875625610351562e-03 -4.520152211189270020e-01 -2.634019851684570312e-01 4.572916030883789062e-02
4.252130985260009766e-01 -2.732579708099365234e-01 -2.189100384712219238e-01 -3.651673197746276855e-01 -2.014935016632080078e-01 6.614220142364501953e-02
2.591900825500488281e-01 -3.423848748207092285e-01 -8.917051553726196289e-02 -3.395452499389648438e-01 -1.554806232452392578e-01 1.992008686065673828e-01
9.146451950073242188e-03 -4.361715912818908691e-01 3.794777393341064453e-02 -5.313332676887512207e-01 -6.252169609069824219e-02 4.013419151306152344e-03
-1.085576415061950684e-01 -3.196973204612731934e-01 2.079526185989379883e-01 -4.143145680427551270e-01 -1.944687962532043457e-01 2.424027919769287109e-01
-2.331888675689697266e-01 -4.124228358268737793e-01 2.141406536102294922e-01 -4.687626361846923828e-01 -1.271740198135375977e-01 1.020151376724243164e-01
-1.129922270774841309e-01 -5.050894021987915039e-01 1.927274465560913086e-01 -3.650158643722534180e-01 1.550478935241699219e-01 -4.691630601882934570e-02
-7.131803035736083984e-01 -4.519786834716796875e-01 -9.387201070785522461e-02 -4.342114329338073730e-01 9.521424770355224609e-02 -2.635205984115600586e-01
-8.443772196769714355e-01 -3.924388885498046875e-01 -1.439110636711120605e-01 -2.713811397552490234e-02 -8.708500862121582031e-02 -2.178371548652648926e-01
-3.170347213745117188e-01 -5.538822412490844727e-01 1.550062894821166992e-01 1.782369613647460938e-02 -9.656488895416259766e-03 -1.371366977691650391e-01
-1.022975444793701172e-01 -6.910080909729003906e-01 9.437072277069091797e-02 -2.903997898101806641e-02 1.178297996520996094e-01 -4.151114225387573242e-01
9.028494358062744141e-02 -1.900574564933776855e-01 3.893200159072875977e-01 1.396132707595825195e-01 7.184863090515136719e-02 2.190661430358886719e-02
3.763761520385742188e-01 -5.790436267852783203e-02 4.018626213073730469e-01 3.767406940460205078e-02 1.994462013244628906e-01 1.277287006378173828e-01
3.131269216537475586e-01 2.941532135009765625e-01 5.115791559219360352e-01 -2.847159504890441895e-01 2.263587713241577148e-01 4.412940740585327148e-01
3.308335542678833008e-01 2.141461372375488281e-01 6.305515766143798828e-01 -2.029805779457092285e-01 1.018617153167724609e-01 3.205409049987792969e-01
4.796866178512573242e-01 2.741358280181884766e-01 3.822324275970458984e-01 -1.331919431686401367e-01 1.454726457595825195e-01 2.026854753494262695e-01
4.456484317779541016e-01 3.892314434051513672e-01 6.391937732696533203e-01 -2.162132859230041504e-01 4.126644134521484375e-02 3.933309316635131836e-01
6.133533716201782227e-01 4.572687149047851562e-01 2.134424448013305664e-01 -2.195746898651123047e-01 -2.473008632659912109e-02 3.651285171508789062e-01
6.851203441619873047e-01 4.638192653656005859e-01 1.774675846099853516e-01 -3.196733593940734863e-01 -8.095681667327880859e-03 3.457316160202026367e-01
6.196700334548950195e-01 5.167853832244873047e-01 1.356340646743774414e-01 -3.599367141723632812e-01 -1.957454085350036621e-01 3.732577562332153320e-01
5.896722078323364258e-01 3.851077556610107422e-01 1.143485307693481445e-01 -3.238541483879089355e-01 -1.034051179885864258e-01 2.248777151107788086e-01
5.748578310012817383e-01 3.081109523773193359e-01 1.864112615585327148e-01 -2.996572256088256836e-01 -7.551103830337524414e-02 2.084143161773681641e-01
7.523467540740966797e-01 2.843778133392333984e-01 1.395111083984375000e-01 -2.587248682975769043e-01 -3.933930397033691406e-02 2.362471818923950195e-01
7.130202054977416992e-01 1.626644134521484375e-01 1.191350221633911133e-01 -2.973713874816894531e-01 1.084028482437133789e-01 4.200553894042968750e-02
6.260590553283691406e-01 -9.886503219604492188e-03 2.298532724380493164e-01 -1.949701309204101562e-01 1.519384384155273438e-01 -2.929937839508056641e-02
2.928036451339721680e-01 -2.842241525650024414e-01 4.269462823867797852e-01 -4.598324298858642578e-01 1.738023757934570312e-01 -2.747215628623962402e-01
-1.791939735412597656e-01 -3.295540809631347656e-04 5.090092420578002930e-01 -7.038348913192749023e-02 -1.689885258674621582e-01 9.478950500488281250e-02
-9.793353080749511719e-02 -1.081044077873229980e-01 6.436526775360107422e-01 -2.509830594062805176e-01 8.730089664459228516e-02 -3.299421072006225586e-02
3.048518896102905273e-01 5.197989940643310547e-02 4.300966262817382812e-01 -2.965813279151916504e-01 1.248694658279418945e-01 1.447701454162597656e-02
2.475568056106567383e-01 1.036572456359863281e-01 6.448754072189331055e-01 -2.866333723068237305e-01 1.250612735748291016e-01 1.231976747512817383e-01
-1.131169199943542480e-01 -4.063075780868530273e-02 6.153761148452758789e-01 -1.013959646224975586e-01 -1.426907777786254883e-01 -2.014344930648803711e-02
-2.760536074638366699e-01 -2.090875506401062012e-01 5.935994386672973633e-01 -2.143343091011047363e-01 7.049167156219482422e-02 -2.395300865173339844e-01
-3.706001639366149902e-01 -9.659427404403686523e-02 7.086552381515502930e-01 -2.070551514625549316e-01 1.285123825073242188e-01 5.960822105407714844e-03
-3.760274052619934082e-01 -1.319256424903869629e-01 4.906796216964721680e-01 -1.872478723526000977e-01 -2.296674251556396484e-02 -1.806867122650146484e-02
-1.640295982360839844e-01 -1.614668965339660645e-01 4.568667411804199219e-01 -2.502645850181579590e-01 1.821463108062744141e-01 -3.944156765937805176e-01
-1.349427700042724609e-01 -1.517432332038879395e-01 5.947269201278686523e-01 -2.430364489555358887e-01 2.726069688796997070e-01 -3.755608201026916504e-01
-1.456087827682495117e-01 -3.908768296241760254e-01 7.356730699539184570e-01 -2.361418604850769043e-01 1.409282684326171875e-01 -4.500042200088500977e-01
8.215320110321044922e-02 -1.327546238899230957e-01 7.304153442382812500e-01 -1.599008440971374512e-01 -2.573615312576293945e-01 1.813328266143798828e-02
3.749932050704956055e-01 1.632066965103149414e-01 3.505108356475830078e-01 -2.138146162033081055e-01 2.076518535614013672e-02 4.442656040191650391e-02
3.781275749206542969e-01 2.543306350708007812e-01 4.453417062759399414e-01 -3.856022953987121582e-01 2.380633354187011719e-02 2.592861652374267578e-02
4.121224880218505859e-01 2.800942659378051758e-01 5.310422182083129883e-01 -3.108875751495361328e-01 -6.339430809020996094e-02 1.846295595169067383e-01
4.685351848602294922e-01 3.059900999069213867e-01 5.455858707427978516e-01 -3.551153540611267090e-01 -1.248667836189270020e-01 2.459719181060791016e-01
3.631827831268310547e-01 3.681885004043579102e-01 4.612238407135009766e-01 -3.541373610496520996e-01 -1.737852692604064941e-01 1.990121603012084961e-01
3.922091722488403320e-01 3.926748037338256836e-01 4.795565605163574219e-01 -3.306099176406860352e-01 -2.825262546539306641e-01 2.794407606124877930e-01
2.547248601913452148e-01 3.202847242355346680e-01 4.605211019515991211e-01 -4.695751070976257324e-01 -1.858069896697998047e-01 2.141883373260498047e-01
3.488922119140625000e-01 4.092872142791748047e-01 5.246481895446777344e-01 -4.352610707283020020e-01 -2.595729231834411621e-01 3.195106983184814453e-01
3.353226184844970703e-01 3.768169879913330078e-01 4.375102519989013672e-01 -2.960191369056701660e-01 -2.510427832603454590e-01 2.841137647628784180e-01
3.964982032775878906e-01 2.098851203918457031e-01 4.010463953018188477e-01 -3.660279512405395508e-01 -5.223315954208374023e-02 1.231946945190429688e-01
3.587820529937744141e-01 2.434957027435302734e-02 5.267616510391235352e-01 -3.642506599426269531e-01 1.412736177444458008e-01 3.139913082122802734e-02
-1.485224962234497070e-01 -1.499365568161010742e-01 5.195938348770141602e-01 -3.205044865608215332e-01 -5.183833837509155273e-02 -1.008367538452148438e-01
-2.698842287063598633e-01 -6.265461444854736328e-03 6.575107574462890625e-01 -2.991891503334045410e-01 -2.266028523445129395e-01 -3.273487091064453125e-03
-2.711505889892578125e-01 -1.995001435279846191e-01 4.567335844039916992e-01 -3.378028869628906250e-01 -7.567971944808959961e-02 -1.938827633857727051e-01
-3.476487398147583008e-01 -6.542450189590454102e-02 4.145573377609252930e-01 -1.285658478736877441e-01 -2.730100154876708984e-01 -7.314425706863403320e-02
-3.023862242698669434e-01 -8.305716514587402344e-02 4.383035898208618164e-01 -2.360577583312988281e-01 -1.621810197830200195e-01 -1.521191000938415527e-01
-3.881059288978576660e-01 -1.034898161888122559e-01 7.216690778732299805e-01 -3.792341351509094238e-01 -8.609294891357421875e-04 -4.114103317260742188e-02
-3.287939429283142090e-01 -6.767684221267700195e-02 7.052173614501953125e-01 -1.080639362335205078e-01 -8.187085390090942383e-02 2.759552001953125000e-02
-1.959261894226074219e-01 -1.294891834259033203e-01 4.174433946609497070e-01 -2.501547336578369141e-01 6.691002845764160156e-02 -4.298814535140991211e-01
2.010015249252319336e-01 -1.374447345733642578e-02 4.180612564086914062e-01 -3.951325416564941406e-01 3.261613845825195312e-01 -4.832960367202758789e-01
-2.271705865859985352e-02 -2.360170483589172363e-01 7.134172916412353516e-01 -7.219266891479492188e-02 3.774702548980712891e-01 -3.981439471244812012e-01
-2.161797285079956055e-01 -2.817192077636718750e-01 5.769529342651367188e-01 -3.096472620964050293e-01 -6.334197521209716797e-02 -3.634787201881408691e-01
3.499584197998046875e-01 2.921990156173706055e-01 4.242573976516723633e-01 -3.199988007545471191e-01 -1.960120797157287598e-01 1.793183088302612305e-01
3.703995943069458008e-01 3.818725347518920898e-01 3.609776496887207031e-01 -4.340867996215820312e-01 -1.230681538581848145e-01 1.736205816268920898e-01
4.880987405776977539e-01 3.932911157608032227e-01 3.499176502227783203e-01 -4.608806967735290527e-01 -4.344224929809570312e-03 1.482479572296142578e-01
3.805820941925048828e-01 5.499885082244873047e-01 3.010681867599487305e-01 -4.784459471702575684e-01 -1.916769742965698242e-01 3.343452215194702148e-01
4.017244577407836914e-01 6.158354282379150391e-01 2.125285863876342773e-01 -5.225251317024230957e-01 -1.838117837905883789e-01 3.754392862319946289e-01
3.475167751312255859e-01 5.316866636276245117e-01 3.317413330078125000e-01 -4.571578502655029297e-01 -1.247543692588806152e-01 3.422166109085083008e-01
4.065519571304321289e-01 5.294827222824096680e-01 2.280480861663818359e-01 -2.877891063690185547e-01 -1.747171282768249512e-01 3.849060535430908203e-01
3.586168289184570312e-01 3.966209888458251953e-01 2.753114700317382812e-01 -3.157216310501098633e-01 -7.472950220108032227e-02 3.105509281158447266e-01
1.713601350784301758e-01 1.422063112258911133e-01 3.590093851089477539e-01 -4.779633283615112305e-01 6.805396080017089844e-02 1.146206855773925781e-01
6.897401809692382812e-02 -6.275546550750732422e-02 4.971691370010375977e-01 -6.249390244483947754e-01 1.807641983032226562e-01 -8.724570274353027344e-02
-2.472421526908874512e-01 6.451487541198730469e-03 6.245348453521728516e-01 -3.664733171463012695e-01 1.832646131515502930e-01 -9.247672557830810547e-02
-1.504021883010864258e-02 -7.282257080078125000e-03 5.180058479309082031e-01 -3.832712173461914062e-01 5.218541622161865234e-02 -2.072976231575012207e-01
-8.737498521804809570e-02 -4.203665256500244141e-02 6.061060428619384766e-01 -3.012568950653076172e-01 2.316403388977050781e-02 -1.513131260871887207e-01
-3.354417085647583008e-01 -1.129938960075378418e-01 4.402173757553100586e-01 -1.564448475837707520e-01 1.824188232421875000e-02 -1.132608652114868164e-01
-2.389182448387145996e-01 -9.366601705551147461e-02 4.117178916931152344e-01 -2.051911950111389160e-01 6.028997898101806641e-02 -7.108885049819946289e-02
-2.224731445312500000e-01 -2.181410789489746094e-03 5.297772884368896484e-01 -2.202472686767578125e-01 -1.983393430709838867e-01 2.041540145874023438e-01
-1.890381574630737305e-01 -9.232515096664428711e-02 5.054508447647094727e-01 -8.931064605712890625e-02 -1.595904231071472168e-01 8.012878894805908203e-02
-3.475140333175659180e-01 -6.518477201461791992e-02 4.049054384231567383e-01 2.015209197998046875e-02 -7.849085330963134766e-02 1.334095001220703125e-02
-1.429232954978942871e-01 -8.737796545028686523e-02 2.589631080627441406e-01 1.513826847076416016e-01 -6.322115659713745117e-02 -5.410188436508178711e-02
-1.794049143791198730e-01 -6.051152944564819336e-02 4.874744415283203125e-01 -1.318534612655639648e-01 -9.335964918136596680e-02 5.900204181671142578e-02
2.262902259826660156e-02 5.017404556274414062e-01 3.829174041748046875e-01 6.800532341003417969e-02 -4.315381050109863281e-01 4.397097826004028320e-01
6.025910377502441406e-02 5.233001708984375000e-01 2.932517528533935547e-01 4.587650299072265625e-03 -6.127321720123291016e-01 6.065049171447753906e-01
-2.103742361068725586e-01 2.981351613998413086e-01 5.158166885375976562e-01 -1.029691696166992188e-01 -6.122260093688964844e-01 5.340878963470458984e-01
-1.335163712501525879e-01 4.269794225692749023e-01 1.915676593780517578e-01 3.099942207336425781e-02 -6.129615902900695801e-01 6.106741428375244141e-01
-4.173433780670166016e-02 4.185643196105957031e-01 -3.579926490783691406e-02 4.292643070220947266e-02 -5.539144277572631836e-01 5.554405450820922852e-01
-5.640923976898193359e-02 5.079430341720581055e-01 -3.738248348236083984e-02 6.251513957977294922e-02 -6.167165040969848633e-01 6.312389373779296875e-01
-5.066102743148803711e-02 3.902950286865234375e-01 -3.384357690811157227e-02 1.653939485549926758e-01 -5.644341707229614258e-01 5.457054376602172852e-01
-1.086693406105041504e-01 4.426525831222534180e-01 -5.122774839401245117e-02 1.533921957015991211e-01 -5.798153877258300781e-01 5.866197347640991211e-01
-1.626675724983215332e-01 4.491932392120361328e-01 9.149074554443359375e-03 2.050695419311523438e-01 -6.152843236923217773e-01 6.864240169525146484e-01
-1.101837754249572754e-01 2.643697261810302734e-01 1.612647771835327148e-01 1.758494377136230469e-01 -4.541673064231872559e-01 6.911191940307617188e-01
4.944610595703125000e-02 2.575783729553222656e-01 -1.110854744911193848e-01 2.317416667938232422e-01 -4.159431457519531250e-01 4.784132242202758789e-01
-3.917757272720336914e-01 3.129742145538330078e-01 6.700646877288818359e-02 2.903469800949096680e-01 -5.703061819076538086e-01 6.754360198974609375e-01
-3.307169675827026367e-02 6.966376304626464844e-02 8.010637760162353516e-02 2.086853981018066406e-02 -2.841972708702087402e-01 3.900303840637207031e-01
-1.882353425025939941e-01 -8.989012241363525391e-02 1.942400932312011719e-01 8.971929550170898438e-03 -2.530073523521423340e-01 3.363208770751953125e-01
-1.014542579650878906e-02 -4.180991649627685547e-02 3.084907531738281250e-01 -7.700085639953613281e-03 -2.559860348701477051e-01 3.463262319564819336e-01
-2.232013344764709473e-01 1.216590404510498047e-01 3.483078479766845703e-01 3.299510478973388672e-02 -4.708455204963684082e-01 5.124832391738891602e-01
-2.241421341896057129e-01 1.568400859832763672e-01 2.491095066070556641e-01 1.861631870269775391e-02 -3.100942969322204590e-01 4.412484169006347656e-01
-5.438255071640014648e-01 8.256757259368896484e-02 2.715040445327758789e-01 9.855020046234130859e-02 -3.490558266639709473e-01 4.185873270034790039e-01
