-2.857168316841125488e-01 -1.525735855102539062e-02 3.057042360305786133e-01 -1.730113625526428223e-01 -3.865839838981628418e-01 1.257997751235961914e-01
2.473440170288085938e-01 3.710500001907348633e-01 8.663916587829589844e-02 -1.563014388084411621e-01 -2.297810912132263184e-01 1.662310361862182617e-01
3.452526330947875977e-01 5.480337142944335938e-01 -7.274866104125976562e-02 -9.930378198623657227e-02 -1.140638589859008789e-01 1.240317821502685547e-01
5.933008193969726562e-01 4.507137537002563477e-01 -8.802521228790283203e-02 -5.435806512832641602e-02 -9.698295593261718750e-02 8.118844032287597656e-02
8.513146638870239258e-01 3.934618234634399414e-01 -1.703327894210815430e-01 -9.863972663879394531e-03 -5.837124586105346680e-02 1.057279109954833984e-02
6.994620561599731445e-01 4.479881525039672852e-01 -1.948443651199340820e-01 -2.641832828521728516e-02 -1.497353315353393555e-01 5.123889446258544922e-02
6.488330364227294922e-01 4.527695178985595703e-01 -1.673454046249389648e-01 -9.759259223937988281e-02 -1.627548933029174805e-01 5.903041362762451172e-02
6.850746870040893555e-01 3.985337018966674805e-01 -2.655436396598815918e-01 -9.587520360946655273e-02 -6.568580865859985352e-02 -5.233234167098999023e-02
6.196068525314331055e-01 3.571000099182128906e-01 -1.405587792396545410e-01 -8.162951469421386719e-02 1.109075546264648438e-02 -2.898573875427246094e-02
6.602338552474975586e-01 4.723823070526123047e-01 -2.170830368995666504e-01 -9.868544340133666992e-02 -9.312313795089721680e-02 5.092835426330566406e-02
6.133527755737304688e-01 4.510766267776489258e-01 -1.133385300636291504e-01 -3.759682178497314453e-02 -3.477722406387329102e-02 1.057527065277099609e-01
6.456831693649291992e-01 4.010794162750244141e-01 -1.032294034957885742e-01 -6.328088045120239258e-02 4.109334945678710938e-02 5.399274826049804688e-02
5.419700145721435547e-01 3.181071281433105469e-01 -5.050539970397949219e-02 2.597427368164062500e-02 1.733195781707763672e-02 2.267754077911376953e-02
5.157083272933959961e-01 2.907017469406127930e-01 4.748570919036865234e-02 -5.088275671005249023e-02 4.516935348510742188e-02 1.072596311569213867e-01
6.800860166549682617e-01 1.946380138397216797e-01 9.603965282440185547e-02 -1.403783559799194336e-01 2.502009868621826172e-01 6.071186065673828125e-02
5.131112337112426758e-01 2.452903985977172852e-01 1.483231782913208008e-01 -8.460026979446411133e-02 5.582451820373535156e-02 2.904249429702758789e-01
5.080431699752807617e-01 2.058428525924682617e-01 2.395944595336914062e-01 -1.267096996307373047e-01 1.175138950347900391e-01 3.705377578735351562e-01
4.068485498428344727e-01 3.020513057708740234e-02 3.254306316375732422e-01 -1.046450138092041016e-01 2.408345937728881836e-01 2.981581687927246094e-01
3.308621644973754883e-01 3.592717647552490234e-02 1.845942735671997070e-01 -4.868710041046142578e-02 1.774352788925170898e-01 2.921048402786254883e-01
6.317710876464843750e-02 1.377820968627929688e-03 2.827678918838500977e-01 -1.504711508750915527e-01 1.055619716644287109e-01 2.934678792953491211e-01
-5.411398410797119141e-02 -8.108198642730712891e-02 4.423767328262329102e-01 -2.458111047744750977e-01 1.253633499145507812e-01 3.799835443496704102e-01
-4.258441925048828125e-02 -6.290441751480102539e-02 3.302676677703857422e-01 -2.494085431098937988e-01 1.907944679260253906e-03 4.087346792221069336e-01
-1.972961425781250000e-02 -7.191729545593261719e-02 1.374256610870361328e-01 -2.996791601181030273e-01 -1.036707758903503418e-01 3.770478963851928711e-01
1.936482191085815430e-01 -1.671158075332641602e-01 1.727933883666992188e-01 -3.924421072006225586e-01 1.562319993972778320e-01 1.609839200973510742e-01
1.464064121246337891e-01 -1.548076272010803223e-01 1.641597747802734375e-01 -3.097349405288696289e-01 -3.840714693069458008e-02 1.814715862274169922e-01
2.278943061828613281e-01 -2.474055290222167969e-01 2.283639907836914062e-01 -3.564351797103881836e-01 -3.069627285003662109e-02 8.953177928924560547e-02
2.712738513946533203e-01 -2.612476348876953125e-01 1.082860231399536133e-01 -3.043559789657592773e-01 1.939630508422851562e-02 -1.292425394058227539e-02
1.774774789810180664e-01 -2.825531363487243652e-01 2.048895359039306641e-01 -5.586338043212890625e-01 5.877161026000976562e-02 -9.797960519790649414e-02
1.877750158309936523e-01 -2.899500131607055664e-01 4.696071147918701172e-02 -3.353683352470397949e-01 -9.215265512466430664e-02 -9.941607713699340820e-02
3.401398658752441406e-01 -3.296542763710021973e-01 1.659361124038696289e-01 -3.576778769493103027e-01 -4.278361797332763672e-03 -1.229574680328369141e-01
1.043740510940551758e-01 -2.827997803688049316e-01 1.537702083587646484e-01 -3.671686053276062012e-01 -2.675216197967529297e-01 -1.633878350257873535e-01
1.330583095550537109e-01 -3.529514074325561523e-01 4.618394374847412109e-02 -2.726162075996398926e-01 -3.678802847862243652e-01 -2.266469001770019531e-01
2.174071073532104492e-01 -4.998195171356201172e-01 1.768363714218139648e-01 -8.285778760910034180e-02 -3.916271328926086426e-01 -2.329533100128173828e-01
2.998532056808471680e-01 -5.607764720916748047e-01 8.924365043640136719e-03 -2.005258202552795410e-01 -1.348865628242492676e-01 -4.338415861129760742e-01
1.371741294860839844e-03 -4.256304502487182617e-01 -5.320966243743896484e-02 -1.784116029739379883e-01 -3.419756889343261719e-01 -3.699215054512023926e-01
-2.292394638061523438e-03 -2.199771404266357422e-01 1.734776496887207031e-01 -1.685477495193481445e-01 -4.903706312179565430e-01 2.285957336425781250e-03
1.025407314300537109e-01 -4.950559139251708984e-01 1.009817123413085938e-01 -3.341149687767028809e-01 -9.543049335479736328e-02 -2.535764575004577637e-01
-1.441636085510253906e-01 -4.417856931686401367e-01 1.163718700408935547e-01 -3.047322034835815430e-01 -2.614745497703552246e-01 -1.895427107810974121e-01
-1.445431709289550781e-01 -4.478893876075744629e-01 9.548115730285644531e-02 -3.772055506706237793e-01 -1.815671324729919434e-01 -2.711234092712402344e-01
-1.862704753875732422e-02 -3.295549154281616211e-01 6.354439258575439453e-02 -3.643258810043334961e-01 -1.846875548362731934e-01 -1.931930780410766602e-01
1.022474765777587891e-01 -5.104553103446960449e-01 1.211754083633422852e-01 -3.227937817573547363e-01 -5.774605274200439453e-02 -2.725316286087036133e-01
2.004349231719970703e-01 -4.900113940238952637e-01 5.741167068481445312e-02 -3.294678330421447754e-01 -1.330832242965698242e-01 -2.262260317802429199e-01
2.567363977432250977e-01 -4.818689227104187012e-01 8.204388618469238281e-02 -4.769591689109802246e-01 -1.660460233688354492e-02 -2.146316766738891602e-01
1.613003015518188477e-01 -5.105020999908447266e-01 3.426969051361083984e-02 -5.667154788970947266e-01 -5.009645223617553711e-02 -2.485569119453430176e-01
2.242100238800048828e-02 -4.246161580085754395e-01 3.014214038848876953e-01 -5.652325153350830078e-01 -2.014910578727722168e-01 2.481138706207275391e-02
1.899923086166381836e-01 -3.996257781982421875e-01 1.274399757385253906e-01 -7.059506177902221680e-01 9.897100925445556641e-02 -7.365703582763671875e-02
1.021679639816284180e-01 -3.318667411804199219e-01 3.361872434616088867e-01 -7.213875055313110352e-01 1.464028358459472656e-01 5.366420745849609375e-02
9.643959999084472656e-02 -2.339691519737243652e-01 2.288347482681274414e-01 -6.505451202392578125e-01 1.761341094970703125e-01 1.273214817047119141e-02
1.309156417846679688e-01 -2.416469454765319824e-01 1.752175092697143555e-01 -6.803539991378784180e-01 4.463825225830078125e-01 -9.276241064071655273e-02
1.217207908630371094e-01 -1.331176161766052246e-01 1.073642969131469727e-01 -6.629309058189392090e-01 4.340455532073974609e-01 -8.868640661239624023e-02
-9.494137763977050781e-02 1.154392957687377930e-01 -1.454889774322509766e-03 -5.091778635978698730e-01 1.018915176391601562e-01 9.780740737915039062e-02
-7.902914285659790039e-02 1.368073225021362305e-01 -4.472833871841430664e-02 -3.838952183723449707e-01 9.762871265411376953e-02 1.096448898315429688e-01
4.565358161926269531e-03 2.487987279891967773e-01 -7.747644186019897461e-02 -2.652028799057006836e-01 -4.302471876144409180e-02 3.050971031188964844e-01
4.132866859436035156e-03 3.288919925689697266e-01 -1.013337969779968262e-01 -2.998424172401428223e-01 -6.362026929855346680e-02 3.383188247680664062e-01
-5.848634243011474609e-02 2.885752916336059570e-01 -1.398456096649169922e-02 -1.726266145706176758e-01 -1.120407581329345703e-01 3.844859600067138672e-01
3.626823425292968750e-03 1.628357172012329102e-01 5.310952663421630859e-02 -1.957514882087707520e-01 6.389737129211425781e-02 2.926131486892700195e-01
8.052527904510498047e-02 2.608083486557006836e-01 -8.966255187988281250e-02 -1.652144789695739746e-01 -5.604386329650878906e-03 3.517246246337890625e-01
-8.453691005706787109e-02 3.238344192504882812e-01 -6.642585992813110352e-02 -8.610105514526367188e-02 -2.581169605255126953e-01 5.238678455352783203e-01
-5.420482158660888672e-02 4.061025381088256836e-01 -7.486331462860107422e-02 -1.772402524948120117e-01 -2.403032183647155762e-01 5.757696628570556641e-01
-8.192151784896850586e-02 3.262590169906616211e-01 -1.183444261550903320e-01 -2.315503954887390137e-01 -1.627226471900939941e-01 4.622952938079833984e-01
1.008931398391723633e-01 3.008472919464111328e-01 -1.887034773826599121e-01 -2.340900897979736328e-02 -4.426652193069458008e-02 3.353837728500366211e-01
5.755782127380371094e-03 3.585259914398193359e-01 -1.993373036384582520e-01 -1.644758582115173340e-01 -1.374076008796691895e-01 4.099974632263183594e-01
-2.884483337402343750e-02 3.070715665817260742e-01 -1.634890437126159668e-01 -1.617352366447448730e-01 -5.464023351669311523e-02 2.930183410644531250e-01
3.813183307647705078e-02 3.248600959777832031e-01 -2.007275223731994629e-01 -3.461116552352905273e-01 3.292167186737060547e-02 2.227272987365722656e-01
1.455674171447753906e-01 2.358299493789672852e-01 -2.871156930923461914e-01 -5.104919075965881348e-01 2.039924860000610352e-01 8.927774429321289062e-02
1.782855987548828125e-01 2.046942710876464844e-03 -5.351865291595458984e-02 -5.864837169647216797e-01 4.847012758255004883e-01 -8.231806755065917969e-02
3.277120590209960938e-01 -1.832385063171386719e-01 3.086030483245849609e-02 -6.412808895111083984e-01 6.731146574020385742e-01 -2.059463262557983398e-01
4.993391036987304688e-01 -3.650484681129455566e-01 -3.580689430236816406e-03 -5.907028317451477051e-01 7.033112049102783203e-01 -2.980764508247375488e-01
3.100706338882446289e-01 -4.911683797836303711e-01 1.795223951339721680e-01 -4.722005724906921387e-01 5.155375003814697266e-01 -1.625943779945373535e-01
1.412374973297119141e-01 -4.512081742286682129e-01 1.851902008056640625e-01 -7.024827003479003906e-01 2.850912809371948242e-01 -2.884483337402343750e-02
1.588761806488037109e-02 -4.192804098129272461e-01 2.821103334426879883e-01 -7.461216449737548828e-01 9.407448768615722656e-02 8.787810802459716797e-02
1.673411130905151367e-01 -4.675976037979125977e-01 1.467483043670654297e-01 -6.927564144134521484e-01 1.663907766342163086e-01 -9.023648500442504883e-02
1.791528463363647461e-01 -4.520692229270935059e-01 1.600980758666992188e-02 -5.648587942123413086e-01 3.884959220886230469e-02 -1.048048138618469238e-01
2.309342622756958008e-01 -3.958007693290710449e-01 1.020574569702148438e-02 -5.467693805694580078e-01 3.021740913391113281e-02 -9.382522106170654297e-02
2.228118181228637695e-01 -3.261808156967163086e-01 -6.804096698760986328e-02 -5.238014459609985352e-01 -2.452695369720458984e-02 -7.667213678359985352e-02
3.800597190856933594e-01 -4.224463701248168945e-01 -2.065169811248779297e-01 -3.440179824829101562e-01 -3.850740194320678711e-02 -9.311217069625854492e-02
1.847062110900878906e-01 -3.750006556510925293e-01 -1.427333950996398926e-01 -3.549066185951232910e-01 -1.230638623237609863e-01 -1.709227561950683594e-01
1.086132526397705078e-01 -2.796607613563537598e-01 -1.861001849174499512e-01 -3.820449709892272949e-01 -1.825185418128967285e-01 -1.674565672874450684e-01
1.522182226181030273e-01 -3.744521737098693848e-01 -1.104610562324523926e-01 -2.836185097694396973e-01 -1.585834026336669922e-01 -1.196420192718505859e-01
2.238671779632568359e-01 -3.338916301727294922e-01 -1.579668521881103516e-01 -4.972379207611083984e-01 -2.474123239517211914e-02 -3.731167316436767578e-02
-1.402770280838012695e-01 -3.579753041267395020e-01 4.739284515380859375e-02 -2.740338444709777832e-01 -3.500290513038635254e-01 1.842055320739746094e-01
-1.426159739494323730e-01 -5.416145324707031250e-01 9.722769260406494141e-02 -3.057062029838562012e-01 -1.392042636871337891e-01 1.104760169982910156e-02
-2.637992501258850098e-01 -6.075471043586730957e-01 -1.300528645515441895e-01 -2.494772076606750488e-01 -1.424001455307006836e-01 -3.247225284576416016e-01
-4.563003778457641602e-01 -4.713675975799560547e-01 -1.501997709274291992e-01 -3.765265941619873047e-01 -2.367079257965087891e-02 -3.764194846153259277e-01
-6.647244691848754883e-01 -2.092566490173339844e-01 6.532073020935058594e-03 -2.347463965415954590e-01 -4.211318492889404297e-02 -1.801839470863342285e-01
-4.398132562637329102e-01 -2.638618350028991699e-01 2.949835062026977539e-01 -1.829017400741577148e-01 -9.772914648056030273e-02 -6.753265857696533203e-02
-4.165133833885192871e-01 -2.851319313049316406e-01 3.200235366821289062e-01 -8.599060773849487305e-02 -7.697695493698120117e-02 1.230521202087402344e-01
-6.573097705841064453e-01 -2.234648466110229492e-01 3.457782268524169922e-01 -2.269122600555419922e-01 4.792714118957519531e-02 5.264377593994140625e-02
-5.447804331779479980e-01 -2.103044986724853516e-01 3.981168270111083984e-01 3.204417228698730469e-02 -3.846101760864257812e-01 -1.804280281066894531e-02
-5.579944252967834473e-01 -2.478187680244445801e-01 3.502324819564819336e-01 3.956937789916992188e-02 -3.365548253059387207e-01 -2.554752230644226074e-01
-3.985211849212646484e-01 -1.598065495491027832e-01 2.929733991622924805e-01 5.549788475036621094e-03 -3.079014420509338379e-01 -1.773444414138793945e-01
-5.508815050125122070e-01 -5.145013332366943359e-02 3.336774110794067383e-01 -1.096131801605224609e-01 -3.849251866340637207e-01 4.167258739471435547e-02
-6.262493133544921875e-01 -2.858400344848632812e-02 1.878949403762817383e-01 -5.071580410003662109e-02 -4.592168927192687988e-01 -1.009775996208190918e-01
8.410394191741943359e-02 1.205044984817504883e-01 2.386857271194458008e-01 -1.441836357116699219e-04 -1.171488761901855469e-01 1.215825080871582031e-01
4.952473640441894531e-01 4.220910072326660156e-01 3.720773458480834961e-01 -2.640140056610107422e-01 9.180080890655517578e-02 3.426877260208129883e-01
4.470713138580322266e-01 4.162523746490478516e-01 5.431268215179443359e-01 -3.943680524826049805e-01 1.454123258590698242e-01 3.851408958435058594e-01
6.385833024978637695e-01 4.890805482864379883e-01 2.694958448410034180e-01 -3.555377721786499023e-01 2.415430545806884766e-02 3.964204788208007812e-01
5.550572872161865234e-01 3.274132013320922852e-01 2.186747789382934570e-01 -3.069459795951843262e-01 9.597253799438476562e-02 2.040098905563354492e-01
4.660923480987548828e-01 2.727547883987426758e-01 2.417496442794799805e-01 -3.114574551582336426e-01 7.943332195281982422e-02 1.549637317657470703e-01
4.586584568023681641e-01 2.491312026977539062e-01 3.128291368484497070e-01 -3.434943556785583496e-01 9.448873996734619141e-02 1.406391859054565430e-01
4.698139429092407227e-01 2.932373285293579102e-01 3.695878982543945312e-01 -5.267003774642944336e-01 9.394538402557373047e-02 1.711096763610839844e-01
4.555430412292480469e-01 2.229386568069458008e-01 2.086129188537597656e-01 -3.036590218544006348e-01 5.056893825531005859e-02 7.851612567901611328e-02
3.701237440109252930e-01 3.926670551300048828e-02 2.655922174453735352e-01 -2.400098443031311035e-01 1.261203289031982422e-01 -7.963198423385620117e-02
4.280526638031005859e-01 -5.023962259292602539e-02 3.880198001861572266e-01 -4.032570719718933105e-01 2.403104305267333984e-01 -1.371682882308959961e-01
3.594520092010498047e-01 -1.777769327163696289e-01 2.180980443954467773e-01 -2.749916911125183105e-01 2.574789524078369141e-01 -3.300549387931823730e-01
-1.932681202888488770e-01 -1.475584506988525391e-01 6.773649454116821289e-01 -2.786361575126647949e-01 1.423608064651489258e-01 -1.686831712722778320e-01
-1.742136478424072266e-01 -2.542102336883544922e-02 7.219647169113159180e-01 -3.550656437873840332e-01 8.572924137115478516e-02 6.802868843078613281e-02
-6.018060445785522461e-02 2.492403984069824219e-02 6.505279541015625000e-01 -1.383265256881713867e-01 -2.467548847198486328e-02 -2.650022506713867188e-03
-2.439901232719421387e-01 -2.976918220520019531e-02 6.006060838699340820e-01 -2.165523171424865723e-01 6.754755973815917969e-02 -8.492225408554077148e-02
-1.393043398857116699e-01 -1.010895371437072754e-01 8.226493597030639648e-01 -2.397807836532592773e-01 1.223396062850952148e-01 1.280462741851806641e-02
-3.170139193534851074e-01 1.091396808624267578e-02 7.464019060134887695e-01 -9.133541584014892578e-02 -3.087592124938964844e-02 -5.349195003509521484e-02
-4.943814277648925781e-01 1.004972457885742188e-01 5.928704738616943359e-01 1.174688339233398438e-02 -2.426490783691406250e-01 1.665036678314208984e-01
-2.269152998924255371e-01 3.457176685333251953e-02 6.616417169570922852e-01 -1.631641387939453125e-01 -4.659527540206909180e-02 7.183778285980224609e-02
-2.023791670799255371e-01 -1.584587097167968750e-01 4.459463357925415039e-01 -3.210858702659606934e-01 1.545213460922241211e-01 -2.817251682281494141e-01
-1.606878042221069336e-01 -2.839223146438598633e-01 4.124691486358642578e-01 -2.742339968681335449e-01 3.446884155273437500e-01 -5.889372825622558594e-01
-1.704943776130676270e-01 -2.491813898086547852e-01 5.244168043136596680e-01 -1.631391644477844238e-01 4.633531570434570312e-01 -5.172058343887329102e-01
5.183184146881103516e-02 -2.700728774070739746e-01 7.760285139083862305e-01 -1.650626063346862793e-01 2.890459299087524414e-01 -2.976915240287780762e-01
3.433502912521362305e-01 2.057151794433593750e-01 4.382237195968627930e-01 -3.451954722404479980e-01 -9.253883361816406250e-02 1.486144065856933594e-01
3.254272937774658203e-01 3.176678419113159180e-01 5.253459215164184570e-01 -4.004553556442260742e-01 -1.028962731361389160e-01 2.830996513366699219e-01
3.008803129196166992e-01 3.895297050476074219e-01 5.048667192459106445e-01 -5.400484800338745117e-01 -4.851090908050537109e-02 1.899257898330688477e-01
4.108912944793701172e-01 4.244478940963745117e-01 4.987398386001586914e-01 -4.890780448913574219e-01 -4.265189170837402344e-02 2.816883325576782227e-01
2.957588434219360352e-01 4.065810441970825195e-01 5.554771423339843750e-01 -5.594124794006347656e-01 -6.421011686325073242e-02 2.371580600738525391e-01
2.615723609924316406e-01 4.617726802825927734e-01 3.894230127334594727e-01 -4.589034318923950195e-01 -2.068993449211120605e-01 3.381451368331909180e-01
3.755090236663818359e-01 5.021753311157226562e-01 3.701742887496948242e-01 -4.268980622291564941e-01 -1.800486445426940918e-01 3.360291719436645508e-01
4.682655334472656250e-01 3.748810291290283203e-01 5.222717523574829102e-01 -5.846207141876220703e-01 5.105638504028320312e-02 2.691373825073242188e-01
3.368743658065795898e-01 2.922763824462890625e-01 4.603940248489379883e-01 -5.263446569442749023e-01 4.358613491058349609e-02 1.614090204238891602e-01
3.204667568206787109e-01 1.115820407867431641e-01 4.365113973617553711e-01 -3.269428610801696777e-01 1.265745162963867188e-01 4.523217678070068359e-02
2.156436443328857422e-01 1.954865455627441406e-02 4.336351156234741211e-01 -3.246736526489257812e-01 1.086841821670532227e-01 -1.140910387039184570e-02
7.987952232360839844e-02 -6.009525060653686523e-02 4.543218612670898438e-01 -5.334161520004272461e-01 2.219827175140380859e-01 -1.299546360969543457e-01
-3.106774687767028809e-01 -5.019485950469970703e-02 7.191176414489746094e-01 -5.356476306915283203e-01 -4.566395282745361328e-02 -2.869290113449096680e-02
-1.542497277259826660e-01 5.056381225585937500e-03 7.102355957031250000e-01 -2.346969842910766602e-01 -7.129460573196411133e-02 6.562709808349609375e-02
-3.212760090827941895e-01 1.737482547760009766e-01 7.429294586181640625e-01 -3.438864350318908691e-01 -1.414338946342468262e-01 2.009228467941284180e-01
-3.144455552101135254e-01 -3.431469202041625977e-02 8.126302957534790039e-01 -3.461024165153503418e-01 -2.982026338577270508e-02 7.074356079101562500e-03
-2.630739808082580566e-01 -3.848534822463989258e-02 5.279816389083862305e-01 -2.714260816574096680e-01 -8.204537630081176758e-02 9.471178054809570312e-03
-6.064283847808837891e-02 -7.846915721893310547e-02 5.020592212677001953e-01 4.836678504943847656e-03 -1.463536024093627930e-01 -5.407106876373291016e-02
-4.161370992660522461e-01 6.837320327758789062e-02 3.843322992324829102e-01 -3.093037605285644531e-01 -2.908208370208740234e-01 1.250715255737304688e-01
-2.522397041320800781e-02 8.319520950317382812e-02 3.559032678604125977e-01 -2.150461077690124512e-01 2.044856548309326172e-01 -2.764074802398681641e-01
-2.544340491294860840e-01 -1.778445243835449219e-01 5.315482616424560547e-01 -6.405806541442871094e-02 3.041198253631591797e-01 -5.131787657737731934e-01
-7.924908399581909180e-02 -1.278128623962402344e-01 6.996055841445922852e-01 -1.909303665161132812e-01 2.002854347229003906e-01 -4.403566718101501465e-01
1.144688129425048828e-01 -2.076226472854614258e-02 7.364076375961303711e-01 -5.135897397994995117e-01 7.158398628234863281e-03 4.998087882995605469e-02
3.426970243453979492e-01 3.157867193222045898e-01 5.021095275878906250e-01 -4.643560647964477539e-01 -1.450374126434326172e-01 2.425084114074707031e-01
3.660401105880737305e-01 2.876356840133666992e-01 4.092791080474853516e-01 -3.602390289306640625e-01 1.044321060180664062e-02 1.043120622634887695e-01
4.694625139236450195e-01 4.511317014694213867e-01 3.909199237823486328e-01 -4.349840879440307617e-01 -1.611250042915344238e-01 3.602808713912963867e-01
4.560985565185546875e-01 4.829466342926025391e-01 3.667247295379638672e-01 -4.588592052459716797e-01 -9.313720464706420898e-02 3.240838050842285156e-01
5.069762468338012695e-01 5.017416477203369141e-01 3.029477596282958984e-01 -4.582393169403076172e-01 -1.592670679092407227e-01 3.627866506576538086e-01
4.915733337402343750e-01 4.217742681503295898e-01 3.401392698287963867e-01 -4.364874958992004395e-01 -4.782140254974365234e-02 2.433103322982788086e-01
4.826380014419555664e-01 3.483462333679199219e-01 3.764523267745971680e-01 -4.742006063461303711e-01 5.311441421508789062e-02 1.494928598403930664e-01
4.360104799270629883e-01 2.616379261016845703e-01 3.842811584472656250e-01 -4.384051561355590820e-01 3.297436237335205078e-02 1.769108772277832031e-01
1.680549383163452148e-01 1.873151063919067383e-01 4.958517551422119141e-01 -4.179461002349853516e-01 -8.461779356002807617e-02 2.328746318817138672e-01
-2.114797830581665039e-01 -9.360194206237792969e-03 5.227419137954711914e-01 -4.466969966888427734e-01 -1.592790484428405762e-01 7.878494262695312500e-02
-4.553614258766174316e-01 -9.277707338333129883e-02 3.921411037445068359e-01 -2.488118410110473633e-01 3.429937362670898438e-02 -1.600260734558105469e-01
-3.725554347038269043e-01 -1.360382437705993652e-01 4.372922182083129883e-01 -3.135300874710083008e-01 -2.786487340927124023e-02 -2.099407315254211426e-01
-2.574474215507507324e-01 -1.867151260375976562e-02 2.955455780029296875e-01 -1.179823875427246094e-01 -2.011173963546752930e-01 -1.054332852363586426e-01
-1.107146739959716797e-01 -2.624464035034179688e-02 2.282224893569946289e-01 -3.512571454048156738e-01 -5.725830793380737305e-02 -2.130087018013000488e-01
-3.358237147331237793e-01 1.555955410003662109e-02 3.802981376647949219e-01 -2.969715595245361328e-01 -1.285244822502136230e-01 2.511179447174072266e-02
-2.661979198455810547e-02 3.099203109741210938e-02 2.861511707305908203e-01 -4.035634398460388184e-01 -6.421804428100585938e-04 -6.483930349349975586e-02
-3.260726332664489746e-01 -9.186989068984985352e-02 5.989499092102050781e-01 -2.762268781661987305e-01 -1.254749298095703125e-01 6.201148033142089844e-02
-3.504387140274047852e-01 -9.897470474243164062e-03 5.475720167160034180e-01 -1.253024935722351074e-01 -1.540674567222595215e-01 -8.738708496093750000e-02
-3.843450546264648438e-01 1.293659210205078125e-02 4.727978706359863281e-01 -9.283483028411865234e-02 -2.714954018592834473e-01 7.103908061981201172e-02
-3.174523711204528809e-01 -3.557157516479492188e-02 6.285470724105834961e-01 -2.717704772949218750e-01 -1.781777143478393555e-01 9.089136123657226562e-02
-2.829857468605041504e-01 3.148924112319946289e-01 2.988731861114501953e-01 -2.805972695350646973e-01 -1.769080758094787598e-01 3.840942382812500000e-01
-4.212623238563537598e-01 3.760586977005004883e-01 5.483318567276000977e-01 -3.974997997283935547e-02 -2.080109715461730957e-01 5.052324533462524414e-01
-1.573808193206787109e-01 -7.437288761138916016e-03 5.123479366302490234e-01 -3.592592477798461914e-02 -2.194398045539855957e-01 1.967869997024536133e-01
-1.214518547058105469e-01 3.032830953598022461e-01 2.384006977081298828e-01 -1.028173565864562988e-01 -4.931262135505676270e-01 4.998540878295898438e-01
-1.626030802726745605e-01 4.124705791473388672e-01 5.097401142120361328e-02 -1.254677772521972656e-03 -4.486191868782043457e-01 4.826016426086425781e-01
-2.835126519203186035e-01 4.207941293716430664e-01 2.125382423400878906e-02 3.339028358459472656e-02 -5.325876474380493164e-01 5.466002225875854492e-01
-2.913915514945983887e-01 3.535274267196655273e-01 1.024702787399291992e-01 -6.940203905105590820e-02 -6.253929138183593750e-01 5.664974451065063477e-01
-3.203809857368469238e-01 4.202345609664916992e-01 8.337080478668212891e-02 1.136331558227539062e-01 -5.947989225387573242e-01 6.679922342300415039e-01
-1.067516803741455078e-01 2.074288129806518555e-01 3.200099468231201172e-01 9.167647361755371094e-02 -4.984027147293090820e-01 5.768301486968994141e-01
-1.436890363693237305e-01 2.629324197769165039e-01 1.538881063461303711e-01 1.606945991516113281e-01 -4.123708605766296387e-01 5.545816421508789062e-01
-2.345272302627563477e-01 2.497856616973876953e-01 1.668353080749511719e-01 1.240311861038208008e-01 -2.853434681892395020e-01 5.301088094711303711e-01
-3.354281187057495117e-02 1.658037900924682617e-01 2.253485918045043945e-01 -2.916097640991210938e-03 -1.870765686035156250e-01 3.782306909561157227e-01
-1.213921904563903809e-01 -2.201610803604125977e-02 3.513835668563842773e-01 -1.383855938911437988e-01 -1.210735440254211426e-01 2.659065723419189453e-01
-2.459863424301147461e-01 -7.310926914215087891e-03 5.007039308547973633e-01 -2.377977371215820312e-01 -1.851267218589782715e-01 3.450793027877807617e-01
-2.944346666336059570e-01 -1.039295792579650879e-01 4.015494585037231445e-01 -2.028573751449584961e-01 -1.283391714096069336e-01 1.681303977966308594e-01
