1.036007404327392578e-01 -2.971965074539184570e-02 1.804059743881225586e-01 -3.912656903266906738e-01 2.695508003234863281e-01 -8.827787637710571289e-02
-1.449272632598876953e-01 2.208994626998901367e-01 5.344277620315551758e-01 -3.598749041557312012e-01 -1.815914511680603027e-01 3.712457418441772461e-01
1.140900850296020508e-01 2.836116552352905273e-01 3.729736804962158203e-01 -1.136660575866699219e-01 9.824025630950927734e-02 2.330865859985351562e-01
1.051263809204101562e-01 2.313828468322753906e-01 2.622642517089843750e-01 -1.191353797912597656e-01 -1.900142431259155273e-02 1.335629224777221680e-01
1.858761310577392578e-01 4.465013742446899414e-01 1.698729991912841797e-01 -1.215652227401733398e-01 -2.776128053665161133e-02 2.383364439010620117e-01
3.948916196823120117e-01 3.365929126739501953e-01 1.411967277526855469e-01 -1.653144955635070801e-01 1.095244884490966797e-01 8.608877658843994141e-02
5.602974891662597656e-01 3.985937833786010742e-01 -3.553128242492675781e-02 -1.233255863189697266e-01 6.554889678955078125e-02 6.324827671051025391e-02
7.212173938751220703e-01 4.615224599838256836e-01 -1.516644954681396484e-01 -1.962645649909973145e-01 -4.732626676559448242e-02 1.396409273147583008e-01
7.013093233108520508e-01 4.840633869171142578e-01 -2.427929639816284180e-01 -1.711228489875793457e-01 -8.154934644699096680e-02 1.500376462936401367e-01
7.741954326629638672e-01 4.964379072189331055e-01 -2.897289395332336426e-01 -1.166267395019531250e-01 -8.731818199157714844e-02 1.401112079620361328e-01
7.410434484481811523e-01 4.357154369354248047e-01 -2.913603782653808594e-01 -1.429561972618103027e-01 -1.400554180145263672e-02 8.945012092590332031e-02
7.325209379196166992e-01 4.490355253219604492e-01 -2.524408698081970215e-01 -8.097547292709350586e-02 -6.091159582138061523e-02 1.343616247177124023e-01
8.445302248001098633e-01 3.255840539932250977e-01 -3.392415642738342285e-01 -1.709008216857910156e-02 7.878541946411132812e-02 2.060151100158691406e-02
8.095562458038330078e-01 2.648370265960693359e-01 -3.013651967048645020e-01 -3.896427154541015625e-02 1.383285522460937500e-01 -3.041040897369384766e-02
7.746942043304443359e-01 2.883872985839843750e-01 -1.889162659645080566e-01 -8.318662643432617188e-03 6.770229339599609375e-02 7.738399505615234375e-02
7.974621057510375977e-01 3.117499351501464844e-01 -1.066766381263732910e-01 -1.487901210784912109e-01 1.393653154373168945e-01 1.627858877182006836e-01
5.836232900619506836e-01 1.908168792724609375e-01 -4.588681459426879883e-02 -1.182628870010375977e-01 1.552478075027465820e-01 1.538490056991577148e-01
7.272435426712036133e-01 1.966562271118164062e-01 6.227016448974609375e-03 -1.656053066253662109e-01 2.421109676361083984e-01 1.738286018371582031e-01
6.519409418106079102e-01 2.159096002578735352e-01 2.270143032073974609e-01 -1.946783065795898438e-01 2.565050125122070312e-01 2.429623603820800781e-01
6.381102800369262695e-01 1.378660202026367188e-01 7.552957534790039062e-02 -1.378466486930847168e-01 2.807258367538452148e-01 1.487835645675659180e-01
5.068606138229370117e-01 1.067322492599487305e-01 1.146781444549560547e-01 -9.148210287094116211e-02 1.973990201950073242e-01 2.407513856887817383e-01
4.891608953475952148e-01 -1.373696327209472656e-02 4.866325855255126953e-02 -6.003189086914062500e-02 2.535022497177124023e-01 1.522654294967651367e-01
4.536876678466796875e-01 -4.022330045700073242e-02 9.687876701354980469e-02 -2.678328752517700195e-02 2.210413217544555664e-01 2.719012498855590820e-01
2.706001996994018555e-01 -1.103639602661132812e-02 1.851260662078857422e-02 -1.027120351791381836e-01 9.205198287963867188e-02 2.831349372863769531e-01
2.548843622207641602e-01 -2.393898963928222656e-01 1.991798877716064453e-01 -1.862837672233581543e-01 1.653536558151245117e-01 2.362958192825317383e-01
3.586618900299072266e-01 -1.770126819610595703e-01 1.621472835540771484e-02 -2.404955029487609863e-01 2.826678752899169922e-02 2.117848396301269531e-01
4.325498342514038086e-01 -2.470730543136596680e-01 2.012896537780761719e-02 -3.279924988746643066e-01 1.125130653381347656e-01 4.825806617736816406e-02
4.906028509140014648e-01 -2.599778175354003906e-01 6.208074092864990234e-02 -3.019313812255859375e-01 2.862334251403808594e-02 9.549772739410400391e-02
5.677204132080078125e-01 -2.736583352088928223e-01 -5.857169628143310547e-02 -2.449481487274169922e-01 -7.422536611557006836e-02 -1.628595590591430664e-02
4.917639493942260742e-01 -2.141973972320556641e-01 -8.153069019317626953e-02 -4.298859834671020508e-01 -1.291624307632446289e-01 4.393327236175537109e-02
5.072947740554809570e-01 -2.401295304298400879e-01 1.086536645889282227e-01 -2.969999313354492188e-01 -1.574943065643310547e-01 1.777392625808715820e-01
3.615114688873291016e-01 -2.051979899406433105e-01 -1.230961084365844727e-02 -4.067914485931396484e-01 -1.922207474708557129e-01 1.030511856079101562e-01
4.298626184463500977e-01 -4.435141682624816895e-01 -3.315246105194091797e-02 -3.027416467666625977e-01 -3.842806816101074219e-02 -1.090995669364929199e-01
4.637531042098999023e-01 -4.310698509216308594e-01 1.172262430191040039e-01 -4.197666645050048828e-01 -3.158807754516601562e-03 -5.428576469421386719e-02
4.393827915191650391e-01 -3.692176938056945801e-01 1.158714294433593750e-02 -3.563998937606811523e-01 -1.455125212669372559e-01 6.824445724487304688e-02
3.726369142532348633e-01 -3.939628601074218750e-01 -4.811668395996093750e-02 -4.025511145591735840e-01 -1.369799971580505371e-01 -7.355552911758422852e-02
3.793585300445556641e-01 -3.749243617057800293e-01 4.928290843963623047e-02 -3.586726784706115723e-01 -2.791995406150817871e-01 5.253958702087402344e-02
3.712302446365356445e-01 -4.719529151916503906e-01 1.409275531768798828e-01 -2.980779409408569336e-01 -2.290056943893432617e-01 5.882585048675537109e-02
5.245606899261474609e-01 -5.465637445449829102e-01 1.174755096435546875e-01 -2.300388216972351074e-01 -1.574146151542663574e-01 -2.722680568695068359e-02
3.962590694427490234e-01 -3.862648010253906250e-01 1.063181161880493164e-01 -3.706977367401123047e-01 -3.598867654800415039e-01 1.265007257461547852e-01
3.920179605484008789e-01 -4.437398314476013184e-01 -3.862982988357543945e-02 -2.896667122840881348e-01 -3.384982347488403320e-01 1.804733276367187500e-02
3.254400491714477539e-01 -6.512659788131713867e-01 -2.061241865158081055e-02 -3.724754452705383301e-01 -7.705599069595336914e-02 -2.556843757629394531e-01
3.496291637420654297e-01 -5.544527769088745117e-01 2.182245254516601562e-02 -3.860815167427062988e-01 -1.832140088081359863e-01 -3.770279884338378906e-02
2.920761108398437500e-01 -4.196407794952392578e-01 1.723084449768066406e-01 -5.168212652206420898e-01 -2.031685709953308105e-01 1.404172182083129883e-01
3.425595760345458984e-01 -4.335581660270690918e-01 1.783430576324462891e-01 -6.667568683624267578e-01 3.604507446289062500e-02 5.630302429199218750e-02
3.480193614959716797e-01 -3.950976729393005371e-01 2.070370912551879883e-01 -5.607254505157470703e-01 2.017109394073486328e-01 2.074360847473144531e-03
4.505556821823120117e-01 -3.486698865890502930e-01 1.950396299362182617e-01 -5.363037586212158203e-01 4.729455709457397461e-01 -1.735484600067138672e-01
4.913437366485595703e-01 -1.953231096267700195e-01 6.435680389404296875e-02 -4.721270799636840820e-01 5.367410182952880859e-01 -1.720652580261230469e-01
3.940298557281494141e-01 4.553997516632080078e-02 -9.120482206344604492e-02 -4.890476465225219727e-01 3.800786733627319336e-01 -3.758436441421508789e-02
2.823231220245361328e-01 2.338927984237670898e-01 -2.191078662872314453e-01 -4.620142579078674316e-01 1.961228847503662109e-01 7.413363456726074219e-02
1.224236488342285156e-01 3.228772878646850586e-01 -1.777804493904113770e-01 -4.140599966049194336e-01 5.489599704742431641e-02 2.373501062393188477e-01
1.879701614379882812e-01 2.746819257736206055e-01 -2.741202116012573242e-01 -2.463207244873046875e-01 1.319757699966430664e-01 1.539636850357055664e-01
8.056187629699707031e-02 3.968933820724487305e-01 -2.606682777404785156e-01 -1.850819587707519531e-01 -1.185446381568908691e-01 4.074531793594360352e-01
1.330932378768920898e-01 4.399700164794921875e-01 -3.564125299453735352e-01 -7.647109031677246094e-02 -1.454898118972778320e-01 4.001175165176391602e-01
8.400952816009521484e-02 4.081994295120239258e-01 -1.554058194160461426e-01 -2.157390713691711426e-01 -5.157369375228881836e-02 4.116824865341186523e-01
2.091908454895019531e-01 3.340092897415161133e-01 -3.041589856147766113e-01 -1.253513097763061523e-01 1.899003982543945312e-03 3.341091871261596680e-01
1.025443077087402344e-01 4.033488035202026367e-01 -3.212298154830932617e-01 -6.530660390853881836e-02 -1.496691107749938965e-01 4.088032245635986328e-01
2.647352218627929688e-02 3.787525892257690430e-01 -2.501780986785888672e-01 -7.675039768218994141e-02 -1.197911500930786133e-01 3.643493652343750000e-01
1.023836135864257812e-01 4.655814170837402344e-01 -2.891883254051208496e-01 -1.771448254585266113e-01 -1.336983442306518555e-01 4.052269458770751953e-01
1.306661367416381836e-01 4.031285047531127930e-01 -4.349268078804016113e-01 -1.308156251907348633e-01 -9.008324146270751953e-02 2.768937349319458008e-01
1.472320556640625000e-01 3.590853214263916016e-01 -4.779036641120910645e-01 -1.705235242843627930e-01 -2.823072671890258789e-02 1.976834535598754883e-01
2.147171497344970703e-01 3.578361272811889648e-01 -4.025014638900756836e-01 -1.692811846733093262e-01 6.227302551269531250e-02 1.706395149230957031e-01
2.330921888351440430e-01 2.445569038391113281e-01 -2.910616397857666016e-01 -3.288589715957641602e-01 2.452989816665649414e-01 7.303798198699951172e-02
3.009661436080932617e-01 1.092051267623901367e-01 -1.995521783828735352e-01 -4.645467996597290039e-01 4.256178140640258789e-01 -5.160558223724365234e-02
4.735904932022094727e-01 1.183986663818359375e-03 -1.268683075904846191e-01 -4.283204674720764160e-01 5.646122694015502930e-01 -1.058231592178344727e-01
5.275005102157592773e-01 -1.822981238365173340e-01 -2.667570114135742188e-02 -3.371561765670776367e-01 6.155626773834228516e-01 -1.625799536705017090e-01
4.948885440826416016e-01 -2.739398479461669922e-01 1.439874172210693359e-01 -3.608392477035522461e-01 5.608403682708740234e-01 -9.189575910568237305e-02
4.512993097305297852e-01 -4.199647307395935059e-01 2.316372394561767578e-01 -4.131170511245727539e-01 4.983669519424438477e-01 -5.906760692596435547e-02
3.956823348999023438e-01 -2.449432611465454102e-01 1.414527893066406250e-01 -5.767335891723632812e-01 1.958169937133789062e-01 1.794646978378295898e-01
4.109658002853393555e-01 -3.219880461692810059e-01 1.386719942092895508e-01 -6.677156090736389160e-01 2.113698720932006836e-01 1.187289953231811523e-01
4.366446733474731445e-01 -4.019652009010314941e-01 2.264357805252075195e-01 -5.922874212265014648e-01 1.505116224288940430e-01 1.629326343536376953e-01
5.015957355499267578e-01 -5.476185679435729980e-01 2.394913434982299805e-01 -4.669216871261596680e-01 1.144016981124877930e-01 1.423635482788085938e-01
5.312844514846801758e-01 -5.317852497100830078e-01 1.823313236236572266e-01 -5.307555794715881348e-01 4.761683940887451172e-02 -2.634453773498535156e-02
3.861659765243530273e-01 -5.573425292968750000e-01 2.195596694946289062e-01 -4.138567447662353516e-01 -1.728463172912597656e-01 -2.759909629821777344e-02
2.813378572463989258e-01 -5.728663206100463867e-01 2.088377475738525391e-01 -4.883244633674621582e-01 -1.169889569282531738e-01 -4.734814167022705078e-02
4.218739271163940430e-01 -4.685145020484924316e-01 6.391310691833496094e-02 -4.491787552833557129e-01 -3.835648298263549805e-02 -5.728310346603393555e-02
3.480980396270751953e-01 -4.872556328773498535e-01 8.498334884643554688e-02 -3.778961300849914551e-01 -1.139308214187622070e-01 -6.083565950393676758e-02
4.090747833251953125e-01 -5.622035861015319824e-01 4.174387454986572266e-02 -2.260171771049499512e-01 -1.646786928176879883e-01 -8.056992292404174805e-02
4.725893735885620117e-01 -5.772070884704589844e-01 2.454999685287475586e-01 -3.711042404174804688e-01 -1.134055256843566895e-01 -2.163648605346679688e-05
5.565290451049804688e-01 -5.641225576400756836e-01 1.697422266006469727e-01 -4.455245137214660645e-01 7.108712196350097656e-02 -1.133149266242980957e-01
5.027242898941040039e-01 -4.957708716392517090e-01 1.155458688735961914e-01 -3.080807328224182129e-01 -6.818538904190063477e-02 -4.960000514984130859e-03
2.968552112579345703e-01 -4.132600426673889160e-01 5.657935142517089844e-02 -2.467470169067382812e-01 -1.224544048309326172e-01 1.255774497985839844e-02
1.519002914428710938e-01 -4.333304166793823242e-01 1.232932806015014648e-01 -1.713861823081970215e-01 -2.299888134002685547e-01 2.126054763793945312e-01
2.254153490066528320e-01 -4.569796323776245117e-01 4.830634593963623047e-02 -2.207081317901611328e-01 -7.367086410522460938e-02 1.630256175994873047e-01
4.441714286804199219e-02 -5.341773033142089844e-01 -9.891319274902343750e-02 -3.113273382186889648e-01 -7.115215063095092773e-02 -7.694691419601440430e-02
-3.094315528869628906e-03 -6.304469704627990723e-01 -6.310969591140747070e-02 -3.597940206527709961e-01 3.535926342010498047e-02 -1.514654159545898438e-01
-1.337915658950805664e-01 -4.379839301109313965e-01 6.731665134429931641e-02 -3.448101282119750977e-01 -8.807301521301269531e-03 -6.396615505218505859e-02
-2.667487859725952148e-01 -4.689475893974304199e-01 9.765315055847167969e-02 -1.521829366683959961e-01 4.321599006652832031e-02 -5.830591917037963867e-02
-1.890670657157897949e-01 -4.719890952110290527e-01 3.564164638519287109e-01 -3.825545310974121094e-01 2.725130319595336914e-01 1.435227394104003906e-01
-1.636322736740112305e-01 -3.010903000831604004e-01 1.620707511901855469e-01 -1.226040720939636230e-01 1.966233253479003906e-01 5.876755714416503906e-02
-7.320261001586914062e-02 -2.494316101074218750e-01 4.723380804061889648e-01 -2.248674631118774414e-02 3.321152925491333008e-01 1.099514961242675781e-01
1.544588804244995117e-01 -2.093629240989685059e-01 5.033791065216064453e-01 7.788300514221191406e-03 2.340196371078491211e-01 7.670831680297851562e-02
2.435373067855834961e-01 1.656877994537353516e-02 4.161907434463500977e-01 -1.100998520851135254e-01 2.673943042755126953e-01 1.899535655975341797e-01
4.710036516189575195e-01 7.580959796905517578e-02 3.554255962371826172e-01 -1.249016523361206055e-01 2.046303749084472656e-01 2.362347841262817383e-01
5.367196798324584961e-01 2.124609947204589844e-01 3.924934864044189453e-01 -3.092521429061889648e-01 2.226467132568359375e-01 3.046478033065795898e-01
6.879154443740844727e-01 2.912672758102416992e-01 2.798836231231689453e-01 -2.602778673171997070e-01 2.020223140716552734e-01 3.228582143783569336e-01
7.200118303298950195e-01 1.939250230789184570e-01 2.082587480545043945e-01 -3.484236598014831543e-01 2.947506904602050781e-01 1.868314743041992188e-01
5.265097618103027344e-01 1.852273941040039062e-01 2.625007629394531250e-01 -3.047835230827331543e-01 1.734136343002319336e-01 1.068317890167236328e-01
6.301970481872558594e-01 1.644560098648071289e-01 2.578186988830566406e-01 -2.748249173164367676e-01 1.969844102859497070e-01 9.249579906463623047e-02
4.827094078063964844e-01 6.920874118804931641e-02 2.307971715927124023e-01 -3.369749188423156738e-01 1.907619237899780273e-01 -5.372524261474609375e-03
4.845075607299804688e-01 -2.263712882995605469e-02 1.486063003540039062e-01 -2.683752775192260742e-01 1.015169620513916016e-01 -5.047130584716796875e-02
2.606574296951293945e-01 -9.421271085739135742e-02 3.338040113449096680e-01 -5.816122889518737793e-01 1.377799510955810547e-01 -1.279554963111877441e-01
5.864334106445312500e-02 -2.128139734268188477e-01 5.804710388183593750e-01 -5.247640609741210938e-01 1.684350967407226562e-01 -9.717220067977905273e-02
-1.279953718185424805e-01 -8.034515380859375000e-02 6.331371068954467773e-01 -2.958558201789855957e-01 1.096378564834594727e-01 -8.627676963806152344e-02
1.462504863739013672e-01 -8.095949888229370117e-02 5.194272994995117188e-01 -4.856925010681152344e-01 1.030739545822143555e-01 -9.533917903900146484e-02
-1.310649514198303223e-01 1.563668251037597656e-02 5.650134086608886719e-01 -4.188972115516662598e-01 4.735779762268066406e-02 7.622671127319335938e-02
-6.478518247604370117e-02 -7.709956169128417969e-02 6.313018798828125000e-01 -2.097493410110473633e-01 1.193388700485229492e-01 9.272563457489013672e-02
-2.746183872222900391e-01 -4.339575767517089844e-02 6.603606939315795898e-01 -1.766728162765502930e-01 -5.501806735992431641e-03 1.009968519210815430e-01
-2.304904460906982422e-01 -1.265574097633361816e-01 5.702426433563232422e-01 -4.352480173110961914e-02 1.506493091583251953e-01 -5.920130014419555664e-02
-3.237165212631225586e-01 -1.690319776535034180e-01 5.058590173721313477e-01 -8.250331878662109375e-02 2.678470611572265625e-01 -4.260081052780151367e-02
-9.122139215469360352e-02 -1.257753372192382812e-01 3.828448057174682617e-01 -7.414937019348144531e-02 2.932103872299194336e-01 -3.300943970680236816e-01
9.345054626464843750e-03 -2.777094841003417969e-01 3.911098241806030273e-01 2.278804779052734375e-02 3.925369977951049805e-01 -4.498624205589294434e-01
-5.850803852081298828e-02 -3.832423686981201172e-01 4.209791421890258789e-01 5.474519729614257812e-02 3.739194869995117188e-01 -5.695682764053344727e-01
1.514161825180053711e-01 -4.644602537155151367e-02 4.502911567687988281e-01 -2.245750427246093750e-01 -6.939923763275146484e-02 6.704723834991455078e-02
2.497127056121826172e-01 -1.672661304473876953e-02 4.199409484863281250e-01 -2.980343699455261230e-01 1.589317321777343750e-01 -2.080386877059936523e-02
3.557878732681274414e-01 2.374560832977294922e-01 4.774219989776611328e-01 -4.168827533721923828e-01 4.949259757995605469e-02 3.182777166366577148e-01
3.392944335937500000e-01 1.753995418548583984e-01 4.696404933929443359e-01 -3.858211636543273926e-01 1.256705522537231445e-01 1.995341777801513672e-01
5.072523355484008789e-01 1.811493635177612305e-01 3.729661703109741211e-01 -3.422117829322814941e-01 2.063398361206054688e-01 8.086884021759033203e-02
5.480558872222900391e-01 3.311582803726196289e-01 4.168299436569213867e-01 -3.517332077026367188e-01 1.187245845794677734e-01 2.001266479492187500e-01
4.902662038803100586e-01 4.356166124343872070e-01 4.007041454315185547e-01 -5.222355723381042480e-01 1.895427703857421875e-04 3.130326271057128906e-01
3.529114723205566406e-01 3.781335353851318359e-01 4.137543439865112305e-01 -5.259222984313964844e-01 -7.805395126342773438e-02 3.287366628646850586e-01
3.923176527023315430e-01 2.906187772750854492e-01 5.003148317337036133e-01 -5.222165584564208984e-01 -4.886126518249511719e-02 2.543877363204956055e-01
3.162568807601928711e-01 1.959342956542968750e-01 3.537843227386474609e-01 -3.658657670021057129e-01 -1.236677169799804688e-03 7.971441745758056641e-02
2.937093973159790039e-01 1.733441352844238281e-01 4.049814939498901367e-01 -3.420841693878173828e-01 -1.736640930175781250e-03 1.149852275848388672e-01
2.763661146163940430e-01 1.514101028442382812e-01 4.582955837249755859e-01 -4.698188900947570801e-01 6.791472434997558594e-02 1.064964532852172852e-01
2.470389604568481445e-01 1.098816394805908203e-01 4.176307916641235352e-01 -4.739994406700134277e-01 1.211875677108764648e-01 -7.158875465393066406e-03
2.210447788238525391e-01 1.104798316955566406e-01 4.574180841445922852e-01 -4.814057946205139160e-01 1.075658798217773438e-01 -5.211889743804931641e-03
5.391526222229003906e-02 -7.308804988861083984e-02 5.473982095718383789e-01 -4.616065621376037598e-01 -9.115600585937500000e-02 -5.667364597320556641e-02
-7.200604677200317383e-02 -1.771680116653442383e-01 6.527565717697143555e-01 -3.613681793212890625e-01 3.934264183044433594e-02 -1.666216850280761719e-01
-3.119102716445922852e-01 -8.587211370468139648e-02 6.553834676742553711e-01 -3.130520582199096680e-01 1.311482191085815430e-01 -1.136281490325927734e-01
-1.663158535957336426e-01 -1.214349269866943359e-02 6.544862985610961914e-01 -2.810263037681579590e-01 -4.389500617980957031e-02 1.298984289169311523e-01
-7.450932264328002930e-02 -2.282973527908325195e-01 5.537302494049072266e-01 -2.511936426162719727e-01 1.344689130783081055e-01 -1.208436489105224609e-01
-4.274668693542480469e-01 -1.848159432411193848e-01 4.868602752685546875e-01 -2.727770805358886719e-02 1.390221118927001953e-01 -1.906090378761291504e-01
-4.096667766571044922e-01 -1.034728884696960449e-01 6.245747804641723633e-01 -3.663346171379089355e-01 -1.507282257080078125e-03 3.774118423461914062e-02
-2.723717093467712402e-01 -2.227840423583984375e-01 2.813712358474731445e-01 -6.728482246398925781e-02 3.748161792755126953e-01 -5.078915357589721680e-01
-9.651470184326171875e-02 -3.440665602684020996e-01 3.568611145019531250e-01 -1.050531864166259766e-01 5.119491815567016602e-01 -7.109666466712951660e-01
-2.084707617759704590e-01 -3.324636220932006836e-01 4.131057262420654297e-01 -3.707629442214965820e-02 3.751820325851440430e-01 -6.524360775947570801e-01
-2.003176808357238770e-01 -3.211617469787597656e-01 5.500135421752929688e-01 -1.198559999465942383e-01 1.965459585189819336e-01 -4.533905386924743652e-01
-5.702404379844665527e-01 -1.041579842567443848e-01 8.461723327636718750e-01 -1.690502762794494629e-01 2.451097965240478516e-02 -1.574741005897521973e-01
-3.295162916183471680e-01 -3.897577524185180664e-02 8.290563821792602539e-01 -3.150917887687683105e-01 -4.318028688430786133e-02 -3.539633750915527344e-02
-2.356615662574768066e-01 6.005501747131347656e-02 7.642288208007812500e-01 -3.557400107383728027e-01 -2.772768139839172363e-01 5.252969264984130859e-02
2.114967107772827148e-01 2.927652597427368164e-01 5.333219766616821289e-01 -7.020437121391296387e-01 -2.293177843093872070e-01 1.275771856307983398e-01
3.096899986267089844e-01 4.197164773941040039e-01 5.581045150756835938e-01 -3.166913986206054688e-01 -2.073396444320678711e-01 3.786547183990478516e-01
2.946305274963378906e-01 4.567230939865112305e-01 5.395783185958862305e-01 -3.757897019386291504e-01 -2.157136201858520508e-01 3.219069242477416992e-01
4.314742088317871094e-01 4.130110740661621094e-01 5.560625791549682617e-01 -4.226910471916198730e-01 -1.732420921325683594e-01 3.015064001083374023e-01
3.515628576278686523e-01 3.305011987686157227e-01 4.999799728393554688e-01 -3.746741414070129395e-01 -1.978042721748352051e-01 2.637764215469360352e-01
3.247419595718383789e-01 3.359707593917846680e-01 5.021260976791381836e-01 -4.767741560935974121e-01 -1.366540789604187012e-01 2.461805343627929688e-01
1.320247650146484375e-01 1.159727573394775391e-01 5.068007707595825195e-01 -4.869488477706909180e-01 -5.095285177230834961e-02 9.164512157440185547e-02
6.601476669311523438e-02 -3.072330951690673828e-01 5.521020889282226562e-01 -4.700330495834350586e-01 1.857336759567260742e-01 -2.096858620643615723e-01
-1.574890017509460449e-01 -2.587813138961791992e-01 6.851559877395629883e-01 -9.809100627899169922e-02 1.268516778945922852e-01 -1.400942206382751465e-01
-2.655278444290161133e-01 -5.801057815551757812e-02 8.103530406951904297e-01 -6.802099943161010742e-02 -2.134572267532348633e-01 1.435025930404663086e-01
-3.421053290367126465e-01 7.332444190979003906e-03 7.611591815948486328e-01 -1.905880570411682129e-01 -1.040948033332824707e-01 1.294369697570800781e-01
-5.329051017761230469e-01 8.894205093383789062e-03 5.774165391921997070e-01 -1.459995508193969727e-01 -5.569744110107421875e-02 3.518426418304443359e-02
-3.673723936080932617e-01 2.080512046813964844e-02 7.016872167587280273e-01 -2.058018445968627930e-01 -2.042717933654785156e-01 1.113740205764770508e-01
-3.859931826591491699e-01 -7.533603906631469727e-02 5.753973722457885742e-01 -2.695165872573852539e-01 -7.154798507690429688e-02 9.399533271789550781e-03
-2.961262464523315430e-01 -2.047756910324096680e-01 5.109615325927734375e-01 -2.381529211997985840e-01 -1.620495319366455078e-02 -3.477537631988525391e-02
-5.617319941520690918e-01 -2.091267704963684082e-01 3.582704067230224609e-01 8.781194686889648438e-03 -6.422525644302368164e-02 -1.512767076492309570e-01
-2.785813808441162109e-01 -1.255859732627868652e-01 3.347424268722534180e-01 -4.389750957489013672e-02 -1.578969955444335938e-01 -1.395905613899230957e-01
3.996312618255615234e-02 -3.612246513366699219e-01 2.733285427093505859e-01 -8.894801139831542969e-02 4.780368804931640625e-01 -5.994617938995361328e-01
-2.782535552978515625e-02 -5.007076263427734375e-01 2.791566848754882812e-01 -2.350150942802429199e-01 5.586446523666381836e-01 -7.161703109741210938e-01
-2.017970085144042969e-01 -3.505727648735046387e-01 5.320986509323120117e-01 -3.879737854003906250e-02 1.400388479232788086e-01 -3.932049870491027832e-01
-8.278059959411621094e-02 -4.733837246894836426e-01 5.930966138839721680e-01 -2.413158416748046875e-01 1.173231601715087891e-01 -2.846737504005432129e-01
1.702111959457397461e-01 -3.595663905143737793e-01 4.170472621917724609e-01 -5.254821777343750000e-01 2.539308071136474609e-01 -1.831033229827880859e-01
8.218526840209960938e-02 -3.180605173110961914e-01 1.654434204101562500e-01 -5.557338595390319824e-01 1.711971759796142578e-01 -1.815378069877624512e-01
2.751559019088745117e-01 -3.449878096580505371e-01 8.772706985473632812e-02 -5.488981008529663086e-01 2.310758829116821289e-01 -2.754490971565246582e-01
2.041096687316894531e-01 -3.365630507469177246e-01 1.767767667770385742e-01 -5.704228878021240234e-01 1.409897804260253906e-01 -1.758520007133483887e-01
1.766736507415771484e-01 -4.627183079719543457e-01 2.438697814941406250e-01 -5.626280307769775391e-01 2.149347066879272461e-01 -2.568190693855285645e-01
1.929452419281005859e-01 -4.908054471015930176e-01 2.549260854721069336e-01 -4.880288839340209961e-01 2.557030916213989258e-01 -2.542603015899658203e-01
1.228538751602172852e-01 -4.740722775459289551e-01 2.896467447280883789e-01 -5.576539039611816406e-01 1.935119628906250000e-01 -2.581105828285217285e-01
1.078414916992187500e-02 -4.310143589973449707e-01 2.922148704528808594e-01 -5.294324159622192383e-01 1.997911930084228516e-02 -1.707406044006347656e-01
-5.956065654754638672e-02 -5.109972357749938965e-01 1.383398771286010742e-01 -3.999546170234680176e-01 5.965924263000488281e-02 -4.512141346931457520e-01
-3.485899567604064941e-01 -5.220659971237182617e-01 2.796937227249145508e-01 -3.978986740112304688e-01 1.624716520309448242e-01 -3.711437582969665527e-01
-3.204509615898132324e-01 -3.545277118682861328e-01 2.188717126846313477e-01 -4.314343333244323730e-01 -9.848678112030029297e-02 -1.474853754043579102e-01
-9.217941761016845703e-02 -2.216463685035705566e-01 2.047801017761230469e-01 -3.796724081039428711e-01 -8.562600612640380859e-02 -7.723134756088256836e-02
-1.476881504058837891e-01 -3.627312779426574707e-01 1.335182189941406250e-01 -3.386233448982238770e-01 -1.530653238296508789e-02 -3.374311923980712891e-01
-1.350383162498474121e-01 -5.614727139472961426e-01 5.116558074951171875e-02 -1.775575280189514160e-01 5.090188980102539062e-02 -5.099425911903381348e-01
-1.863043308258056641e-01 -5.488044023513793945e-01 7.883024215698242188e-02 -1.699483394622802734e-01 5.134177207946777344e-02 -4.467264413833618164e-01
-2.184514403343200684e-01 -4.519872069358825684e-01 2.378156185150146484e-01 -2.414445281028747559e-01 -4.386991262435913086e-02 -2.635391354560852051e-01
-1.580578088760375977e-01 -4.355345964431762695e-01 4.052386283874511719e-01 -2.362408041954040527e-01 -1.567173004150390625e-01 -1.604809165000915527e-01
-3.028128743171691895e-01 -3.205718398094177246e-01 7.466657161712646484e-01 -1.587648391723632812e-01 -5.551499128341674805e-02 1.779966354370117188e-01
-3.872663378715515137e-01 -2.724627852439880371e-01 7.459965944290161133e-01 -2.295843958854675293e-01 -1.992849707603454590e-01 1.244287490844726562e-01
-1.478892564773559570e-02 -5.711038112640380859e-01 4.326213598251342773e-01 -2.625325918197631836e-01 -9.064048528671264648e-02 -1.916404962539672852e-01
-8.091884851455688477e-02 -2.569619417190551758e-01 3.723536729812622070e-01 -5.789833068847656250e-01 -1.453880667686462402e-01 3.308638334274291992e-01
3.752970695495605469e-02 -1.836685538291931152e-01 2.062147855758666992e-01 -6.034213304519653320e-01 -1.782683730125427246e-01 4.169671535491943359e-01
3.684139251708984375e-02 -8.389216661453247070e-02 1.968262195587158203e-01 -6.202746629714965820e-01 -2.111743688583374023e-01 4.798659086227416992e-01
1.246609687805175781e-01 -5.484157800674438477e-02 1.346130371093750000e-01 -4.978880882263183594e-01 -2.207302451133728027e-01 4.740453958511352539e-01
1.330157518386840820e-01 -3.807741403579711914e-02 2.107172012329101562e-01 -5.035227537155151367e-01 -1.342656612396240234e-01 4.953428506851196289e-01
1.223102807998657227e-01 -3.888374567031860352e-02 2.691712379455566406e-01 -5.284513831138610840e-01 -6.259733438491821289e-02 4.770947694778442383e-01
1.117932796478271484e-01 -8.738291263580322266e-02 2.273727655410766602e-01 -4.275221824645996094e-01 -3.686088323593139648e-02 4.511026144027709961e-01
-6.215989589691162109e-03 -7.316040992736816406e-02 3.373224735260009766e-01 -3.946714401245117188e-01 -1.101374626159667969e-02 5.486705303192138672e-01
-1.273375153541564941e-01 -4.349088668823242188e-02 4.673116207122802734e-01 -3.745296597480773926e-01 1.493215560913085938e-03 5.099174976348876953e-01
-1.526179313659667969e-01 -1.731642484664916992e-01 5.029844045639038086e-01 -3.892567157745361328e-01 -1.578629016876220703e-02 4.471120834350585938e-01
-2.593546509742736816e-01 -2.527761459350585938e-01 6.839199066162109375e-01 -3.454256057739257812e-01 1.511682271957397461e-01 4.839298725128173828e-01
-3.875675201416015625e-01 -1.468311548233032227e-01 4.912054538726806641e-01 -3.856351971626281738e-01 -7.220989465713500977e-02 3.997983932495117188e-01
-1.145103573799133301e-01 -1.929789781570434570e-01 3.724933862686157227e-01 -3.759731054306030273e-01 -2.619050145149230957e-01 3.255649805068969727e-01
-7.916992902755737305e-02 -2.160131931304931641e-01 4.672108888626098633e-01 -3.831916451454162598e-01 1.464724540710449219e-03 3.122091293334960938e-01
-1.748570799827575684e-01 -3.659359812736511230e-01 4.980721473693847656e-01 -3.333899974822998047e-01 2.007201910018920898e-01 1.760891675949096680e-01
-3.709996938705444336e-01 -1.715776920318603516e-01 4.794583320617675781e-01 -4.200838804244995117e-01 -9.108507633209228516e-02 2.985187768936157227e-01
-3.360022306442260742e-01 -2.801069617271423340e-01 2.393945455551147461e-01 -2.503969073295593262e-01 -1.448977589607238770e-01 6.876552104949951172e-02
