5.226573944091796875e-01 4.120095968246459961e-01 -1.398028731346130371e-01 1.048563718795776367e-01 2.024239301681518555e-01 7.338058948516845703e-02
6.372150182723999023e-01 5.050748586654663086e-01 -6.523543596267700195e-02 -1.148622035980224609e-01 6.594812870025634766e-02 2.004559040069580078e-01
7.846291065216064453e-01 4.860008955001831055e-01 -7.818704843521118164e-02 -1.577638387680053711e-01 1.863924264907836914e-01 1.462957859039306641e-01
8.650678396224975586e-01 4.326635599136352539e-01 -1.315209865570068359e-01 -1.637694239616394043e-01 9.275686740875244141e-02 1.505663394927978516e-01
8.343136310577392578e-01 4.632382392883300781e-01 -3.129767179489135742e-01 -6.256794929504394531e-02 3.754103183746337891e-02 1.209018230438232422e-01
6.573337316513061523e-01 5.399034023284912109e-01 -2.965485453605651855e-01 -8.294117450714111328e-02 -1.436285972595214844e-01 1.686718463897705078e-01
8.979263305664062500e-01 4.553554058074951172e-01 -3.949915170669555664e-01 -8.514058589935302734e-02 2.101230621337890625e-02 3.683626651763916016e-02
7.216334342956542969e-01 5.223478078842163086e-01 -3.048897385597229004e-01 -1.347947716712951660e-01 -7.575452327728271484e-02 1.462178230285644531e-01
6.657993793487548828e-01 4.869047403335571289e-01 -3.541328310966491699e-01 -8.431375026702880859e-02 -9.920412302017211914e-02 1.325538158416748047e-01
7.738605737686157227e-01 4.271641969680786133e-01 -4.250550270080566406e-01 1.283740997314453125e-02 -2.346187829971313477e-02 1.032269001007080078e-01
7.549663782119750977e-01 3.642041683197021484e-01 -4.096900224685668945e-01 -1.749414205551147461e-02 1.016867160797119141e-01 -6.220626831054687500e-02
6.278058290481567383e-01 3.549084663391113281e-01 -2.700262665748596191e-01 -1.951617002487182617e-02 3.385972976684570312e-02 2.481234073638916016e-02
8.754115104675292969e-01 3.537474870681762695e-01 -4.744015336036682129e-01 8.683204650878906250e-02 8.117997646331787109e-02 1.173150539398193359e-02
7.598292827606201172e-01 3.451505899429321289e-01 -2.847689390182495117e-01 -3.040313720703125000e-03 1.597912311553955078e-01 8.204364776611328125e-02
6.816573143005371094e-01 2.387804985046386719e-01 -3.090761303901672363e-01 5.832552909851074219e-02 2.735728025436401367e-01 -2.698838710784912109e-02
7.220008373260498047e-01 1.819086074829101562e-01 -2.685927748680114746e-01 3.013038635253906250e-02 3.133320808410644531e-01 3.008294105529785156e-02
7.748175859451293945e-01 1.957314014434814453e-01 -1.148191094398498535e-01 -7.641923427581787109e-02 4.008759260177612305e-01 8.505630493164062500e-02
7.648106813430786133e-01 1.236817836761474609e-01 -9.279465675354003906e-02 -3.699427843093872070e-02 4.221150875091552734e-01 8.470487594604492188e-02
6.914143562316894531e-01 -5.786895751953125000e-03 1.043587923049926758e-01 -6.869530677795410156e-02 5.514993667602539062e-01 7.972431182861328125e-02
5.824795961380004883e-01 -2.618701457977294922e-01 2.141137123107910156e-01 -6.579780578613281250e-02 7.497551441192626953e-01 -6.477004289627075195e-02
4.273096323013305664e-01 -2.270125746726989746e-01 1.443548202514648438e-01 1.817440986633300781e-02 5.710971355438232422e-01 1.146757602691650391e-02
3.734003305435180664e-01 -2.618995308876037598e-01 3.243315219879150391e-02 7.775545120239257812e-02 5.637898445129394531e-01 -6.625038385391235352e-02
2.006390094757080078e-01 -1.783541440963745117e-01 4.282224178314208984e-02 5.708587169647216797e-02 2.855265140533447266e-01 1.750546693801879883e-01
2.825279235839843750e-01 -3.033436536788940430e-01 -5.304646492004394531e-02 -2.204311490058898926e-01 4.167691469192504883e-01 6.897330284118652344e-02
3.684797286987304688e-01 -3.106046915054321289e-01 -1.658759713172912598e-01 -2.325116395950317383e-01 3.164072036743164062e-01 3.682708740234375000e-02
3.886096477508544922e-01 -1.375833153724670410e-01 -9.363579750061035156e-02 -3.104807734489440918e-01 1.740710735321044922e-01 2.174485921859741211e-01
3.793950080871582031e-01 -2.761794924736022949e-01 -8.406436443328857422e-02 -3.245372176170349121e-01 1.891800165176391602e-01 -1.367646455764770508e-02
2.331167459487915039e-01 -3.001018762588500977e-01 -2.018284797668457031e-02 -2.738085389137268066e-01 -7.765376567840576172e-02 1.341034173965454102e-01
5.554357767105102539e-01 -3.878245353698730469e-01 -1.949557662010192871e-01 -1.440554857254028320e-01 1.933169364929199219e-02 7.165503501892089844e-02
3.048380613327026367e-01 -2.609928250312805176e-01 -5.657601356506347656e-02 -2.565270066261291504e-01 -1.146222949028015137e-01 1.419544219970703125e-01
2.062526941299438477e-01 -3.398311138153076172e-01 1.725077629089355469e-02 -3.612072467803955078e-01 -7.453304529190063477e-02 4.558885097503662109e-02
4.299936294555664062e-01 -3.410583138465881348e-01 -7.054752111434936523e-02 -1.780210733413696289e-01 -1.613224148750305176e-01 2.591586112976074219e-02
4.093188047409057617e-01 -4.762867093086242676e-01 -1.083829402923583984e-01 -2.883811593055725098e-01 -9.332740306854248047e-02 -1.629297137260437012e-01
3.934158086776733398e-01 -5.180224180221557617e-01 -8.521604537963867188e-02 -2.575329542160034180e-01 -7.973372936248779297e-03 -2.222152948379516602e-01
2.869573831558227539e-01 -4.920469522476196289e-01 -5.885756015777587891e-02 -3.387292623519897461e-01 1.543623208999633789e-01 -3.049260973930358887e-01
2.405138015747070312e-01 -5.056887269020080566e-01 -1.687039732933044434e-01 -3.392364978790283203e-01 2.373015880584716797e-02 -2.923602461814880371e-01
2.407078742980957031e-01 -5.049346685409545898e-01 -9.451985359191894531e-03 -2.312264442443847656e-01 -8.997595310211181641e-02 -6.490105390548706055e-02
3.802734613418579102e-01 -5.120224952697753906e-01 -9.445631504058837891e-02 -3.239463567733764648e-01 8.414196968078613281e-02 -2.673653960227966309e-01
1.484587192535400391e-01 -6.701945066452026367e-01 1.026849746704101562e-01 -2.327491641044616699e-01 1.092549562454223633e-01 -2.120391726493835449e-01
1.781477928161621094e-01 -4.645821452140808105e-01 -1.283767223358154297e-01 -3.553875684738159180e-01 4.445135593414306641e-02 -2.297719717025756836e-01
2.687345743179321289e-01 -4.541199207305908203e-01 -7.165610790252685547e-03 -3.928159475326538086e-01 2.982735633850097656e-02 -1.458271145820617676e-01
3.973222970962524414e-01 -4.731385111808776855e-01 -3.691631555557250977e-02 -4.883314967155456543e-01 1.145983934402465820e-01 -6.945860385894775391e-02
1.864024400711059570e-01 -4.634231925010681152e-01 1.448265314102172852e-01 -4.858593344688415527e-01 -1.591563224792480469e-03 8.998656272888183594e-02
8.037614822387695312e-02 -4.743697643280029297e-01 2.194145917892456055e-01 -6.223761439323425293e-01 6.509292125701904297e-02 8.046197891235351562e-02
7.683598995208740234e-02 -4.821505546569824219e-01 2.651891708374023438e-01 -5.178374052047729492e-01 1.242871284484863281e-01 7.477104663848876953e-02
1.548694372177124023e-01 -4.044394493103027344e-01 2.293044328689575195e-01 -4.652673006057739258e-01 2.077360153198242188e-01 5.771291255950927734e-02
3.912631273269653320e-01 -3.075620532035827637e-01 6.363630294799804688e-03 -3.892447352409362793e-01 3.585000038146972656e-01 -8.676695823669433594e-02
3.946073055267333984e-01 -4.060764908790588379e-01 3.130054473876953125e-02 -4.187930226325988770e-01 6.413594484329223633e-01 -2.840577960014343262e-01
3.941394090652465820e-01 -2.851474285125732422e-01 -8.590573072433471680e-02 -3.997129797935485840e-01 6.318688392639160156e-01 -2.917460799217224121e-01
3.714456558227539062e-01 -1.960527300834655762e-01 -2.536885738372802734e-01 -3.500774502754211426e-01 6.036301851272583008e-01 -3.163459897041320801e-01
2.137017250061035156e-01 -3.767800331115722656e-02 -2.451248168945312500e-01 -4.003304839134216309e-01 4.609814882278442383e-01 -1.898155808448791504e-01
1.802175045013427734e-01 6.146025657653808594e-02 -2.515804171562194824e-01 -3.277888894081115723e-01 3.517082929611206055e-01 -6.296586990356445312e-02
1.298602819442749023e-01 1.613291501998901367e-01 -1.764081120491027832e-01 -2.864339947700500488e-01 2.174583673477172852e-01 1.024280786514282227e-01
1.185743808746337891e-01 1.919788122177124023e-01 -3.080687522888183594e-01 -2.377868890762329102e-01 1.540924310684204102e-01 1.462490558624267578e-01
1.338403224945068359e-01 1.904506683349609375e-01 -2.799934744834899902e-01 -2.156761884689331055e-01 1.334098577499389648e-01 1.799837350845336914e-01
1.374911069869995117e-01 1.992998123168945312e-01 -3.547939658164978027e-01 -8.317017555236816406e-02 8.170425891876220703e-02 1.908999681472778320e-01
2.066061496734619141e-01 2.391849756240844727e-01 -3.852694630622863770e-01 -2.833312749862670898e-02 4.561471939086914062e-02 2.396113872528076172e-01
9.341859817504882812e-02 1.841907501220703125e-01 -3.629486560821533203e-01 -2.500438690185546875e-02 1.227439641952514648e-01 1.305702924728393555e-01
2.924685478210449219e-01 1.897131204605102539e-01 -5.417672395706176758e-01 -5.343443155288696289e-02 1.646239757537841797e-01 8.370757102966308594e-02
1.490874290466308594e-01 2.313491106033325195e-01 -3.459459543228149414e-01 -1.706258058547973633e-01 9.298312664031982422e-02 1.902865171432495117e-01
2.260154485702514648e-01 2.124134302139282227e-01 -3.583410978317260742e-01 -2.324087619781494141e-01 2.135353088378906250e-01 1.178525686264038086e-01
2.913049459457397461e-01 1.501502990722656250e-01 -3.981519937515258789e-01 -3.127990961074829102e-01 3.113946914672851562e-01 3.198993206024169922e-02
2.043524980545043945e-01 7.115089893341064453e-02 -2.704131603240966797e-01 -3.920776844024658203e-01 3.983604907989501953e-01 -1.846069097518920898e-02
3.915996551513671875e-01 1.547217369079589844e-03 -3.103480339050292969e-01 -4.690495729446411133e-01 5.555330514907836914e-01 -1.372237801551818848e-01
5.473090410232543945e-01 -2.301310896873474121e-01 -2.008367180824279785e-01 -4.040330052375793457e-01 7.516450881958007812e-01 -2.756239175796508789e-01
6.180014610290527344e-01 -2.853184938430786133e-01 -1.635443568229675293e-01 -4.224197268486022949e-01 8.267331123352050781e-01 -3.256536126136779785e-01
5.552338361740112305e-01 -3.603986501693725586e-01 -2.602984309196472168e-01 -3.251553177833557129e-01 7.320505380630493164e-01 -3.300826549530029297e-01
4.690687656402587891e-01 -3.017538785934448242e-01 -7.099968194961547852e-02 -4.691811800003051758e-01 6.131939888000488281e-01 -1.572816967964172363e-01
3.459522724151611328e-01 -3.713558912277221680e-01 -1.268054246902465820e-01 -4.764209985733032227e-01 4.627161026000976562e-01 -1.175609230995178223e-01
1.240574121475219727e-01 -3.437175750732421875e-01 -8.606791496276855469e-03 -6.069775819778442383e-01 2.243107557296752930e-01 6.039452552795410156e-02
1.501915454864501953e-01 -4.081351161003112793e-01 -2.939546108245849609e-02 -6.101628541946411133e-01 2.133063077926635742e-01 3.078925609588623047e-02
2.190172672271728516e-01 -4.325593113899230957e-01 -5.813395977020263672e-02 -6.334016323089599609e-01 2.744659185409545898e-01 -7.961815595626831055e-02
2.459663152694702148e-01 -5.092293024063110352e-01 -2.878153324127197266e-02 -5.703625679016113281e-01 3.282697200775146484e-01 -1.396710276603698730e-01
9.948623180389404297e-02 -4.846653938293457031e-01 -1.279077529907226562e-01 -4.194897413253784180e-01 1.852138042449951172e-01 -2.154145240783691406e-01
6.873130798339843750e-03 -5.205713510513305664e-01 -7.598197460174560547e-02 -3.140392303466796875e-01 4.760265350341796875e-02 -1.189616322517395020e-01
1.105936765670776367e-01 -5.025218725204467773e-01 -2.400193810462951660e-01 -3.219611644744873047e-01 7.100081443786621094e-02 -1.848533749580383301e-01
2.447139024734497070e-01 -5.542854666709899902e-01 -2.114055752754211426e-01 -3.214870095252990723e-01 1.250916719436645508e-01 -1.516509652137756348e-01
1.111646890640258789e-01 -4.126662015914916992e-01 -1.949844956398010254e-01 -2.627407312393188477e-01 -2.042448520660400391e-02 -8.867770433425903320e-02
1.328812837600708008e-01 -3.065820336341857910e-01 -1.891199946403503418e-01 -1.961491703987121582e-01 -1.376903653144836426e-01 5.982732772827148438e-02
3.167958259582519531e-01 -3.407905101776123047e-01 -2.023918032646179199e-01 -2.941790223121643066e-01 2.922260761260986328e-02 -2.605479955673217773e-02
3.124318122863769531e-01 -4.700829386711120605e-01 -1.907147169113159180e-01 -2.980539202690124512e-01 7.693088054656982422e-02 -4.155570268630981445e-02
1.811609268188476562e-01 -5.341438651084899902e-01 -1.574342846870422363e-01 -2.695084810256958008e-01 -1.038247346878051758e-02 -1.259943842887878418e-01
-7.928711175918579102e-02 -4.688634276390075684e-01 1.583969593048095703e-01 -2.869029641151428223e-01 -8.802938461303710938e-02 3.661775588989257812e-02
-9.351664781570434570e-02 -5.129008293151855469e-01 1.717334985733032227e-01 -2.550588250160217285e-01 -1.823653578758239746e-01 1.170969009399414062e-01
-2.842351198196411133e-01 -5.579389333724975586e-01 3.800237178802490234e-02 -1.249713897705078125e-01 -9.098505973815917969e-02 -1.114803552627563477e-02
-4.306812882423400879e-01 -5.060842037200927734e-01 -8.936095237731933594e-02 -1.690106987953186035e-01 -3.139609098434448242e-02 -5.857551097869873047e-02
-7.145125865936279297e-01 -3.902953863143920898e-01 9.538745880126953125e-02 -2.284789681434631348e-01 1.305400133132934570e-01 2.798259258270263672e-02
-5.987364053726196289e-02 -2.591654658317565918e-01 1.489866971969604492e-01 -3.292155265808105469e-02 2.024654150009155273e-01 1.082663536071777344e-01
-7.207155227661132812e-03 -3.888968229293823242e-01 5.649687051773071289e-01 -4.741758108139038086e-02 3.576241731643676758e-01 1.612254381179809570e-01
3.388557434082031250e-01 -1.239066720008850098e-01 2.408285140991210938e-01 1.378163099288940430e-01 1.912688016891479492e-01 8.313250541687011719e-02
2.490788698196411133e-01 -5.208498239517211914e-02 4.789220094680786133e-01 1.133657693862915039e-01 2.496318817138671875e-01 1.944742202758789062e-01
4.268034696578979492e-01 5.924928188323974609e-02 4.095056056976318359e-01 9.140968322753906250e-04 2.819207906723022461e-01 1.751461029052734375e-01
5.175809860229492188e-01 1.816592216491699219e-01 3.279405832290649414e-01 -1.868084073066711426e-01 3.071970939636230469e-01 2.118833065032958984e-01
7.406326532363891602e-01 1.383137702941894531e-01 1.025825738906860352e-01 -2.294497489929199219e-01 4.252183437347412109e-01 1.480273008346557617e-01
6.893032789230346680e-01 1.866751909255981445e-01 6.612956523895263672e-02 -2.373371720314025879e-01 4.479237794876098633e-01 8.307373523712158203e-02
7.353038787841796875e-01 2.443801164627075195e-01 1.151195764541625977e-01 -2.980718612670898438e-01 4.021964073181152344e-01 1.389080286026000977e-01
5.648720264434814453e-01 3.348095417022705078e-01 1.176877021789550781e-01 -2.858495712280273438e-01 1.720066070556640625e-01 1.699761152267456055e-01
6.276079416275024414e-01 3.974938392639160156e-01 9.110295772552490234e-02 -3.022583127021789551e-01 1.076297760009765625e-01 2.374613285064697266e-01
6.872725486755371094e-01 2.826751470565795898e-01 1.112146377563476562e-01 -2.694339752197265625e-01 1.916428804397583008e-01 1.795679330825805664e-01
6.424609422683715820e-01 7.476961612701416016e-02 1.360741853713989258e-01 -2.766618728637695312e-01 3.769860267639160156e-01 -5.949360132217407227e-02
4.979354143142700195e-01 1.248419284820556641e-02 1.539160013198852539e-01 -3.646975159645080566e-01 3.827474117279052734e-01 -1.308665871620178223e-01
2.873058319091796875e-01 -1.953256130218505859e-01 2.924807071685791016e-01 -5.373803377151489258e-01 5.108011960983276367e-01 -2.961902618408203125e-01
-1.608631014823913574e-01 -1.988711357116699219e-01 4.300657510757446289e-01 -5.037722587585449219e-01 2.657260894775390625e-01 -2.136747837066650391e-01
-1.419505476951599121e-01 -2.734905481338500977e-02 6.511905193328857422e-01 -2.246855497360229492e-01 2.602218389511108398e-01 -5.055159330368041992e-02
1.565501689910888672e-01 -9.591025114059448242e-02 5.785200595855712891e-01 -2.789289355278015137e-01 2.865614891052246094e-01 -1.303583383560180664e-02
1.780225038528442383e-01 7.064497470855712891e-02 3.846240043640136719e-01 -3.722123503684997559e-01 2.522972822189331055e-01 3.578317165374755859e-02
-4.220151901245117188e-02 2.922594547271728516e-02 4.528715610504150391e-01 -3.820293545722961426e-01 4.449975490570068359e-02 9.372317790985107422e-02
-2.227344512939453125e-01 1.425932645797729492e-01 6.670333147048950195e-01 -2.958204150199890137e-01 -1.688944101333618164e-01 3.888592720031738281e-01
-4.082514643669128418e-01 -2.344518899917602539e-02 4.132443666458129883e-01 -1.461448669433593750e-01 1.023452281951904297e-01 6.436216831207275391e-02
-8.312040567398071289e-02 2.694571018218994141e-02 3.800957202911376953e-01 -1.905448436737060547e-01 -6.647586822509765625e-03 1.140277385711669922e-01
-1.697703003883361816e-01 -3.962790966033935547e-02 6.427062749862670898e-01 -2.388105392456054688e-01 4.485607147216796875e-02 1.009300947189331055e-01
-2.694532275199890137e-01 2.702295780181884766e-02 5.275824069976806641e-01 -1.199342012405395508e-01 -1.291446685791015625e-01 -9.345531463623046875e-02
-3.103290796279907227e-01 -2.110372185707092285e-01 2.082889080047607422e-01 1.365479230880737305e-01 1.167269945144653320e-01 -6.588231325149536133e-01
-3.896290659904479980e-01 -2.157188653945922852e-01 3.034212589263916016e-01 1.338505744934082031e-01 3.502897024154663086e-01 -5.730385780334472656e-01
4.249453544616699219e-03 -1.277059316635131836e-02 4.529626369476318359e-01 -4.546441435813903809e-01 2.580363750457763672e-01 -2.944970130920410156e-02
2.929666042327880859e-01 2.510643005371093750e-02 3.073290586471557617e-01 -5.601497888565063477e-01 3.946713209152221680e-01 -5.122029781341552734e-02
2.821954488754272461e-01 2.399891614913940430e-01 2.352699041366577148e-01 -4.409819245338439941e-01 1.819708347320556641e-01 1.702678203582763672e-01
2.745333909988403320e-01 1.437821388244628906e-01 3.537774085998535156e-01 -4.261024594306945801e-01 3.214181661605834961e-01 9.599995613098144531e-02
3.101043701171875000e-01 1.729555130004882812e-01 2.880229949951171875e-01 -4.234635233879089355e-01 2.336380481719970703e-01 1.052780151367187500e-01
2.702741622924804688e-01 2.970042228698730469e-01 3.157677650451660156e-01 -4.491308927536010742e-01 -3.928768634796142578e-02 3.091880083084106445e-01
2.418510913848876953e-01 2.709242105484008789e-01 3.673435449600219727e-01 -5.179333686828613281e-01 -3.371757268905639648e-02 2.326492071151733398e-01
3.316692113876342773e-01 3.262139558792114258e-01 3.680859804153442383e-01 -4.770976901054382324e-01 -6.207376718521118164e-02 3.183429241180419922e-01
3.834651708602905273e-01 2.338342666625976562e-01 4.371263980865478516e-01 -5.465040206909179688e-01 1.475765705108642578e-01 2.048916816711425781e-01
3.054544925689697266e-01 6.304919719696044922e-02 4.166572093963623047e-01 -5.150847434997558594e-01 2.247558832168579102e-01 -1.376813650131225586e-02
1.697282791137695312e-01 5.934417247772216797e-02 4.149041175842285156e-01 -4.633995890617370605e-01 1.746722459793090820e-01 -1.871889829635620117e-02
1.502664089202880859e-01 -2.175703644752502441e-01 4.614971876144409180e-01 -4.385774135589599609e-01 3.311481475830078125e-01 -2.378717064857482910e-01
-7.251119613647460938e-02 -6.373298168182373047e-02 4.063141345977783203e-01 -4.120408296585083008e-01 1.433658599853515625e-02 -1.432911753654479980e-01
-1.998966932296752930e-01 -5.912703275680541992e-02 6.175833940505981445e-01 -5.670225620269775391e-01 1.883026361465454102e-01 -6.076961755752563477e-02
-3.694716095924377441e-01 -5.281138420104980469e-02 5.089989900588989258e-01 -2.959858775138854980e-01 7.720947265625000000e-02 -6.665426492691040039e-02
-2.153465151786804199e-01 -1.224347949028015137e-01 5.359288454055786133e-01 -2.368725538253784180e-01 3.062486648559570312e-04 -4.835391044616699219e-02
-1.270994544029235840e-01 -5.513608455657958984e-03 5.617381334304809570e-01 -2.184560298919677734e-01 -4.478102922439575195e-02 7.207036018371582031e-02
-3.597902655601501465e-01 -9.842318296432495117e-02 3.901002407073974609e-01 -1.885426044464111328e-01 8.458650112152099609e-02 -9.339642524719238281e-02
-5.143269300460815430e-01 -5.938750505447387695e-02 5.010811090469360352e-01 -2.398596405982971191e-01 -1.453844308853149414e-01 1.945602893829345703e-02
-5.274530649185180664e-01 -1.001950502395629883e-01 5.494091510772705078e-01 -4.412216544151306152e-01 -2.463352680206298828e-02 -8.942574262619018555e-02
-3.806912899017333984e-01 -2.739035487174987793e-01 3.108319044113159180e-01 -2.256560921669006348e-01 1.900807619094848633e-01 -5.467108488082885742e-01
-2.948703169822692871e-01 -2.460324168205261230e-01 2.672500610351562500e-01 -6.265449523925781250e-02 2.913509607315063477e-01 -5.847096443176269531e-01
-3.079283833503723145e-01 -3.740903139114379883e-01 2.673472166061401367e-01 1.394588947296142578e-01 4.419323205947875977e-01 -7.064068317413330078e-01
-2.248188853263854980e-01 -1.952025294303894043e-01 8.000304698944091797e-01 -2.480441331863403320e-01 1.157629489898681641e-01 -2.301213741302490234e-01
-2.989739775657653809e-01 5.405974388122558594e-02 8.093008995056152344e-01 -1.642018556594848633e-01 -3.277139067649841309e-01 1.381539106369018555e-01
1.064145565032958984e-02 2.134325504302978516e-01 5.169067382812500000e-01 -2.860225439071655273e-01 -4.975876808166503906e-01 2.220989465713500977e-01
4.680347442626953125e-02 4.383035898208618164e-01 2.928482294082641602e-01 -1.501747369766235352e-01 -4.877498745918273926e-01 3.633742332458496094e-01
7.506000995635986328e-02 4.229401350021362305e-01 4.379732608795166016e-01 -3.305482268333435059e-01 -3.999227285385131836e-01 3.220295906066894531e-01
2.500128746032714844e-02 3.151763677597045898e-01 5.185869932174682617e-01 -2.862935066223144531e-01 -4.000877141952514648e-01 3.041614294052124023e-01
1.484290361404418945e-01 2.803226709365844727e-01 5.259559154510498047e-01 -5.849862098693847656e-01 -1.926298141479492188e-01 2.571556568145751953e-01
2.106404304504394531e-01 2.833609580993652344e-01 4.727492332458496094e-01 -3.558037281036376953e-01 -2.316551208496093750e-01 2.593678236007690430e-01
2.839344739913940430e-01 3.266773223876953125e-01 4.909249544143676758e-01 -2.450676560401916504e-01 -3.081550002098083496e-01 3.862106800079345703e-01
2.428221702575683594e-02 2.380914688110351562e-01 4.956089258193969727e-01 -2.514809370040893555e-01 -4.101060032844543457e-01 3.882186412811279297e-01
3.941202163696289062e-02 2.476210594177246094e-01 4.514240026473999023e-01 -3.198800086975097656e-01 -3.086941242218017578e-01 3.400435447692871094e-01
-1.315798759460449219e-01 -8.338463306427001953e-02 4.604777097702026367e-01 -3.796592354774475098e-01 -9.560841321945190430e-02 -1.352446675300598145e-01
-1.251440048217773438e-01 -1.883817315101623535e-01 4.403108358383178711e-01 -3.039686679840087891e-01 -4.230093955993652344e-02 -1.448630094528198242e-01
-4.060209989547729492e-01 -1.328225135803222656e-01 6.555213928222656250e-01 -2.995918989181518555e-01 -2.582532167434692383e-02 -6.122010946273803711e-02
-3.015086650848388672e-01 -6.456851959228515625e-02 5.570727586746215820e-01 -1.686295866966247559e-01 -1.450216174125671387e-01 3.089809417724609375e-02
-3.655900359153747559e-01 -9.315609931945800781e-02 5.369957685470581055e-01 -1.600846648216247559e-01 -2.849489450454711914e-02 -3.445452451705932617e-02
-5.078995227813720703e-01 -7.405132055282592773e-02 5.464191436767578125e-01 -1.531283855438232422e-01 -1.132636070251464844e-01 9.204113483428955078e-02
-5.631241798400878906e-01 -2.166736125946044922e-02 5.132019519805908203e-01 1.754260063171386719e-02 -4.058912396430969238e-01 1.398164033889770508e-01
-3.449832797050476074e-01 5.135750770568847656e-02 6.281197071075439453e-01 -9.716743230819702148e-02 -4.347761869430541992e-01 1.782104969024658203e-01
-5.473043322563171387e-01 1.107940673828125000e-01 6.607626676559448242e-01 6.288111209869384766e-02 -3.001367449760437012e-01 2.687678337097167969e-01
-2.102116346359252930e-01 -1.531465053558349609e-01 1.862463951110839844e-01 -7.656085491180419922e-02 3.434301614761352539e-01 -5.240794420242309570e-01
-1.580336093902587891e-01 -2.486018538475036621e-01 1.122143268585205078e-01 -1.474424600601196289e-01 3.850934505462646484e-01 -7.233761548995971680e-01
-3.012749552726745605e-01 -2.926489710807800293e-01 2.463768720626831055e-01 -2.075067162513732910e-01 3.818341493606567383e-01 -6.392066478729248047e-01
-1.836254596710205078e-01 -3.672772645950317383e-01 6.856073141098022461e-01 -2.330717444419860840e-01 2.056584358215332031e-01 -2.731637358665466309e-01
-5.845290422439575195e-02 -4.244950413703918457e-01 2.057470083236694336e-01 -2.453723549842834473e-01 2.158653736114501953e-01 -3.362843990325927734e-01
1.656976938247680664e-01 -4.943308234214782715e-01 6.179559230804443359e-02 -3.732998967170715332e-01 4.721690416336059570e-01 -5.149781703948974609e-01
2.372969388961791992e-01 -4.260109663009643555e-01 1.173192262649536133e-01 -5.061263442039489746e-01 4.135291576385498047e-01 -3.997205495834350586e-01
1.714396476745605469e-01 -3.474004864692687988e-01 1.433579921722412109e-01 -4.990231990814208984e-01 2.379169464111328125e-01 -2.106999754905700684e-01
2.201120853424072266e-01 -4.448669552803039551e-01 1.826540231704711914e-01 -4.917730689048767090e-01 4.006133079528808594e-01 -3.005461692810058594e-01
9.711015224456787109e-02 -4.156059622764587402e-01 1.595025062561035156e-01 -5.364854931831359863e-01 3.140426874160766602e-01 -2.813190221786499023e-01
2.773731946945190430e-01 -4.606754779815673828e-01 8.877301216125488281e-02 -4.591079354286193848e-01 4.736598730087280273e-01 -4.046210646629333496e-01
2.334566116333007812e-01 -4.434989094734191895e-01 1.419588327407836914e-01 -4.913204908370971680e-01 4.341231584548950195e-01 -4.112377166748046875e-01
1.647018194198608398e-01 -4.528694748878479004e-01 2.376339435577392578e-01 -5.892058014869689941e-01 3.691699504852294922e-01 -3.390125036239624023e-01
1.693782806396484375e-01 -5.603314638137817383e-01 3.151998519897460938e-01 -5.574615001678466797e-01 4.435459375381469727e-01 -4.862942099571228027e-01
8.154225349426269531e-02 -5.333366990089416504e-01 3.010269403457641602e-01 -6.272356510162353516e-01 3.445008993148803711e-01 -5.717106461524963379e-01
-1.740216612815856934e-01 -3.966471552848815918e-01 1.811888217926025391e-01 -4.308483004570007324e-01 7.771301269531250000e-02 -3.594744801521301270e-01
-4.244629144668579102e-01 -4.357356429100036621e-01 3.295624256134033203e-02 -4.735916256904602051e-01 4.664897918701171875e-03 -3.071590065956115723e-01
-2.975901365280151367e-01 -5.500389337539672852e-01 -3.918695449829101562e-02 -3.913704752922058105e-01 2.318264245986938477e-01 -4.967496991157531738e-01
-3.071060180664062500e-01 -3.662472367286682129e-01 9.541535377502441406e-02 -1.246970891952514648e-01 8.370399475097656250e-03 -2.441753745079040527e-01
-2.642210125923156738e-01 -3.663343191146850586e-01 1.576462984085083008e-01 -1.534397602081298828e-01 -5.851387977600097656e-03 -3.114101886749267578e-01
-3.679160475730895996e-01 -1.828141808509826660e-01 2.465734481811523438e-01 -1.151059865951538086e-01 -1.754532456398010254e-01 3.768682479858398438e-02
-3.165197968482971191e-01 -2.971569299697875977e-01 1.602860689163208008e-01 -2.378593683242797852e-01 -1.748706698417663574e-01 -2.508014440536499023e-01
-8.123552799224853516e-02 -3.371011018753051758e-01 2.792824506759643555e-01 -2.829526662826538086e-01 -4.470086097717285156e-02 -2.306450009346008301e-01
-1.748249530792236328e-01 -3.356565237045288086e-01 2.265768051147460938e-01 -2.291316986083984375e-01 -1.445879936218261719e-01 -2.533079981803894043e-01
-1.110739111900329590e-01 -3.849995732307434082e-01 1.966238021850585938e-01 -1.596976518630981445e-01 -1.716066598892211914e-01 -1.860754489898681641e-01
-3.754503130912780762e-01 -2.371124029159545898e-01 5.614795684814453125e-01 2.112436294555664062e-02 -2.440139055252075195e-01 -2.838414907455444336e-02
-3.472518920898437500e-01 -4.132044911384582520e-01 5.570800304412841797e-01 -6.943863630294799805e-02 -1.883175969123840332e-01 -8.659428358078002930e-02
-1.686620712280273438e-02 -6.114984750747680664e-01 4.744766950607299805e-01 -2.460761070251464844e-01 -4.289388656616210938e-02 -3.461990356445312500e-01
-4.626202583312988281e-02 -4.628084301948547363e-01 2.215299606323242188e-01 -4.659736156463623047e-01 -6.792318820953369141e-02 -2.463692426681518555e-02
-1.771396398544311523e-02 -3.161880373954772949e-01 1.788204908370971680e-01 -6.883466243743896484e-01 3.496170043945312500e-03 2.045506238937377930e-01
-2.444428205490112305e-02 -3.090788722038269043e-01 2.152580022811889648e-01 -6.735836267471313477e-01 5.027794837951660156e-02 2.022902965545654297e-01
9.049856662750244141e-02 -2.326039671897888184e-01 2.502012252807617188e-01 -5.720248222351074219e-01 -5.467116832733154297e-03 3.453372716903686523e-01
8.731269836425781250e-02 -1.382798552513122559e-01 2.647230625152587891e-01 -5.957415103912353516e-01 -5.535024404525756836e-02 4.609900712966918945e-01
6.277644634246826172e-02 -1.250337362289428711e-01 3.133172988891601562e-01 -5.753783583641052246e-01 -5.239832401275634766e-02 5.054715871810913086e-01
-7.623666524887084961e-02 -1.868390440940856934e-01 2.584226131439208984e-01 -4.364785552024841309e-01 -2.215069532394409180e-02 4.345774650573730469e-01
-3.513240814208984375e-02 -1.327722668647766113e-01 1.938871145248413086e-01 -4.419654607772827148e-01 3.523588180541992188e-03 4.422543048858642578e-01
-7.128828763961791992e-02 -1.100103855133056641e-01 1.754646301269531250e-01 -4.497386217117309570e-01 -4.267352819442749023e-02 4.897375106811523438e-01
-7.091027498245239258e-02 -1.929323673248291016e-01 2.555054426193237305e-01 -4.682970046997070312e-01 1.050128936767578125e-01 4.017199277877807617e-01
-4.721248149871826172e-02 -2.426357269287109375e-01 2.842299938201904297e-01 -4.682505130767822266e-01 2.212101221084594727e-01 3.348915576934814453e-01
-2.159070372581481934e-01 -1.578066945075988770e-01 4.439374208450317383e-01 -5.163965821266174316e-01 2.245894670486450195e-01 4.352732896804809570e-01
-1.108880043029785156e-01 -3.181629180908203125e-01 3.980393409729003906e-01 -4.889094233512878418e-01 -2.839589118957519531e-02 1.227840185165405273e-01
-5.240797996520996094e-02 -3.831915855407714844e-01 3.028193712234497070e-01 -1.495726108551025391e-01 2.440520524978637695e-01 2.122145891189575195e-01
-4.028694629669189453e-01 -4.457884430885314941e-01 4.031611680984497070e-01 -2.760171294212341309e-01 3.906779289245605469e-01 1.314374208450317383e-01
1.539295911788940430e-01 -2.234309911727905273e-01 2.882903814315795898e-01 -1.212813258171081543e-01 -2.604502439498901367e-02 2.261567115783691406e-01
