2.124449014663696289e-01 2.634340524673461914e-01 -3.462249040603637695e-02 1.158177852630615234e-02 1.063983440399169922e-01 -4.188066720962524414e-02
4.527244567871093750e-01 3.088055849075317383e-01 -2.162507772445678711e-01 5.727708339691162109e-02 1.807594299316406250e-01 -3.466415405273437500e-02
5.958793163299560547e-01 4.206191301345825195e-01 -3.034272789955139160e-01 5.323994159698486328e-02 4.908394813537597656e-02 8.825099468231201172e-02
6.250727176666259766e-01 3.857586383819580078e-01 -2.016870379447937012e-01 5.748391151428222656e-02 -1.463524103164672852e-01 8.137416839599609375e-02
8.168320655822753906e-01 2.140021324157714844e-01 -4.999431371688842773e-01 4.279386997222900391e-02 9.380543231964111328e-02 -2.003445029258728027e-01
6.545430421829223633e-01 3.143618106842041016e-01 -3.968557119369506836e-01 3.874969482421875000e-02 2.118587493896484375e-02 -1.145154237747192383e-01
6.796538829803466797e-01 2.446142435073852539e-01 -3.310303688049316406e-01 -2.016186714172363281e-03 5.144131183624267578e-02 -1.782734990119934082e-01
7.231837511062622070e-01 3.822209835052490234e-01 -3.226593136787414551e-01 -7.221388816833496094e-02 -9.831011295318603516e-03 -9.892344474792480469e-03
6.861020326614379883e-01 3.550245761871337891e-01 -3.471549153327941895e-01 -1.475238800048828125e-02 -3.220891952514648438e-02 -5.845242738723754883e-02
6.314135789871215820e-01 3.863192796707153320e-01 -2.773065567016601562e-01 -1.050363779067993164e-01 -1.647955179214477539e-02 -4.033577442169189453e-02
7.850508689880371094e-01 3.111144304275512695e-01 -4.841325879096984863e-01 1.212977170944213867e-01 2.883374691009521484e-02 -1.170269250869750977e-01
6.629471778869628906e-01 3.337606191635131836e-01 -3.359080553054809570e-01 7.063031196594238281e-02 -8.922284841537475586e-02 6.969881057739257812e-02
8.087447881698608398e-01 3.848986625671386719e-01 -3.336259126663208008e-01 -6.471192836761474609e-02 1.995110511779785156e-02 6.562089920043945312e-02
7.938379049301147461e-01 2.554184198379516602e-01 -2.376099824905395508e-01 -7.130837440490722656e-02 1.351581811904907227e-01 5.738401412963867188e-02
7.232469320297241211e-01 2.711563110351562500e-01 -9.214615821838378906e-02 2.406477928161621094e-03 1.282665729522705078e-01 1.409554481506347656e-01
8.393466472625732422e-01 2.146850824356079102e-01 5.464124679565429688e-02 1.384341716766357422e-02 2.813973426818847656e-01 1.235957145690917969e-01
5.444118976593017578e-01 1.040540933609008789e-01 1.202795505523681641e-01 6.766009330749511719e-02 2.288258075714111328e-01 6.291592121124267578e-02
5.617476701736450195e-01 -5.982166528701782227e-02 5.292463302612304688e-02 1.054099798202514648e-01 3.634551763534545898e-01 -6.399422883987426758e-02
4.253972768783569336e-01 -4.393267631530761719e-02 -1.781404018402099609e-02 8.922398090362548828e-02 2.216527462005615234e-01 8.413195610046386719e-03
2.306108474731445312e-01 -1.097735166549682617e-01 3.514015674591064453e-02 1.632903814315795898e-01 1.373413801193237305e-01 8.021175861358642578e-02
2.570545673370361328e-01 -1.667919754981994629e-01 -4.399818181991577148e-02 3.335332870483398438e-02 2.124264240264892578e-01 5.168545246124267578e-02
1.885070800781250000e-01 -1.641207933425903320e-01 6.372320652008056641e-02 -6.495362520217895508e-02 7.832491397857666016e-02 2.083295583724975586e-01
4.248404502868652344e-01 -1.409186720848083496e-01 -1.255447864532470703e-01 -2.148833870887756348e-01 5.753231048583984375e-02 6.958317756652832031e-02
5.228458642959594727e-01 -2.502283453941345215e-01 -1.973689198493957520e-01 -1.409865021705627441e-01 6.162190437316894531e-02 -8.502411842346191406e-02
4.003309011459350586e-01 -3.613407015800476074e-01 -1.250477433204650879e-01 -1.759248971939086914e-01 -1.194786429405212402e-01 -1.600430011749267578e-01
4.045732021331787109e-01 -2.400718331336975098e-01 -1.274304389953613281e-01 -1.682167053222656250e-01 -2.135885953903198242e-01 -2.104997634887695312e-03
4.713903665542602539e-01 -3.088407516479492188e-01 -3.524289131164550781e-01 -2.193683385848999023e-02 -2.157765030860900879e-01 -1.929429769515991211e-01
4.038758277893066406e-01 -4.072398543357849121e-01 -3.786141872406005859e-01 6.819117069244384766e-02 -2.704795598983764648e-01 -3.025422692298889160e-01
3.479027748107910156e-01 -5.653829574584960938e-01 -3.552942872047424316e-01 -1.200661063194274902e-01 -1.756011843681335449e-01 -5.395668148994445801e-01
4.722149372100830078e-01 -5.555431842803955078e-01 -3.553807735443115234e-01 -1.209241151809692383e-02 -2.581810951232910156e-01 -3.853688836097717285e-01
3.195382356643676758e-01 -6.500920653343200684e-01 -1.002601385116577148e-01 -4.717451333999633789e-02 -1.605131626129150391e-01 -3.572581410408020020e-01
4.392950534820556641e-01 -5.898688435554504395e-01 -1.032910943031311035e-01 9.493231773376464844e-03 -2.363107204437255859e-01 -2.490592002868652344e-01
3.604190349578857422e-01 -6.817060112953186035e-01 -1.764150261878967285e-01 -1.415727734565734863e-01 -2.725558876991271973e-01 -4.690777659416198730e-01
4.152166843414306641e-01 -6.207031011581420898e-01 -9.439283609390258789e-02 -1.516191959381103516e-01 -2.661861181259155273e-01 -4.424097537994384766e-01
3.253233432769775391e-01 -7.808254957199096680e-01 -5.590081214904785156e-02 -2.419520616531372070e-01 -2.093499302864074707e-01 -4.717411398887634277e-01
3.851398229598999023e-01 -6.111164093017578125e-01 9.636282920837402344e-02 -2.695553898811340332e-01 -7.823890447616577148e-02 -2.593277096748352051e-01
3.210451602935791016e-01 -6.476259827613830566e-01 2.120089530944824219e-02 -4.338744282722473145e-01 -9.204000234603881836e-02 -3.085646629333496094e-01
1.296583414077758789e-01 -6.670215129852294922e-01 1.512153148651123047e-01 -1.964758038520812988e-01 -2.419913411140441895e-01 -1.595484018325805664e-01
1.473028659820556641e-01 -6.237296462059020996e-01 1.038625240325927734e-01 -1.776401996612548828e-01 -3.043438196182250977e-01 -8.596491813659667969e-02
1.953945159912109375e-01 -5.969709157943725586e-01 -1.029588580131530762e-01 -1.795262694358825684e-01 -3.585156202316284180e-01 -1.235574483871459961e-01
1.598889827728271484e-01 -6.657915115356445312e-01 8.430480957031250000e-02 -3.197752833366394043e-01 -1.750882863998413086e-01 -1.957890987396240234e-01
3.146929740905761719e-01 -7.462565898895263672e-01 5.945312976837158203e-02 -4.566630125045776367e-01 -2.431482076644897461e-02 -2.892827987670898438e-01
2.274098396301269531e-01 -6.798388957977294922e-01 1.041483879089355469e-02 -4.594655632972717285e-01 -1.583862304687500000e-01 -2.064162492752075195e-01
1.856318712234497070e-01 -7.557357549667358398e-01 -5.499881505966186523e-02 -5.028728246688842773e-01 -2.139276862144470215e-01 -2.681968212127685547e-01
-3.319871425628662109e-02 -5.590189695358276367e-01 1.331305503845214844e-01 -6.608294248580932617e-01 -2.673501372337341309e-01 -8.999282121658325195e-02
1.280378103256225586e-01 -4.568353891372680664e-01 -5.901670455932617188e-02 -5.920590162277221680e-01 -2.860338091850280762e-01 -6.411737203598022461e-02
2.311279773712158203e-01 -3.871523737907409668e-01 -3.785002231597900391e-02 -5.533776879310607910e-01 -2.619087696075439453e-03 -1.534237265586853027e-01
2.877724170684814453e-01 -3.338607549667358398e-01 2.386832237243652344e-02 -6.105126142501831055e-01 3.065893650054931641e-01 -2.926667928695678711e-01
3.400768041610717773e-01 -2.750908136367797852e-01 -7.481777667999267578e-02 -5.127136707305908203e-01 4.584473371505737305e-01 -3.343538641929626465e-01
3.129745721817016602e-01 -9.639734029769897461e-02 -2.388676404953002930e-01 -4.634504318237304688e-01 3.953266143798828125e-01 -2.522454261779785156e-01
8.994865417480468750e-02 9.840965270996093750e-03 -1.328570246696472168e-01 -4.533432126045227051e-01 2.712199687957763672e-01 -1.373860836029052734e-01
1.226294040679931641e-02 1.146664619445800781e-01 -1.770324707031250000e-01 -3.721036314964294434e-01 1.587642431259155273e-01 2.334272861480712891e-02
7.717156410217285156e-02 1.475234031677246094e-01 -2.078191637992858887e-01 -1.553666591644287109e-01 1.063573360443115234e-01 7.099401950836181641e-02
5.986487865447998047e-02 2.940979003906250000e-01 -3.198322057723999023e-01 -1.182250380516052246e-01 -1.904606819152832031e-02 2.152575254440307617e-01
9.432458877563476562e-02 3.735452890396118164e-01 -2.960003614425659180e-01 -1.708881258964538574e-01 -5.784821510314941406e-02 2.744385004043579102e-01
2.314411401748657227e-01 3.246504068374633789e-01 -4.037737250328063965e-01 -2.548748254776000977e-02 9.031677246093750000e-02 9.498345851898193359e-02
1.177247762680053711e-01 3.811818361282348633e-01 -2.897407412528991699e-01 -1.484599709510803223e-01 2.641797065734863281e-02 2.143357992172241211e-01
1.569507122039794922e-01 3.536553382873535156e-01 -3.084636926651000977e-01 -2.204243540763854980e-01 9.426021575927734375e-02 1.491689682006835938e-01
1.067620515823364258e-01 2.803140878677368164e-01 -2.648046612739562988e-01 -2.308356761932373047e-01 1.411157846450805664e-01 9.737122058868408203e-02
8.356571197509765625e-02 2.445616722106933594e-01 -1.635192036628723145e-01 -2.874811291694641113e-01 1.581354141235351562e-01 1.301075220108032227e-01
2.580993175506591797e-01 1.269180774688720703e-01 -3.158691525459289551e-01 -3.445240259170532227e-01 4.403707981109619141e-01 -1.001239418983459473e-01
2.252742052078247070e-01 -9.920597076416015625e-03 -2.582583427429199219e-01 -2.867249846458435059e-01 5.326232910156250000e-01 -2.268175482749938965e-01
4.039769172668457031e-01 -1.351636648178100586e-02 -2.354242801666259766e-01 -2.753630280494689941e-01 5.223313570022583008e-01 -1.705932617187500000e-01
3.203580379486083984e-01 -1.419847607612609863e-01 1.904797554016113281e-02 -3.942137956619262695e-01 6.097528934478759766e-01 -2.010949254035949707e-01
3.219980001449584961e-01 -2.317027449607849121e-01 8.377933502197265625e-02 -4.244002699851989746e-01 5.825498104095458984e-01 -1.868194341659545898e-01
3.504106998443603516e-01 -2.578645944595336914e-01 1.873314380645751953e-02 -4.718061685562133789e-01 4.170607328414916992e-01 -8.085900545120239258e-02
2.244298458099365234e-01 -1.909121274948120117e-01 1.623456478118896484e-01 -6.651458740234375000e-01 2.081356048583984375e-01 8.404195308685302734e-02
2.301025390625000000e-01 -1.834593415260314941e-01 1.811120510101318359e-01 -7.559186220169067383e-01 1.150639057159423828e-01 1.642099618911743164e-01
3.105950355529785156e-01 -3.488594293594360352e-01 3.521180152893066406e-02 -6.038184165954589844e-01 1.886599063873291016e-01 1.179456710815429688e-02
2.050698995590209961e-01 -5.024151802062988281e-01 7.504451274871826172e-02 -5.661659240722656250e-01 2.244539260864257812e-01 -1.192992925643920898e-01
2.154333591461181641e-01 -4.886227250099182129e-01 1.214770078659057617e-01 -4.976681470870971680e-01 2.420033216476440430e-01 -1.346545219421386719e-01
2.404128313064575195e-01 -4.745819568634033203e-01 9.005188941955566406e-02 -4.076108336448669434e-01 1.561505794525146484e-01 -9.431511163711547852e-02
6.112968921661376953e-02 -4.046339988708496094e-01 1.045217514038085938e-01 -3.843991160392761230e-01 -1.198377609252929688e-01 1.354577541351318359e-01
2.567291259765625000e-02 -4.562976956367492676e-01 8.165872097015380859e-02 -4.178192615509033203e-01 -1.324045658111572266e-02 -2.796822786331176758e-02
3.011322021484375000e-01 -4.280178546905517578e-01 9.099912643432617188e-02 -4.191797375679016113e-01 7.233953475952148438e-02 -2.931296825408935547e-02
2.908211946487426758e-01 -5.256804823875427246e-01 -6.933903694152832031e-02 -3.409871459007263184e-01 3.079450130462646484e-02 -1.044241189956665039e-01
1.575160026550292969e-01 -4.444569945335388184e-01 4.184007644653320312e-03 -2.722221612930297852e-01 -1.715446710586547852e-01 -5.454522371292114258e-02
2.185117006301879883e-01 -4.241353273391723633e-01 2.601051330566406250e-02 -3.543747663497924805e-01 -1.586731076240539551e-01 2.045404911041259766e-02
-1.985955238342285156e-02 -6.826717257499694824e-01 -1.521111130714416504e-01 -1.764450073242187500e-01 -2.928931713104248047e-01 -2.191516757011413574e-01
-8.444106578826904297e-02 -7.441562414169311523e-01 6.974101066589355469e-03 -2.387092113494873047e-01 -8.320808410644531250e-02 -3.211876153945922852e-01
-1.593697071075439453e-02 -7.043867111206054688e-01 2.860106229782104492e-01 -4.287824034690856934e-01 -3.491002321243286133e-02 -1.678976416587829590e-01
-8.631402254104614258e-02 -6.471368074417114258e-01 2.058076858520507812e-01 -4.360993504524230957e-01 -6.098687648773193359e-03 -9.754729270935058594e-02
-1.915404200553894043e-01 -2.895230650901794434e-01 2.154785394668579102e-01 -4.048767685890197754e-01 -1.079192757606506348e-01 -9.665799140930175781e-02
-3.876401782035827637e-01 -3.514637947082519531e-01 1.007834672927856445e-01 -1.423757672309875488e-01 -1.256485581398010254e-01 -1.890985369682312012e-01
-2.629966735839843750e-01 -4.392458796501159668e-01 2.169493436813354492e-01 -3.469544053077697754e-01 3.702604770660400391e-02 -3.316951394081115723e-01
-1.727363467216491699e-01 -4.125053286552429199e-01 1.709885597229003906e-01 -1.984258890151977539e-01 -5.669605731964111328e-02 -2.505035400390625000e-01
-2.569368481636047363e-01 -1.835224032402038574e-01 4.760743379592895508e-01 -8.565086126327514648e-02 -4.184325337409973145e-01 1.394442319869995117e-01
-2.399901747703552246e-01 -2.563831806182861328e-01 5.003482103347778320e-01 -2.220887541770935059e-01 -2.174574136734008789e-01 8.354437351226806641e-02
-2.216450572013854980e-01 -2.503316998481750488e-01 2.847195863723754883e-01 -1.123112440109252930e-01 -3.074051141738891602e-01 -1.093925237655639648e-01
4.006663560867309570e-01 1.409152746200561523e-01 4.064719676971435547e-01 1.408206224441528320e-01 4.447340965270996094e-03 3.401967287063598633e-01
4.081115722656250000e-01 -2.004528045654296875e-02 3.483034372329711914e-01 5.845868587493896484e-02 3.911955356597900391e-01 3.215849399566650391e-02
3.377493619918823242e-01 1.168414354324340820e-01 5.039204359054565430e-01 4.554998874664306641e-02 1.911122798919677734e-01 2.294582128524780273e-01
5.632572174072265625e-01 2.804180383682250977e-01 3.941227197647094727e-01 6.826639175415039062e-03 5.695712566375732422e-02 3.596543073654174805e-01
5.795025825500488281e-01 4.039015769958496094e-01 1.414190530776977539e-01 -2.792161703109741211e-02 -1.085154414176940918e-01 3.111959695816040039e-01
5.724707841873168945e-01 2.977977991104125977e-01 1.573780775070190430e-01 -1.542086005210876465e-01 5.235874652862548828e-02 1.461287736892700195e-01
6.232817173004150391e-01 2.570388317108154297e-01 2.502201795578002930e-01 -2.155920267105102539e-01 7.315170764923095703e-02 1.695613861083984375e-01
8.246687650680541992e-01 2.059931755065917969e-01 2.104425430297851562e-01 -3.000768423080444336e-01 1.018440723419189453e-01 1.385343074798583984e-01
7.644866704940795898e-01 1.990759372711181641e-01 1.230506896972656250e-01 -3.405918478965759277e-01 -5.421400070190429688e-02 1.530400514602661133e-01
6.723704338073730469e-01 1.102802753448486328e-01 8.436119556427001953e-02 -1.608932018280029297e-01 -1.165125966072082520e-01 7.002842426300048828e-02
5.519797801971435547e-01 -6.896257400512695312e-04 2.747586965560913086e-01 -2.159809470176696777e-01 -6.168645620346069336e-02 9.218049049377441406e-02
5.275725126266479492e-01 -1.311507821083068848e-01 3.051687479019165039e-01 -2.844715714454650879e-01 4.344809055328369141e-02 -3.575462102890014648e-02
2.196246385574340820e-01 -2.755873799324035645e-01 4.860401153564453125e-01 -1.793887019157409668e-01 1.717841625213623047e-02 -2.131243348121643066e-01
5.115711688995361328e-02 -1.114926338195800781e-01 6.968451738357543945e-01 -2.763715386390686035e-01 -2.074569463729858398e-02 -1.332964301109313965e-01
-2.585951089859008789e-01 6.813013553619384766e-02 7.464587688446044922e-01 -1.075618863105773926e-01 -2.623119354248046875e-01 5.175328254699707031e-02
-4.703110456466674805e-02 -2.189056873321533203e-01 6.549630165100097656e-01 -5.376459360122680664e-01 8.222758769989013672e-02 -2.838783264160156250e-01
-1.246603131294250488e-01 -2.475613355636596680e-02 7.048963308334350586e-01 -1.984202265739440918e-01 -1.110668778419494629e-01 -4.623717069625854492e-02
-2.382221221923828125e-01 -2.239990234375000000e-02 4.851641654968261719e-01 -2.263175845146179199e-01 -2.014647722244262695e-01 -1.001271605491638184e-01
-1.992884874343872070e-01 -1.817244291305541992e-01 5.387200117111206055e-01 -8.883690834045410156e-02 -1.620627045631408691e-01 -1.512963771820068359e-01
-1.483976244926452637e-01 -1.516548991203308105e-01 6.335754394531250000e-01 -1.960859894752502441e-01 -3.453212976455688477e-02 -4.423534870147705078e-02
-1.848156452178955078e-01 2.398335933685302734e-02 6.257972717285156250e-01 -1.193469762802124023e-01 -1.891985535621643066e-01 8.014953136444091797e-02
-3.319823145866394043e-01 -1.181280612945556641e-01 5.104136466979980469e-01 -5.577653646469116211e-02 2.324926853179931641e-02 -2.389361262321472168e-01
-4.150533676147460938e-01 -2.461563348770141602e-01 4.686584472656250000e-01 2.298748493194580078e-02 4.160906076431274414e-01 -5.123128890991210938e-01
5.680298805236816406e-02 -3.058980107307434082e-01 3.557835817337036133e-01 1.067006587982177734e-02 2.702145576477050781e-01 -5.573230981826782227e-01
8.182442188262939453e-02 -2.664074897766113281e-01 4.095948934555053711e-01 -1.543040871620178223e-01 1.808251142501831055e-01 -2.996825575828552246e-01
2.046923637390136719e-01 -1.657633781433105469e-01 4.025180339813232422e-01 -2.011013627052307129e-01 2.333276271820068359e-01 -1.073329448699951172e-01
2.669481039047241211e-01 -6.974846124649047852e-02 3.567233085632324219e-01 -2.551607489585876465e-01 2.464839220046997070e-01 -6.983709335327148438e-02
3.736333847045898438e-01 -1.928102970123291016e-02 3.591487407684326172e-01 -2.429838776588439941e-01 2.520653009414672852e-01 -6.615471839904785156e-02
4.238622188568115234e-01 5.007660388946533203e-02 3.936344385147094727e-01 -2.134860754013061523e-01 2.410217523574829102e-01 1.523697376251220703e-02
3.856039047241210938e-01 4.752993583679199219e-03 4.266179800033569336e-01 -3.029239773750305176e-01 2.545969486236572266e-01 2.975463867187500000e-03
4.468162059783935547e-01 2.347533702850341797e-01 4.046384096145629883e-01 -3.922517299652099609e-01 1.660935878753662109e-01 1.052870750427246094e-01
4.490069150924682617e-01 1.645712852478027344e-01 3.916655778884887695e-01 -2.687166333198547363e-01 2.177540063858032227e-01 2.294957637786865234e-02
3.727507591247558594e-01 8.360815048217773438e-02 4.014273881912231445e-01 -2.057363986968994141e-01 9.656739234924316406e-02 8.779275417327880859e-02
1.330636739730834961e-01 -9.516280889511108398e-02 4.568083286285400391e-01 -2.379977107048034668e-01 4.275119304656982422e-02 -1.359736919403076172e-02
1.534595489501953125e-01 -2.979773283004760742e-01 4.996576309204101562e-01 -2.429569959640502930e-01 2.362424135208129883e-01 -1.907815933227539062e-01
-9.276151657104492188e-03 -3.673850297927856445e-01 5.156165361404418945e-01 -2.965829968452453613e-01 3.734641075134277344e-01 -5.001550912857055664e-01
-2.667376399040222168e-01 -2.141392230987548828e-01 5.350691080093383789e-01 -2.773088216781616211e-01 2.484613656997680664e-01 -2.603305578231811523e-01
-1.462781429290771484e-01 -2.028657793998718262e-01 6.159954071044921875e-01 -4.014611840248107910e-01 2.715826034545898438e-01 -1.376108527183532715e-01
-5.237299203872680664e-02 4.593253135681152344e-03 6.014968156814575195e-01 -2.502445578575134277e-01 1.563688516616821289e-01 1.087766885757446289e-01
-2.908667922019958496e-01 -1.361710429191589355e-01 5.737907886505126953e-01 -1.238860487937927246e-01 5.312550067901611328e-02 -7.378816604614257812e-03
-2.001208066940307617e-01 2.284407615661621094e-03 5.619076490402221680e-01 -7.042372226715087891e-02 -3.796317577362060547e-01 1.307858228683471680e-01
-2.187047004699707031e-01 -1.678794622421264648e-02 6.131126880645751953e-01 -9.118443727493286133e-02 -1.556402444839477539e-01 7.670986652374267578e-02
-5.830335617065429688e-02 -2.835771441459655762e-01 5.785069465637207031e-01 -1.221355199813842773e-01 1.149257421493530273e-01 -1.131383776664733887e-01
-1.883244514465332031e-01 -2.513886094093322754e-01 4.288394451141357422e-01 -1.937073469161987305e-02 -2.307802438735961914e-02 -2.346113920211791992e-01
-4.762414693832397461e-01 -4.243555665016174316e-01 1.948040723800659180e-01 3.236938714981079102e-01 -2.621823549270629883e-01 -3.495802879333496094e-01
-3.710672855377197266e-01 -4.806323051452636719e-01 3.291897773742675781e-01 2.946876287460327148e-01 -1.053242087364196777e-01 -4.942056536674499512e-01
-4.171333909034729004e-01 -4.150097966194152832e-01 1.516966819763183594e-01 3.577729463577270508e-01 -3.881160020828247070e-01 -3.596111536026000977e-01
-4.658941030502319336e-01 -5.779957175254821777e-01 2.519234418869018555e-01 4.586040973663330078e-01 -3.640278577804565430e-01 -3.799089193344116211e-01
-2.765724062919616699e-01 -6.549344658851623535e-01 1.497570276260375977e-01 6.592165231704711914e-01 -2.986938357353210449e-01 -3.728643655776977539e-01
-5.180660486221313477e-01 -6.020336151123046875e-01 1.178674697875976562e-01 6.078162193298339844e-01 -3.239738941192626953e-01 -3.676108121871948242e-01
-4.237105250358581543e-01 -5.623303651809692383e-01 1.993852853775024414e-01 7.898635864257812500e-01 -4.677175283432006836e-01 -2.672032117843627930e-01
-6.098158359527587891e-01 -5.627355575561523438e-01 2.000139951705932617e-01 5.963845252990722656e-01 -5.188515186309814453e-01 -3.416557908058166504e-01
-6.937404274940490723e-01 -4.193291068077087402e-01 1.815192699432373047e-01 5.010418891906738281e-01 -6.086838245391845703e-01 -2.748864889144897461e-01
-5.626695752143859863e-01 -4.883021116256713867e-01 3.246670961380004883e-01 7.485653162002563477e-01 -4.261783957481384277e-01 -4.090303182601928711e-02
-4.623187184333801270e-01 -6.742875576019287109e-01 2.713674306869506836e-01 5.714893341064453125e-01 -2.742915749549865723e-01 -3.410119414329528809e-01
-6.144715547561645508e-01 -5.379747152328491211e-01 1.234980821609497070e-01 6.559294462203979492e-01 -4.800479412078857422e-01 -4.147929549217224121e-01
-7.745863795280456543e-01 -4.641677737236022949e-01 2.566366195678710938e-01 4.696038961410522461e-01 -5.556539297103881836e-01 -2.769728302955627441e-01
-6.667635440826416016e-01 -2.412419319152832031e-01 2.258317470550537109e-01 3.801797628402709961e-01 -6.280945539474487305e-01 -1.137053966522216797e-01
-7.134779691696166992e-01 -3.516053557395935059e-01 2.767302989959716797e-01 2.640693187713623047e-01 -2.718787789344787598e-01 -1.674035191535949707e-01
-7.322682142257690430e-01 -2.054427266120910645e-01 2.706831693649291992e-01 8.052933216094970703e-02 -4.738959670066833496e-01 -1.414165496826171875e-01
-5.004382133483886719e-01 -3.794089555740356445e-01 2.854254245758056641e-01 6.932830810546875000e-02 -1.499893665313720703e-01 -1.825135946273803711e-01
-2.556063532829284668e-01 -3.642725944519042969e-01 5.461493730545043945e-01 -7.845610380172729492e-02 -1.455518603324890137e-01 -1.331844925880432129e-01
-3.874429464340209961e-01 -1.923210024833679199e-01 3.819322586059570312e-01 1.321673393249511719e-01 -5.698395967483520508e-01 1.039576530456542969e-02
-4.105896949768066406e-01 -2.938595414161682129e-01 4.714320898056030273e-01 -5.799216032028198242e-02 -2.080020308494567871e-01 -1.516972184181213379e-01
-4.093714356422424316e-01 -2.441043853759765625e-01 4.188494682312011719e-01 1.228336095809936523e-01 -8.830213546752929688e-02 -4.368013143539428711e-02
-5.438488721847534180e-01 -1.961764097213745117e-01 4.510630369186401367e-01 2.092226743698120117e-01 -2.772154211997985840e-01 1.299121379852294922e-01
-5.662587881088256836e-01 -2.548618316650390625e-01 4.562093019485473633e-01 3.064622879028320312e-01 -1.908409595489501953e-01 -3.049910068511962891e-02
-3.667274117469787598e-01 -3.821963667869567871e-01 3.201142549514770508e-01 1.024906635284423828e-01 -1.557824611663818359e-01 -2.632241249084472656e-01
-3.205631971359252930e-01 -4.397029280662536621e-01 5.038518905639648438e-01 1.196993589401245117e-01 -6.225949525833129883e-02 -1.690733432769775391e-01
-1.237925291061401367e-01 -6.787539124488830566e-01 1.955108642578125000e-01 5.882740020751953125e-02 8.392453193664550781e-03 -4.564731717109680176e-01
-5.169427394866943359e-02 -6.540248394012451172e-01 2.138417959213256836e-01 -1.189896464347839355e-01 -1.038681268692016602e-01 -1.353735327720642090e-01
-3.048336505889892578e-02 -3.682750463485717773e-01 1.299567222595214844e-01 -4.343155026435852051e-01 -1.167362928390502930e-02 1.130539178848266602e-01
7.571339607238769531e-03 -2.016220688819885254e-01 1.046841144561767578e-01 -4.840910434722900391e-01 -1.068487167358398438e-01 3.369894027709960938e-01
-7.924246788024902344e-02 -2.631090879440307617e-01 2.377378940582275391e-01 -4.365665316581726074e-01 2.080202102661132812e-04 3.664478063583374023e-01
-8.184301853179931641e-02 -2.510822415351867676e-01 2.902915477752685547e-01 -4.873426556587219238e-01 6.884932518005371094e-02 3.071994781494140625e-01
-5.252969264984130859e-02 -1.743208765983581543e-01 1.344368457794189453e-01 -3.096460700035095215e-01 -2.092319726943969727e-02 3.298187255859375000e-01
-1.214147806167602539e-01 -1.752459406852722168e-01 2.998641729354858398e-01 -3.045400977134704590e-01 -5.273586511611938477e-02 4.427773952484130859e-01
-2.165228128433227539e-02 -1.425841450691223145e-01 2.265224456787109375e-01 -3.500411510467529297e-01 -1.199626922607421875e-02 4.277862310409545898e-01
-4.198992252349853516e-02 -1.669494509696960449e-01 1.983139514923095703e-01 -2.667436003684997559e-01 -3.146469593048095703e-03 3.744777441024780273e-01
2.425479888916015625e-02 -8.790135383605957031e-02 3.105183839797973633e-01 -2.896176576614379883e-01 -2.073710560798645020e-01 4.977843761444091797e-01
-3.408865928649902344e-01 -1.865597963333129883e-01 4.329969882965087891e-01 -1.809289455413818359e-01 -2.686196565628051758e-01 4.422104358673095703e-01
-1.027092933654785156e-01 -2.686834931373596191e-01 4.096394777297973633e-01 -2.250594496726989746e-01 -2.206175327301025391e-01 4.137997627258300781e-01
-3.076581358909606934e-01 -2.926253080368041992e-01 6.301831007003784180e-01 -1.769695878028869629e-01 6.120514869689941406e-02 3.179681301116943359e-01
-8.332020044326782227e-02 -1.259488463401794434e-01 5.193310976028442383e-01 -3.446505069732666016e-01 -4.108477830886840820e-01 4.960260391235351562e-01
1.099133491516113281e-02 -2.430930137634277344e-01 5.898895263671875000e-01 -4.625002741813659668e-01 -2.287813425064086914e-01 1.786257028579711914e-01
-9.576386213302612305e-02 -1.397581100463867188e-01 3.945987224578857422e-01 -1.945621371269226074e-01 -2.759054899215698242e-01 4.364358186721801758e-01
