6.306977272033691406e-01 5.805548429489135742e-01 -1.655425429344177246e-01 1.555812358856201172e-02 -3.825712203979492188e-02 1.637052297592163086e-01
7.163550853729248047e-01 6.386169195175170898e-01 -3.195728659629821777e-01 -4.208087921142578125e-05 -1.241588592529296875e-01 2.150083780288696289e-01
6.501969099044799805e-01 5.509772300720214844e-01 -2.974998354911804199e-01 8.556079864501953125e-02 -1.598965525627136230e-01 1.507579088211059570e-01
7.256617546081542969e-01 5.488054752349853516e-01 -3.371414542198181152e-01 -2.701282501220703125e-02 -2.576682567596435547e-01 1.554555892944335938e-01
7.266987562179565430e-01 5.654215812683105469e-01 -4.281252026557922363e-01 2.034771442413330078e-02 -2.911211252212524414e-01 1.720513105392456055e-01
7.576354742050170898e-01 5.820385217666625977e-01 -3.336679339408874512e-01 5.240535736083984375e-02 -2.708289027214050293e-01 1.932649612426757812e-01
7.955403327941894531e-01 5.879194736480712891e-01 -3.802529573440551758e-01 6.286919116973876953e-02 -2.741483449935913086e-01 1.683492660522460938e-01
8.108217716217041016e-01 5.550097227096557617e-01 -3.348104953765869141e-01 -3.472805023193359375e-02 -2.176917195320129395e-01 1.381845474243164062e-01
8.262975215911865234e-01 5.743136405944824219e-01 -4.258027672767639160e-01 -4.495441913604736328e-02 -2.685421109199523926e-01 2.035086154937744141e-01
8.117144107818603516e-01 6.361905336380004883e-01 -4.266886115074157715e-01 -1.495617628097534180e-02 -3.358353972434997559e-01 2.741314172744750977e-01
8.287687301635742188e-01 5.586141347885131836e-01 -4.464455246925354004e-01 -4.923152923583984375e-02 -2.489739060401916504e-01 1.885886192321777344e-01
8.000848293304443359e-01 4.901125431060791016e-01 -3.320162296295166016e-01 -1.218034029006958008e-01 -1.229555010795593262e-01 1.308741569519042969e-01
8.098849058151245117e-01 4.621770381927490234e-01 -1.421637535095214844e-01 -2.038707137107849121e-01 -6.394088268280029297e-03 1.279089450836181641e-01
7.844619750976562500e-01 3.193058967590332031e-01 -8.760899305343627930e-02 -1.037891507148742676e-01 1.436985731124877930e-01 2.750420570373535156e-02
8.020673990249633789e-01 2.246191501617431641e-01 -9.849888086318969727e-02 3.777086734771728516e-02 1.412088871002197266e-01 2.823269367218017578e-02
7.547006607055664062e-01 1.138491630554199219e-01 -2.420544624328613281e-02 1.938627958297729492e-01 1.691792011260986328e-01 9.452223777770996094e-02
7.119058370590209961e-01 -8.802890777587890625e-03 9.810507297515869141e-02 8.596181869506835938e-02 3.744254112243652344e-01 -8.160650730133056641e-03
5.478186607360839844e-01 1.337766647338867188e-03 8.823525905609130859e-02 5.562233924865722656e-02 2.691013813018798828e-01 4.204189777374267578e-02
3.453348875045776367e-01 -1.234465837478637695e-01 6.996464729309082031e-02 1.061182022094726562e-01 2.719676494598388672e-01 9.341239929199218750e-04
3.040037155151367188e-01 -2.089898586273193359e-01 -1.016044616699218750e-02 1.890003681182861328e-02 3.398382663726806641e-01 -3.808397054672241211e-02
2.379696369171142578e-01 -2.302031517028808594e-01 1.204700469970703125e-01 2.249360084533691406e-02 2.955852746963500977e-01 1.158666610717773438e-01
2.558801174163818359e-01 -2.660281658172607422e-01 -1.286334395408630371e-01 3.807175159454345703e-02 1.716679334640502930e-01 1.236666440963745117e-01
2.688570022583007812e-01 -2.586027979850769043e-01 1.766395568847656250e-02 6.330966949462890625e-03 1.235121488571166992e-01 9.883904457092285156e-02
3.974770307540893555e-01 -3.195905089378356934e-01 -2.589046955108642578e-02 -2.267064452171325684e-01 1.844776868820190430e-01 7.815968990325927734e-02
3.820133209228515625e-01 -3.743227124214172363e-01 -1.451027393341064453e-02 -1.635489463806152344e-01 1.640167236328125000e-01 2.615010738372802734e-02
4.915786981582641602e-01 -3.740708231925964355e-01 -2.470875382423400879e-01 -1.491453647613525391e-01 1.695338487625122070e-01 -1.328792572021484375e-01
3.426105976104736328e-01 -3.388162851333618164e-01 -8.222758769989013672e-02 -1.897146105766296387e-01 4.616844654083251953e-02 -1.136565208435058594e-02
2.544423341751098633e-01 -3.949527740478515625e-01 -5.627447366714477539e-02 -3.683477044105529785e-01 1.193997859954833984e-01 -5.221909284591674805e-02
3.703505992889404297e-01 -6.083713769912719727e-01 7.678711414337158203e-02 -2.289800047874450684e-01 3.492727279663085938e-01 -2.645750045776367188e-01
3.186578750610351562e-01 -4.126158356666564941e-01 -5.353295803070068359e-02 -3.364832401275634766e-01 9.792244434356689453e-02 -1.476266980171203613e-01
3.505247831344604492e-01 -4.397474527359008789e-01 -1.713500022888183594e-01 -3.113197088241577148e-01 9.609615802764892578e-02 -1.990081071853637695e-01
3.313639163970947266e-01 -4.812635183334350586e-01 -1.367439031600952148e-01 -2.875895500183105469e-01 1.056742668151855469e-01 -3.283607959747314453e-01
3.072575330734252930e-01 -5.040289163589477539e-01 -1.820731759071350098e-01 -1.766382455825805664e-01 -3.260004520416259766e-02 -3.046069145202636719e-01
2.697429656982421875e-01 -4.727395772933959961e-01 -1.715986132621765137e-01 -2.548242807388305664e-01 -1.097298860549926758e-01 -2.054659724235534668e-01
1.395728588104248047e-01 -4.580541849136352539e-01 -4.513496160507202148e-02 -1.930801272392272949e-01 -2.695892453193664551e-01 -1.421439051628112793e-01
1.650806665420532227e-01 -4.651143550872802734e-01 -7.902079820632934570e-02 -2.045104503631591797e-01 -2.405465245246887207e-01 -2.118955850601196289e-01
3.419163227081298828e-01 -5.299973487854003906e-01 -1.334374547004699707e-01 -1.947414875030517578e-01 -1.243177652359008789e-01 -3.573449254035949707e-01
3.382387161254882812e-01 -4.787772893905639648e-01 -3.787386417388916016e-02 -1.190586686134338379e-01 -1.859637498855590820e-01 -1.855188012123107910e-01
3.039084672927856445e-01 -5.565668344497680664e-01 -2.346586585044860840e-01 -7.471239566802978516e-02 -1.756930947303771973e-01 -2.870504856109619141e-01
2.123477458953857422e-01 -4.131273627281188965e-01 -1.400085091590881348e-01 -3.595352172851562500e-01 -1.428446173667907715e-01 -1.997658610343933105e-01
2.810792922973632812e-01 -4.518300294876098633e-01 -2.011317610740661621e-01 -3.530043363571166992e-01 -1.855326294898986816e-01 -1.507887840270996094e-01
3.237277269363403320e-01 -6.017010211944580078e-01 -1.699267625808715820e-01 -4.934697747230529785e-01 3.643953800201416016e-02 -3.445770740509033203e-01
1.841309070587158203e-01 -4.741865396499633789e-01 -6.183123588562011719e-02 -5.808411240577697754e-01 -1.955749392509460449e-01 -1.219286918640136719e-01
-5.443435907363891602e-02 -4.120402932167053223e-01 1.983060836791992188e-01 -6.306664943695068359e-01 -8.238822221755981445e-02 9.246230125427246094e-03
2.542440891265869141e-01 -4.045946002006530762e-01 3.973245620727539062e-02 -5.765570402145385742e-01 1.920917034149169922e-01 -7.718545198440551758e-02
2.365322113037109375e-01 -3.925426602363586426e-01 1.285299062728881836e-01 -5.595992803573608398e-01 4.710572957992553711e-01 -1.697189211845397949e-01
2.187092304229736328e-01 -3.374923467636108398e-01 -7.494509220123291016e-03 -3.751351237297058105e-01 6.036247014999389648e-01 -3.948940634727478027e-01
1.342998743057250977e-01 -1.855123043060302734e-01 -2.383987903594970703e-01 -2.842929959297180176e-01 4.673342704772949219e-01 -3.252078890800476074e-01
1.065659523010253906e-01 7.252919673919677734e-02 -3.524694442749023438e-01 -2.424374222755432129e-01 2.555330991744995117e-01 -1.373559832572937012e-01
-1.010876893997192383e-02 9.579825401306152344e-02 -2.589440941810607910e-01 -2.153562903404235840e-01 2.092196941375732422e-01 -3.240996599197387695e-02
1.380479335784912109e-02 1.112961769104003906e-01 -2.078465819358825684e-01 -1.865119338035583496e-01 1.437072753906250000e-01 1.292146444320678711e-01
1.262098550796508789e-01 7.636451721191406250e-02 -3.321940302848815918e-01 2.804863452911376953e-02 1.743338108062744141e-01 5.954670906066894531e-02
7.906496524810791016e-02 2.267117500305175781e-01 -3.336468935012817383e-01 1.445571184158325195e-01 -3.814041614532470703e-03 2.881190776824951172e-01
1.316113471984863281e-01 2.414196729660034180e-01 -3.374789953231811523e-01 1.506388187408447266e-01 -2.623587846755981445e-02 3.412325382232666016e-01
1.014471054077148438e-01 2.952382564544677734e-01 -3.609612584114074707e-01 1.466718912124633789e-01 -5.577123165130615234e-02 3.444364070892333984e-01
3.011476993560791016e-02 3.322581052780151367e-01 -3.237578868865966797e-01 1.778727769851684570e-01 -8.116531372070312500e-02 3.303315639495849609e-01
1.265325546264648438e-01 3.349235057830810547e-01 -4.986451268196105957e-01 2.059912681579589844e-01 -4.925084114074707031e-02 2.547509670257568359e-01
7.264232635498046875e-02 3.817046880722045898e-01 -3.558643460273742676e-01 1.140371561050415039e-01 -9.936344623565673828e-02 3.650518655776977539e-01
1.151010990142822266e-01 3.457659482955932617e-01 -4.547778367996215820e-01 1.803489923477172852e-01 -6.448429822921752930e-02 2.705969810485839844e-01
8.324301242828369141e-02 3.179920911788940430e-01 -3.570513725280761719e-01 1.655951738357543945e-01 -3.546524047851562500e-02 2.534823417663574219e-01
1.067868471145629883e-01 3.107776641845703125e-01 -4.805990457534790039e-01 1.058979034423828125e-01 2.733349800109863281e-02 1.114909648895263672e-01
1.038062572479248047e-01 2.479714155197143555e-01 -4.542284011840820312e-01 -9.078258275985717773e-02 1.476752758026123047e-01 3.213858604431152344e-02
1.533412933349609375e-01 1.243866682052612305e-01 -2.941825985908508301e-01 -1.655371785163879395e-01 3.298484086990356445e-01 -2.437901496887207031e-02
1.625224351882934570e-01 8.480763435363769531e-02 -2.179501056671142578e-01 -3.082626461982727051e-01 3.860800266265869141e-01 -5.102926492691040039e-02
3.671047687530517578e-01 -1.637880802154541016e-01 -1.239247918128967285e-01 -2.749837636947631836e-01 6.776615381240844727e-01 -2.404335141181945801e-01
4.258263111114501953e-01 -4.077607393264770508e-01 5.425918102264404297e-02 -2.361347079277038574e-01 7.351765632629394531e-01 -2.706126570701599121e-01
3.537441492080688477e-01 -5.398355722427368164e-01 2.560818195343017578e-02 -1.359128355979919434e-01 6.427004337310791016e-01 -3.261384367942810059e-01
2.603967189788818359e-01 -4.404023885726928711e-01 8.130311965942382812e-03 -3.276132345199584961e-01 4.018962383270263672e-01 -1.810195446014404297e-01
2.422977685928344727e-01 -3.917428851127624512e-01 3.106391429901123047e-02 -5.685218572616577148e-01 2.577414512634277344e-01 -7.534033060073852539e-02
1.454643011093139648e-01 -3.609319925308227539e-01 6.572973728179931641e-02 -6.830273866653442383e-01 7.040750980377197266e-02 5.093562602996826172e-02
2.978142499923706055e-01 -4.629768133163452148e-01 -1.122856140136718750e-02 -6.306554675102233887e-01 1.202574968338012695e-01 -7.615053653717041016e-02
3.217998743057250977e-01 -5.772463083267211914e-01 4.705810546875000000e-02 -6.181295514106750488e-01 1.944261789321899414e-01 -1.350201964378356934e-01
2.793428897857666016e-01 -5.868322849273681641e-01 7.187628746032714844e-02 -6.360720396041870117e-01 2.755506038665771484e-01 -1.871390342712402344e-01
2.663525342941284180e-01 -4.177160263061523438e-01 -1.613591313362121582e-01 -5.667465925216674805e-01 7.516348361968994141e-02 -1.383419036865234375e-01
2.276666164398193359e-01 -5.445127487182617188e-01 -2.683156728744506836e-02 -5.104031562805175781e-01 1.678551435470581055e-01 -2.378524541854858398e-01
1.822382211685180664e-01 -4.195986986160278320e-01 -4.066866636276245117e-02 -4.963520765304565430e-01 -5.946135520935058594e-02 -9.285169839859008789e-02
2.180858850479125977e-01 -5.329089164733886719e-01 5.505657196044921875e-02 -4.166612625122070312e-01 -2.167081832885742188e-02 -1.960769295692443848e-01
2.365059852600097656e-01 -5.066954493522644043e-01 -8.269429206848144531e-02 -2.624253034591674805e-01 -1.618772149085998535e-01 -1.761018633842468262e-01
2.251650094985961914e-01 -4.481872916221618652e-01 -3.193742036819458008e-02 -2.083917856216430664e-01 -2.215290665626525879e-01 -1.081975698471069336e-01
2.347323894500732422e-01 -5.823484063148498535e-01 -3.968453407287597656e-02 -3.205811381340026855e-01 -5.818903446197509766e-03 -2.324714660644531250e-01
9.911894798278808594e-03 -7.294396162033081055e-01 -1.689005494117736816e-01 -4.627346992492675781e-02 -1.093127727508544922e-01 -4.062583446502685547e-01
2.456035614013671875e-01 -5.430946350097656250e-01 -1.141818165779113770e-01 -2.116138339042663574e-01 -3.686881065368652344e-02 -9.510600566864013672e-02
2.283531427383422852e-01 -7.063627243041992188e-01 -2.737102508544921875e-01 -4.008136391639709473e-01 1.363694667816162109e-01 -3.303392529487609863e-01
-5.430155992507934570e-02 -6.638851165771484375e-01 -5.124330520629882812e-02 -3.233304023742675781e-01 4.323172569274902344e-02 -3.151463866233825684e-01
-1.807527542114257812e-01 -6.743084192276000977e-01 1.546800136566162109e-02 -9.823417663574218750e-02 4.718434810638427734e-02 -2.398636341094970703e-01
-3.168850541114807129e-01 -6.198858022689819336e-01 -6.871730089187622070e-02 -1.935428977012634277e-01 1.198402643203735352e-01 -1.230507493019104004e-01
-4.833618998527526855e-01 -4.825881123542785645e-01 5.868053436279296875e-02 -3.297545313835144043e-01 1.092163324356079102e-01 -6.072765588760375977e-02
-2.963159084320068359e-01 -6.053547859191894531e-01 4.291784763336181641e-02 4.408633708953857422e-02 2.613936662673950195e-01 -1.165795922279357910e-01
-6.477493047714233398e-01 -5.140088796615600586e-01 1.865903139114379883e-01 -5.403637886047363281e-03 4.357402324676513672e-01 -2.543520927429199219e-02
1.401456594467163086e-01 -1.136179566383361816e-01 2.458276748657226562e-01 2.096221446990966797e-01 1.203721761703491211e-01 1.507748365402221680e-01
-3.641247749328613281e-03 -2.473777532577514648e-01 4.576493501663208008e-01 2.814514636993408203e-01 3.396838903427124023e-01 7.027244567871093750e-02
3.006969690322875977e-01 -4.215240478515625000e-04 4.272638559341430664e-01 1.332761049270629883e-01 2.525777816772460938e-01 1.934940814971923828e-01
2.096990346908569336e-01 8.746588230133056641e-02 6.241829395294189453e-01 -1.598805189132690430e-02 2.703810930252075195e-01 2.457481622695922852e-01
5.822473764419555664e-01 1.070963144302368164e-01 2.421865463256835938e-01 1.917958259582519531e-03 3.246897459030151367e-01 7.353699207305908203e-02
6.831527948379516602e-01 2.231296300888061523e-01 1.464626789093017578e-01 -1.647180318832397461e-02 3.456206321716308594e-01 1.624344587326049805e-01
6.591526269912719727e-01 1.027256250381469727e-01 1.176803112030029297e-01 -1.230093240737915039e-01 3.504736423492431641e-01 7.686638832092285156e-02
6.522217988967895508e-01 1.993337869644165039e-01 9.847986698150634766e-02 -2.435861825942993164e-01 2.289118766784667969e-01 1.414848566055297852e-01
6.453803777694702148e-01 9.992957115173339844e-02 1.738113164901733398e-01 -2.588110566139221191e-01 3.534648418426513672e-01 4.935288429260253906e-02
5.834215879440307617e-01 6.535422801971435547e-02 3.949832916259765625e-02 -1.970422267913818359e-01 2.277592420578002930e-01 3.261566162109375000e-02
3.652679920196533203e-01 -2.178177833557128906e-01 2.903794050216674805e-01 -3.015792965888977051e-01 4.956417083740234375e-01 -2.326466441154479980e-01
1.434962749481201172e-01 -3.124429583549499512e-01 2.233958244323730469e-01 -3.250098824501037598e-01 4.238263368606567383e-01 -3.702876567840576172e-01
7.533431053161621094e-02 -2.970342636108398438e-01 4.828000068664550781e-01 -2.829240560531616211e-01 3.533209562301635742e-01 -1.598868370056152344e-01
-1.525657773017883301e-01 -4.433494806289672852e-02 7.357476949691772461e-01 -1.650956273078918457e-01 1.451592445373535156e-01 2.612626552581787109e-02
-6.854128837585449219e-02 1.823377609252929688e-02 6.268604993820190430e-01 -8.453774452209472656e-02 -1.065854430198669434e-01 3.526926040649414062e-02
-2.024205923080444336e-01 -7.006704807281494141e-03 4.136368036270141602e-01 -3.559596538543701172e-01 -3.158682584762573242e-02 -4.571408033370971680e-02
-1.615446805953979492e-02 -3.130316734313964844e-02 4.260418415069580078e-01 -2.041336297988891602e-01 1.425256729125976562e-01 1.516294479370117188e-02
-1.158014535903930664e-01 -1.234590411186218262e-01 6.625014543533325195e-01 -1.008980274200439453e-01 4.986608028411865234e-02 1.629829406738281250e-02
-3.861566185951232910e-01 -1.844420433044433594e-01 4.473507404327392578e-01 -5.033552646636962891e-03 9.571015834808349609e-02 -1.173946261405944824e-01
-5.431882143020629883e-01 -7.071262598037719727e-02 3.430299758911132812e-01 -2.192640304565429688e-01 -1.902848482131958008e-02 1.984000205993652344e-02
-1.515922546386718750e-01 -1.005035638809204102e-02 4.778298139572143555e-01 -5.884629487991333008e-02 -1.470686197280883789e-01 9.268951416015625000e-02
-1.706380844116210938e-01 5.906963348388671875e-02 3.985184431076049805e-01 -1.844324469566345215e-01 -2.213558554649353027e-01 1.193811893463134766e-01
-1.283208727836608887e-01 -2.105656862258911133e-01 5.516569614410400391e-01 -4.314118623733520508e-02 4.089404344558715820e-01 -5.775421857833862305e-01
8.842635154724121094e-02 -3.164175152778625488e-01 3.818414211273193359e-01 6.778478622436523438e-02 5.355192422866821289e-01 -6.364585757255554199e-01
9.823715686798095703e-02 -5.346029996871948242e-01 4.620051383972167969e-01 1.752846240997314453e-01 6.484844684600830078e-01 -7.927827239036560059e-01
1.256924867630004883e-01 -3.351807594299316406e-01 5.176613330841064453e-01 -4.201560020446777344e-01 3.669762611389160156e-01 -2.856736183166503906e-01
2.195264101028442383e-01 -1.413535475730895996e-01 4.087353944778442383e-01 -2.898030877113342285e-01 3.726859092712402344e-01 -1.456397771835327148e-01
1.596186161041259766e-01 1.159249544143676758e-01 4.281574487686157227e-01 -4.433847665786743164e-01 2.877473831176757812e-01 2.046382427215576172e-02
2.414486408233642578e-01 1.873539686203002930e-01 3.115388154983520508e-01 -2.328767180442810059e-01 1.907213926315307617e-01 2.587330341339111328e-02
3.366763591766357422e-01 1.954470872879028320e-01 2.661668062210083008e-01 -2.348764538764953613e-01 2.585154771804809570e-01 2.860426902770996094e-03
2.710198163986206055e-01 2.058907747268676758e-01 4.768229722976684570e-01 -4.133476018905639648e-01 2.038917541503906250e-01 1.679315567016601562e-01
3.475724458694458008e-01 1.271597146987915039e-01 4.747618436813354492e-01 -4.655671715736389160e-01 2.875957489013671875e-01 7.301294803619384766e-02
3.163607120513916016e-01 4.414641857147216797e-02 5.332763195037841797e-01 -3.936899304389953613e-01 2.838919162750244141e-01 8.279097080230712891e-02
2.522389888763427734e-01 -1.414400339126586914e-01 5.406273603439331055e-01 -3.051083683967590332e-01 3.529816865921020508e-01 -2.868008613586425781e-02
6.269490718841552734e-02 -4.277929663658142090e-01 4.041855335235595703e-01 -2.584621906280517578e-01 4.700030088424682617e-01 -3.715879917144775391e-01
8.175122737884521484e-02 -4.898539185523986816e-01 3.919243812561035156e-01 -3.407442569732666016e-01 4.879664182662963867e-01 -4.834118485450744629e-01
2.187403440475463867e-01 1.883959770202636719e-02 6.436151266098022461e-01 -3.533173203468322754e-01 3.282819986343383789e-01 1.966428756713867188e-01
2.076039314270019531e-01 3.821957111358642578e-02 3.148227930068969727e-01 -2.580602765083312988e-01 2.380867004394531250e-01 1.016644239425659180e-01
-8.755916357040405273e-02 -9.844243526458740234e-03 6.700457334518432617e-01 -2.009494900703430176e-01 8.962941169738769531e-02 1.295477151870727539e-01
-3.657888174057006836e-01 -1.005782485008239746e-01 5.091624259948730469e-01 -3.392962813377380371e-01 1.385629177093505859e-02 -3.993928432464599609e-02
-3.044623732566833496e-01 -1.241144537925720215e-01 5.119521617889404297e-01 -1.144828200340270996e-01 1.055942773818969727e-01 -8.842790126800537109e-02
-3.003222346305847168e-01 -4.977643489837646484e-03 4.880481958389282227e-01 -2.572343945503234863e-01 1.072406768798828125e-03 -2.526068687438964844e-02
-4.550503492355346680e-01 -5.548089742660522461e-02 4.530484676361083984e-01 4.963636398315429688e-02 1.472914218902587891e-02 -9.470403194427490234e-03
-6.160703897476196289e-01 3.196239471435546875e-03 6.510038375854492188e-01 -1.326783299446105957e-01 -7.947826385498046875e-02 1.580877304077148438e-01
-4.260800480842590332e-01 -3.488897085189819336e-01 4.422366619110107422e-02 2.743438482284545898e-01 -2.896195650100708008e-01 -2.962132692337036133e-01
-3.769035339355468750e-01 -7.044155597686767578e-01 1.864385604858398438e-02 4.523711204528808594e-01 -1.821488738059997559e-01 -6.182811260223388672e-01
-3.660668730735778809e-01 -5.249291658401489258e-01 -2.086311578750610352e-02 3.009939193725585938e-01 -2.195389866828918457e-01 -4.400879740715026855e-01
-3.932464718818664551e-01 -6.113036870956420898e-01 -6.053018569946289062e-02 3.824863433837890625e-01 -1.257604956626892090e-01 -5.332075357437133789e-01
-2.539104819297790527e-01 -7.125728130340576172e-01 1.728636026382446289e-01 3.981565237045288086e-01 -1.185520291328430176e-01 -5.351356267929077148e-01
-5.990545749664306641e-01 -6.231597661972045898e-01 1.171367168426513672e-01 4.940106868743896484e-01 -2.447239756584167480e-01 -4.208604097366333008e-01
-4.308615326881408691e-01 -6.142846345901489258e-01 1.802672147750854492e-01 5.700213909149169922e-01 -2.682601213455200195e-01 -3.497073054313659668e-01
-2.509307265281677246e-01 -7.112869024276733398e-01 6.730496883392333984e-02 3.142931461334228516e-01 -3.795524239540100098e-01 -4.741749763488769531e-01
-1.224576830863952637e-01 -8.860827088356018066e-01 -9.478032588958740234e-02 1.400004625320434570e-01 -1.636922359466552734e-01 -5.935239791870117188e-01
-9.396153688430786133e-02 -7.653306722640991211e-01 -9.434896707534790039e-02 9.060633182525634766e-02 -3.314165472984313965e-01 -3.549452424049377441e-01
-2.231252193450927734e-02 -7.284933924674987793e-01 -4.831969738006591797e-03 7.707357406616210938e-02 -2.256779074668884277e-01 -4.022828340530395508e-01
-2.726820707321166992e-01 -6.006077527999877930e-01 1.150403022766113281e-01 2.520191669464111328e-02 -3.757788538932800293e-01 -3.900184631347656250e-01
-3.279073834419250488e-01 -3.604884743690490723e-01 2.735315561294555664e-01 3.349173069000244141e-02 -4.964110255241394043e-01 -1.748496890068054199e-01
-3.347083926200866699e-01 -3.838225603103637695e-01 1.856557130813598633e-01 -3.699153661727905273e-02 -2.619503140449523926e-01 -2.263218760490417480e-01
-3.531791567802429199e-01 -4.362221360206604004e-01 2.381317615509033203e-01 -3.627109527587890625e-02 -2.164233922958374023e-01 -2.620692849159240723e-01
-5.854323506355285645e-01 -4.381331801414489746e-01 1.098082065582275391e-01 1.338104009628295898e-01 -1.964018344879150391e-01 -2.894952297210693359e-01
-4.895831942558288574e-01 -2.501688599586486816e-01 4.049621820449829102e-01 7.333636283874511719e-03 -2.338559627532958984e-01 4.716992378234863281e-03
-3.632151484489440918e-01 -2.707310914993286133e-01 3.269709348678588867e-01 -3.396546840667724609e-02 -3.226437568664550781e-01 -1.125860214233398438e-01
-3.334141373634338379e-01 -1.731134653091430664e-01 3.181335926055908203e-01 -4.137682914733886719e-02 -3.062654733657836914e-01 -4.217219352722167969e-02
-2.955582141876220703e-01 -1.576996445655822754e-01 2.598097324371337891e-01 5.290627479553222656e-02 -4.025182127952575684e-01 -8.995658159255981445e-02
-2.618833184242248535e-01 -1.716532707214355469e-01 2.143620252609252930e-01 3.734620809555053711e-01 -4.592131376266479492e-01 -9.067243337631225586e-02
-3.023774623870849609e-01 -2.540559172630310059e-01 1.734029054641723633e-01 1.701910495758056641e-01 -4.859441518783569336e-01 -1.897646188735961914e-01
-2.791316509246826172e-01 -3.087184429168701172e-01 2.557427883148193359e-01 3.479044437408447266e-01 -3.066787123680114746e-01 -1.888188123703002930e-01
-9.871745109558105469e-02 -7.064529657363891602e-01 1.357849836349487305e-01 4.291564226150512695e-01 -3.263473510742187500e-03 -4.959465861320495605e-01
-2.026165127754211426e-01 -6.780502796173095703e-01 1.326426267623901367e-01 3.776358366012573242e-01 6.574106216430664062e-02 -4.279720187187194824e-01
-9.472471475601196289e-02 -6.733620762825012207e-01 2.207753658294677734e-01 4.582715034484863281e-02 -1.855995059013366699e-01 -2.739679217338562012e-01
-1.082174181938171387e-01 -4.192429184913635254e-01 2.358967065811157227e-01 -4.023226499557495117e-01 3.497338294982910156e-02 8.450675010681152344e-02
-1.463806033134460449e-01 -4.467750787734985352e-01 2.360833883285522461e-01 -4.336346983909606934e-01 9.874355792999267578e-02 1.227108240127563477e-01
-1.626978516578674316e-01 -4.096254706382751465e-01 3.048324584960937500e-01 -4.632624387741088867e-01 1.349700689315795898e-01 1.846785545349121094e-01
-1.327301859855651855e-01 -2.426762580871582031e-01 2.507306337356567383e-01 -4.243182539939880371e-01 -8.219039440155029297e-02 3.750563859939575195e-01
-1.356809735298156738e-01 -3.283986449241638184e-01 2.500015497207641602e-01 -3.129762411117553711e-01 -2.882999181747436523e-02 3.196470737457275391e-01
-6.749367713928222656e-02 -3.236240744590759277e-01 2.075464725494384766e-01 -2.744276523590087891e-01 -2.824574708938598633e-02 3.474105596542358398e-01
-1.691017746925354004e-01 -1.943455338478088379e-01 2.625955343246459961e-01 -3.766293525695800781e-01 -6.751614809036254883e-02 4.447797536849975586e-01
5.741477012634277344e-02 -2.789642810821533203e-01 3.022871017456054688e-01 -3.630057573318481445e-01 1.888661384582519531e-01 2.583060264587402344e-01
-1.150169372558593750e-01 -2.789710164070129395e-01 3.957816362380981445e-01 -2.618113756179809570e-01 2.002992630004882812e-01 3.689999580383300781e-01
-2.292172908782958984e-01 -2.323768734931945801e-01 3.825464248657226562e-01 -1.315659284591674805e-02 -2.541867494583129883e-01 5.370433330535888672e-01
5.750024318695068359e-02 -1.732248067855834961e-01 2.194917201995849609e-01 -4.919272661209106445e-02 -1.356703042984008789e-02 4.382873773574829102e-01
-4.709903597831726074e-01 -2.229045033454895020e-01 5.043890476226806641e-01 -5.491691827774047852e-02 1.588039398193359375e-01 3.984080553054809570e-01
-3.456305265426635742e-01 -3.617461919784545898e-01 2.892191410064697266e-01 -3.776816129684448242e-01 2.278542518615722656e-01 1.117144823074340820e-01
