8.682522773742675781e-01 7.491834163665771484e-01 -3.694409132003784180e-01 4.143142700195312500e-02 -4.876613616943359375e-02 2.602615356445312500e-01
7.689788341522216797e-01 7.032517194747924805e-01 -2.658299207687377930e-01 -1.093995571136474609e-02 -9.207427501678466797e-02 2.512770891189575195e-01
8.531693220138549805e-01 6.005598306655883789e-01 -3.345826864242553711e-01 5.820310115814208984e-02 -1.877181529998779297e-01 2.127856016159057617e-01
7.542053461074829102e-01 5.676282644271850586e-01 -2.989307045936584473e-01 3.784441947937011719e-02 -1.734279990196228027e-01 1.858497858047485352e-01
6.530151367187500000e-01 5.074563026428222656e-01 -2.760041952133178711e-01 -2.449375391006469727e-02 -1.570364236831665039e-01 7.957088947296142578e-02
7.153692245483398438e-01 5.262131690979003906e-01 -3.942483663558959961e-01 1.931500434875488281e-02 -2.317055463790893555e-01 5.825030803680419922e-02
7.849463224411010742e-01 4.642411470413208008e-01 -2.902934551239013672e-01 1.346719264984130859e-02 -8.693867921829223633e-02 1.785254478454589844e-02
7.759052515029907227e-01 4.540363550186157227e-01 -4.026514291763305664e-01 -8.863580226898193359e-02 -9.228426218032836914e-02 1.612281799316406250e-02
6.771737337112426758e-01 4.984039068222045898e-01 -3.267157077789306641e-01 4.656720161437988281e-02 -2.097136378288269043e-01 9.014129638671875000e-02
7.280573844909667969e-01 5.811778306961059570e-01 -3.722583055496215820e-01 -3.640472888946533203e-03 -9.933668375015258789e-02 8.044660091400146484e-02
7.620153427124023438e-01 5.066012144088745117e-01 -4.573311209678649902e-01 6.956887245178222656e-02 -1.174924373626708984e-01 6.096851825714111328e-02
6.674789190292358398e-01 4.417208433151245117e-01 -3.098303675651550293e-01 -2.515763044357299805e-02 -2.230483293533325195e-02 3.214597702026367188e-02
6.084110736846923828e-01 4.500429630279541016e-01 -2.662426829338073730e-01 -4.478353261947631836e-02 -1.088598966598510742e-01 9.675526618957519531e-02
6.811560392379760742e-01 3.601151704788208008e-01 -2.964447736740112305e-01 3.041744232177734375e-03 4.647779464721679688e-02 -2.761709690093994141e-02
8.581649065017700195e-01 2.685282230377197266e-01 -3.502554297447204590e-01 5.934643745422363281e-02 2.063072919845581055e-01 -5.973011255264282227e-02
6.375588178634643555e-01 2.280479669570922852e-01 -1.494208574295043945e-01 -4.460811614990234375e-04 1.675517559051513672e-01 4.727649688720703125e-02
7.805875539779663086e-01 1.939771175384521484e-01 -5.782276391983032227e-02 3.978967666625976562e-02 2.490023374557495117e-01 1.572946310043334961e-01
6.798400878906250000e-01 6.868875026702880859e-02 -5.911874771118164062e-02 6.084632873535156250e-02 3.216093778610229492e-01 3.901040554046630859e-02
5.531908273696899414e-01 6.484377384185791016e-02 4.218268394470214844e-02 7.170581817626953125e-02 2.941563129425048828e-01 5.723464488983154297e-02
4.501467943191528320e-01 1.330757141113281250e-02 -2.011436223983764648e-02 2.164777517318725586e-01 1.957926750183105469e-01 7.311165332794189453e-02
4.444292783737182617e-01 -1.166478395462036133e-01 -1.011864542961120605e-01 1.236327886581420898e-01 2.459111213684082031e-01 2.316284179687500000e-02
2.796282768249511719e-01 -1.368610858917236328e-01 -8.017104864120483398e-02 8.019709587097167969e-02 1.941868066787719727e-01 9.530067443847656250e-02
4.316966533660888672e-01 -1.702823042869567871e-01 -1.269860267639160156e-01 -8.874732255935668945e-02 3.045547008514404297e-01 1.056034564971923828e-01
2.105399370193481445e-01 -1.856921911239624023e-01 -8.575326204299926758e-02 -2.166578769683837891e-01 1.165320873260498047e-01 1.524969339370727539e-01
3.250788450241088867e-01 -2.533914446830749512e-01 -6.608629226684570312e-02 -3.614752292633056641e-01 1.688847541809082031e-01 9.604370594024658203e-02
2.564454078674316406e-01 -2.546036243438720703e-01 -2.067914009094238281e-01 -2.921646237373352051e-01 5.084872245788574219e-02 -4.838109016418457031e-03
3.448001146316528320e-01 -2.932713031768798828e-01 -8.632284402847290039e-02 -2.693405747413635254e-01 4.509973526000976562e-02 5.219960212707519531e-02
5.527358055114746094e-01 -3.825845122337341309e-01 -1.787834763526916504e-01 -3.069312572479248047e-01 8.591115474700927734e-02 -3.320574760437011719e-02
3.850326538085937500e-01 -3.278272747993469238e-01 -1.559218764305114746e-01 -2.345171570777893066e-01 -1.138190031051635742e-01 -5.874526500701904297e-02
3.200856447219848633e-01 -3.553408384323120117e-01 -6.556653976440429688e-02 -9.007638692855834961e-02 -1.548890471458435059e-01 1.180669069290161133e-01
2.889995574951171875e-01 -3.084095120429992676e-01 -2.252103090286254883e-01 -4.608719944953918457e-01 -1.405644416809082031e-02 -5.909138917922973633e-02
2.933429479598999023e-01 -2.315861582756042480e-01 -9.345096349716186523e-02 -4.537529349327087402e-01 -8.562189340591430664e-02 1.413261890411376953e-01
3.987394571304321289e-01 -2.371853590011596680e-01 6.763458251953125000e-03 -4.752638936042785645e-01 -4.926538467407226562e-02 1.069419384002685547e-01
2.846107482910156250e-01 -3.465829491615295410e-01 4.603505134582519531e-03 -2.507555484771728516e-01 -1.897230148315429688e-01 1.085618734359741211e-01
1.987221240997314453e-01 -4.256221652030944824e-01 2.871894836425781250e-02 -3.338042497634887695e-01 -3.595969080924987793e-01 1.075900793075561523e-01
2.262997627258300781e-01 -3.290101885795593262e-01 2.098929882049560547e-02 -3.616585731506347656e-01 -3.751918077468872070e-01 1.375999450683593750e-01
2.226381301879882812e-01 -4.753571152687072754e-01 -1.171665787696838379e-01 -2.835507392883300781e-01 -1.636339426040649414e-01 -9.253525733947753906e-02
2.990911006927490234e-01 -4.349297881126403809e-01 -9.001696109771728516e-02 -3.686829209327697754e-01 -1.008766293525695801e-01 -4.636019468307495117e-02
1.767939329147338867e-01 -4.697982668876647949e-01 -4.252678155899047852e-02 -2.273324728012084961e-01 -2.109366059303283691e-01 6.893873214721679688e-03
9.381508827209472656e-02 -5.034915208816528320e-01 8.537232875823974609e-02 -3.395016789436340332e-01 -1.920017004013061523e-01 3.755342960357666016e-02
2.676619291305541992e-01 -4.876214265823364258e-01 5.987524986267089844e-02 -4.608187079429626465e-01 -8.418715000152587891e-02 -2.396291494369506836e-02
1.794037818908691406e-01 -5.059537887573242188e-01 1.061023473739624023e-01 -5.613121986389160156e-01 -1.536643505096435547e-01 6.687951087951660156e-02
1.561700105667114258e-01 -4.783533215522766113e-01 1.268095970153808594e-01 -5.993204116821289062e-01 -8.295387029647827148e-02 2.982401847839355469e-02
-1.116661429405212402e-01 -3.185883760452270508e-01 2.797827720642089844e-01 -5.576449632644653320e-01 -2.488044500350952148e-01 2.338049411773681641e-01
1.359673738479614258e-01 -4.701627492904663086e-01 7.785558700561523438e-02 -4.304454922676086426e-01 1.398440599441528320e-01 -1.035354137420654297e-01
2.727742195129394531e-01 -3.720546960830688477e-01 1.409875154495239258e-01 -5.796136260032653809e-01 3.759853839874267578e-01 -1.818550229072570801e-01
2.493298053741455078e-01 -2.447670102119445801e-01 7.044732570648193359e-02 -6.919893026351928711e-01 5.021220445632934570e-01 -2.578464150428771973e-01
1.606248617172241211e-01 -1.426127552986145020e-01 -1.630552411079406738e-01 -5.313782691955566406e-01 4.134550094604492188e-01 -2.502158880233764648e-01
1.485983133316040039e-01 1.095187664031982422e-02 -3.264889121055603027e-01 -4.451098442077636719e-01 3.251816034317016602e-01 -1.801096200942993164e-01
7.472991943359375000e-02 1.416586637496948242e-01 -3.027691245079040527e-01 -2.805430293083190918e-01 1.498688459396362305e-01 2.075922489166259766e-02
6.151783466339111328e-02 1.940773725509643555e-01 -3.223708868026733398e-01 -2.707944512367248535e-01 1.275857686996459961e-01 7.419669628143310547e-02
3.950881958007812500e-02 2.044863700866699219e-01 -3.309330344200134277e-01 -1.163181662559509277e-01 2.783429622650146484e-02 1.811048984527587891e-01
-1.250165700912475586e-02 2.993516921997070312e-01 -3.785972595214843750e-01 5.243539810180664062e-02 -1.875837445259094238e-01 3.680272102355957031e-01
8.350813388824462891e-02 3.723134994506835938e-01 -3.093540072441101074e-01 8.835196495056152344e-03 -1.638201475143432617e-01 4.266464710235595703e-01
3.697180747985839844e-02 2.601351737976074219e-01 -2.791057825088500977e-01 8.967387676239013672e-02 -7.084137201309204102e-02 2.920076847076416016e-01
8.324623107910156250e-02 2.843713760375976562e-01 -3.614173531532287598e-01 1.375184059143066406e-01 -8.364909887313842773e-02 2.969379425048828125e-01
1.707730293273925781e-01 3.427653312683105469e-01 -4.965071082115173340e-01 1.545500755310058594e-01 -1.862028837203979492e-01 3.810098171234130859e-01
1.511414051055908203e-01 3.394862413406372070e-01 -4.647132158279418945e-01 7.679080963134765625e-02 -1.145837903022766113e-01 3.358783721923828125e-01
1.328213214874267578e-01 3.595676422119140625e-01 -4.276213645935058594e-01 -1.990234851837158203e-02 -1.527543067932128906e-01 3.502792119979858398e-01
7.723903656005859375e-02 2.722510099411010742e-01 -5.434423685073852539e-01 5.714809894561767578e-02 -7.507103681564331055e-02 1.479412317276000977e-01
1.008054018020629883e-01 3.054577112197875977e-01 -5.229619741439819336e-01 -1.454353332519531250e-01 9.976863861083984375e-03 8.544695377349853516e-02
3.070597648620605469e-01 1.284238100051879883e-01 -4.713312387466430664e-01 -2.845053076744079590e-01 3.694882392883300781e-01 -1.118018627166748047e-01
3.364630937576293945e-01 4.651808738708496094e-02 -3.615763187408447266e-01 -3.698709607124328613e-01 4.647005796432495117e-01 -1.414223909378051758e-01
2.512421607971191406e-01 -1.164558529853820801e-01 -1.660540699958801270e-01 -4.582177400588989258e-01 6.234506368637084961e-01 -2.786506414413452148e-01
4.207473993301391602e-01 -2.848697304725646973e-01 -1.553812026977539062e-01 -3.862771987915039062e-01 7.148437500000000000e-01 -3.591277599334716797e-01
4.569625854492187500e-01 -3.389614224433898926e-01 1.173627376556396484e-02 -4.408347606658935547e-01 6.447165012359619141e-01 -2.084880471229553223e-01
4.252519607543945312e-01 -3.274507522583007812e-01 1.880717277526855469e-02 -4.650959968566894531e-01 3.842232227325439453e-01 1.601707935333251953e-02
2.548650503158569336e-01 -3.202487826347351074e-01 1.198577880859375000e-01 -5.681086778640747070e-01 2.049802541732788086e-01 1.473840475082397461e-01
1.118078231811523438e-01 -3.044525980949401855e-01 1.023248434066772461e-01 -6.159766912460327148e-01 4.511725902557373047e-02 1.917833089828491211e-01
2.496621608734130859e-01 -3.194297552108764648e-01 7.030916213989257812e-02 -6.170643568038940430e-01 3.783035278320312500e-02 1.950403451919555664e-01
3.363624811172485352e-01 -4.780246019363403320e-01 1.856596469879150391e-01 -6.657215356826782227e-01 2.203043699264526367e-01 1.017862558364868164e-01
4.118322134017944336e-01 -5.368255376815795898e-01 1.012016534805297852e-01 -5.217305421829223633e-01 2.188245058059692383e-01 3.556549549102783203e-02
3.260174989700317383e-01 -3.768617510795593262e-01 -5.599290132522583008e-02 -2.998228073120117188e-01 -1.447991728782653809e-01 2.073700428009033203e-01
2.719660997390747070e-01 -3.643069863319396973e-01 -2.077227830886840820e-02 -4.169093966484069824e-01 -1.548804044723510742e-01 1.796667575836181641e-01
1.734296083450317383e-01 -4.720385670661926270e-01 1.297959089279174805e-01 -3.324676752090454102e-01 -1.896791458129882812e-01 1.939574480056762695e-01
2.827141284942626953e-01 -4.850835800170898438e-01 1.247777938842773438e-01 -3.380560278892517090e-01 -7.626557350158691406e-02 7.277691364288330078e-02
3.742302656173706055e-01 -4.520234465599060059e-01 -1.628887653350830078e-02 -2.811264395713806152e-01 -2.818644046783447266e-02 -3.777182102203369141e-02
3.270548582077026367e-01 -4.326745867729187012e-01 -5.288434028625488281e-02 -2.139751911163330078e-01 -1.626690030097961426e-01 4.829907417297363281e-02
2.486330270767211914e-01 -3.568977713584899902e-01 7.768154144287109375e-03 -2.306039929389953613e-01 -2.665820121765136719e-01 2.466628551483154297e-01
1.106979846954345703e-01 -3.867640495300292969e-01 -3.341358900070190430e-02 -2.481606006622314453e-01 -1.557773947715759277e-01 1.840618848800659180e-01
-1.295415163040161133e-01 -3.486051559448242188e-01 -2.350616455078125000e-02 -2.366504669189453125e-01 -3.230674266815185547e-01 2.968751192092895508e-01
-1.710925698280334473e-01 -3.273250460624694824e-01 2.030322551727294922e-01 -3.235061168670654297e-01 -1.709159016609191895e-01 2.047200202941894531e-01
-2.743650674819946289e-01 -6.226394176483154297e-01 -3.322452306747436523e-02 -1.227520108222961426e-01 7.797944545745849609e-02 -2.219950556755065918e-01
-2.710338234901428223e-01 -5.651108622550964355e-01 1.122282743453979492e-01 -3.020161390304565430e-01 1.981825828552246094e-01 2.398169040679931641e-02
-5.692569613456726074e-01 -5.317279100418090820e-01 7.991659641265869141e-02 -2.493859529495239258e-01 3.627151250839233398e-01 4.217362403869628906e-02
-6.477930545806884766e-01 -4.425304532051086426e-01 2.003804445266723633e-01 -2.097529768943786621e-01 1.607172489166259766e-01 1.233279705047607422e-02
-4.573945999145507812e-01 -4.115712046623229980e-01 -1.874470710754394531e-02 -4.711649417877197266e-01 1.353640556335449219e-01 -1.849309802055358887e-01
-2.413884401321411133e-01 -2.469696998596191406e-01 6.266236305236816406e-02 -3.082258701324462891e-01 -1.469057798385620117e-01 9.578299522399902344e-02
-4.427785873413085938e-01 -4.493089318275451660e-01 3.434014320373535156e-02 -3.937231302261352539e-01 1.141391992568969727e-01 -2.695702910423278809e-01
-4.534614682197570801e-01 -3.856295347213745117e-02 3.843045234680175781e-01 -2.373974323272705078e-01 -9.122347831726074219e-02 1.709467172622680664e-01
4.822319746017456055e-01 1.787849664688110352e-01 2.208729982376098633e-01 -5.839133262634277344e-02 1.446260213851928711e-01 1.471621990203857422e-01
4.242353439331054688e-01 1.046507358551025391e-01 3.987411260604858398e-01 -3.111475706100463867e-02 3.971602916717529297e-01 1.600495576858520508e-01
4.890038967132568359e-01 3.152822256088256836e-01 5.109771490097045898e-01 -1.792864203453063965e-01 1.417404413223266602e-01 4.349387884140014648e-01
5.094193220138549805e-01 3.906929492950439453e-01 2.071653604507446289e-01 -1.525700092315673828e-01 2.419531345367431641e-02 3.812831640243530273e-01
5.940145254135131836e-01 3.674144744873046875e-01 2.020604610443115234e-01 -2.585315108299255371e-01 1.105332374572753906e-01 3.026789426803588867e-01
5.875136852264404297e-01 4.498068094253540039e-01 1.520311832427978516e-01 -3.411801457405090332e-01 3.836405277252197266e-02 3.055413961410522461e-01
5.097342729568481445e-01 3.306078910827636719e-01 4.737710952758789062e-02 -1.737926006317138672e-01 6.387019157409667969e-02 1.989500522613525391e-01
4.935789108276367188e-01 4.269399642944335938e-01 1.416814327239990234e-01 -3.699827790260314941e-01 -6.184339523315429688e-02 3.340868949890136719e-01
6.077343225479125977e-01 3.724390268325805664e-01 2.551035881042480469e-01 -3.644999265670776367e-01 8.499622344970703125e-04 3.520512580871582031e-01
5.520008802413940430e-01 1.641945838928222656e-01 3.017162084579467773e-01 -4.058529138565063477e-01 1.220979690551757812e-01 2.387490272521972656e-01
4.766982793807983398e-01 -3.893953561782836914e-02 2.900952100753784180e-01 -3.025651574134826660e-01 1.063749790191650391e-01 1.229447126388549805e-01
5.636548995971679688e-02 -1.212897896766662598e-01 3.606184720993041992e-01 -4.414659142494201660e-01 1.171813011169433594e-01 -8.226162195205688477e-02
-1.630642414093017578e-01 2.317786216735839844e-02 6.697202920913696289e-01 -2.805354595184326172e-01 -2.271723747253417969e-02 8.234763145446777344e-02
-2.323790788650512695e-01 1.539607048034667969e-01 8.697717189788818359e-01 -2.477817535400390625e-01 -9.089767932891845703e-02 2.162607908248901367e-01
-1.355645060539245605e-01 2.805531024932861328e-02 6.108469963073730469e-01 -2.350168228149414062e-01 -7.839214801788330078e-02 7.479977607727050781e-02
-2.836466431617736816e-01 -6.344729661941528320e-02 5.845832824707031250e-01 -3.155751228332519531e-01 4.843962192535400391e-02 -1.361928582191467285e-01
-2.504842877388000488e-01 1.384758949279785156e-02 6.293894052505493164e-01 -3.554756045341491699e-01 -1.662414073944091797e-01 -5.239069461822509766e-02
-2.181485295295715332e-01 1.301527023315429688e-02 6.008653640747070312e-01 -2.481244802474975586e-01 -2.058554887771606445e-01 3.168535232543945312e-02
-3.378638625144958496e-01 -1.050993800163269043e-01 4.809459447860717773e-01 -1.583737730979919434e-01 -1.125788092613220215e-01 -1.583098769187927246e-01
-1.763963103294372559e-01 -1.997086405754089355e-01 4.821374416351318359e-01 -1.204103827476501465e-01 8.785712718963623047e-02 -2.487643957138061523e-01
-2.697660326957702637e-01 -1.095440387725830078e-01 4.204010963439941406e-01 6.492054462432861328e-02 -1.026146411895751953e-01 2.163600921630859375e-02
-1.346418261528015137e-01 -1.885227560997009277e-01 3.763703107833862305e-01 6.749331951141357422e-02 2.436345815658569336e-01 -3.074798583984375000e-01
-2.315990328788757324e-01 -2.653642296791076660e-01 3.495885133743286133e-01 2.657250165939331055e-01 3.082753419876098633e-01 -4.684597253799438477e-01
-3.304696083068847656e-02 -1.504094600677490234e-01 4.430080652236938477e-01 -2.419134378433227539e-01 1.310100555419921875e-01 -2.230488657951354980e-01
1.476210355758666992e-01 1.793648004531860352e-01 3.641127347946166992e-01 -3.869524598121643066e-01 7.932066917419433594e-02 1.046532392501831055e-01
1.906982660293579102e-01 2.024348974227905273e-01 2.773765325546264648e-01 -3.924091458320617676e-01 1.835634708404541016e-01 4.673624038696289062e-02
3.439060449600219727e-01 3.667798042297363281e-01 3.064528703689575195e-01 -3.908538222312927246e-01 7.086169719696044922e-02 2.561013698577880859e-01
2.951686382293701172e-01 3.262572288513183594e-01 3.487762212753295898e-01 -3.494619131088256836e-01 1.048477888107299805e-01 2.325590848922729492e-01
3.604207038879394531e-01 4.974905252456665039e-01 3.456847667694091797e-01 -4.962917566299438477e-01 1.259195804595947266e-02 3.495029211044311523e-01
3.185662031173706055e-01 4.443566799163818359e-01 3.458229303359985352e-01 -3.890364170074462891e-01 3.497707843780517578e-02 3.022148609161376953e-01
5.097452402114868164e-01 4.229078292846679688e-01 2.128369808197021484e-01 -3.478518128395080566e-01 1.094859838485717773e-01 2.142181396484375000e-01
3.610563278198242188e-01 3.878183364868164062e-01 3.073291778564453125e-01 -4.641687273979187012e-01 9.562623500823974609e-02 2.260079383850097656e-01
3.065958023071289062e-01 2.099714279174804688e-01 3.416985273361206055e-01 -3.626987338066101074e-01 1.176459789276123047e-01 8.534252643585205078e-02
2.423921823501586914e-01 1.613736152648925781e-02 2.306267023086547852e-01 -3.632613420486450195e-01 2.295324802398681641e-01 -1.672884821891784668e-01
1.278547048568725586e-01 -1.511822342872619629e-01 3.758592605590820312e-01 -5.566918849945068359e-01 3.707541227340698242e-01 -2.540798187255859375e-01
-1.479619741439819336e-02 -2.171216011047363281e-01 5.118696689605712891e-01 -4.742485880851745605e-01 3.233023881912231445e-01 -2.780836224555969238e-01
-2.203664183616638184e-01 -3.227114677429199219e-03 6.216533184051513672e-01 -3.173904418945312500e-01 2.024177312850952148e-01 3.565990924835205078e-02
-3.475180268287658691e-01 2.053704261779785156e-01 7.285757064819335938e-01 -3.514053821563720703e-01 -1.113337278366088867e-02 1.976426839828491211e-01
-3.379252552986145020e-01 2.540532350540161133e-01 6.868312358856201172e-01 -4.069246053695678711e-01 -1.617817282676696777e-01 3.130801916122436523e-01
-1.737387776374816895e-01 -3.552645444869995117e-02 3.959999084472656250e-01 -5.224555730819702148e-02 2.481460571289062500e-03 3.281080722808837891e-02
-3.942909240722656250e-01 -1.388841867446899414e-02 4.468026161193847656e-01 -1.275780200958251953e-01 -9.936964511871337891e-02 3.456473350524902344e-03
-3.442089557647705078e-01 -9.539312124252319336e-02 4.522732496261596680e-01 -1.955586075782775879e-01 8.203136920928955078e-02 -5.161118507385253906e-02
-5.145871639251708984e-01 -8.702206611633300781e-02 3.784545660018920898e-01 -7.088893651962280273e-02 -3.672742843627929688e-02 -1.131403446197509766e-02
-7.495921850204467773e-02 -1.827648282051086426e-01 3.789145946502685547e-01 2.065752744674682617e-01 3.762823343276977539e-01 -3.197720646858215332e-01
9.488785266876220703e-02 -3.951241970062255859e-01 8.173525333404541016e-02 7.830524444580078125e-02 6.542302370071411133e-01 -7.282230854034423828e-01
-2.927808165550231934e-01 -2.762455940246582031e-01 3.105630874633789062e-01 -2.640902996063232422e-02 4.137721061706542969e-01 -4.469367861747741699e-01
-2.707343697547912598e-01 -4.447091817855834961e-01 4.121286869049072266e-01 -1.510182619094848633e-01 3.937474489212036133e-01 -5.111969709396362305e-01
-3.655191063880920410e-01 -3.124939799308776855e-01 5.877976417541503906e-01 2.133066654205322266e-01 2.356791496276855469e-01 -3.241350650787353516e-01
-2.872477769851684570e-01 -3.574857115745544434e-01 4.652018547058105469e-01 6.187796592712402344e-03 2.049981355667114258e-01 -3.721420168876647949e-01
-3.879147768020629883e-02 -6.936470270156860352e-01 5.919169187545776367e-01 -2.113309502601623535e-01 3.582998514175415039e-01 -5.640550851821899414e-01
3.639352321624755859e-02 -4.447523355484008789e-01 2.274206876754760742e-01 -5.801289081573486328e-01 2.495729923248291016e-01 -3.505568504333496094e-01
1.524597406387329102e-01 -4.370422363281250000e-01 1.453503370285034180e-01 -6.509057283401489258e-01 4.341683387756347656e-01 -3.996335864067077637e-01
2.030726671218872070e-01 -5.637707710266113281e-01 4.104530811309814453e-02 -5.680527687072753906e-01 3.978803157806396484e-01 -5.550535321235656738e-01
2.077283859252929688e-01 -4.680523276329040527e-01 -3.293210268020629883e-02 -4.852256178855895996e-01 2.806999683380126953e-01 -4.948066473007202148e-01
1.303540468215942383e-01 -4.554629921913146973e-01 8.475315570831298828e-02 -5.214071273803710938e-01 2.400437593460083008e-01 -4.402886033058166504e-01
1.258776187896728516e-01 -5.245761871337890625e-01 2.513753175735473633e-01 -5.259689092636108398e-01 3.448631763458251953e-01 -4.037486910820007324e-01
-1.601488590240478516e-01 -4.025567173957824707e-01 3.488185405731201172e-01 -4.511209130287170410e-01 1.358683109283447266e-01 -3.158016204833984375e-01
-2.674815058708190918e-01 -4.563171267509460449e-01 2.869088649749755859e-01 -4.133225083351135254e-01 8.150064945220947266e-02 -4.118219017982482910e-01
-2.792195677757263184e-01 -6.385382413864135742e-01 2.258335351943969727e-01 -4.681909680366516113e-01 4.340165853500366211e-01 -5.281373858451843262e-01
-5.276542901992797852e-01 -3.083124160766601562e-01 1.741025447845458984e-01 -2.676756978034973145e-01 6.677377223968505859e-02 -1.811349391937255859e-01
-4.227200746536254883e-01 -4.061361551284790039e-01 2.521684169769287109e-01 -2.288865447044372559e-01 1.176095008850097656e-02 -3.232813477516174316e-01
-2.655193209648132324e-01 -2.998166084289550781e-01 3.194193840026855469e-01 -2.193031907081604004e-01 -1.307935118675231934e-01 -1.781038045883178711e-01
-5.837396383285522461e-01 -2.737497687339782715e-01 3.596709966659545898e-01 7.059180736541748047e-02 -1.667439937591552734e-01 -6.755125522613525391e-02
-4.261302947998046875e-01 -2.981347441673278809e-01 4.079486131668090820e-01 -1.353829503059387207e-01 -1.576765179634094238e-01 -1.027884483337402344e-01
-4.762725234031677246e-01 -5.035004615783691406e-01 2.788293361663818359e-01 -2.685186266899108887e-01 7.644546031951904297e-02 -3.466048240661621094e-01
-3.775347471237182617e-01 1.445908546447753906e-01 2.534407377243041992e-01 -9.999078512191772461e-02 -4.284986257553100586e-01 1.948184967041015625e-01
-3.561686277389526367e-01 4.422391653060913086e-01 1.104828119277954102e-01 1.841306686401367188e-01 -3.235718607902526855e-01 1.448755264282226562e-01
-3.706337809562683105e-01 4.907152652740478516e-01 3.130652904510498047e-01 2.137147188186645508e-01 -3.966041207313537598e-01 2.997949123382568359e-01
-3.513680696487426758e-01 2.111901044845581055e-01 2.670700550079345703e-01 2.999392747879028320e-01 -8.798032999038696289e-02 2.044140100479125977e-01
-3.112463951110839844e-01 3.398513793945312500e-02 -5.639827251434326172e-02 1.007213592529296875e-01 -2.453933954238891602e-01 9.081470966339111328e-02
-1.263232231140136719e-01 2.069571018218994141e-01 -2.783001065254211426e-01 8.554816246032714844e-02 -2.566127777099609375e-01 2.204240560531616211e-01
-1.445249915122985840e-01 2.927968502044677734e-01 -2.455019950866699219e-01 9.770703315734863281e-02 -2.852433323860168457e-01 3.568170070648193359e-01
-2.317034602165222168e-01 3.074604272842407227e-01 -2.445056438446044922e-01 3.125528097152709961e-01 -4.463481903076171875e-01 4.854422807693481445e-01
-2.920723557472229004e-01 3.295358419418334961e-01 -1.031526923179626465e-01 1.519815921783447266e-01 -4.207549691200256348e-01 5.089474916458129883e-01
-7.985633611679077148e-02 3.558312654495239258e-01 -1.120513081550598145e-01 2.402112483978271484e-01 -5.394002795219421387e-01 6.077073812484741211e-01
-1.846064329147338867e-01 4.073578119277954102e-01 -1.109673976898193359e-01 2.039766311645507812e-01 -4.257639050483703613e-01 6.109830141067504883e-01
-2.602729797363281250e-01 -2.500146627426147461e-02 5.731499195098876953e-02 1.093080043792724609e-01 -2.105230093002319336e-01 3.703954219818115234e-01
-1.072618961334228516e-01 2.451221942901611328e-01 -7.085800170898437500e-04 1.854112148284912109e-01 -3.210779428482055664e-01 5.792913436889648438e-01
-4.731600284576416016e-01 2.204021215438842773e-01 -3.805333375930786133e-02 2.948422431945800781e-01 -2.991680502891540527e-01 5.162128210067749023e-01
8.351218700408935547e-02 1.430866718292236328e-01 -2.283640503883361816e-01 4.330461025238037109e-01 -4.147970676422119141e-01 4.023678302764892578e-01
-2.464031577110290527e-01 1.952240467071533203e-01 1.232693195343017578e-01 3.116726875305175781e-03 -3.367053866386413574e-01 5.425921678543090820e-01
-1.726026535034179688e-01 -3.778755664825439453e-03 2.940247058868408203e-01 2.998208999633789062e-02 -2.821909785270690918e-01 4.172430038452148438e-01
-3.783282637596130371e-01 9.078145027160644531e-02 5.333836078643798828e-01 -8.477514982223510742e-02 -2.804177403450012207e-01 5.757861137390136719e-01
-4.750330448150634766e-01 1.236712932586669922e-01 5.749136209487915039e-01 1.230916976928710938e-01 -2.202314138412475586e-01 5.152881145477294922e-01
