7.052782773971557617e-01 5.679951906204223633e-01 -1.914625167846679688e-01 -8.891689777374267578e-02 5.313158035278320312e-03 1.482959985733032227e-01
8.143090009689331055e-01 5.075137615203857422e-01 -1.209565997123718262e-01 7.949829101562500000e-03 -1.367111802101135254e-01 1.988645792007446289e-01
7.864254713058471680e-01 4.477235078811645508e-01 -1.212381124496459961e-01 -1.036100387573242188e-01 -1.396480202674865723e-01 1.262974739074707031e-01
7.243224382400512695e-01 4.211430549621582031e-01 -1.300958991050720215e-01 -9.472465515136718750e-02 -8.295506238937377930e-02 7.623088359832763672e-02
7.539703845977783203e-01 3.474961519241333008e-01 -1.030816435813903809e-01 -9.309482574462890625e-02 4.105794429779052734e-02 -1.360547542572021484e-02
7.028779983520507812e-01 2.944984436035156250e-01 -2.272368073463439941e-01 -3.542214632034301758e-02 -4.155242443084716797e-02 -4.494893550872802734e-02
7.495905160903930664e-01 3.995561599731445312e-01 -2.944132685661315918e-01 -4.447340965270996094e-02 -1.078004837036132812e-01 -3.834807872772216797e-02
6.313544511795043945e-01 3.558193445205688477e-01 -1.306270360946655273e-01 -2.470790147781372070e-01 -1.896993517875671387e-01 3.423547744750976562e-02
8.484418392181396484e-01 4.004756212234497070e-01 -2.836834192276000977e-01 -3.922927379608154297e-02 -2.440100908279418945e-01 5.761706829071044922e-02
6.349893808364868164e-01 3.983322381973266602e-01 -1.506376862525939941e-01 -8.249312639236450195e-02 -2.282416820526123047e-01 7.240808010101318359e-02
7.000589370727539062e-01 4.192792177200317383e-01 -2.133886814117431641e-01 -1.031382083892822266e-01 -1.836211085319519043e-01 1.087567806243896484e-01
7.484474182128906250e-01 4.513680934906005859e-01 -2.827804088592529297e-01 -1.444483399391174316e-01 -1.790084838867187500e-01 7.911455631256103516e-02
7.636924982070922852e-01 4.638447761535644531e-01 -1.750403642654418945e-01 -1.688333153724670410e-01 -1.191756725311279297e-01 1.371910572052001953e-01
8.680177927017211914e-01 3.682626485824584961e-01 -2.206059098243713379e-01 -1.596174240112304688e-01 2.125906944274902344e-02 6.127238273620605469e-03
7.365553379058837891e-01 3.172719478607177734e-01 -9.781879186630249023e-02 -1.189420223236083984e-01 6.762623786926269531e-02 4.749333858489990234e-02
6.589931249618530273e-01 2.536176443099975586e-01 -1.597988605499267578e-02 -1.888549327850341797e-02 7.789194583892822266e-02 1.349304914474487305e-01
6.480095386505126953e-01 1.210855245590209961e-01 2.434766292572021484e-02 1.872730255126953125e-02 1.460922956466674805e-01 1.455851793289184570e-01
5.130215883255004883e-01 5.597770214080810547e-02 1.398564577102661133e-01 -8.070063591003417969e-02 2.221674919128417969e-01 1.621297597885131836e-01
5.107944011688232422e-01 -7.776105403900146484e-02 1.372330188751220703e-01 -3.303372859954833984e-02 2.786169052124023438e-01 8.145582675933837891e-02
3.507412672042846680e-01 -3.216886520385742188e-02 1.853830814361572266e-01 -6.092375516891479492e-02 1.698172092437744141e-01 1.839956045150756836e-01
1.113634109497070312e-01 -1.250952482223510742e-02 1.075947284698486328e-01 -8.112120628356933594e-02 -2.885329723358154297e-02 3.124047517776489258e-01
2.380760908126831055e-01 -1.625962853431701660e-01 2.629160881042480469e-02 -1.958097219467163086e-01 1.645576953887939453e-01 1.679141521453857422e-01
1.772650480270385742e-01 -1.787710785865783691e-01 9.282708168029785156e-02 -1.309846639633178711e-01 7.657551765441894531e-02 2.429596185684204102e-01
3.511449098587036133e-01 -1.335949897766113281e-01 -2.117510437965393066e-01 -1.155052185058593750e-01 -3.705328702926635742e-02 1.953991651535034180e-01
3.351444005966186523e-01 -7.540005445480346680e-02 -8.969187736511230469e-03 -1.860135197639465332e-01 -1.769248247146606445e-01 1.979790925979614258e-01
3.805042505264282227e-01 -2.510610222816467285e-01 -8.687937259674072266e-02 -1.098526716232299805e-01 -1.968836784362792969e-02 4.469633102416992188e-03
3.239909410476684570e-01 -3.713597655296325684e-01 -2.726751565933227539e-02 -2.377311587333679199e-01 7.854366302490234375e-02 -1.233702898025512695e-01
3.420377969741821289e-01 -5.071226358413696289e-01 3.897023200988769531e-02 -2.409290671348571777e-01 1.235469579696655273e-01 -1.270853877067565918e-01
3.685332536697387695e-01 -5.052874088287353516e-01 2.702534198760986328e-02 -2.972733974456787109e-01 2.206308841705322266e-01 -1.225643754005432129e-01
3.526806831359863281e-01 -4.758895635604858398e-01 4.589712619781494141e-02 -3.483201861381530762e-01 2.116125822067260742e-01 -1.293167471885681152e-01
2.635259628295898438e-01 -3.664264082908630371e-01 -7.003551721572875977e-02 -3.873888850212097168e-01 1.127204895019531250e-01 -1.272963881492614746e-01
2.810516357421875000e-01 -4.555460810661315918e-01 3.334867954254150391e-02 -3.509915471076965332e-01 1.511805057525634766e-01 -1.523031592369079590e-01
2.049721479415893555e-01 -4.638659954071044922e-01 -6.865739822387695312e-03 -2.649241089820861816e-01 2.511382102966308594e-03 -2.067929506301879883e-01
7.039999961853027344e-02 -5.645294189453125000e-01 4.838228225708007812e-02 -1.536449790000915527e-01 -1.915328502655029297e-01 -2.192100286483764648e-01
3.116496801376342773e-01 -4.976481795310974121e-01 -8.434832096099853516e-02 -3.561994433403015137e-01 -8.755528926849365234e-02 -2.893040776252746582e-01
1.055703163146972656e-01 -4.516154527664184570e-01 3.595590591430664062e-02 -2.895327210426330566e-01 -2.673596143722534180e-01 -8.865487575531005859e-02
6.177878379821777344e-02 -6.093076467514038086e-01 7.161545753479003906e-02 -3.116522431373596191e-01 -1.017456054687500000e-01 -2.469582557678222656e-01
5.231499671936035156e-02 -4.832242131233215332e-01 1.466804742813110352e-01 -3.764586448669433594e-01 -1.377699971199035645e-01 -8.637934923171997070e-02
4.580831527709960938e-02 -5.078721046447753906e-01 -3.688490390777587891e-02 -3.465489149093627930e-01 -4.776132106781005859e-02 -2.940413951873779297e-01
8.694171905517578125e-02 -4.157807826995849609e-01 2.814340591430664062e-02 -7.413136959075927734e-02 -2.703915238380432129e-01 2.449929714202880859e-02
1.393642425537109375e-01 -4.865803718566894531e-01 1.321423053741455078e-01 -3.958095908164978027e-01 -9.764754772186279297e-02 -1.118726134300231934e-01
2.220299243927001953e-01 -4.264092445373535156e-01 -9.019440412521362305e-02 -3.159026503562927246e-01 -1.719381213188171387e-01 -1.059554815292358398e-01
2.108089923858642578e-01 -5.067780613899230957e-01 -1.086589694023132324e-01 -2.273107767105102539e-01 -1.809823513031005859e-01 -1.467382311820983887e-01
1.332718133926391602e-01 -5.404405593872070312e-01 8.824455738067626953e-02 -3.724600076675415039e-01 -2.496217489242553711e-01 -1.530468463897705078e-03
1.199789047241210938e-01 -6.294671297073364258e-01 1.105365753173828125e-01 -5.642769336700439453e-01 -8.693253993988037109e-02 -1.692179441452026367e-01
1.032264232635498047e-01 -5.452491044998168945e-01 1.583669185638427734e-01 -6.960001587867736816e-01 -6.683248281478881836e-02 -1.260460019111633301e-01
1.382037401199340820e-01 -4.538410305976867676e-01 7.611191272735595703e-02 -6.432027816772460938e-01 2.359139919281005859e-02 -1.054522991180419922e-01
2.946367263793945312e-01 -3.462859988212585449e-01 1.071408987045288086e-01 -7.255977988243103027e-01 2.465672492980957031e-01 -1.770175695419311523e-01
3.035268783569335938e-01 -2.926904559135437012e-01 -7.319450378417968750e-05 -5.959136486053466797e-01 3.164401054382324219e-01 -2.493097782135009766e-01
3.073768615722656250e-01 -2.075922489166259766e-01 -2.072902321815490723e-01 -5.404069423675537109e-01 3.896894454956054688e-01 -3.459392786026000977e-01
2.857472896575927734e-01 -1.501774787902832031e-02 -3.537417650222778320e-01 -4.364343285560607910e-01 2.692625522613525391e-01 -2.391001582145690918e-01
1.339206695556640625e-01 5.996644496917724609e-02 -2.937197089195251465e-01 -2.554457187652587891e-01 1.320402622222900391e-01 -1.065971851348876953e-01
7.120025157928466797e-02 1.603595018386840820e-01 -2.566569447517395020e-01 -1.956496238708496094e-01 4.943728446960449219e-03 9.147167205810546875e-02
6.442725658416748047e-02 1.674787998199462891e-01 -2.616982460021972656e-01 -1.013439297676086426e-01 -4.189467430114746094e-02 2.081623077392578125e-01
1.538670063018798828e-01 2.259342670440673828e-01 -2.378125786781311035e-01 5.812346935272216797e-02 -1.079881191253662109e-01 3.497134447097778320e-01
5.868160724639892578e-02 3.186665773391723633e-01 -1.413362622261047363e-01 9.966707229614257812e-02 -2.790005207061767578e-01 5.547863245010375977e-01
1.001657247543334961e-01 2.575081586837768555e-01 -1.589952111244201660e-01 2.389430999755859375e-02 -1.510899662971496582e-01 4.665576219558715820e-01
1.675350666046142578e-01 1.611196994781494141e-01 -1.712930202484130859e-01 -1.775056123733520508e-02 1.083612442016601562e-03 3.072723150253295898e-01
2.582550048828125000e-02 2.558751106262207031e-01 -1.313599348068237305e-01 -7.011288404464721680e-02 -1.221929192543029785e-01 3.770684003829956055e-01
1.935693025588989258e-01 2.597885131835937500e-01 -3.353058099746704102e-01 5.300676822662353516e-02 -1.560478210449218750e-01 3.343356847763061523e-01
1.125453710556030273e-01 3.694152832031250000e-01 -2.193540930747985840e-01 4.108536243438720703e-02 -2.274181246757507324e-01 4.269138574600219727e-01
3.235995769500732422e-02 3.194856643676757812e-01 -2.435932755470275879e-01 3.278172016143798828e-02 -2.351652979850769043e-01 3.583667278289794922e-01
4.622757434844970703e-02 3.009418249130249023e-01 -3.050671815872192383e-01 -7.327163219451904297e-02 -1.780413985252380371e-01 2.533434629440307617e-01
7.487881183624267578e-02 2.973637580871582031e-01 -3.158583641052246094e-01 -1.985538005828857422e-01 -1.091701984405517578e-01 1.941301822662353516e-01
1.481362581253051758e-01 2.841517925262451172e-01 -3.426437973976135254e-01 -3.819760680198669434e-01 6.490516662597656250e-02 5.901575088500976562e-02
3.344883918762207031e-01 8.490788936614990234e-02 -2.647783160209655762e-01 -5.385375022888183594e-01 3.690394163131713867e-01 -9.912055730819702148e-02
5.406422615051269531e-01 -1.286290884017944336e-01 -1.337735056877136230e-01 -4.761843681335449219e-01 5.571916103363037109e-01 -2.094520926475524902e-01
4.418138265609741211e-01 -3.148046135902404785e-01 -1.196998357772827148e-02 -4.296588897705078125e-01 5.821173191070556641e-01 -2.808831930160522461e-01
4.505410194396972656e-01 -4.488792419433593750e-01 2.459764480590820312e-02 -4.028257131576538086e-01 5.328638553619384766e-01 -3.002862334251403809e-01
3.754992485046386719e-01 -4.834458827972412109e-01 1.543772220611572266e-01 -5.463541746139526367e-01 3.937917947769165039e-01 -1.505659222602844238e-01
2.609091997146606445e-01 -5.105437040328979492e-01 1.038537025451660156e-01 -5.763808488845825195e-01 2.431218624114990234e-01 -1.478362679481506348e-01
3.734652996063232422e-01 -4.629985094070434570e-01 1.447772979736328125e-02 -6.210370063781738281e-01 2.171159982681274414e-01 -1.746495962142944336e-01
2.889784574508666992e-01 -4.572636485099792480e-01 -1.456117630004882812e-02 -4.458664059638977051e-01 -7.763326168060302734e-03 -7.575350999832153320e-02
2.360419034957885742e-01 -5.379509925842285156e-01 -5.667555332183837891e-02 -4.690333008766174316e-01 3.680098056793212891e-02 -1.822047233581542969e-01
1.594518423080444336e-01 -4.409944415092468262e-01 -3.098511695861816406e-02 -6.388436555862426758e-01 -4.534125328063964844e-03 -1.558089256286621094e-01
3.017523288726806641e-01 -4.059962630271911621e-01 -1.958709955215454102e-01 -4.887639284133911133e-01 -5.531001091003417969e-02 -1.904832124710083008e-01
2.834743261337280273e-01 -5.105330944061279297e-01 -1.437162160873413086e-01 -5.188792943954467773e-01 6.503105163574218750e-02 -3.538147211074829102e-01
1.505696773529052734e-01 -6.510823965072631836e-01 6.751894950866699219e-03 -4.677433967590332031e-01 1.475822925567626953e-02 -3.221224546432495117e-01
7.185661792755126953e-02 -6.233722567558288574e-01 1.299195289611816406e-01 -4.049725532531738281e-01 -1.046213507652282715e-01 -2.579668760299682617e-01
1.659055948257446289e-01 -4.806446433067321777e-01 6.277155876159667969e-02 -5.130816698074340820e-01 -1.837017536163330078e-01 -2.448460459709167480e-01
3.303182125091552734e-01 -5.331925153732299805e-01 -1.988518238067626953e-02 -4.116052985191345215e-01 -9.285569190979003906e-02 -1.801410317420959473e-01
1.478223800659179688e-01 -3.930828571319580078e-01 -2.432334423065185547e-02 -5.099586248397827148e-01 -7.515615224838256836e-02 -1.125788688659667969e-02
1.378271579742431641e-01 -7.706846594810485840e-01 1.677674055099487305e-01 -3.306493759155273438e-01 -6.286877393722534180e-02 -2.177005410194396973e-01
-1.398463249206542969e-01 -4.736049175262451172e-01 1.081697940826416016e-01 -6.436043977737426758e-01 -3.022641539573669434e-01 -1.081963181495666504e-01
-1.656375527381896973e-01 -6.939931511878967285e-01 1.660240888595581055e-01 -3.614038228988647461e-01 -7.882517576217651367e-02 -3.479925990104675293e-01
-1.213504076004028320e-01 -6.183843612670898438e-01 3.358042240142822266e-02 -3.040057420730590820e-01 -1.370140910148620605e-01 -1.442657113075256348e-01
-2.718316316604614258e-01 -5.402535200119018555e-01 8.393466472625732422e-02 -3.001359105110168457e-01 -3.807598352432250977e-02 -1.398425698280334473e-01
-4.369499683380126953e-01 -3.522553443908691406e-01 1.567219495773315430e-01 -2.980006933212280273e-01 -1.239219307899475098e-01 -1.070868372917175293e-01
-3.808741569519042969e-01 -3.563255071640014648e-01 1.681704521179199219e-01 -2.076892852783203125e-01 -1.787110567092895508e-01 -7.463556528091430664e-02
-1.624711751937866211e-01 -2.888458967208862305e-01 3.477123975753784180e-01 -1.673823595046997070e-01 -2.394004464149475098e-01 -9.634792804718017578e-02
-3.804215192794799805e-01 -3.477338552474975586e-01 9.576570987701416016e-02 -5.996227264404296875e-02 -3.677587509155273438e-01 -1.249616146087646484e-01
-3.727209568023681641e-02 -4.450253844261169434e-01 3.043676614761352539e-01 -9.164375066757202148e-02 -9.518122673034667969e-02 -1.634811758995056152e-01
-2.378035187721252441e-01 -3.644197583198547363e-01 2.072727680206298828e-01 -7.188707590103149414e-02 -1.279091835021972656e-01 -2.394191026687622070e-01
2.113784551620483398e-01 1.569900512695312500e-01 4.519124031066894531e-01 -8.586108684539794922e-02 1.345014572143554688e-02 1.018174886703491211e-01
4.233005046844482422e-01 3.897815942764282227e-01 4.991482496261596680e-01 -2.360619306564331055e-01 1.424872875213623047e-02 3.523269891738891602e-01
4.554673433303833008e-01 4.078896045684814453e-01 4.244424104690551758e-01 -1.484548449516296387e-01 1.779365539550781250e-02 3.670020103454589844e-01
6.372818946838378906e-01 4.583876132965087891e-01 4.201213121414184570e-01 -2.864399552345275879e-01 1.334428787231445312e-03 4.569636583328247070e-01
7.504180669784545898e-01 5.034146308898925781e-01 1.062325239181518555e-01 -1.937378644943237305e-01 -3.916752338409423828e-02 3.664379119873046875e-01
6.485689878463745117e-01 4.199013710021972656e-01 1.031749248504638672e-01 -2.776989340782165527e-01 1.464176177978515625e-02 2.030432224273681641e-01
5.703488588333129883e-01 2.821840047836303711e-01 8.516192436218261719e-03 -1.399320960044860840e-01 -8.674502372741699219e-03 3.082656860351562500e-02
5.952131748199462891e-01 1.571365594863891602e-01 1.144981384277343750e-01 -2.581877112388610840e-01 9.997737407684326172e-02 -4.635095596313476562e-02
8.072352409362792969e-01 2.162278890609741211e-01 1.555728912353515625e-01 -4.228133559226989746e-01 1.297658681869506836e-01 4.460620880126953125e-02
6.618530750274658203e-01 7.306301593780517578e-02 2.512245178222656250e-01 -3.636569976806640625e-01 1.867539882659912109e-01 -3.108525276184082031e-02
5.498061180114746094e-01 -1.184122562408447266e-01 2.940130233764648438e-01 -2.834666371345520020e-01 2.460170984268188477e-01 -1.452857255935668945e-01
3.809401988983154297e-01 -1.593040823936462402e-01 4.281636476516723633e-01 -4.323972463607788086e-01 2.546615600585937500e-01 -1.689074039459228516e-01
1.385903358459472656e-01 -1.489138007164001465e-01 6.900591850280761719e-01 -4.436035156250000000e-01 2.440826892852783203e-01 -2.636263966560363770e-01
-1.920644044876098633e-01 -4.476428031921386719e-02 7.660536766052246094e-01 -8.461982011795043945e-02 -9.204727411270141602e-02 -3.267747163772583008e-02
-6.260877847671508789e-02 -4.799562692642211914e-02 6.530058383941650391e-01 -2.061220407485961914e-01 5.978345870971679688e-02 -1.018535494804382324e-01
-1.466284394264221191e-01 2.999281883239746094e-02 6.317195892333984375e-01 -2.911264300346374512e-01 -1.293092966079711914e-02 6.227636337280273438e-02
-2.463563680648803711e-01 8.087646961212158203e-02 6.647934913635253906e-01 -7.438790798187255859e-02 -6.052511930465698242e-02 -2.483189105987548828e-03
-2.914670109748840332e-01 2.273297309875488281e-02 5.357724428176879883e-01 -3.516519069671630859e-02 -1.000901460647583008e-01 4.262578487396240234e-02
-3.690261840820312500e-01 3.999924659729003906e-02 6.271686553955078125e-01 -1.396504640579223633e-01 -1.050524115562438965e-01 1.943045854568481445e-01
-2.556728124618530273e-01 -1.395116448402404785e-01 5.169136524200439453e-01 -6.664711236953735352e-02 6.908118724822998047e-02 -2.804559469223022461e-02
-1.717078089714050293e-01 -2.012228965759277344e-02 4.234573841094970703e-01 -7.025724649429321289e-02 -9.148168563842773438e-02 -9.690439701080322266e-02
-2.837988734245300293e-01 -3.171887397766113281e-01 5.863400697708129883e-01 1.562391519546508789e-01 3.646366596221923828e-01 -4.838478565216064453e-01
-8.768212795257568359e-02 -3.273773193359375000e-01 4.954779148101806641e-01 1.179914474487304688e-01 4.733654260635375977e-01 -5.828238129615783691e-01
-2.591735124588012695e-02 -3.182460069656372070e-01 6.763457059860229492e-01 -2.090530991554260254e-01 2.190181016921997070e-01 -3.830147385597229004e-01
2.895536422729492188e-01 -8.640199899673461914e-02 4.800733327865600586e-01 -2.030591368675231934e-01 1.437834501266479492e-01 1.438772678375244141e-02
3.286682367324829102e-01 2.114379405975341797e-02 4.014749526977539062e-01 -1.972235441207885742e-01 1.664251089096069336e-01 7.426130771636962891e-02
3.819572925567626953e-01 2.165601253509521484e-01 4.564086198806762695e-01 -3.083717226982116699e-01 1.237773895263671875e-02 2.293345928192138672e-01
3.202978372573852539e-01 3.434028625488281250e-01 4.956763982772827148e-01 -4.172713756561279297e-01 -3.976267576217651367e-02 3.429145812988281250e-01
3.511770963668823242e-01 4.083975553512573242e-01 4.797613620758056641e-01 -3.987121582031250000e-01 -6.245541572570800781e-02 3.944380283355712891e-01
4.195232391357421875e-01 4.706290960311889648e-01 4.607002735137939453e-01 -3.961727023124694824e-01 -6.538504362106323242e-02 3.861169815063476562e-01
3.969380855560302734e-01 4.440767765045166016e-01 4.908633232116699219e-01 -4.978215694427490234e-01 -3.488183021545410156e-03 3.562666177749633789e-01
3.054999113082885742e-01 3.082286119461059570e-01 4.903966188430786133e-01 -4.952011704444885254e-01 1.826202869415283203e-02 2.487591505050659180e-01
3.489334583282470703e-01 3.380869626998901367e-01 4.868916273117065430e-01 -4.095786213874816895e-01 -9.942835569381713867e-02 3.313095569610595703e-01
3.871978521347045898e-01 1.274966001510620117e-01 5.472619533538818359e-01 -4.468315243721008301e-01 6.071650981903076172e-02 1.875165700912475586e-01
2.402939796447753906e-01 -4.142373800277709961e-02 5.529114007949829102e-01 -4.335487484931945801e-01 1.876804828643798828e-01 -2.199018001556396484e-02
6.491291522979736328e-02 -2.851606607437133789e-01 6.784268617630004883e-01 -4.873999953269958496e-01 3.272511959075927734e-01 -2.905665636062622070e-01
-1.253485679626464844e-01 -1.471717357635498047e-01 8.047120571136474609e-01 -5.197650194168090820e-01 2.297712564468383789e-01 -6.761419773101806641e-02
-2.433993220329284668e-01 1.056051254272460938e-01 8.156496286392211914e-01 -3.473878502845764160e-01 -1.566052436828613281e-02 1.497206687927246094e-01
-3.350021839141845703e-01 2.039098739624023438e-02 8.687236309051513672e-01 -2.766085863113403320e-01 6.823933124542236328e-02 1.328037977218627930e-01
-2.154985666275024414e-01 6.971061229705810547e-02 7.597935199737548828e-01 -1.649723649024963379e-01 -6.644803285598754883e-02 2.820744514465332031e-01
-3.270235061645507812e-01 -1.689161062240600586e-01 5.338810682296752930e-01 -3.728001713752746582e-01 6.490123271942138672e-02 -1.941272020339965820e-01
-2.546091675758361816e-01 -2.297480702400207520e-01 5.258512496948242188e-01 -4.122871756553649902e-01 1.299036741256713867e-01 -2.730937004089355469e-01
-2.512702941894531250e-01 -6.526654958724975586e-02 5.568050146102905273e-01 -2.317225933074951172e-01 4.567861557006835938e-03 5.425059795379638672e-02
-2.343756556510925293e-01 -1.870328783988952637e-01 4.329136610031127930e-01 -1.728191375732421875e-01 1.023854017257690430e-01 -2.178428173065185547e-01
-2.590851783752441406e-01 -1.753979325294494629e-01 3.271404504776000977e-01 -1.893687248229980469e-02 2.293194532394409180e-01 -4.004410505294799805e-01
-2.677949070930480957e-01 -1.044412255287170410e-01 2.730188369750976562e-01 -1.495752334594726562e-01 4.090111255645751953e-01 -3.509796857833862305e-01
-1.429498791694641113e-01 -4.285086989402770996e-01 1.397497653961181641e-01 -2.907198667526245117e-02 4.267611503601074219e-01 -6.680239439010620117e-01
-2.707097530364990234e-01 -5.412830710411071777e-01 3.564394712448120117e-01 3.898692131042480469e-02 4.830106496810913086e-01 -5.755552649497985840e-01
-2.126386165618896484e-01 -4.851748943328857422e-01 4.019427299499511719e-01 3.753280639648437500e-02 2.811324596405029297e-01 -4.588412046432495117e-01
-1.238070726394653320e-01 -4.932657480239868164e-01 6.824289560317993164e-01 -1.737926006317138672e-01 2.132607698440551758e-01 -3.931289911270141602e-01
1.699080467224121094e-01 -6.193972826004028320e-01 3.974258899688720703e-01 -4.155838489532470703e-01 2.579292058944702148e-01 -5.564574003219604492e-01
1.855782270431518555e-01 -4.303172826766967773e-01 -3.681957721710205078e-03 -3.017379045486450195e-01 2.912586927413940430e-01 -4.570852518081665039e-01
3.969744443893432617e-01 -4.323822259902954102e-01 -2.429587244987487793e-01 -4.967788457870483398e-01 3.909232616424560547e-01 -5.858986377716064453e-01
2.144759893417358398e-01 -3.927619457244873047e-01 -1.037218570709228516e-01 -5.669423341751098633e-01 1.951828002929687500e-01 -3.398267626762390137e-01
1.896815299987792969e-01 -4.005310535430908203e-01 -6.196922063827514648e-02 -5.690003037452697754e-01 2.166991233825683594e-01 -4.078744649887084961e-01
1.732156276702880859e-01 -3.977694511413574219e-01 -1.281753778457641602e-01 -6.549308300018310547e-01 1.956685781478881836e-01 -5.341101288795471191e-01
2.409434318542480469e-02 -2.064278125762939453e-01 6.633186340332031250e-02 -6.806282997131347656e-01 -6.368118524551391602e-02 -2.696491479873657227e-01
-1.674799919128417969e-01 -2.152104377746582031e-01 3.546115159988403320e-01 -6.271917819976806641e-01 9.841680526733398438e-03 -1.774825453758239746e-01
-2.314226031303405762e-01 -4.751760363578796387e-01 3.914532661437988281e-01 -6.002978682518005371e-01 2.429151535034179688e-01 -4.387898445129394531e-01
-8.146971464157104492e-02 -4.875523447990417480e-01 4.070184230804443359e-01 -5.025709867477416992e-01 2.690966129302978516e-01 -3.646948933601379395e-01
-3.425300121307373047e-01 -4.804676175117492676e-01 6.453013420104980469e-02 -3.047507405281066895e-01 2.605080604553222656e-01 -4.731423854827880859e-01
-4.565961360931396484e-01 -4.820684790611267090e-01 1.668540239334106445e-01 -2.762764692306518555e-01 2.076929807662963867e-01 -3.996360301971435547e-01
-2.599197626113891602e-01 -3.862367868423461914e-01 2.319428920745849609e-01 -3.123120665550231934e-01 -7.232218980789184570e-02 -3.323270678520202637e-01
-3.045272827148437500e-01 -2.338187694549560547e-01 5.202096700668334961e-01 -3.335204720497131348e-01 -2.191599607467651367e-01 -1.788985729217529297e-02
-4.240647554397583008e-01 -2.545205950736999512e-01 3.798131942749023438e-01 -7.820147275924682617e-02 -6.343859434127807617e-02 -1.962316036224365234e-02
-2.785062193870544434e-01 -1.680164933204650879e-01 4.050143957138061523e-01 -1.742457747459411621e-01 -1.984871625900268555e-01 3.992199897766113281e-02
-3.512054085731506348e-01 2.420501708984375000e-01 3.976751565933227539e-01 -1.386411190032958984e-01 -3.967491984367370605e-01 3.019154071807861328e-01
-1.554545760154724121e-01 1.698027849197387695e-01 2.479629516601562500e-01 1.436263322830200195e-01 -2.478514313697814941e-01 2.168381214141845703e-01
-2.439943552017211914e-01 3.223222494125366211e-01 1.833257675170898438e-01 2.679947614669799805e-01 -3.758952617645263672e-01 3.508888483047485352e-01
-4.454256892204284668e-01 3.769694566726684570e-01 3.635532855987548828e-01 2.341449260711669922e-02 -5.799385905265808105e-01 3.339591026306152344e-01
-4.514244794845581055e-01 4.772889614105224609e-02 4.781353473663330078e-01 9.911143779754638672e-02 -2.325682640075683594e-01 1.234712600708007812e-01
-1.056192517280578613e-01 9.282457828521728516e-02 2.070478200912475586e-01 -2.064299583435058594e-02 -3.175444006919860840e-01 2.813712358474731445e-01
-1.327759027481079102e-01 1.301826238632202148e-01 -1.558631658554077148e-02 2.410290241241455078e-01 -4.064038991928100586e-01 3.135237693786621094e-01
-1.588847041130065918e-01 2.238945960998535156e-01 -3.646546602249145508e-02 1.416953802108764648e-01 -4.806539416313171387e-01 4.282221794128417969e-01
-1.693321466445922852e-01 3.454498052597045898e-01 -1.394581198692321777e-01 2.519216537475585938e-01 -6.588933467864990234e-01 6.084364652633666992e-01
-2.065571546554565430e-01 3.680437803268432617e-01 -1.174597740173339844e-01 3.067684173583984375e-01 -7.127581238746643066e-01 6.834375858306884766e-01
-1.538156867027282715e-01 2.219371795654296875e-01 -3.166526556015014648e-02 3.456305265426635742e-01 -5.595707893371582031e-01 6.201320886611938477e-01
-1.217897534370422363e-01 2.211678028106689453e-01 -2.595484256744384766e-02 2.957979440689086914e-01 -5.050374269485473633e-01 5.905332565307617188e-01
-1.152833700180053711e-01 4.630517959594726562e-02 -6.215888261795043945e-02 2.285088300704956055e-01 -4.293851256370544434e-01 3.962882757186889648e-01
-1.433508992195129395e-01 2.524323463439941406e-01 -8.530163764953613281e-02 2.995688915252685547e-01 -3.445760607719421387e-01 5.265928506851196289e-01
6.460440158843994141e-02 2.232502698898315430e-01 -1.122945547103881836e-01 2.963906526565551758e-01 -3.950101137161254883e-01 4.403452873229980469e-01
-2.154622077941894531e-01 1.413617134094238281e-01 1.889705657958984375e-01 8.893740177154541016e-02 -4.324927330017089844e-01 5.909608602523803711e-01
-1.257103681564331055e-01 7.062435150146484375e-02 8.095169067382812500e-02 1.763473749160766602e-01 -3.824646472930908203e-01 4.482070207595825195e-01
-4.668715000152587891e-01 6.544840335845947266e-02 3.577737808227539062e-01 4.532492160797119141e-02 -2.142907977104187012e-01 4.165784120559692383e-01
-1.106685996055603027e-01 3.036801815032958984e-01 2.533943653106689453e-01 1.160067319869995117e-01 -7.392362952232360840e-01 7.031453847885131836e-01
-1.564612388610839844e-01 2.922847270965576172e-01 3.226877450942993164e-01 1.724377870559692383e-01 -7.099252939224243164e-01 6.370679140090942383e-01
-5.117673873901367188e-01 -8.344423770904541016e-02 3.657763004302978516e-01 -5.642181634902954102e-02 -4.972040057182312012e-01 1.528162956237792969e-01
-4.486129283905029297e-01 6.491911411285400391e-02 4.290924072265625000e-01 1.332128047943115234e-02 -5.073598623275756836e-01 3.493881225585937500e-01
