7.821298837661743164e-01 6.335093975067138672e-01 -2.850035429000854492e-01 1.350744962692260742e-01 -1.219552159309387207e-01 2.327116727828979492e-01
9.309035539627075195e-01 5.741869211196899414e-01 -4.962018728256225586e-01 1.874961853027343750e-01 -4.791164398193359375e-02 1.261128187179565430e-01
8.104251623153686523e-01 6.811610460281372070e-01 -4.480823278427124023e-01 1.368864774703979492e-01 -1.812264919281005859e-01 1.976056098937988281e-01
8.104888200759887695e-01 6.063874959945678711e-01 -4.220845103263854980e-01 2.303779125213623047e-02 -1.304154396057128906e-01 1.309994459152221680e-01
7.928016185760498047e-01 4.839010238647460938e-01 -4.146656990051269531e-01 -3.617066144943237305e-02 -9.532326459884643555e-02 -1.210993528366088867e-02
6.166228055953979492e-01 4.454797506332397461e-01 -3.276021480560302734e-01 1.431286334991455078e-02 -1.746892333030700684e-01 5.404305458068847656e-02
7.903792858123779297e-01 4.196355342864990234e-01 -4.086795449256896973e-01 7.452785968780517578e-02 -1.250523924827575684e-01 7.636952400207519531e-02
6.862908601760864258e-01 4.431362152099609375e-01 -2.703319787979125977e-01 5.655384063720703125e-02 -1.116107702255249023e-01 1.144565343856811523e-01
8.793604373931884766e-01 4.394819736480712891e-01 -4.804511666297912598e-01 5.167365074157714844e-02 -2.948367595672607422e-02 5.316495895385742188e-02
6.378509998321533203e-01 4.809881448745727539e-01 -2.118933796882629395e-01 4.263949394226074219e-02 -1.646320819854736328e-01 1.427044868469238281e-01
6.344404220581054688e-01 3.578079938888549805e-01 -2.461478114128112793e-01 3.701329231262207031e-02 1.620972156524658203e-02 -8.552020788192749023e-02
6.135280132293701172e-01 3.795186281204223633e-01 -2.072281241416931152e-01 1.257265806198120117e-01 -1.593633890151977539e-01 7.142758369445800781e-02
4.966009855270385742e-01 5.353145599365234375e-01 -2.521578073501586914e-01 9.256374835968017578e-02 -4.023635983467102051e-01 2.110239267349243164e-01
4.617023468017578125e-01 5.724176168441772461e-01 -3.352102637290954590e-01 2.075549364089965820e-01 -4.671728014945983887e-01 2.262398004531860352e-01
4.916465282440185547e-01 5.170772075653076172e-01 -4.478881359100341797e-01 2.485932111740112305e-01 -3.901398777961730957e-01 1.417983770370483398e-01
4.066272974014282227e-01 4.679031372070312500e-01 -3.720620870590209961e-01 2.751523256301879883e-01 -3.720189929008483887e-01 1.350353956222534180e-01
4.360721111297607422e-01 3.971296548843383789e-01 -3.662760853767395020e-01 2.405028343200683594e-01 -2.749434709548950195e-01 6.664752960205078125e-02
3.517265319824218750e-01 3.964484930038452148e-01 -3.530513048171997070e-01 2.821118831634521484e-01 -3.683156967163085938e-01 1.764881610870361328e-01
5.300433635711669922e-01 3.713312149047851562e-01 -3.253328204154968262e-01 1.555681228637695312e-01 -1.945794820785522461e-01 1.293437480926513672e-01
3.393557071685791016e-01 5.324708223342895508e-01 -3.020605444908142090e-01 9.755456447601318359e-02 -4.047589302062988281e-01 3.599007129669189453e-01
2.412699460983276367e-01 5.307306051254272461e-01 -3.596358895301818848e-01 1.260029077529907227e-01 -4.376596212387084961e-01 4.242054224014282227e-01
2.677305936813354492e-01 4.234200716018676758e-01 -3.692187666893005371e-01 2.227376699447631836e-01 -3.699898123741149902e-01 3.509545326232910156e-01
2.480273246765136719e-01 4.299414157867431641e-01 -3.550685048103332520e-01 2.493290901184082031e-01 -4.408868551254272461e-01 4.637776613235473633e-01
3.244929313659667969e-01 3.437942266464233398e-01 -4.438830614089965820e-01 3.902297019958496094e-01 -3.542692661285400391e-01 4.111812114715576172e-01
2.638049125671386719e-01 4.170141220092773438e-01 -4.889308214187622070e-01 4.013196229934692383e-01 -4.391098618507385254e-01 4.832475185394287109e-01
1.720662117004394531e-01 2.574343681335449219e-01 -3.322947025299072266e-01 3.695969581604003906e-01 -3.721455931663513184e-01 4.212032556533813477e-01
2.155749797821044922e-01 4.159146547317504883e-01 -2.882211208343505859e-01 2.390112876892089844e-01 -4.662948846817016602e-01 5.910121202468872070e-01
1.964526176452636719e-01 3.679978847503662109e-01 -1.342474818229675293e-01 1.665574312210083008e-01 -3.724018335342407227e-01 5.246053934097290039e-01
3.014310598373413086e-01 4.182286262512207031e-01 -9.175586700439453125e-02 9.448349475860595703e-02 -3.371822237968444824e-01 5.669810771942138672e-01
4.487037658691406250e-02 2.986770868301391602e-01 5.982124805450439453e-02 1.917392015457153320e-01 -4.518113732337951660e-01 6.682209968566894531e-01
1.311012506484985352e-01 2.756813764572143555e-01 2.461671829223632812e-02 1.593844890594482422e-01 -3.339948654174804688e-01 5.124949216842651367e-01
-3.309500217437744141e-02 2.664577960968017578e-01 2.507340908050537109e-02 2.775923013687133789e-01 -3.718763589859008789e-01 5.299612283706665039e-01
-2.207654714584350586e-02 2.758034467697143555e-01 -6.630724668502807617e-02 3.180301189422607422e-01 -3.651658892631530762e-01 5.622922182083129883e-01
-5.532014369964599609e-02 3.848112821578979492e-01 -8.746433258056640625e-02 3.491421937942504883e-01 -4.936498999595642090e-01 7.075959444046020508e-01
6.338036060333251953e-02 2.965203523635864258e-01 -9.236735105514526367e-02 1.500754356384277344e-01 -2.559611201286315918e-01 4.941488504409790039e-01
-5.004245042800903320e-02 3.237498998641967773e-01 -5.288112163543701172e-02 2.981573343276977539e-01 -3.360048532485961914e-01 5.398467779159545898e-01
-1.338592767715454102e-01 1.999289989471435547e-01 2.375798225402832031e-01 1.638076305389404297e-01 -2.109011411666870117e-01 6.205348968505859375e-01
-7.650601863861083984e-02 1.376661062240600586e-01 2.417764663696289062e-01 2.543029785156250000e-01 -1.320737600326538086e-01 6.812416315078735352e-01
-3.970535993576049805e-01 1.168162822723388672e-01 3.041497468948364258e-01 6.039726734161376953e-02 -1.179953813552856445e-01 4.893530607223510742e-01
-5.058482885360717773e-01 -2.271062135696411133e-02 3.044281005859375000e-01 8.618688583374023438e-02 -1.112542748451232910e-01 2.330241203308105469e-01
-4.538694620132446289e-01 -4.274111986160278320e-02 2.479357719421386719e-01 5.770289897918701172e-02 -1.780436038970947266e-01 2.450101375579833984e-01
-2.440818548202514648e-01 -1.872164011001586914e-02 2.059894800186157227e-01 2.994716167449951172e-02 -1.616418361663818359e-01 3.425507545471191406e-01
-4.293508529663085938e-01 -4.933452606201171875e-02 4.326040744781494141e-01 -5.863422155380249023e-02 -4.494333267211914062e-02 2.657879590988159180e-01
-3.395653963088989258e-01 4.241514205932617188e-02 5.444158315658569336e-01 -3.216087818145751953e-03 -1.955016851425170898e-01 4.167546033859252930e-01
-3.321153521537780762e-01 -6.558942794799804688e-02 4.437979459762573242e-01 4.936814308166503906e-02 -1.303768754005432129e-01 2.785922288894653320e-01
-6.755328178405761719e-02 -2.410866618156433105e-01 2.502787113189697266e-01 -5.535030364990234375e-02 -6.578552722930908203e-02 6.412160396575927734e-02
1.937731504440307617e-01 3.329907655715942383e-01 2.842323780059814453e-01 -1.213195323944091797e-01 -1.929056644439697266e-01 2.524667978286743164e-01
5.543533563613891602e-01 3.677853345870971680e-01 7.058739662170410156e-02 -5.628222227096557617e-02 -5.057454109191894531e-02 2.199835777282714844e-01
6.633512973785400391e-01 5.776807069778442383e-01 6.413102149963378906e-03 4.666447639465332031e-03 -7.464736700057983398e-02 2.717542648315429688e-01
6.867939233779907227e-01 5.468405485153198242e-01 6.400847434997558594e-02 -1.130513548851013184e-01 2.831780910491943359e-02 2.990810871124267578e-01
7.380626201629638672e-01 4.784644842147827148e-01 1.557663679122924805e-01 -2.962719202041625977e-01 -1.139360666275024414e-02 1.936659812927246094e-01
6.784657239913940430e-01 3.905941247940063477e-01 1.273877620697021484e-01 -2.454564571380615234e-01 -5.368268489837646484e-02 1.511031389236450195e-01
7.281051874160766602e-01 4.354630708694458008e-01 2.263426780700683594e-03 -2.877757549285888672e-01 2.749204635620117188e-03 9.797441959381103516e-02
7.393072843551635742e-01 4.378875494003295898e-01 1.124645471572875977e-01 -3.163487315177917480e-01 2.628004550933837891e-02 5.506622791290283203e-02
6.679360866546630859e-01 3.106145858764648438e-01 2.079702615737915039e-01 -3.154919743537902832e-01 -1.769965887069702148e-02 5.615627765655517578e-02
7.224289178848266602e-01 2.399322986602783203e-01 1.038131713867187500e-01 -2.140328288078308105e-01 -2.487140893936157227e-02 8.278405666351318359e-02
6.287660598754882812e-01 4.658341407775878906e-02 2.573572397232055664e-01 -2.674483060836791992e-01 2.044839859008789062e-01 -8.511483669281005859e-03
6.475820541381835938e-01 4.485011100769042969e-02 2.098745107650756836e-01 -1.959099769592285156e-01 1.632046699523925781e-01 2.124655246734619141e-02
5.638161897659301758e-01 -8.814966678619384766e-02 3.108898401260375977e-01 -2.417767643928527832e-01 2.580046653747558594e-01 -1.727351546287536621e-01
1.752281188964843750e-01 -1.508462429046630859e-01 5.247218608856201172e-01 -2.075470089912414551e-01 7.373583316802978516e-02 -1.275261640548706055e-01
-3.050889968872070312e-01 1.201128959655761719e-02 5.948979854583740234e-01 -3.142259120941162109e-01 3.814625740051269531e-02 -1.659750938415527344e-03
-2.542699575424194336e-01 -1.019986867904663086e-01 6.290811300277709961e-01 -3.027192950248718262e-01 9.101438522338867188e-02 -1.378139853477478027e-01
-2.015837430953979492e-01 -6.381547451019287109e-02 4.212323427200317383e-01 -1.646174788475036621e-01 9.074687957763671875e-02 -1.298803687095642090e-01
-3.579119443893432617e-01 -1.310325264930725098e-01 5.166982412338256836e-01 1.107730865478515625e-01 1.147886514663696289e-01 -5.645757913589477539e-02
-1.333253979682922363e-01 -2.152931690216064453e-01 3.230663537979125977e-01 -1.007903218269348145e-01 5.021545886993408203e-01 -2.660811543464660645e-01
-4.203772544860839844e-02 -5.587983131408691406e-02 2.442488670349121094e-01 -1.356694102287292480e-01 2.039686441421508789e-01 -1.703326106071472168e-01
8.219683170318603516e-02 2.408230304718017578e-02 3.213647603988647461e-01 -2.582474350929260254e-01 6.013107299804687500e-02 -3.737455606460571289e-02
-1.563559770584106445e-01 -1.396567821502685547e-01 7.255395650863647461e-01 -2.207902669906616211e-01 1.266353130340576172e-01 7.268142700195312500e-02
-2.658570408821105957e-01 6.213521957397460938e-02 6.409498453140258789e-01 -1.890417337417602539e-01 -3.553032875061035156e-03 1.807199716567993164e-01
-4.237257242202758789e-01 -3.814455866813659668e-01 2.118871212005615234e-01 2.375516891479492188e-01 2.951776981353759766e-01 -6.732736825942993164e-01
-1.445552706718444824e-01 -3.639813065528869629e-01 4.454939365386962891e-01 9.574782848358154297e-02 4.218355417251586914e-01 -5.733413696289062500e-01
-8.708983659744262695e-02 -3.459025621414184570e-01 5.546507835388183594e-01 8.854508399963378906e-02 1.346938610076904297e-01 -3.936862945556640625e-01
2.214884757995605469e-01 3.314244747161865234e-02 5.336900949478149414e-01 -3.113294839859008789e-01 1.324272155761718750e-02 1.261253356933593750e-01
2.990895509719848633e-01 4.691362380981445312e-02 4.642865657806396484e-01 -3.070062398910522461e-01 4.907166957855224609e-02 -3.794908523559570312e-03
3.572155237197875977e-01 1.577078104019165039e-01 5.736261606216430664e-01 -3.009786009788513184e-01 -6.057375669479370117e-02 1.608757972717285156e-01
2.495887279510498047e-01 9.034669399261474609e-02 4.781785011291503906e-01 -2.179621458053588867e-01 -3.492176532745361328e-03 6.744861602783203125e-04
4.315845966339111328e-01 2.040293216705322266e-01 4.898482561111450195e-01 -2.186256647109985352e-01 -3.788447380065917969e-02 1.007940769195556641e-01
3.922612667083740234e-01 1.622705459594726562e-01 6.550012826919555664e-01 -5.379722118377685547e-01 4.554474353790283203e-02 6.604194641113281250e-02
5.492160320281982422e-01 1.581491231918334961e-01 4.772710800170898438e-01 -2.794445157051086426e-01 1.028389930725097656e-01 6.256985664367675781e-02
5.037961006164550781e-01 2.073761224746704102e-01 4.662615060806274414e-01 -3.109486103057861328e-01 -5.956381559371948242e-02 8.982491493225097656e-02
3.832534551620483398e-01 1.428812742233276367e-01 5.228512287139892578e-01 -1.828472018241882324e-01 -8.160889148712158203e-02 2.160657644271850586e-01
3.631724119186401367e-01 -6.401199102401733398e-02 4.302649497985839844e-01 -1.485362648963928223e-01 1.626272201538085938e-01 -1.146265268325805664e-01
3.232026100158691406e-02 -1.841136217117309570e-01 5.669025182723999023e-01 -4.024625420570373535e-01 1.913422346115112305e-01 -1.717861294746398926e-01
1.822865009307861328e-02 -2.805724143981933594e-01 5.835887193679809570e-01 -2.124741673469543457e-01 1.449340581893920898e-01 -2.147760391235351562e-01
-2.457565665245056152e-01 -1.652987003326416016e-01 7.350331544876098633e-01 -2.262626886367797852e-01 1.092576980590820312e-01 -1.294739246368408203e-01
-1.235355138778686523e-01 6.741321086883544922e-02 9.426862001419067383e-01 -2.289193272590637207e-01 -1.182109117507934570e-01 1.348832845687866211e-01
-1.457027792930603027e-01 2.206552028656005859e-02 8.427944183349609375e-01 -1.304560899734497070e-02 -2.481156587600708008e-02 2.358472347259521484e-01
-3.694944977760314941e-01 -9.017473459243774414e-02 5.999934673309326172e-01 3.470075130462646484e-02 -1.972061395645141602e-02 6.440341472625732422e-02
-3.184369206428527832e-01 -1.520070433616638184e-01 3.819286823272705078e-01 8.834660053253173828e-02 -1.546908617019653320e-01 -1.235731244087219238e-01
-2.695262432098388672e-01 -2.659282684326171875e-01 2.898675203323364258e-01 -1.199368834495544434e-01 -1.299324631690979004e-01 -1.248920559883117676e-01
-2.346817255020141602e-01 -2.931619286537170410e-01 4.865144491195678711e-01 1.340441703796386719e-01 1.856909990310668945e-01 -1.790527105331420898e-01
-8.490103483200073242e-02 -3.037075996398925781e-01 5.375801324844360352e-01 2.784216403961181641e-01 3.658968210220336914e-01 -3.092448711395263672e-01
-1.094664335250854492e-01 -4.214188456535339355e-01 5.843834877014160156e-01 1.465594768524169922e-01 4.687495231628417969e-01 -5.347368121147155762e-01
-3.036630749702453613e-01 -5.919516086578369141e-02 7.436479330062866211e-01 4.099452495574951172e-02 -1.644271016120910645e-01 -1.962602138519287109e-03
-1.175756454467773438e-01 -1.182508468627929688e-01 5.664174556732177734e-01 -2.861936092376708984e-01 -3.831681609153747559e-01 -2.031287550926208496e-01
2.657928466796875000e-01 6.112813949584960938e-02 6.752669811248779297e-01 -4.420124292373657227e-01 -2.282363772392272949e-01 4.442811012268066406e-02
2.747107744216918945e-01 7.168614864349365234e-02 5.390621423721313477e-01 -3.932634592056274414e-01 -4.511278867721557617e-02 -1.080507040023803711e-01
1.755832433700561523e-01 2.306728363037109375e-01 6.175510883331298828e-01 -4.195936918258666992e-01 -2.014603614807128906e-01 1.763323545455932617e-01
2.262473106384277344e-01 2.625386714935302734e-01 6.533306837081909180e-01 -4.057470560073852539e-01 -1.084156632423400879e-01 2.396647930145263672e-01
1.468425989151000977e-01 1.373088359832763672e-01 5.904666185379028320e-01 -2.715527415275573730e-01 -1.375928521156311035e-01 1.715983152389526367e-01
3.644051551818847656e-01 1.942520141601562500e-01 5.058550834655761719e-01 -2.153620123863220215e-01 -5.561077594757080078e-02 1.587287187576293945e-01
3.544727563858032227e-01 -2.115148305892944336e-02 6.438133716583251953e-01 -1.364148855209350586e-01 3.706967830657958984e-02 6.901705265045166016e-02
1.964520215988159180e-01 -3.832626938819885254e-01 7.344210147857666016e-01 -1.973721385002136230e-01 2.710500955581665039e-01 -2.327243685722351074e-01
-1.000900864601135254e-01 -3.330672979354858398e-01 7.745307683944702148e-01 -7.998561859130859375e-02 2.110140323638916016e-01 -1.273876428604125977e-01
-4.172914624214172363e-01 -2.983200550079345703e-02 6.387997865676879883e-01 -9.696698188781738281e-02 -4.274043440818786621e-01 1.263328790664672852e-01
-2.229370474815368652e-01 -1.421737670898437500e-01 8.394348621368408203e-01 -2.087536454200744629e-01 -1.783537864685058594e-02 1.249524354934692383e-01
-4.102500677108764648e-01 -1.471942663192749023e-02 6.402914524078369141e-01 -1.658909916877746582e-01 -8.314734697341918945e-02 1.747826337814331055e-01
-3.625111579895019531e-01 1.022237539291381836e-01 6.375828981399536133e-01 -1.518169641494750977e-01 -3.462959527969360352e-01 2.789595127105712891e-01
-4.559253454208374023e-01 2.102601528167724609e-02 4.508055448532104492e-01 1.697490215301513672e-01 -4.190633893013000488e-01 1.956351995468139648e-01
-2.482762336730957031e-01 -1.119170188903808594e-01 5.826793909072875977e-01 1.566666364669799805e-01 -2.083353400230407715e-01 8.352434635162353516e-02
-4.300926327705383301e-01 -1.781374812126159668e-01 5.072741508483886719e-01 -8.670663833618164062e-02 -3.575384616851806641e-03 -2.994674444198608398e-02
-3.395805954933166504e-01 -4.491978883743286133e-01 2.410439252853393555e-01 3.136334419250488281e-01 -2.499378919601440430e-01 -2.458351850509643555e-01
-3.493008613586425781e-01 -4.529724717140197754e-01 2.723569869995117188e-01 3.943021297454833984e-01 -4.228424429893493652e-01 -1.826577186584472656e-01
-3.493811488151550293e-01 -5.220520496368408203e-01 1.137878894805908203e-01 3.207629919052124023e-01 -3.086758852005004883e-01 -2.531214952468872070e-01
-3.531514406204223633e-01 -3.296939134597778320e-01 1.691930294036865234e-01 2.892411947250366211e-01 -6.894635558128356934e-01 -1.011882424354553223e-01
-3.547411561012268066e-01 -3.666952848434448242e-01 1.890708208084106445e-01 1.382672786712646484e-01 -7.534636259078979492e-01 -2.426949143409729004e-01
-4.188928604125976562e-01 -4.601504802703857422e-01 3.725962638854980469e-01 -4.633361101150512695e-02 -5.901482105255126953e-01 -2.469223141670227051e-01
-2.390627861022949219e-01 -2.995193600654602051e-01 3.463062047958374023e-01 1.924686431884765625e-01 -6.474001407623291016e-01 6.927871704101562500e-02
-5.260920524597167969e-02 -5.766786336898803711e-01 1.160401105880737305e-01 1.123565435409545898e-01 -4.646298289299011230e-01 -3.332321643829345703e-01
-2.352392673492431641e-02 -5.203320980072021484e-01 3.089898824691772461e-01 -2.021835446357727051e-01 -3.528840541839599609e-01 -5.143588781356811523e-02
9.945082664489746094e-02 -4.868386983871459961e-01 3.478283882141113281e-01 -3.401698470115661621e-01 -3.012341856956481934e-01 3.009355068206787109e-02
-1.486420631408691406e-02 -3.626690506935119629e-01 2.538647651672363281e-01 -9.723776578903198242e-02 -5.523918867111206055e-01 2.044880390167236328e-01
-1.460570096969604492e-02 -4.863791465759277344e-01 2.424832582473754883e-01 -2.119095921516418457e-01 -3.445119857788085938e-01 1.628768444061279297e-02
-1.352550387382507324e-01 -4.919162988662719727e-01 2.264922857284545898e-01 -2.365926504135131836e-01 -4.416252970695495605e-01 -5.136132240295410156e-03
-4.184430837631225586e-02 -6.783687472343444824e-01 2.675760984420776367e-01 -2.928327918052673340e-01 -1.337396502494812012e-01 -2.311742305755615234e-01
5.154848098754882812e-03 -5.714664459228515625e-01 2.802907228469848633e-01 -9.593689441680908203e-02 -3.443484902381896973e-01 -3.853762149810791016e-02
-7.341337203979492188e-02 -7.576760053634643555e-01 8.840453624725341797e-02 -1.985847949981689453e-03 -2.693006396293640137e-01 -5.011961460113525391e-01
-2.279125452041625977e-01 -4.898272752761840820e-01 1.307491064071655273e-01 2.229059934616088867e-01 -6.012310981750488281e-01 -1.682528853416442871e-01
-5.267774462699890137e-01 -3.242451548576354980e-01 8.641719818115234375e-02 3.040291070938110352e-01 -7.942442297935485840e-01 -6.061345338821411133e-02
-4.581164121627807617e-01 -1.960068345069885254e-01 3.527262210845947266e-01 2.075858116149902344e-01 -4.967818260192871094e-01 5.825161933898925781e-02
-3.830673098564147949e-01 -1.753089427947998047e-01 2.077195644378662109e-01 5.418431758880615234e-02 -4.333796501159667969e-01 -1.632869243621826172e-02
-4.398903250694274902e-01 -1.747063994407653809e-01 4.126851558685302734e-01 -3.193473815917968750e-02 -3.554334640502929688e-01 -9.316086769104003906e-03
-3.305221199989318848e-01 -1.818708777427673340e-01 6.028237342834472656e-01 6.491851806640625000e-02 -3.549211025238037109e-01 1.233359575271606445e-01
-3.652197718620300293e-01 -1.936528682708740234e-01 5.364191532135009766e-01 -9.626179933547973633e-02 -3.259273171424865723e-01 4.164779186248779297e-02
-3.106207251548767090e-01 -1.747748851776123047e-01 1.293734312057495117e-01 -5.090075731277465820e-02 -4.982395172119140625e-01 -8.768194913864135742e-02
-1.598590612411499023e-01 -3.846578001976013184e-01 1.691075563430786133e-01 -4.094696044921875000e-02 -2.303558588027954102e-01 -2.772124409675598145e-01
-3.010929822921752930e-01 -3.598486781120300293e-01 3.861854076385498047e-01 -2.916582226753234863e-01 -1.315169334411621094e-01 -1.793892383575439453e-01
-3.629357218742370605e-01 -2.869349718093872070e-01 1.249005794525146484e-01 -6.810605525970458984e-02 -2.074247598648071289e-01 -2.096953392028808594e-01
-3.224096894264221191e-01 4.159990549087524414e-01 4.327570199966430664e-01 2.154397964477539062e-01 -2.049427628517150879e-01 4.021617174148559570e-01
-4.080597758293151855e-01 3.359128236770629883e-01 1.694748401641845703e-01 1.524991989135742188e-01 -1.175232529640197754e-01 -1.694595813751220703e-02
-6.476362347602844238e-01 3.446544408798217773e-01 1.854790449142456055e-01 1.357702016830444336e-01 -3.123698830604553223e-01 2.600474357604980469e-01
-6.211293935775756836e-01 2.371315956115722656e-01 5.106465816497802734e-01 1.809070110321044922e-01 -4.848600625991821289e-01 2.227460145950317383e-01
-1.397399306297302246e-01 8.201992511749267578e-02 2.769451141357421875e-01 2.770805358886718750e-02 -4.295324683189392090e-01 3.157451152801513672e-01
-2.262023091316223145e-01 2.244949340820312500e-01 7.991492748260498047e-02 5.828905105590820312e-02 -4.800925850868225098e-01 3.677698373794555664e-01
-7.589578628540039062e-02 3.407677412033081055e-01 -9.651058912277221680e-02 1.428260803222656250e-01 -6.124889850616455078e-01 4.087746143341064453e-01
-2.284556627273559570e-02 3.214722871780395508e-01 -3.844529390335083008e-02 1.622521877288818359e-01 -4.405788183212280273e-01 3.945908546447753906e-01
-6.032758951187133789e-02 3.971612453460693359e-01 -8.934003114700317383e-02 2.593766450881958008e-01 -6.094034910202026367e-01 5.290626287460327148e-01
-1.787648200988769531e-01 4.397987127304077148e-01 4.985582828521728516e-02 1.697747707366943359e-01 -6.555876731872558594e-01 6.694220304489135742e-01
-1.527453064918518066e-01 3.911865949630737305e-01 1.303791999816894531e-03 1.693956851959228516e-01 -6.419252157211303711e-01 6.189545392990112305e-01
-3.464578986167907715e-01 3.209239244461059570e-01 2.509772777557373047e-02 1.234939098358154297e-01 -7.042534351348876953e-01 5.527234077453613281e-01
-2.935132980346679688e-01 5.658888816833496094e-02 3.074479103088378906e-02 -3.653258085250854492e-02 -4.172057509422302246e-01 1.707195043563842773e-01
-2.896425724029541016e-01 1.336873769760131836e-01 2.769244909286499023e-01 1.621608734130859375e-01 -4.805114269256591797e-01 2.526297569274902344e-01
-5.446701645851135254e-01 1.115540266036987305e-01 3.163934946060180664e-01 5.732774734497070312e-03 -5.165938138961791992e-01 2.882934808731079102e-01
-4.735004901885986328e-01 1.120477914810180664e-01 4.470492601394653320e-01 -4.707676172256469727e-02 -5.119318366050720215e-01 2.716082334518432617e-01
-4.023275971412658691e-01 -5.663925409317016602e-02 5.839760303497314453e-01 -5.917972326278686523e-02 -1.298490166664123535e-01 1.210522651672363281e-01
-5.860800743103027344e-01 4.578351974487304688e-02 4.783780574798583984e-01 -1.160649061203002930e-01 -2.757607698440551758e-01 2.508803606033325195e-01
-5.665348768234252930e-01 1.185922622680664062e-01 3.854330778121948242e-01 1.598837375640869141e-01 -4.656971096992492676e-01 3.295049667358398438e-01
-4.825252890586853027e-01 1.327855587005615234e-01 4.295895099639892578e-01 1.554235219955444336e-01 -5.815602540969848633e-01 3.749620914459228516e-01
-6.552889943122863770e-01 -3.994673490524291992e-02 2.982689142227172852e-01 1.444029808044433594e-02 -1.808916926383972168e-01 5.925095081329345703e-02
-3.292680978775024414e-01 -1.505436301231384277e-01 3.242975473403930664e-01 -1.716434359550476074e-01 -8.498990535736083984e-02 -4.258191585540771484e-02
-3.860627412796020508e-01 -5.171751379966735840e-01 6.748056411743164062e-02 3.014369010925292969e-01 -1.471188664436340332e-01 -3.482484221458435059e-01
-3.690806031227111816e-01 -4.988585114479064941e-01 -1.250869035720825195e-01 5.235168933868408203e-01 -4.918540716171264648e-01 -2.783631682395935059e-01
-2.416337728500366211e-01 -5.878052711486816406e-01 2.768445014953613281e-02 3.918240070343017578e-01 -3.682055473327636719e-01 -3.561244606971740723e-01
-2.806734442710876465e-01 -5.934190750122070312e-01 8.221387863159179688e-02 3.781826496124267578e-01 -3.424612879753112793e-01 -3.352975845336914062e-01
-5.414161682128906250e-01 -4.255205392837524414e-01 2.748566865921020508e-01 4.447181224822998047e-01 -5.593085289001464844e-01 -2.578043341636657715e-01
-2.375013828277587891e-01 -4.753032326698303223e-01 2.325316667556762695e-01 1.776407957077026367e-01 -5.882376432418823242e-01 -1.409257054328918457e-01
-1.550490260124206543e-01 -6.824208498001098633e-01 -6.781578063964843750e-03 9.871029853820800781e-02 -4.793468117713928223e-01 -3.945745825767517090e-01
-1.447382569313049316e-01 -5.915172100067138672e-01 1.111994981765747070e-01 -1.163469552993774414e-01 -4.364597797393798828e-01 -2.347248196601867676e-01
-1.224117279052734375e-01 -4.861526489257812500e-01 1.525187492370605469e-01 -2.772964239120483398e-01 -3.943958878517150879e-01 -4.351699352264404297e-02
5.135190486907958984e-02 -6.556770205497741699e-01 3.424131870269775391e-01 -1.697775125503540039e-01 -1.421666741371154785e-01 -7.499343156814575195e-02
-3.573060035705566406e-02 -5.156831741333007812e-01 1.242864131927490234e-01 -1.479872465133666992e-01 -2.742694020271301270e-01 -1.132882833480834961e-01
-6.776398420333862305e-02 -5.304311513900756836e-01 -1.283431053161621094e-02 -2.110548019409179688e-01 -4.397546648979187012e-01 -1.959614753723144531e-01
1.303969621658325195e-01 -6.660474538803100586e-01 1.210765838623046875e-01 -3.214087486267089844e-01 -2.533315420150756836e-01 -2.057179212570190430e-01
6.151938438415527344e-02 -5.407540798187255859e-01 7.463860511779785156e-02 -3.067002892494201660e-01 -3.305361270904541016e-01 -2.275204658508300781e-01
-1.493656635284423828e-02 -6.433729529380798340e-01 1.306390762329101562e-02 -3.409065008163452148e-01 -2.022157907485961914e-01 -3.378988504409790039e-01
