4.256563186645507812e-01 6.098574399948120117e-01 -1.333727240562438965e-01 1.700675487518310547e-02 -9.450447559356689453e-02 1.518819332122802734e-01
6.836189031600952148e-01 6.232588291168212891e-01 -2.921819090843200684e-01 7.712352275848388672e-02 -1.782021522521972656e-01 1.512615680694580078e-01
6.707553863525390625e-01 5.854308605194091797e-01 -2.305971384048461914e-01 1.022648811340332031e-02 -2.507756948471069336e-01 1.654276847839355469e-01
7.849775552749633789e-01 5.757555961608886719e-01 -3.731330633163452148e-01 -2.062696218490600586e-02 -2.251785993576049805e-01 1.485997438430786133e-01
7.066607475280761719e-01 5.704424381256103516e-01 -4.482113122940063477e-01 1.670980453491210938e-02 -1.971860527992248535e-01 1.390010118484497070e-01
7.018604278564453125e-01 4.531874656677246094e-01 -4.854477047920227051e-01 -5.154031515121459961e-02 -1.706498861312866211e-02 8.294343948364257812e-03
6.721807718276977539e-01 5.207794904708862305e-01 -3.666983842849731445e-01 -5.054354667663574219e-03 -7.999598979949951172e-02 1.141440868377685547e-01
7.404909133911132812e-01 5.879468917846679688e-01 -3.377613425254821777e-01 3.759741783142089844e-03 -6.941437721252441406e-02 1.347844600677490234e-01
6.812328100204467773e-01 5.633199214935302734e-01 -3.653851747512817383e-01 2.240312099456787109e-02 -8.226120471954345703e-02 9.487819671630859375e-02
6.509130001068115234e-01 4.985295534133911133e-01 -3.687123060226440430e-01 9.457623958587646484e-02 -3.963154554367065430e-02 2.151584625244140625e-02
5.690425634384155273e-01 6.000875234603881836e-01 -2.616007924079895020e-01 -7.319450378417968750e-04 -2.036015391349792480e-01 1.900690793991088867e-01
4.815779924392700195e-01 5.492297410964965820e-01 -2.649867534637451172e-01 -4.557299613952636719e-02 -1.922360062599182129e-01 1.521155834197998047e-01
5.019682645797729492e-01 5.404031276702880859e-01 -4.171876907348632812e-01 9.048402309417724609e-02 -2.646740674972534180e-01 1.311748027801513672e-01
4.912055730819702148e-01 5.612291097640991211e-01 -4.549049735069274902e-01 1.309936046600341797e-01 -3.394323587417602539e-01 1.710965633392333984e-01
4.228187799453735352e-01 4.740260839462280273e-01 -3.351501226425170898e-01 1.519160270690917969e-01 -2.587004899978637695e-01 1.318054199218750000e-01
5.111734867095947266e-01 5.133579969406127930e-01 -5.000388622283935547e-01 7.171976566314697266e-02 -2.288236021995544434e-01 1.107717752456665039e-01
3.893676996231079102e-01 5.640848875045776367e-01 -4.174699187278747559e-01 1.097584962844848633e-01 -3.812786340713500977e-01 2.599263191223144531e-01
3.261716365814208984e-01 5.834393501281738281e-01 -5.137832164764404297e-01 2.370280027389526367e-01 -5.516210794448852539e-01 3.156334161758422852e-01
2.469569444656372070e-01 5.363610982894897461e-01 -4.912040233612060547e-01 2.938706874847412109e-01 -6.130138635635375977e-01 3.720673322677612305e-01
2.535687685012817383e-01 5.429419279098510742e-01 -5.057445764541625977e-01 3.601524829864501953e-01 -6.658527851104736328e-01 3.931682109832763672e-01
3.572233915328979492e-01 5.552372932434082031e-01 -6.419349908828735352e-01 3.375006914138793945e-01 -6.081795692443847656e-01 4.152483940124511719e-01
3.045691251754760742e-01 5.437852144241333008e-01 -4.771268367767333984e-01 2.083625793457031250e-01 -5.073552131652832031e-01 4.162369966506958008e-01
1.666640043258666992e-01 3.136987686157226562e-01 -3.670301437377929688e-01 3.005267381668090820e-01 -3.616471886634826660e-01 2.287124395370483398e-01
2.923523187637329102e-01 3.047813177108764648e-01 -3.319694995880126953e-01 1.861364841461181641e-01 -2.490734457969665527e-01 2.075334787368774414e-01
2.267419099807739258e-01 3.602726459503173828e-01 -3.253030776977539062e-01 3.115979433059692383e-01 -3.881696462631225586e-01 3.372818231582641602e-01
1.035728454589843750e-01 3.461709022521972656e-01 -1.467034816741943359e-01 1.935367584228515625e-01 -4.565678238868713379e-01 4.761199951171875000e-01
1.665557622909545898e-01 3.390747308731079102e-01 -2.395985126495361328e-01 2.799614667892456055e-01 -3.635052442550659180e-01 3.480767011642456055e-01
4.061090946197509766e-02 3.343393802642822266e-01 -6.830132007598876953e-02 1.544461250305175781e-01 -3.969139456748962402e-01 4.078006744384765625e-01
-7.397508621215820312e-02 3.349814414978027344e-01 -4.168891906738281250e-02 2.923090457916259766e-01 -5.450761914253234863e-01 5.904326438903808594e-01
-1.107734441757202148e-02 3.944047689437866211e-01 -1.486963033676147461e-02 2.044497728347778320e-01 -5.050001144409179688e-01 6.509563922882080078e-01
5.243897438049316406e-03 4.060674905776977539e-01 -1.194548606872558594e-02 2.202916145324707031e-01 -4.859561920166015625e-01 6.387275457382202148e-01
4.249620437622070312e-02 4.959430694580078125e-01 -4.894036054611206055e-02 2.563589811325073242e-01 -5.521197319030761719e-01 7.715456485748291016e-01
8.704900741577148438e-03 5.404827594757080078e-01 -7.990890741348266602e-02 2.739052772521972656e-01 -5.473269224166870117e-01 7.492477893829345703e-01
-1.513502001762390137e-01 4.421623945236206055e-01 4.031753540039062500e-02 1.590610742568969727e-01 -5.012056827545166016e-01 7.642568349838256836e-01
-2.994312047958374023e-01 2.841672897338867188e-01 1.715631484985351562e-01 4.601383209228515625e-02 -3.664137125015258789e-01 5.883499383926391602e-01
-1.504157781600952148e-01 1.503235101699829102e-01 1.693103313446044922e-01 -1.709743738174438477e-01 -1.948386430740356445e-01 3.311865329742431641e-01
-1.676757335662841797e-01 3.493407964706420898e-01 -4.738187789916992188e-02 8.519184589385986328e-02 -2.268626093864440918e-01 5.197492837905883789e-01
-6.745499968528747559e-01 9.474396705627441406e-02 1.177334785461425781e-01 1.044943332672119141e-01 -9.722113609313964844e-02 2.421624660491943359e-01
-5.226914882659912109e-01 1.793467998504638672e-02 3.108525276184082031e-02 2.450774908065795898e-01 -4.237647652626037598e-01 2.108640670776367188e-01
-5.727095603942871094e-01 2.011132240295410156e-02 2.575925588607788086e-01 1.731550693511962891e-01 -2.132834196090698242e-01 3.070243597030639648e-01
-4.174871444702148438e-01 -6.583803892135620117e-02 3.677302598953247070e-01 -7.758146524429321289e-02 -8.022749423980712891e-02 1.122018098831176758e-01
-3.585773706436157227e-02 4.324610233306884766e-01 7.994842529296875000e-02 1.183482408523559570e-01 -3.137754797935485840e-01 5.026302337646484375e-01
9.947383403778076172e-02 4.968014955520629883e-01 1.082313060760498047e-02 1.347253322601318359e-01 -4.024325609207153320e-01 5.616109371185302734e-01
1.287221908569335938e-02 3.494398593902587891e-01 3.171563148498535156e-03 -1.167711019515991211e-01 -3.551696538925170898e-01 2.688151597976684570e-01
-2.126910686492919922e-01 3.558174371719360352e-01 2.021964788436889648e-01 -2.745714187622070312e-01 -3.920428156852722168e-01 3.534330129623413086e-01
8.615326881408691406e-02 5.271394252777099609e-01 1.849641799926757812e-01 -2.408228516578674316e-01 -4.469483494758605957e-01 5.258648395538330078e-01
-3.184181451797485352e-02 3.905320167541503906e-01 3.322991132736206055e-01 -2.743922472000122070e-01 -4.462783336639404297e-01 3.663434982299804688e-01
5.255938768386840820e-01 6.930674314498901367e-01 4.627239704132080078e-02 -3.646426796913146973e-01 -2.671104669570922852e-01 4.507451057434082031e-01
5.496683120727539062e-01 6.029791831970214844e-01 2.472229003906250000e-01 -3.603467345237731934e-01 -1.551674008369445801e-01 3.973927497863769531e-01
7.447967529296875000e-01 5.588309764862060547e-01 -4.495441913604736328e-03 -3.564157485961914062e-01 -6.399655342102050781e-02 2.163199186325073242e-01
5.256428718566894531e-01 5.556386709213256836e-01 1.237521171569824219e-01 -4.734008908271789551e-01 -1.120373010635375977e-01 2.516453266143798828e-01
5.032474994659423828e-01 4.415097236633300781e-01 1.520881652832031250e-01 -5.300927758216857910e-01 -7.131522893905639648e-02 1.635270118713378906e-01
5.849332809448242188e-01 3.297594785690307617e-01 3.567082881927490234e-01 -4.883176088333129883e-01 -2.797371149063110352e-02 1.489849090576171875e-01
6.017867326736450195e-01 2.514860630035400391e-01 2.286144495010375977e-01 -2.965637445449829102e-01 3.530454635620117188e-02 3.820395469665527344e-02
6.251506805419921875e-01 2.502322196960449219e-01 2.703423500061035156e-01 -3.642349243164062500e-01 2.111113071441650391e-02 1.248822212219238281e-01
6.175678968429565430e-01 -5.265593528747558594e-03 2.943139076232910156e-01 -2.666536569595336914e-01 2.054229974746704102e-01 2.004981040954589844e-03
2.371717691421508789e-01 -1.349760890007019043e-01 3.379863500595092773e-01 -3.060083389282226562e-01 2.402281761169433594e-01 -2.209132909774780273e-01
-2.360449433326721191e-01 7.417798042297363281e-02 7.088915109634399414e-01 -5.099858641624450684e-01 -7.985615730285644531e-02 -1.141567230224609375e-01
-1.771861314773559570e-01 1.465513706207275391e-01 5.776805877685546875e-01 -2.565102577209472656e-01 -1.823655962944030762e-01 1.067566871643066406e-01
1.191055774688720703e-02 4.802680015563964844e-02 4.893151521682739258e-01 -4.259212613105773926e-01 1.058278083801269531e-01 -5.368757247924804688e-02
-2.277832031250000000e-01 -1.332479715347290039e-02 5.735801458358764648e-01 -5.203074216842651367e-01 7.672119140625000000e-02 -1.079353094100952148e-01
-2.218399047851562500e-01 -1.126203536987304688e-01 3.319853544235229492e-01 -3.691062331199645996e-01 1.089322566986083984e-02 -2.631639242172241211e-01
-3.539420962333679199e-01 1.231815814971923828e-01 5.633287429809570312e-01 -1.550234556198120117e-01 -1.867985129356384277e-01 1.079784631729125977e-01
-4.763893485069274902e-01 4.912638664245605469e-02 7.075450420379638672e-01 -2.971239089965820312e-01 -2.998036146163940430e-02 6.888353824615478516e-02
-3.874163031578063965e-01 7.925021648406982422e-02 6.808041334152221680e-01 -3.128839731216430664e-01 -2.801442146301269531e-02 4.564189910888671875e-02
-2.142124772071838379e-01 -7.019460201263427734e-03 4.517828226089477539e-01 -3.889713883399963379e-01 -1.781622171401977539e-01 1.789939403533935547e-02
-3.010600209236145020e-01 -1.913121342658996582e-01 2.566465139389038086e-01 -4.131042957305908203e-02 2.422001361846923828e-01 -3.733022809028625488e-01
-1.535574793815612793e-01 -2.640255093574523926e-01 2.986128330230712891e-01 2.880811691284179688e-03 3.798621892929077148e-01 -5.889713168144226074e-01
-5.062383413314819336e-02 -3.383868336677551270e-01 6.879256963729858398e-01 1.137042045593261719e-02 3.453302383422851562e-01 -5.857832431793212891e-01
2.992379665374755859e-02 -6.911015510559082031e-02 6.879680156707763672e-01 -2.792007923126220703e-01 8.100867271423339844e-02 -1.060569286346435547e-02
2.809891700744628906e-01 2.393414974212646484e-01 5.090308189392089844e-01 -4.531945586204528809e-01 -1.679444313049316406e-02 1.438972949981689453e-01
2.569686174392700195e-01 2.656872272491455078e-01 5.280469655990600586e-01 -5.404270887374877930e-01 -2.630650997161865234e-02 1.705676317214965820e-01
4.669927358627319336e-01 4.770015478134155273e-01 4.533987045288085938e-01 -5.561156272888183594e-01 -1.383304595947265625e-01 2.669757604598999023e-01
4.412463903427124023e-01 5.137358903884887695e-01 4.303530454635620117e-01 -4.814958572387695312e-01 -1.734448671340942383e-01 3.439943790435791016e-01
2.963203191757202148e-01 4.868521690368652344e-01 3.685488700866699219e-01 -4.017149806022644043e-01 -1.607856154441833496e-01 2.657557725906372070e-01
2.615901231765747070e-01 5.232976675033569336e-01 3.976858854293823242e-01 -4.719089865684509277e-01 -1.759245991706848145e-01 3.263437747955322266e-01
3.635121583938598633e-01 4.572911262512207031e-01 4.079377651214599609e-01 -5.370529890060424805e-01 -3.319793939590454102e-02 2.960343360900878906e-01
4.026650190353393555e-01 3.367058038711547852e-01 3.973609209060668945e-01 -4.778188467025756836e-01 1.014066934585571289e-01 1.238329410552978516e-01
2.724351882934570312e-01 1.159443855285644531e-01 4.050657749176025391e-01 -3.138889074325561523e-01 8.458638191223144531e-02 3.369271755218505859e-02
1.493191719055175781e-01 -4.942578077316284180e-02 5.924201011657714844e-01 -4.056276679039001465e-01 3.940272331237792969e-02 -4.815578460693359375e-02
-2.056580185890197754e-01 -5.321335792541503906e-02 5.852555036544799805e-01 -2.707829475402832031e-01 6.753098964691162109e-02 -6.670600175857543945e-02
7.503879070281982422e-02 -4.958271980285644531e-02 5.037227869033813477e-01 -3.456476330757141113e-01 8.813726902008056641e-02 -6.778472661972045898e-02
-1.397832632064819336e-01 -1.354884505271911621e-01 4.761010408401489258e-01 -3.778643608093261719e-01 3.420829772949218750e-02 -2.513229250907897949e-01
-4.530848860740661621e-01 -1.659327745437622070e-01 4.317959547042846680e-01 -2.323235273361206055e-01 4.585886001586914062e-02 -1.802352666854858398e-01
-2.908829450607299805e-01 -5.583161115646362305e-02 6.982249021530151367e-01 -2.721595168113708496e-01 2.517700195312500000e-02 3.017425537109375000e-02
-4.020637273788452148e-01 1.279902458190917969e-02 5.216083526611328125e-01 -2.640910148620605469e-01 -1.790257692337036133e-01 -1.178699731826782227e-02
-4.981005191802978516e-01 -6.747007369995117188e-03 3.624438047409057617e-01 -2.270670533180236816e-01 -2.028785347938537598e-01 -6.576943397521972656e-02
-4.340206384658813477e-01 -9.061968326568603516e-02 3.824236392974853516e-01 -7.787466049194335938e-02 -6.061124801635742188e-02 -8.638691902160644531e-02
3.132677078247070312e-02 -2.821872830390930176e-01 3.093401193618774414e-01 -7.554662227630615234e-02 3.926813602447509766e-01 -7.739886641502380371e-01
-1.077157258987426758e-01 -3.387008905410766602e-01 5.668739080429077148e-01 -2.032035589218139648e-01 4.815037250518798828e-01 -7.755186557769775391e-01
-1.648194789886474609e-01 -2.339228391647338867e-01 6.345701217651367188e-01 -1.327745318412780762e-01 1.700630187988281250e-01 -5.116775035858154297e-01
-3.707007765769958496e-01 1.335898637771606445e-01 8.427484035491943359e-01 -2.203832864761352539e-01 -3.174830675125122070e-01 4.435968399047851562e-02
-4.945468902587890625e-01 9.510612487792968750e-02 8.128036260604858398e-01 -1.757419109344482422e-01 -3.025726675987243652e-01 -3.594714403152465820e-02
-4.171603918075561523e-02 1.832963228225708008e-01 8.119931221008300781e-01 -4.845201373100280762e-01 -1.817670464515686035e-01 6.583869457244873047e-02
2.132016420364379883e-01 3.966166973114013672e-01 5.974292755126953125e-01 -5.145249366760253906e-01 -3.722235560417175293e-01 1.989039182662963867e-01
1.130335330963134766e-01 5.047246217727661133e-01 5.234762430191040039e-01 -6.035407185554504395e-01 -3.233567476272583008e-01 1.801708936691284180e-01
2.403512001037597656e-01 5.277127027511596680e-01 4.488167762756347656e-01 -6.133665442466735840e-01 -2.562587857246398926e-01 2.591249942779541016e-01
2.588404417037963867e-01 5.050612688064575195e-01 4.104925394058227539e-01 -4.877960085868835449e-01 -2.479680180549621582e-01 3.454816341400146484e-01
3.423290252685546875e-01 3.751105070114135742e-01 5.263220071792602539e-01 -5.315049886703491211e-01 -1.045766472816467285e-01 2.329026460647583008e-01
2.361872196197509766e-01 3.058819770812988281e-01 4.991197586059570312e-01 -5.679524540901184082e-01 -1.477745175361633301e-01 2.447338104248046875e-01
1.173226833343505859e-01 1.446801424026489258e-01 5.420165061950683594e-01 -4.762017130851745605e-01 -3.902679681777954102e-02 9.593439102172851562e-02
-1.717043519020080566e-01 -2.119717597961425781e-01 6.908432245254516602e-01 -4.930225610733032227e-01 2.090523242950439453e-01 -2.251957654953002930e-01
-5.559105277061462402e-01 -7.432675361633300781e-02 6.498116254806518555e-01 -1.544782519340515137e-01 -6.911969184875488281e-02 5.412065982818603516e-02
-5.762875676155090332e-01 5.136728286743164062e-04 5.506718158721923828e-01 -2.466385364532470703e-01 -8.192437887191772461e-02 1.191812753677368164e-01
-5.229400396347045898e-01 2.191400527954101562e-02 5.731385946273803711e-01 -2.924194335937500000e-01 -9.933650493621826172e-02 2.554261684417724609e-02
-3.859678506851196289e-01 -2.190434932708740234e-02 4.839221239089965820e-01 -2.126896381378173828e-01 -1.147379279136657715e-01 3.960645198822021484e-02
-3.264966607093811035e-01 -1.849190592765808105e-01 4.738526344299316406e-01 -1.080930233001708984e-01 -1.137925386428833008e-01 -1.929754018783569336e-01
-5.317651629447937012e-01 5.876541137695312500e-03 5.395896434783935547e-01 -1.634296178817749023e-01 -2.899417281150817871e-01 4.088115692138671875e-02
-5.189911127090454102e-01 -1.356794238090515137e-01 4.198335409164428711e-01 -3.004161715507507324e-01 -7.835245132446289062e-02 -2.448022365570068359e-01
-2.136811017990112305e-01 -2.218455672264099121e-01 3.774278163909912109e-01 -3.649450540542602539e-01 2.526462078094482422e-02 -3.188182115554809570e-01
-4.848614335060119629e-01 -2.436292171478271484e-01 3.179343938827514648e-01 -1.234131455421447754e-01 -8.011144399642944336e-02 -1.917881965637207031e-01
-4.969263672828674316e-01 -1.315703392028808594e-01 5.278987884521484375e-01 -9.301054477691650391e-02 -2.192057967185974121e-01 -1.202452182769775391e-01
-3.388924002647399902e-01 -1.742645502090454102e-01 6.836490631103515625e-01 -1.719731092453002930e-01 -1.572172045707702637e-01 1.687586307525634766e-02
-3.530962467193603516e-01 2.362668514251708984e-01 3.782334327697753906e-01 1.407487392425537109e-01 -2.048779726028442383e-01 3.695644140243530273e-01
-1.859884262084960938e-01 3.742784261703491211e-01 3.510695695877075195e-01 1.386852264404296875e-01 -2.520717382431030273e-01 3.842000961303710938e-01
-1.272968649864196777e-01 3.607176542282104492e-01 5.984976291656494141e-01 1.984795331954956055e-01 -5.732409954071044922e-01 6.414400339126586914e-01
-3.017455935478210449e-01 2.146013975143432617e-01 3.805742263793945312e-01 -6.505745649337768555e-02 -5.273292064666748047e-01 5.980069637298583984e-01
-1.440918445587158203e-01 2.274006605148315430e-01 2.618132829666137695e-01 7.342886924743652344e-02 -4.951469302177429199e-01 5.329011678695678711e-01
5.765664577484130859e-02 4.755457639694213867e-01 1.053959131240844727e-01 7.827341556549072266e-02 -5.187412500381469727e-01 7.597706317901611328e-01
-4.429697990417480469e-02 3.978406190872192383e-01 1.303850412368774414e-01 1.034386157989501953e-01 -5.196648836135864258e-01 7.735271453857421875e-01
-5.499160289764404297e-02 3.251799345016479492e-01 1.360991001129150391e-01 1.118810176849365234e-01 -5.661522150039672852e-01 7.249946594238281250e-01
7.733345031738281250e-03 4.155260324478149414e-01 8.157372474670410156e-02 2.399207353591918945e-01 -4.693650007247924805e-01 8.587605953216552734e-01
-1.094278693199157715e-01 2.034039497375488281e-01 1.931856870651245117e-01 1.774324178695678711e-01 -4.358477592468261719e-01 7.553588151931762695e-01
-1.887463331222534180e-01 3.130689859390258789e-01 1.797393560409545898e-01 -9.304642677307128906e-03 -3.132744431495666504e-01 7.792590856552124023e-01
-3.702336549758911133e-02 6.211018562316894531e-02 3.192734718322753906e-01 3.372502326965332031e-02 -2.205641865730285645e-01 5.669467449188232422e-01
-8.549302816390991211e-02 3.511464595794677734e-02 4.257900714874267578e-01 1.148067712783813477e-01 -1.993811726570129395e-01 5.258778333663940430e-01
-1.910670399665832520e-01 2.096062898635864258e-01 4.198075532913208008e-01 1.890405416488647461e-01 -2.829460501670837402e-01 8.251557350158691406e-01
