-4.859363436698913574e-01 5.184650421142578125e-03 5.201377868652343750e-01 1.646981239318847656e-01 -5.146535634994506836e-01 1.529463529586791992e-01
-2.630988955497741699e-01 2.454336881637573242e-01 2.381114959716796875e-01 1.573622226715087891e-02 -4.258977770805358887e-01 3.954493999481201172e-02
4.627100229263305664e-01 7.782009840011596680e-01 -1.695262789726257324e-01 8.242702484130859375e-02 -2.922889590263366699e-01 3.082684278488159180e-01
7.080392837524414062e-01 6.493221521377563477e-01 -3.536862134933471680e-01 1.002464294433593750e-01 -1.289731860160827637e-01 1.284912824630737305e-01
6.404150724411010742e-01 5.882225036621093750e-01 -3.393846154212951660e-01 8.874237537384033203e-02 -8.304321765899658203e-02 9.259891510009765625e-02
7.431627511978149414e-01 5.965112447738647461e-01 -4.391952157020568848e-01 3.547143936157226562e-02 1.218986511230468750e-02 2.789497375488281250e-03
8.095719814300537109e-01 6.974648237228393555e-01 -4.421132802963256836e-01 7.091331481933593750e-02 -4.060918092727661133e-02 6.471395492553710938e-02
6.697179079055786133e-01 7.645561695098876953e-01 -4.105316996574401855e-01 7.911241054534912109e-02 -1.605536937713623047e-01 1.586616039276123047e-01
6.544424295425415039e-01 6.265745162963867188e-01 -3.955651521682739258e-01 1.384800672531127930e-01 -1.486328244209289551e-01 7.900094985961914062e-02
6.895231008529663086e-01 6.164371967315673828e-01 -4.630700349807739258e-01 9.606969356536865234e-02 -8.002871274948120117e-02 3.123021125793457031e-02
6.252639293670654297e-01 6.835598945617675781e-01 -5.147804021835327148e-01 -5.056083202362060547e-02 -7.397276163101196289e-02 7.424950599670410156e-03
6.722284555435180664e-01 6.301616430282592773e-01 -3.918298482894897461e-01 -1.118150353431701660e-01 -2.474278211593627930e-02 5.382204055786132812e-02
8.825609683990478516e-01 5.760458707809448242e-01 -5.424063205718994141e-01 8.232951164245605469e-03 8.333897590637207031e-02 6.651639938354492188e-03
6.382186412811279297e-01 6.650512218475341797e-01 -4.605789780616760254e-01 4.036629199981689453e-02 -8.061373233795166016e-02 1.667186021804809570e-01
5.904909372329711914e-01 7.044115066528320312e-01 -6.273040771484375000e-01 1.577019691467285156e-01 -1.315363049507141113e-01 1.166490316390991211e-01
6.014400720596313477e-01 6.707352399826049805e-01 -6.849009990692138672e-01 1.911514997482299805e-01 -3.165251016616821289e-02 2.356183528900146484e-02
7.228790521621704102e-01 7.650477886199951172e-01 -8.726418018341064453e-01 2.792550325393676758e-01 -8.975827693939208984e-02 1.430195569992065430e-01
5.091439485549926758e-01 7.027156352996826172e-01 -6.339013576507568359e-01 2.670252323150634766e-01 -1.167840957641601562e-01 2.254478931427001953e-01
5.833894014358520508e-01 7.173254489898681641e-01 -6.981548070907592773e-01 3.944611549377441406e-01 -1.518600583076477051e-01 2.764191627502441406e-01
5.438208580017089844e-01 6.763304471969604492e-01 -6.361436843872070312e-01 4.290981292724609375e-01 -1.741070151329040527e-01 3.573857545852661133e-01
4.229701757431030273e-01 6.712591648101806641e-01 -6.053316593170166016e-01 4.393806457519531250e-01 -3.014322519302368164e-01 5.213238000869750977e-01
6.196513175964355469e-01 5.688413381576538086e-01 -6.730865836143493652e-01 5.892271995544433594e-01 -1.696799993515014648e-01 4.110437631607055664e-01
6.362375020980834961e-01 5.889391899108886719e-01 -7.062099575996398926e-01 3.862946033477783203e-01 -1.425476670265197754e-01 4.578006267547607422e-01
5.842487812042236328e-01 6.002050638198852539e-01 -6.852453351020812988e-01 4.772297143936157227e-01 -2.285584807395935059e-01 5.179463624954223633e-01
5.609731674194335938e-01 5.206481218338012695e-01 -5.712612867355346680e-01 5.925613641738891602e-01 -1.954163312911987305e-01 4.934372901916503906e-01
4.359834194183349609e-01 3.309555053710937500e-01 -5.207487344741821289e-01 6.253573894500732422e-01 -1.681461334228515625e-01 4.271143674850463867e-01
3.814666271209716797e-01 4.462374448776245117e-01 -5.511574745178222656e-01 5.679308176040649414e-01 -3.879672884941101074e-01 6.021753549575805664e-01
3.903396129608154297e-01 3.824372291564941406e-01 -4.586863517761230469e-01 4.253220558166503906e-01 -1.855055093765258789e-01 4.807722568511962891e-01
1.977555751800537109e-01 3.180459737777709961e-01 -3.811724185943603516e-01 3.733249902725219727e-01 -2.472939491271972656e-01 4.957101345062255859e-01
2.054818868637084961e-01 3.087888956069946289e-01 -3.318407535552978516e-01 4.402220249176025391e-01 -2.658087611198425293e-01 4.815824031829833984e-01
1.749774217605590820e-01 1.456140279769897461e-01 -1.893908381462097168e-01 3.700827360153198242e-01 -6.940126419067382812e-02 3.927408456802368164e-01
1.991608142852783203e-01 1.990193128585815430e-01 -1.858618259429931641e-01 3.071806430816650391e-01 -7.978016138076782227e-02 4.644330739974975586e-01
5.088555812835693359e-02 3.425160646438598633e-01 -3.700906634330749512e-01 3.487560749053955078e-01 -3.506319522857666016e-01 5.639011859893798828e-01
-1.384162902832031250e-02 3.689311742782592773e-01 -2.850285172462463379e-01 2.834794521331787109e-01 -3.216465711593627930e-01 5.666735172271728516e-01
9.661388397216796875e-02 2.293854951858520508e-01 -3.122476935386657715e-01 3.542648553848266602e-01 -1.362747550010681152e-01 4.752653837203979492e-01
8.763623237609863281e-02 3.448920249938964844e-01 -3.314788341522216797e-01 2.686011791229248047e-01 -2.268407344818115234e-01 5.883936882019042969e-01
-4.141646623611450195e-02 3.194931745529174805e-01 -3.154443502426147461e-01 2.592163085937500000e-01 -2.211167812347412109e-01 5.725854635238647461e-01
2.967357635498046875e-03 8.326232433319091797e-02 -1.290991902351379395e-01 2.470587491989135742e-01 -6.305122375488281250e-02 4.299937486648559570e-01
1.859974861145019531e-02 2.467191219329833984e-01 1.422786712646484375e-02 4.761652946472167969e-01 -1.272068023681640625e-01 6.659462451934814453e-01
-3.825508356094360352e-01 4.031085968017578125e-01 2.550147771835327148e-01 2.655354738235473633e-01 -3.016977906227111816e-01 8.286801576614379883e-01
-4.020640254020690918e-01 3.356865644454956055e-01 2.734308242797851562e-01 2.976934909820556641e-01 -4.163283705711364746e-01 4.865045547485351562e-01
-6.124582290649414062e-01 3.755040168762207031e-01 2.401535511016845703e-01 2.195930480957031250e-01 -4.725344181060791016e-01 5.666663646697998047e-01
-5.679546594619750977e-01 2.338551282882690430e-01 2.923576831817626953e-01 1.750277280807495117e-01 -4.253725409507751465e-01 3.507742881774902344e-01
-4.489843249320983887e-01 1.410063505172729492e-01 3.766222000122070312e-01 -7.679736614227294922e-02 -3.632112145423889160e-01 3.231930732727050781e-01
-5.178197622299194336e-01 8.257555961608886719e-02 2.896975278854370117e-01 -1.949138641357421875e-01 -2.734074592590332031e-01 1.875180006027221680e-01
2.024669647216796875e-01 4.498840570449829102e-01 2.524501085281372070e-01 -1.921216845512390137e-01 9.180164337158203125e-02 3.160339593887329102e-01
4.575774669647216797e-01 5.091835260391235352e-01 -5.178087949752807617e-02 1.332008838653564453e-02 8.934855461120605469e-03 1.500722169876098633e-01
3.499143123626708984e-01 1.675145626068115234e-01 2.331894636154174805e-01 -9.822899103164672852e-02 9.421026706695556641e-02 -7.071906328201293945e-02
3.818254470825195312e-01 2.780508995056152344e-01 -5.545592308044433594e-02 1.000297069549560547e-02 -2.685308456420898438e-02 5.255758762359619141e-02
5.473238229751586914e-01 4.407639503479003906e-01 -5.908983945846557617e-02 -6.046187877655029297e-02 9.850251674652099609e-02 1.176642179489135742e-01
5.217965841293334961e-01 4.306555986404418945e-01 2.502799034118652344e-03 -1.213288307189941406e-01 1.273005008697509766e-01 9.311747550964355469e-02
6.361535787582397461e-01 4.717700481414794922e-01 2.093124389648437500e-02 -2.121385335922241211e-01 6.865143775939941406e-02 1.560181379318237305e-01
6.416249275207519531e-01 3.488994836807250977e-01 -1.924055814743041992e-02 -2.458972930908203125e-01 1.136381626129150391e-01 8.483600616455078125e-02
6.147949695587158203e-01 3.250789642333984375e-01 3.845345973968505859e-02 -2.449721097946166992e-01 2.551535367965698242e-01 -2.868479490280151367e-02
7.463922500610351562e-01 2.645337581634521484e-01 -5.747854709625244141e-02 -2.291775941848754883e-01 2.966593503952026367e-01 -6.139928102493286133e-02
8.268425464630126953e-01 1.728608608245849609e-01 1.078009605407714844e-03 -1.041490435600280762e-01 3.423938751220703125e-01 1.658630371093750000e-02
9.832720756530761719e-01 1.966198682785034180e-01 5.113375186920166016e-02 -1.195809245109558105e-01 4.103178977966308594e-01 1.030900478363037109e-01
5.526250600814819336e-01 7.961988449096679688e-03 2.564196586608886719e-01 -2.838898897171020508e-01 4.300397634506225586e-01 -7.606959342956542969e-02
2.341363430023193359e-01 -1.229542493820190430e-02 3.686795234680175781e-01 -2.508642077445983887e-01 2.777347564697265625e-01 -1.792811751365661621e-01
-1.688292622566223145e-01 -4.301458597183227539e-02 3.659235239028930664e-01 -8.278989791870117188e-02 2.902014255523681641e-01 -3.648211359977722168e-01
-2.434470653533935547e-01 8.606648445129394531e-02 5.048623085021972656e-01 -9.070479869842529297e-02 2.822716236114501953e-01 -1.179716587066650391e-01
-4.540150761604309082e-01 6.537139415740966797e-02 3.375198841094970703e-01 2.332568168640136719e-03 4.244124889373779297e-02 -9.297609329223632812e-02
-1.915903687477111816e-01 2.176741361618041992e-01 5.725016593933105469e-01 -5.574548244476318359e-02 -1.632761955261230469e-02 2.670462131500244141e-01
-8.832883834838867188e-02 8.932423591613769531e-02 5.924786329269409180e-01 3.483879566192626953e-02 3.052711486816406250e-02 -9.641820192337036133e-02
6.515574455261230469e-02 1.404174566268920898e-01 4.604240655899047852e-01 9.115219116210937500e-03 -2.431547641754150391e-02 -8.906424045562744141e-03
1.380771398544311523e-01 1.943136453628540039e-01 3.497511148452758789e-01 -1.051110625267028809e-01 -1.097103953361511230e-01 1.350927352905273438e-02
-1.304583549499511719e-01 -2.026849985122680664e-02 5.294362306594848633e-01 -3.854966163635253906e-02 -1.346616744995117188e-01 -1.410921216011047363e-01
-3.334826827049255371e-01 5.902874469757080078e-02 5.494148731231689453e-01 6.787049770355224609e-02 -1.220172047615051270e-01 -4.989671707153320312e-02
-3.612316846847534180e-01 1.292459964752197266e-01 5.227556228637695312e-01 -4.158914089202880859e-03 -2.178407311439514160e-01 9.611845016479492188e-04
-1.817678809165954590e-01 -2.221677899360656738e-01 4.216071367263793945e-01 1.435358524322509766e-01 2.693492174148559570e-01 -3.182903528213500977e-01
-2.105310559272766113e-01 -2.988327741622924805e-01 7.092537879943847656e-01 3.534998893737792969e-01 2.653046846389770508e-01 -2.313655018806457520e-01
1.774902343750000000e-01 -2.683914303779602051e-01 5.790350437164306641e-01 1.465910673141479492e-01 3.220188617706298828e-02 -6.281614303588867188e-02
3.202152252197265625e-01 5.093026161193847656e-02 2.218339443206787109e-01 2.392305135726928711e-01 -1.004813909530639648e-01 1.257089376449584961e-01
3.594961166381835938e-01 5.395221710205078125e-02 3.060382604598999023e-01 -2.342861890792846680e-02 1.456391811370849609e-01 -9.640121459960937500e-02
5.882970094680786133e-01 -5.268514156341552734e-03 1.064684391021728516e-01 7.681226730346679688e-02 2.850435972213745117e-01 -2.796970009803771973e-01
4.598495960235595703e-01 -1.596682667732238770e-01 2.710783481597900391e-01 2.264642715454101562e-02 4.721387624740600586e-01 -4.176377058029174805e-01
4.195144176483154297e-01 -9.027194976806640625e-02 2.668768167495727539e-01 -2.294248342514038086e-02 3.745951652526855469e-01 -3.160189986228942871e-01
3.573980331420898438e-01 -5.519443750381469727e-02 1.883403062820434570e-01 -5.108976364135742188e-02 3.976528644561767578e-01 -3.195830583572387695e-01
4.042088985443115234e-01 -1.963382959365844727e-02 2.834434509277343750e-01 -6.868493556976318359e-02 4.247201681137084961e-01 -2.563910484313964844e-01
3.773788213729858398e-01 1.349151134490966797e-02 3.336453437805175781e-01 -5.454111099243164062e-02 3.759533166885375977e-01 -1.654562354087829590e-01
2.997159957885742188e-01 -6.284713745117187500e-02 3.919781446456909180e-01 -8.237308263778686523e-02 4.420586824417114258e-01 -2.149937152862548828e-01
2.980837821960449219e-01 -6.657838821411132812e-02 3.768141269683837891e-01 -1.891250610351562500e-01 3.613295555114746094e-01 -1.707473993301391602e-01
2.668704986572265625e-01 -2.336404919624328613e-01 4.473494291305541992e-01 -8.596515655517578125e-02 4.259452819824218750e-01 -3.485751748085021973e-01
1.373531818389892578e-01 -3.183255791664123535e-01 4.506198167800903320e-01 -1.819561123847961426e-01 4.496160745620727539e-01 -3.966488242149353027e-01
-4.439330101013183594e-02 -4.477101564407348633e-02 5.082839727401733398e-01 -1.531774997711181641e-01 -3.004992008209228516e-02 -1.169676780700683594e-01
-1.812483668327331543e-01 -3.975212574005126953e-02 4.586964845657348633e-01 -4.851061105728149414e-02 -9.563606977462768555e-02 -1.283474564552307129e-01
4.033160209655761719e-02 2.011907100677490234e-02 4.529205560684204102e-01 -1.892327070236206055e-01 9.142148494720458984e-02 -7.083839178085327148e-02
-1.704736351966857910e-01 8.448517322540283203e-02 6.260064840316772461e-01 -1.019991040229797363e-01 -1.305705308914184570e-02 1.132655143737792969e-02
-2.922247648239135742e-01 6.555604934692382812e-02 4.662955999374389648e-01 5.083000659942626953e-02 -2.645340561866760254e-01 5.411064624786376953e-02
-3.642751574516296387e-01 -1.627576351165771484e-02 4.321556091308593750e-01 -4.755258560180664062e-04 -7.880431413650512695e-02 -3.230535984039306641e-02
-1.520851850509643555e-01 5.527949333190917969e-02 4.945117235183715820e-01 -4.017513990402221680e-02 -2.492970228195190430e-01 1.055327653884887695e-01
-3.501744270324707031e-01 -9.648227691650390625e-02 2.364847660064697266e-01 7.980906963348388672e-02 -2.937735915184020996e-01 -7.614850997924804688e-02
-4.032706022262573242e-01 -1.183375716209411621e-01 4.222259521484375000e-01 -4.762029647827148438e-02 -1.102112531661987305e-01 -1.902980208396911621e-01
-4.038554430007934570e-01 -2.666791081428527832e-01 4.290623664855957031e-01 3.256709575653076172e-01 2.917869091033935547e-01 -4.718253016471862793e-01
-2.647118568420410156e-01 -4.204958677291870117e-01 6.122053861618041992e-01 2.636249065399169922e-01 4.242057800292968750e-01 -6.450445652008056641e-01
-1.939010024070739746e-01 -3.409433364868164062e-02 9.165452718734741211e-01 -2.406603097915649414e-02 -7.067441940307617188e-02 -5.332201719284057617e-02
-1.060453057289123535e-01 4.291403293609619141e-02 6.509869098663330078e-01 -3.472620844841003418e-01 -2.791427373886108398e-01 -9.075349569320678711e-02
2.914283275604248047e-01 1.807020902633666992e-01 6.340297460556030273e-01 -3.223313093185424805e-01 -4.269784688949584961e-02 1.765460968017578125e-01
3.211839199066162109e-01 3.186955451965332031e-01 3.649858236312866211e-01 -1.371318697929382324e-01 -4.402858018875122070e-02 1.443173885345458984e-01
4.181182384490966797e-01 3.061186075210571289e-01 2.796728610992431641e-01 -2.727615237236022949e-01 1.126800775527954102e-01 7.100546360015869141e-02
4.262928962707519531e-01 1.771559715270996094e-01 6.770277023315429688e-02 -2.990242242813110352e-01 2.986712455749511719e-01 -1.322500705718994141e-01
5.719153881072998047e-01 1.963367462158203125e-01 1.197704076766967773e-01 -2.092263102531433105e-01 2.596035003662109375e-01 4.387724399566650391e-02
5.407083034515380859e-01 -5.661571025848388672e-02 2.556210756301879883e-01 -2.164710164070129395e-01 4.785792827606201172e-01 -1.272048950195312500e-01
4.239493608474731445e-01 -2.206454873085021973e-01 3.169376850128173828e-01 -3.200078010559082031e-01 5.432957410812377930e-01 -3.412072062492370605e-01
-1.265525817871093750e-03 -2.442028522491455078e-01 3.999158143997192383e-01 -3.808089494705200195e-01 3.016860485076904297e-01 -4.743708372116088867e-01
-2.981529831886291504e-01 -5.913794040679931641e-02 5.717757940292358398e-01 -2.653298974037170410e-01 2.328033447265625000e-01 -2.192113399505615234e-01
-3.334753513336181641e-01 1.195927858352661133e-01 6.295701265335083008e-01 -1.885650753974914551e-01 1.332545280456542969e-02 -3.541851043701171875e-02
-3.988976478576660156e-01 2.292203903198242188e-02 5.122908353805541992e-01 -2.251047492027282715e-01 6.998705863952636719e-02 -9.443610906600952148e-02
-4.756926894187927246e-01 7.216107845306396484e-02 3.474116325378417969e-01 -2.099120616912841797e-01 -1.144334077835083008e-01 -3.700143098831176758e-02
-2.258431315422058105e-01 3.619086742401123047e-02 4.106831550598144531e-01 -2.089726328849792480e-01 1.428389549255371094e-02 -8.173048496246337891e-02
-3.292018771171569824e-01 -3.576803207397460938e-02 4.410424232482910156e-01 -1.651910543441772461e-01 -5.431377887725830078e-02 -1.588004231452941895e-01
-5.404357910156250000e-01 1.232616901397705078e-01 4.083575010299682617e-01 1.694604158401489258e-01 -2.895952463150024414e-01 1.917557716369628906e-01
-3.161854147911071777e-01 -1.637593507766723633e-01 4.176529645919799805e-01 1.627091169357299805e-01 1.522506475448608398e-01 -1.355561017990112305e-01
-2.919443845748901367e-01 -2.498072385787963867e-02 4.915372133255004883e-01 -1.101559996604919434e-01 -1.798907518386840820e-01 3.819191455841064453e-02
-2.909638285636901855e-01 2.840447425842285156e-02 5.803955793380737305e-01 -1.717049479484558105e-01 -1.797886490821838379e-01 1.676640510559082031e-01
-4.908266067504882812e-01 3.612411022186279297e-01 5.190906524658203125e-01 -8.025604486465454102e-02 -2.969973683357238770e-01 4.242870807647705078e-01
-1.574997901916503906e-01 3.268623352050781250e-01 4.056259393692016602e-01 -1.913896799087524414e-01 -4.332239031791687012e-01 4.090528488159179688e-01
1.655733585357666016e-02 3.296091556549072266e-01 5.024874210357666016e-02 1.924207210540771484e-01 -5.664567947387695312e-01 6.270453929901123047e-01
-4.112899303436279297e-03 3.580999374389648438e-01 -1.290447711944580078e-01 2.911974191665649414e-01 -4.444548487663269043e-01 5.465955734252929688e-01
-1.012383699417114258e-01 3.174684047698974609e-01 -1.966092586517333984e-01 2.809727191925048828e-01 -3.217437863349914551e-01 4.805413484573364258e-01
-2.517461180686950684e-01 3.509608507156372070e-01 -1.156116724014282227e-01 3.167202472686767578e-01 -4.457083344459533691e-01 6.797306537628173828e-01
-1.458157300949096680e-01 3.796863555908203125e-01 -4.323804378509521484e-02 3.500646352767944336e-01 -4.049663543701171875e-01 6.953554153442382812e-01
-6.780916452407836914e-02 3.551644086837768555e-01 -2.966833114624023438e-02 3.263543844223022461e-01 -3.841386437416076660e-01 7.118620872497558594e-01
-8.672356605529785156e-03 2.776950597763061523e-01 4.412186145782470703e-02 2.867388725280761719e-01 -3.129210472106933594e-01 6.067425012588500977e-01
-6.720656156539916992e-02 3.561997413635253906e-01 1.150933504104614258e-01 3.943260908126831055e-01 -2.879419326782226562e-01 7.285557985305786133e-01
-5.952084064483642578e-02 2.681941986083984375e-01 6.302344799041748047e-02 2.521601915359497070e-01 -2.592379450798034668e-01 6.308697462081909180e-01
-1.564520001411437988e-01 3.778228759765625000e-01 2.177052497863769531e-01 2.042961120605468750e-01 -2.382003068923950195e-01 7.752948999404907227e-01
-8.360856771469116211e-02 1.284060478210449219e-01 2.209057807922363281e-01 1.840850114822387695e-01 -2.547782063484191895e-01 5.024915933609008789e-01
-6.085115671157836914e-02 2.720580101013183594e-01 1.899207830429077148e-01 2.307087182998657227e-01 -3.517705202102661133e-02 5.731729269027709961e-01
-1.115159392356872559e-01 1.641088724136352539e-01 2.605452537536621094e-01 1.620928049087524414e-01 3.753268718719482422e-02 4.652317762374877930e-01
