3.549563884735107422e-02 3.765127658843994141e-01 -1.092571020126342773e-02 -6.466901302337646484e-02 -1.827712655067443848e-01 2.318570613861083984e-01
1.488763093948364258e-01 5.233018398284912109e-01 1.881164312362670898e-01 -1.028699278831481934e-01 -2.452514171600341797e-01 3.599685430526733398e-01
6.065530776977539062e-01 7.265383005142211914e-01 -1.553267240524291992e-01 -5.634242296218872070e-02 -3.406429290771484375e-01 4.583504199981689453e-01
6.767090559005737305e-01 7.437747716903686523e-01 -2.484834194183349609e-01 -8.584749698638916016e-02 -3.059000372886657715e-01 3.649208545684814453e-01
6.226148605346679688e-01 6.653761863708496094e-01 -3.550949692726135254e-01 -1.167638301849365234e-01 -2.563114762306213379e-01 2.511107921600341797e-01
6.132301092147827148e-01 5.250138044357299805e-01 -3.743858933448791504e-01 -5.661559104919433594e-02 -1.174774765968322754e-01 1.733320951461791992e-01
5.690634250640869141e-01 5.592204332351684570e-01 -2.088493108749389648e-01 -1.073909401893615723e-01 -1.277545094490051270e-01 2.494548559188842773e-01
6.610571146011352539e-01 5.655643939971923828e-01 -3.437982797622680664e-01 -5.850255489349365234e-03 -1.133649349212646484e-01 1.878393888473510742e-01
7.030936479568481445e-01 6.621357202529907227e-01 -3.198325634002685547e-01 -4.162430763244628906e-02 -1.448705792427062988e-01 2.455004453659057617e-01
6.768848896026611328e-01 6.761584281921386719e-01 -4.533306360244750977e-01 7.384800910949707031e-02 -2.251754999160766602e-01 2.464717626571655273e-01
7.263373136520385742e-01 7.403855323791503906e-01 -4.160640239715576172e-01 7.212936878204345703e-02 -2.672325372695922852e-01 3.361933231353759766e-01
6.585240364074707031e-01 6.078562736511230469e-01 -4.100257158279418945e-01 2.717924118041992188e-01 -1.668029427528381348e-01 2.523919343948364258e-01
7.849013805389404297e-01 6.575226783752441406e-01 -4.654261469841003418e-01 2.661520242691040039e-01 -2.130979895591735840e-01 3.347500562667846680e-01
6.996815204620361328e-01 7.820624113082885742e-01 -4.568508267402648926e-01 2.075940370559692383e-01 -3.145776987075805664e-01 5.038084983825683594e-01
5.431070327758789062e-01 8.381104469299316406e-01 -3.825984597206115723e-01 2.034224271774291992e-01 -3.326692581176757812e-01 5.683093070983886719e-01
5.308855772018432617e-01 8.685754537582397461e-01 -3.217948675155639648e-01 1.851764917373657227e-01 -3.574497699737548828e-01 6.806718111038208008e-01
4.855635166168212891e-01 8.436462879180908203e-01 -3.851439952850341797e-01 2.868496179580688477e-01 -4.864664077758789062e-01 8.036779165267944336e-01
4.986455440521240234e-01 7.893854379653930664e-01 -3.743848800659179688e-01 3.236157894134521484e-01 -4.227041006088256836e-01 7.704807519912719727e-01
4.565140008926391602e-01 7.031072378158569336e-01 -3.731916546821594238e-01 2.424566745758056641e-01 -4.058210253715515137e-01 7.732485532760620117e-01
3.790814876556396484e-01 7.105742692947387695e-01 -3.455299139022827148e-01 1.930434703826904297e-01 -3.943873047828674316e-01 7.806047201156616211e-01
3.935420513153076172e-01 5.973157882690429688e-01 -3.360893726348876953e-01 1.682972908020019531e-01 -3.130635619163513184e-01 7.406656742095947266e-01
3.923189640045166016e-01 4.614142179489135742e-01 -4.916552305221557617e-01 1.782424449920654297e-01 -2.043884992599487305e-01 5.096507072448730469e-01
3.558515310287475586e-01 4.582986831665039062e-01 -4.483998417854309082e-01 6.400656700134277344e-02 -1.383398175239562988e-01 4.557329416275024414e-01
1.238132715225219727e-01 4.542251825332641602e-01 -3.878751397132873535e-01 1.219067573547363281e-01 -3.520685434341430664e-01 5.690513849258422852e-01
3.775875568389892578e-01 3.687516450881958008e-01 -5.613288879394531250e-01 1.206470727920532227e-01 -1.861256361007690430e-01 4.035537242889404297e-01
2.041856050491333008e-01 3.260724544525146484e-01 -4.010274410247802734e-01 1.339914798736572266e-01 -2.742575407028198242e-01 4.559644460678100586e-01
1.984610557556152344e-01 3.689215183258056641e-01 -3.462146520614624023e-01 6.680369377136230469e-02 -2.827649116516113281e-01 4.973528385162353516e-01
1.709667444229125977e-01 4.075081348419189453e-01 -2.813772559165954590e-01 1.610069274902343750e-01 -3.913581967353820801e-01 5.976467132568359375e-01
2.390079498291015625e-01 3.786242008209228516e-01 -2.617414593696594238e-01 1.150571107864379883e-01 -3.103916645050048828e-01 5.222985744476318359e-01
1.889896392822265625e-01 3.663632869720458984e-01 -1.441071033477783203e-01 1.567186117172241211e-01 -3.469724059104919434e-01 5.617995262145996094e-01
1.556079387664794922e-01 4.226936101913452148e-01 -1.824826002120971680e-02 1.116365194320678711e-01 -3.750935196876525879e-01 7.205615043640136719e-01
1.297402381896972656e-02 3.449573516845703125e-01 -3.989148139953613281e-02 1.747801303863525391e-01 -3.468857407569885254e-01 6.505146026611328125e-01
-5.323183536529541016e-02 3.954095840454101562e-01 -2.599120140075683594e-02 1.403211355209350586e-01 -4.330168962478637695e-01 7.415707111358642578e-01
-1.315099000930786133e-01 4.903739690780639648e-01 -1.299512386322021484e-02 1.792354583740234375e-01 -5.127530097961425781e-01 8.298008441925048828e-01
-4.798501729965209961e-02 3.976862430572509766e-01 -5.667865276336669922e-03 1.764444112777709961e-01 -2.928225994110107422e-01 6.940395832061767578e-01
-5.217313766479492188e-02 2.693139314651489258e-01 -1.307944655418395996e-01 1.850634813308715820e-01 -3.431256413459777832e-01 5.169886350631713867e-01
-1.995932459831237793e-01 4.645408391952514648e-01 -4.347562789916992188e-03 2.498941421508789062e-01 -4.002277851104736328e-01 7.644051313400268555e-01
-3.651291728019714355e-01 3.663873672485351562e-02 1.562250852584838867e-01 -2.166271209716796875e-02 -3.877611756324768066e-01 3.954987525939941406e-01
5.261373519897460938e-02 5.545902252197265625e-02 2.021610736846923828e-02 5.730462074279785156e-02 -2.199745774269104004e-01 4.754557609558105469e-01
-5.150324106216430664e-01 2.676476240158081055e-01 2.441723346710205078e-01 8.553719520568847656e-02 -5.521933436393737793e-01 7.260464429855346680e-01
-2.056871652603149414e-01 3.050096035003662109e-01 2.474235296249389648e-01 2.795798778533935547e-01 -7.255910634994506836e-01 7.681914567947387695e-01
-1.378114819526672363e-01 3.679325580596923828e-01 2.860825061798095703e-01 7.460200786590576172e-02 -3.488649129867553711e-01 6.940478086471557617e-01
-1.948587298393249512e-01 3.610912561416625977e-01 3.181014060974121094e-01 4.263460636138916016e-02 -3.370402455329895020e-01 6.173170804977416992e-01
-1.656018495559692383e-01 6.190448999404907227e-01 1.253287792205810547e-01 -2.015769481658935547e-02 -4.714853167533874512e-01 5.787034034729003906e-01
-1.788321733474731445e-01 7.135654687881469727e-01 1.423970460891723633e-01 -3.032881021499633789e-02 -4.113991260528564453e-01 6.136205196380615234e-01
1.164712905883789062e-01 5.960801839828491211e-01 6.067097187042236328e-02 -9.999680519104003906e-02 -3.616467714309692383e-01 4.498711824417114258e-01
-7.229220867156982422e-02 5.742758512496948242e-01 2.348693609237670898e-01 -2.128312587738037109e-01 -2.218000292778015137e-01 4.227796792984008789e-01
3.476657867431640625e-01 5.270785093307495117e-01 -6.986922025680541992e-02 -1.632909774780273438e-01 -2.704519033432006836e-02 2.217296361923217773e-01
5.248817205429077148e-01 5.212247371673583984e-01 -9.679090976715087891e-02 -2.203561663627624512e-01 -6.871819496154785156e-02 2.569073438644409180e-01
4.733517169952392578e-01 4.876698255538940430e-01 -1.469040513038635254e-01 -2.179676294326782227e-01 -5.403244495391845703e-02 1.938627958297729492e-01
5.335922241210937500e-01 4.967788457870483398e-01 -1.561295986175537109e-01 -2.610536813735961914e-01 -1.306476593017578125e-01 2.350984811782836914e-01
4.204944372177124023e-01 3.554654121398925781e-01 -1.290799379348754883e-01 -2.172105908393859863e-01 -1.181365251541137695e-01 1.395405530929565430e-01
3.939293622970581055e-01 2.188370227813720703e-01 -3.391689062118530273e-02 -3.449879884719848633e-01 3.092038631439208984e-02 1.673638820648193359e-02
3.672341108322143555e-01 7.038795948028564453e-02 9.355425834655761719e-03 -4.012203812599182129e-01 1.167823076248168945e-01 -1.091677546501159668e-01
4.768455028533935547e-02 -3.158426284790039062e-02 3.820694684982299805e-01 -6.270092129707336426e-01 2.030763626098632812e-01 -1.317341923713684082e-01
-3.997479081153869629e-01 9.647142887115478516e-02 4.597704410552978516e-01 -4.738501906394958496e-01 -5.180281400680541992e-02 -1.299633979797363281e-01
-5.773168206214904785e-01 1.761015653610229492e-01 3.793170452117919922e-01 -2.977291941642761230e-01 -1.923670768737792969e-01 6.954288482666015625e-02
-5.871356725692749023e-01 2.497924566268920898e-01 5.395878553390502930e-01 -5.762857198715209961e-02 -1.778885722160339355e-01 2.395807504653930664e-01
-4.920514225959777832e-01 2.108033895492553711e-01 5.065386295318603516e-01 -8.365195989608764648e-02 -1.612269282341003418e-01 2.595226764678955078e-01
-4.529663324356079102e-01 1.090621948242187500e-01 4.486579895019531250e-01 -1.974742412567138672e-01 -9.666395187377929688e-02 6.402850151062011719e-02
-4.129630327224731445e-01 3.521096706390380859e-02 3.288505077362060547e-01 -3.190945386886596680e-01 -1.758354902267456055e-01 2.647137641906738281e-02
-5.503993034362792969e-01 1.350985765457153320e-01 3.810474872589111328e-01 -1.040812134742736816e-01 -3.073738217353820801e-01 1.862815618515014648e-01
-3.343666791915893555e-01 1.488351821899414062e-02 3.313872814178466797e-01 1.687574386596679688e-02 -2.110590338706970215e-01 -5.247843265533447266e-02
-4.924637675285339355e-01 3.074371814727783203e-01 4.781067371368408203e-01 -6.655412912368774414e-02 -4.998557567596435547e-01 3.900880813598632812e-01
-2.258697152137756348e-01 1.155316829681396484e-02 3.631659746170043945e-01 -1.312074065208435059e-01 -2.007682919502258301e-01 -3.688395023345947266e-03
-1.140580177307128906e-01 -3.320044279098510742e-02 5.381730794906616211e-01 -2.814311385154724121e-01 1.119692325592041016e-01 -2.801100015640258789e-01
-2.166568040847778320e-01 -1.906291246414184570e-01 5.138025283813476562e-01 -7.638978958129882812e-02 5.490655899047851562e-01 -4.649492502212524414e-01
1.503928899765014648e-01 -6.907659769058227539e-02 5.052090883255004883e-01 -2.570178508758544922e-01 2.279577255249023438e-01 -7.560598850250244141e-02
1.867222785949707031e-01 7.911312580108642578e-02 4.075582027435302734e-01 -4.286275506019592285e-01 1.715691089630126953e-01 4.739654064178466797e-02
2.815861701965332031e-01 1.254997253417968750e-01 3.399962186813354492e-01 -4.073103666305541992e-01 2.197465896606445312e-01 3.625166416168212891e-02
2.626131772994995117e-01 2.191542387008666992e-01 3.910733461380004883e-01 -4.242308139801025391e-01 1.429883241653442383e-01 1.561986207962036133e-01
3.168275356292724609e-01 2.869496345520019531e-01 4.394989013671875000e-01 -4.669640660285949707e-01 1.123945713043212891e-01 2.437627315521240234e-01
2.115753889083862305e-01 4.033992290496826172e-01 3.983000516891479492e-01 -4.878390431404113770e-01 1.138544082641601562e-02 2.505006790161132812e-01
3.484966754913330078e-01 4.849867820739746094e-01 4.024341106414794922e-01 -4.662190675735473633e-01 -2.348190546035766602e-02 3.186333179473876953e-01
3.306216001510620117e-01 4.092243909835815430e-01 3.098219633102416992e-01 -3.990580439567565918e-01 4.856848716735839844e-02 1.968948841094970703e-01
1.163200139999389648e-01 2.802888154983520508e-01 2.973359823226928711e-01 -4.118285179138183594e-01 5.104649066925048828e-02 9.502303600311279297e-02
1.821355819702148438e-01 2.802534103393554688e-01 2.515163421630859375e-01 -3.795291781425476074e-01 2.176284790039062500e-02 1.320090293884277344e-01
2.352095842361450195e-01 2.643207311630249023e-01 2.630587816238403320e-01 -4.035938978195190430e-01 1.116642951965332031e-01 8.668649196624755859e-02
2.461249828338623047e-01 2.261248826980590820e-01 3.599599599838256836e-01 -5.244072079658508301e-01 1.148436069488525391e-01 1.387561559677124023e-01
2.180662155151367188e-01 9.011864662170410156e-02 3.860476016998291016e-01 -4.682493209838867188e-01 1.866130828857421875e-01 -8.900582790374755859e-03
6.378877162933349609e-02 -1.616034507751464844e-01 2.924436330795288086e-01 -5.185697078704833984e-01 2.048872709274291992e-01 -2.982342243194580078e-01
-1.705384254455566406e-01 -9.966230392456054688e-02 5.834023952484130859e-01 -5.372698903083801270e-01 1.529660224914550781e-01 -2.156365513801574707e-01
-3.053308129310607910e-01 1.354343891143798828e-01 7.928551435470581055e-01 -4.428439736366271973e-01 1.374115943908691406e-01 1.416853666305541992e-01
-3.042644262313842773e-01 -2.494019269943237305e-02 7.023477554321289062e-01 -5.168615579605102539e-01 2.602757215499877930e-01 -3.078389167785644531e-02
-2.576934695243835449e-01 -5.830204486846923828e-02 5.681090354919433594e-01 -2.163870334625244141e-01 2.150965929031372070e-01 -1.415530443191528320e-01
-5.011866688728332520e-01 3.083920478820800781e-02 3.891196250915527344e-01 -4.489195346832275391e-02 -1.571553349494934082e-01 -9.875953197479248047e-03
-3.507818579673767090e-01 -1.472703218460083008e-01 3.270192146301269531e-01 -3.317480683326721191e-01 5.871891975402832031e-03 -2.234436869621276855e-01
-4.553538560867309570e-01 -2.095913290977478027e-01 2.268195152282714844e-01 -1.811346411705017090e-01 1.168183088302612305e-01 -2.078737616539001465e-01
-9.730178117752075195e-02 -3.578524589538574219e-01 4.093672037124633789e-01 6.334471702575683594e-02 5.923469066619873047e-01 -5.547912120819091797e-01
-2.424802780151367188e-01 -1.174008250236511230e-01 6.145987510681152344e-01 -5.857157707214355469e-02 5.627573728561401367e-01 -3.966241478919982910e-01
-4.834396839141845703e-01 -8.977156877517700195e-02 7.586051225662231445e-01 -1.288101077079772949e-01 1.382915973663330078e-01 -1.281552314758300781e-01
-3.962435126304626465e-01 2.247165441513061523e-01 6.976658105850219727e-01 -2.847127914428710938e-01 -2.121862769126892090e-01 1.830447912216186523e-01
-3.303092718124389648e-01 2.685574293136596680e-01 7.950031757354736328e-01 -1.524134278297424316e-01 -3.324157595634460449e-01 1.368832588195800781e-01
1.579117774963378906e-01 3.619328737258911133e-01 4.128770828247070312e-01 -4.024813175201416016e-01 -5.153405666351318359e-01 7.894146442413330078e-02
1.302444934844970703e-01 4.128768444061279297e-01 4.179632663726806641e-01 -4.222682714462280273e-01 -3.977485299110412598e-01 2.079294919967651367e-01
1.469041109085083008e-01 5.591479539871215820e-01 3.291028738021850586e-01 -3.133670687675476074e-01 -4.188829660415649414e-01 3.903167247772216797e-01
3.012559413909912109e-01 4.825353622436523438e-01 4.685682058334350586e-01 -3.529885411262512207e-01 -3.476046323776245117e-01 3.366599082946777344e-01
1.782338619232177734e-01 4.288995265960693359e-01 5.594063997268676758e-01 -4.791620373725891113e-01 -1.587640643119812012e-01 2.782447338104248047e-01
1.909680366516113281e-01 4.953622817993164062e-01 4.082257747650146484e-01 -4.372125864028930664e-01 -2.799357771873474121e-01 3.223087787628173828e-01
3.231836557388305664e-01 2.934263944625854492e-01 3.988713026046752930e-01 -2.758213281631469727e-01 -9.754997491836547852e-02 1.229299306869506836e-01
1.660882234573364258e-01 6.437289714813232422e-02 5.561923980712890625e-01 -1.957716345787048340e-01 -9.673708677291870117e-02 1.622267961502075195e-01
6.803238391876220703e-02 7.601809501647949219e-02 3.522880077362060547e-01 -2.309371829032897949e-01 -6.637245416641235352e-02 4.029929637908935547e-02
-4.062129259109497070e-01 -3.436654806137084961e-02 6.126750707626342773e-01 -4.755037426948547363e-01 -1.537300348281860352e-01 2.135515213012695312e-03
-4.209893345832824707e-01 7.591009140014648438e-03 7.640771865844726562e-01 -2.942692637443542480e-01 3.415536880493164062e-02 1.021925210952758789e-01
-3.662818074226379395e-01 9.374856948852539062e-02 5.520465373992919922e-01 -1.432584524154663086e-01 -2.926783561706542969e-01 1.226745843887329102e-01
-3.888727426528930664e-01 1.260843276977539062e-01 4.739919900894165039e-01 -1.777216792106628418e-01 -2.386622428894042969e-01 1.712292432785034180e-01
-5.505446195602416992e-01 2.502465248107910156e-01 5.777995586395263672e-01 2.043858766555786133e-01 -4.586206674575805664e-01 3.067816495895385742e-01
-3.302434086799621582e-01 1.261320114135742188e-01 5.257397890090942383e-01 -8.946484327316284180e-02 -4.316966533660888672e-01 1.706246137619018555e-01
-3.889783620834350586e-01 -1.229881644248962402e-01 3.253101110458374023e-01 -3.563241958618164062e-01 -8.289176225662231445e-02 -1.177862286567687988e-01
-4.900982379913330078e-01 -1.221365332603454590e-01 4.577982425689697266e-01 -1.242688894271850586e-01 7.050275802612304688e-03 2.099156379699707031e-03
-6.179977655410766602e-01 1.022864580154418945e-01 6.101504564285278320e-01 -1.060608029365539551e-01 -3.458431959152221680e-01 1.700181961059570312e-01
-1.511282324790954590e-01 -2.298441529273986816e-01 1.788992881774902344e-01 1.760067939758300781e-01 1.121137142181396484e-01 -3.004775643348693848e-01
-2.371506690979003906e-01 -2.144808173179626465e-01 -4.578548669815063477e-02 -8.311808109283447266e-02 2.272064685821533203e-01 -4.920470118522644043e-01
-4.702470302581787109e-01 -2.757154703140258789e-01 2.420570850372314453e-01 -1.422492861747741699e-01 3.150353431701660156e-01 -4.574073553085327148e-01
-1.142627000808715820e-01 -4.527344703674316406e-01 3.231669664382934570e-01 -6.760694980621337891e-01 2.151203155517578125e-01 -4.754134416580200195e-01
4.608666896820068359e-02 -4.658905863761901855e-01 2.592575550079345703e-02 -4.769423007965087891e-01 2.572020292282104492e-01 -6.142495274543762207e-01
2.284884452819824219e-02 -3.599603176116943359e-01 -3.245812654495239258e-02 -6.395795345306396484e-01 3.333147764205932617e-01 -5.388209223747253418e-01
-1.001461148262023926e-01 -3.424947261810302734e-01 1.953244209289550781e-02 -5.991402864456176758e-01 2.369774580001831055e-01 -4.517097473144531250e-01
-3.125953674316406250e-02 -3.494067192077636719e-01 2.132737636566162109e-02 -5.777897834777832031e-01 2.413290739059448242e-01 -4.045253992080688477e-01
2.189445495605468750e-02 -3.560496568679809570e-01 1.170074939727783203e-02 -6.296025514602661133e-01 2.671028375625610352e-01 -3.779533505439758301e-01
9.017944335937500000e-02 -4.144130945205688477e-01 3.379917144775390625e-02 -6.082717180252075195e-01 3.425800800323486328e-01 -4.541886448860168457e-01
7.939076423645019531e-02 -4.777112603187561035e-01 -1.684510707855224609e-02 -6.526741981506347656e-01 4.100908041000366211e-01 -5.498961806297302246e-01
1.664686203002929688e-02 -4.395432472229003906e-01 1.197029352188110352e-01 -5.674437880516052246e-01 3.062152862548828125e-01 -4.485753178596496582e-01
-4.682242870330810547e-03 -3.983269929885864258e-01 1.275583505630493164e-01 -6.647871732711791992e-01 2.385945320129394531e-01 -4.523018598556518555e-01
-1.179503202438354492e-01 -4.313367009162902832e-01 1.519980430603027344e-01 -5.247940421104431152e-01 2.029678821563720703e-01 -5.698039531707763672e-01
-2.223311066627502441e-01 -4.750602841377258301e-01 2.157280445098876953e-01 -4.987980127334594727e-01 2.143801450729370117e-01 -5.958511829376220703e-01
1.329660415649414062e-03 -4.280118942260742188e-01 2.628757953643798828e-01 -5.229405164718627930e-01 4.058015346527099609e-02 -4.021078348159790039e-01
-3.048542737960815430e-01 -2.875229716300964355e-01 1.891481876373291016e-02 -4.130071401596069336e-01 -1.309462189674377441e-01 -2.300102114677429199e-01
-4.423959851264953613e-01 -3.350450992584228516e-01 -5.234122276306152344e-02 -3.430554270744323730e-01 -1.508005857467651367e-01 -2.324553728103637695e-01
-2.942054271697998047e-01 -4.736151099205017090e-01 1.009720563888549805e-01 -2.932866215705871582e-01 1.571003198623657227e-01 -3.210598826408386230e-01
-2.997708320617675781e-01 -3.191632628440856934e-01 2.392536401748657227e-01 -3.154776096343994141e-01 1.635730266571044922e-02 -2.184520363807678223e-01
-3.421155214309692383e-01 -3.037065863609313965e-01 3.781391382217407227e-01 -3.138584494590759277e-01 -1.065969467163085938e-02 -6.907355785369873047e-02
-2.968716025352478027e-01 -3.917403817176818848e-01 1.562303304672241211e-01 -3.272785544395446777e-01 4.408597946166992188e-02 -3.240990638732910156e-01
-3.626266121864318848e-01 -3.943158388137817383e-01 2.603082656860351562e-01 -9.738564491271972656e-02 1.860249042510986328e-02 -2.651842236518859863e-01
-3.532918691635131836e-01 -5.014320611953735352e-01 2.494242191314697266e-01 -1.973680853843688965e-01 9.042716026306152344e-02 -3.348869085311889648e-01
-3.167606592178344727e-01 -5.781117677688598633e-01 2.666654586791992188e-01 -1.605895757675170898e-01 -2.762061357498168945e-02 -3.504000306129455566e-01
-1.615604162216186523e-01 -4.070382714271545410e-01 4.072722196578979492e-01 -4.088062047958374023e-01 -2.721521258354187012e-01 -1.518499851226806641e-02
-2.018330693244934082e-01 -3.006958365440368652e-01 4.212732315063476562e-01 -6.077129840850830078e-01 -1.257593631744384766e-01 2.818264961242675781e-01
7.486462593078613281e-02 -3.328549861907958984e-01 2.121556997299194336e-01 -5.481365919113159180e-01 1.390986442565917969e-01 2.334588766098022461e-01
4.804170131683349609e-02 -2.770114541053771973e-01 3.326216936111450195e-01 -5.164197683334350586e-01 3.470277786254882812e-02 2.892309427261352539e-01
2.983343601226806641e-02 -2.390214204788208008e-01 3.036930561065673828e-01 -4.845330715179443359e-01 3.337025642395019531e-03 3.209710121154785156e-01
-4.248160123825073242e-02 -2.360702157020568848e-01 3.606610298156738281e-01 -4.598941802978515625e-01 -2.142506837844848633e-02 4.072060585021972656e-01
-5.604606866836547852e-02 -2.107973694801330566e-01 2.537307739257812500e-01 -4.025828838348388672e-01 -2.171188592910766602e-02 4.284162521362304688e-01
-5.247926712036132812e-02 -1.970460414886474609e-01 2.546242475509643555e-01 -4.166561961174011230e-01 8.471405506134033203e-02 3.595664501190185547e-01
-5.376565456390380859e-02 -3.107932209968566895e-01 3.178869485855102539e-01 -4.131203293800354004e-01 2.273652553558349609e-01 2.542998790740966797e-01
-3.793048858642578125e-02 -2.868540883064270020e-01 2.752631902694702148e-01 -3.127995729446411133e-01 2.194961309432983398e-01 2.198572158813476562e-01
-4.062628746032714844e-02 -1.848140358924865723e-01 4.677327871322631836e-01 -2.416775226593017578e-01 1.718466281890869141e-01 3.357483148574829102e-01
-9.197574853897094727e-02 -2.093734145164489746e-01 3.875597715377807617e-01 -3.244828581809997559e-01 8.627450466156005859e-02 3.009830713272094727e-01
-1.488770246505737305e-01 -2.760566473007202148e-01 4.118809700012207031e-01 -1.716597080230712891e-01 7.565665245056152344e-02 2.415087223052978516e-01
-1.990447640419006348e-01 -2.137254476547241211e-01 5.813050270080566406e-01 -3.312075734138488770e-01 -2.272800207138061523e-01 3.853222131729125977e-01
