4.912638664245605469e-01 6.585806608200073242e-01 -2.037581801414489746e-01 -1.505041122436523438e-01 -1.310039758682250977e-01 2.903770208358764648e-01
7.499308586120605469e-01 7.240918874740600586e-01 -4.421511888504028320e-01 -1.961952447891235352e-02 -4.450786113739013672e-02 2.591069936752319336e-01
7.875404357910156250e-01 6.825163364410400391e-01 -4.320763349533081055e-01 -1.039184331893920898e-01 2.537751197814941406e-02 1.972473859786987305e-01
7.499284744262695312e-01 6.374130249023437500e-01 -3.591459989547729492e-01 -3.532832860946655273e-02 2.467513084411621094e-03 2.271378040313720703e-01
7.055455446243286133e-01 6.395865678787231445e-01 -4.334720373153686523e-01 2.647423744201660156e-02 -1.035212874412536621e-01 2.430258989334106445e-01
8.112684488296508789e-01 5.795176029205322266e-01 -5.554316043853759766e-01 3.110361099243164062e-02 4.021763801574707031e-02 2.705502510070800781e-02
7.464766502380371094e-01 6.839008331298828125e-01 -5.471514463424682617e-01 -4.688060283660888672e-02 -1.035835146903991699e-01 1.127839088439941406e-01
7.471239566802978516e-01 5.347560644149780273e-01 -5.095473527908325195e-01 -9.521198272705078125e-02 7.681071758270263672e-02 -4.277765750885009766e-02
9.439705610275268555e-01 5.738286972045898438e-01 -6.982026696205139160e-01 2.438330650329589844e-02 1.633143424987792969e-02 -3.250801563262939453e-02
7.148317098617553711e-01 6.215811967849731445e-01 -5.938653945922851562e-01 -2.546250820159912109e-02 -8.634823560714721680e-02 5.770742893218994141e-02
6.956254243850708008e-01 5.871175527572631836e-01 -6.290655136108398438e-01 9.784221649169921875e-03 -3.411132097244262695e-02 4.654955863952636719e-02
7.502490282058715820e-01 5.798555612564086914e-01 -7.862771749496459961e-01 1.559817790985107422e-02 6.089210510253906250e-02 -1.360536813735961914e-01
8.219298124313354492e-01 5.948259830474853516e-01 -7.977079153060913086e-01 4.458546638488769531e-03 -5.097544193267822266e-02 -2.069967985153198242e-02
6.174983978271484375e-01 6.092076301574707031e-01 -6.489622592926025391e-01 3.126728534698486328e-02 -1.688607335090637207e-01 6.114327907562255859e-02
6.688041687011718750e-01 6.545432806015014648e-01 -7.873496413230895996e-01 9.038114547729492188e-02 -2.305270433425903320e-01 1.092525720596313477e-01
6.638270616531372070e-01 5.043753385543823242e-01 -8.336895704269409180e-01 1.725744009017944336e-01 -1.014043688774108887e-01 -1.313498616218566895e-01
6.446282863616943359e-01 6.019440889358520508e-01 -8.563782572746276855e-01 1.357083320617675781e-01 -2.647000551223754883e-01 4.756319522857666016e-02
5.289834737777709961e-01 6.354016065597534180e-01 -6.758649349212646484e-01 6.587278842926025391e-02 -2.284898161888122559e-01 1.396480798721313477e-01
4.803675413131713867e-01 5.537985563278198242e-01 -8.740749955177307129e-01 2.535268068313598633e-01 -1.766537427902221680e-01 2.740192413330078125e-02
5.425782203674316406e-01 6.517415046691894531e-01 -8.434972167015075684e-01 2.811964750289916992e-01 -2.683399915695190430e-01 2.239397764205932617e-01
4.841743707656860352e-01 6.259292364120483398e-01 -7.483552098274230957e-01 4.451677799224853516e-01 -2.772331833839416504e-01 2.913080453872680664e-01
4.357842206954956055e-01 6.593378782272338867e-01 -7.967143654823303223e-01 3.391119241714477539e-01 -2.994028329849243164e-01 3.848636150360107422e-01
4.523972272872924805e-01 6.901097297668457031e-01 -7.572830915451049805e-01 3.947998285293579102e-01 -3.513851165771484375e-01 5.100950002670288086e-01
4.785910844802856445e-01 5.430370569229125977e-01 -8.576021194458007812e-01 4.101374149322509766e-01 -1.921187043190002441e-01 3.597496747970581055e-01
4.892544746398925781e-01 5.651676654815673828e-01 -7.972114682197570801e-01 4.894665479660034180e-01 -2.453832626342773438e-01 4.163711071014404297e-01
3.866199254989624023e-01 5.336799621582031250e-01 -6.613323092460632324e-01 4.652882814407348633e-01 -2.453973889350891113e-01 4.159198999404907227e-01
4.248517751693725586e-01 5.583844184875488281e-01 -7.721729278564453125e-01 4.891405105590820312e-01 -3.826997280120849609e-01 4.950082302093505859e-01
2.923825979232788086e-01 5.342496633529663086e-01 -7.200326323509216309e-01 4.274022579193115234e-01 -3.426418900489807129e-01 4.140679836273193359e-01
3.912708759307861328e-01 4.177266359329223633e-01 -4.706207513809204102e-01 5.222733020782470703e-01 -2.710916399955749512e-01 5.238310098648071289e-01
2.119050025939941406e-01 4.566816091537475586e-01 -4.995494484901428223e-01 4.369934797286987305e-01 -3.575487136840820312e-01 4.491444826126098633e-01
1.460487842559814453e-01 3.114846944808959961e-01 -4.101202487945556641e-01 4.262014627456665039e-01 -3.251760601997375488e-01 4.564243555068969727e-01
1.210118532180786133e-01 3.863713741302490234e-01 -4.406003355979919434e-01 2.788380384445190430e-01 -2.540017962455749512e-01 4.185982942581176758e-01
1.099283695220947266e-01 3.994128704071044922e-01 -3.206490874290466309e-01 4.126834869384765625e-01 -3.410600423812866211e-01 4.875050783157348633e-01
1.460694074630737305e-01 2.307523488998413086e-01 -2.528440356254577637e-01 2.878084182739257812e-01 -1.397780179977416992e-01 3.760386705398559570e-01
3.319740295410156250e-03 2.800455093383789062e-01 -2.389367222785949707e-01 2.417976856231689453e-01 -2.003360390663146973e-01 4.346077442169189453e-01
-3.738307952880859375e-02 3.533413410186767578e-01 -2.224840521812438965e-01 2.024042606353759766e-01 -2.641340494155883789e-01 5.265243053436279297e-01
7.157325744628906250e-03 2.322387695312500000e-01 -2.167763710021972656e-01 3.367751836776733398e-01 -1.456140279769897461e-01 4.202256202697753906e-01
-5.133599042892456055e-02 3.744628429412841797e-01 -3.632252812385559082e-01 3.915257453918457031e-01 -3.608074784278869629e-01 5.487337112426757812e-01
-1.582671999931335449e-01 2.639739513397216797e-01 -2.318444848060607910e-01 3.383319377899169922e-01 -4.486605525016784668e-01 5.494266748428344727e-01
-5.300700664520263672e-02 1.770634651184082031e-01 -1.952006816864013672e-01 3.863377571105957031e-01 -3.652372956275939941e-01 4.356527328491210938e-01
-2.156095504760742188e-01 2.816077470779418945e-01 -2.455419898033142090e-01 2.410862445831298828e-01 -4.865811467170715332e-01 4.167294502258300781e-01
1.392316818237304688e-02 4.495118856430053711e-01 -4.529818296432495117e-01 3.734198808670043945e-01 -3.347871899604797363e-01 5.596965551376342773e-01
-4.082570075988769531e-01 5.436359643936157227e-01 -3.167702555656433105e-01 3.170497417449951172e-01 -4.138355255126953125e-01 6.389142274856567383e-01
4.638195037841796875e-02 5.587110519409179688e-01 -2.971106171607971191e-01 2.597323656082153320e-01 -3.778129220008850098e-01 4.540350437164306641e-01
1.143525838851928711e-01 6.179828643798828125e-01 -2.781301140785217285e-01 3.108332157135009766e-01 -3.088217973709106445e-02 4.181562662124633789e-01
6.081724166870117188e-02 4.899679422378540039e-01 2.919137477874755859e-02 4.203295707702636719e-02 -1.288706064224243164e-01 4.208879470825195312e-01
1.665271520614624023e-01 5.199630260467529297e-01 -4.480630159378051758e-02 6.290197372436523438e-02 2.745270729064941406e-02 2.938437461853027344e-01
3.244600296020507812e-01 5.840243101119995117e-01 -7.652163505554199219e-02 -5.814802646636962891e-02 1.791667938232421875e-02 3.038628101348876953e-01
4.930214881896972656e-01 6.249712705612182617e-01 -9.414935111999511719e-02 -6.238961219787597656e-02 4.870998859405517578e-02 3.724358081817626953e-01
5.184308290481567383e-01 7.123929262161254883e-01 -2.178123593330383301e-01 -5.429881811141967773e-02 -8.709686994552612305e-02 4.240919351577758789e-01
6.194499731063842773e-01 6.922087669372558594e-01 -3.329563140869140625e-01 -8.447390794754028320e-02 -9.473162889480590820e-02 3.518788814544677734e-01
6.406632661819458008e-01 5.585873126983642578e-01 -3.545181155204772949e-01 -5.975031852722167969e-02 -1.187843084335327148e-02 2.757277488708496094e-01
6.886339187622070312e-01 4.438256025314331055e-01 -2.897785902023315430e-01 -3.445446491241455078e-02 9.619867801666259766e-02 2.009602785110473633e-01
6.507997512817382812e-01 4.758265018463134766e-01 -2.286052703857421875e-01 -1.074634194374084473e-01 -2.549409866333007812e-03 2.531795501708984375e-01
7.285772562026977539e-01 2.910130023956298828e-01 -2.562904953956604004e-01 -9.454715251922607422e-02 2.264364957809448242e-01 9.870469570159912109e-02
5.272108316421508789e-01 1.996519565582275391e-01 -1.895930171012878418e-01 -1.000351905822753906e-01 2.289232015609741211e-01 1.133370399475097656e-02
4.290581941604614258e-01 -5.355858802795410156e-02 -1.271094679832458496e-01 -1.035597920417785645e-01 3.696982860565185547e-01 -2.408510446548461914e-01
5.825579166412353516e-02 -4.685258865356445312e-02 1.659420728683471680e-01 -3.933254480361938477e-01 2.400449514389038086e-01 -2.626988887786865234e-01
1.020600795745849609e-01 3.796375989913940430e-01 2.320389747619628906e-01 -3.490446805953979492e-01 -2.560335397720336914e-02 1.278808116912841797e-01
-1.251635551452636719e-01 2.352625131607055664e-01 3.298972845077514648e-01 -3.634722828865051270e-01 6.257450580596923828e-02 -6.150853633880615234e-02
-1.267707347869873047e-01 2.099121809005737305e-01 4.545022249221801758e-01 -3.372279405593872070e-01 6.754982471466064453e-02 4.059183597564697266e-02
1.487092971801757812e-01 1.057314872741699219e-01 4.095100164413452148e-01 -2.075913548469543457e-01 4.325865507125854492e-01 3.657734394073486328e-02
-4.011489748954772949e-01 -8.825767040252685547e-02 5.278692245483398438e-01 -2.563418149948120117e-01 3.287526369094848633e-01 -1.593989133834838867e-01
-1.519011259078979492e-01 8.481824398040771484e-02 5.574958324432373047e-01 -1.534995436668395996e-01 -3.017771244049072266e-02 3.592598438262939453e-02
-1.231628656387329102e-01 2.216286659240722656e-01 4.874719381332397461e-01 -1.191763281822204590e-01 -9.792202711105346680e-02 1.920093297958374023e-01
-2.568566799163818359e-02 2.504423856735229492e-01 3.459732532501220703e-01 -1.068616509437561035e-01 -5.564618110656738281e-02 2.472457885742187500e-01
-7.161593437194824219e-02 4.453481435775756836e-01 3.175849914550781250e-01 -6.019949913024902344e-02 -3.715989589691162109e-01 4.226559400558471680e-01
-6.644308567047119141e-02 4.116858243942260742e-01 5.086504220962524414e-01 -2.983701229095458984e-02 -3.308520317077636719e-01 4.963432550430297852e-01
-1.059283614158630371e-01 1.327829360961914062e-01 6.276624202728271484e-01 -5.003988742828369141e-02 8.106350898742675781e-03 6.296932697296142578e-02
1.094506978988647461e-01 -4.129958152770996094e-01 5.185059309005737305e-01 -3.175538778305053711e-02 3.843661546707153320e-01 -6.977178454399108887e-01
8.677899837493896484e-02 -4.115704894065856934e-01 3.314788341522216797e-01 2.563443183898925781e-01 2.530118227005004883e-01 -4.350506067276000977e-01
1.614211797714233398e-01 -3.163267970085144043e-01 3.162000179290771484e-01 7.584214210510253906e-02 3.585269451141357422e-01 -2.734230160713195801e-01
3.594475984573364258e-01 -2.981222867965698242e-01 1.590924263000488281e-01 1.649048328399658203e-01 4.521270990371704102e-01 -3.369010090827941895e-01
4.582581520080566406e-01 -8.192473649978637695e-02 8.464455604553222656e-02 1.689951419830322266e-01 3.520803451538085938e-01 -1.924939155578613281e-01
4.821292161941528320e-01 -6.034934520721435547e-02 1.393079757690429688e-03 2.524501085281372070e-01 2.914023399353027344e-01 -1.552408933639526367e-01
4.872713088989257812e-01 1.092325448989868164e-01 8.557939529418945312e-02 1.501711606979370117e-01 1.481857299804687500e-01 3.857719898223876953e-02
5.605300664901733398e-01 9.169423580169677734e-02 5.704402923583984375e-02 1.406776905059814453e-01 2.333625555038452148e-01 -1.630663871765136719e-03
5.894749164581298828e-01 1.020454168319702148e-01 1.227794885635375977e-01 8.758723735809326172e-02 2.350883483886718750e-01 2.028965950012207031e-02
6.472707986831665039e-01 1.691007614135742188e-02 1.563847064971923828e-02 2.103199958801269531e-01 3.473762273788452148e-01 -1.228479743003845215e-01
5.453611612319946289e-01 -1.655824184417724609e-01 1.231555938720703125e-01 1.518599987030029297e-01 4.580364227294921875e-01 -2.216389775276184082e-01
3.547184467315673828e-01 -3.620986938476562500e-01 2.456996440887451172e-01 8.866369724273681641e-02 4.487745761871337891e-01 -3.423216342926025391e-01
2.072170972824096680e-01 -3.229960203170776367e-01 3.370578289031982422e-01 -1.108093261718750000e-01 2.669543027877807617e-01 -3.191903829574584961e-01
-1.667100191116333008e-02 7.239389419555664062e-02 5.665218830108642578e-01 -6.709372997283935547e-02 -7.266533374786376953e-02 1.083469390869140625e-01
-2.041528224945068359e-01 -6.254076957702636719e-02 5.993173122406005859e-01 5.271279811859130859e-02 5.523657798767089844e-02 9.163939952850341797e-02
-2.354858517646789551e-01 -1.657801270484924316e-01 8.913329839706420898e-01 -1.480944156646728516e-01 1.114602088928222656e-01 1.156692504882812500e-01
-1.575428843498229980e-01 -3.116804361343383789e-02 9.905532598495483398e-01 -2.370883226394653320e-01 -8.058613538742065430e-02 2.006405591964721680e-01
-9.633463621139526367e-02 -1.962791681289672852e-01 6.816586256027221680e-01 -1.401411294937133789e-01 3.344697952270507812e-01 1.840710639953613281e-02
-3.442034721374511719e-01 -1.856226921081542969e-01 4.931886196136474609e-01 -2.908211946487426758e-02 1.566456556320190430e-01 -1.585022807121276855e-01
-1.683072447776794434e-01 -2.085940241813659668e-01 6.332077980041503906e-01 -2.349295616149902344e-01 9.279036521911621094e-02 -8.901745080947875977e-02
-1.931852102279663086e-01 -1.920864582061767578e-01 6.224664449691772461e-01 -5.838149785995483398e-02 1.891295909881591797e-01 -7.086873054504394531e-02
-3.026576638221740723e-01 -3.218424320220947266e-02 6.747652292251586914e-01 1.563205718994140625e-01 4.949939250946044922e-02 8.514130115509033203e-02
-2.668933272361755371e-01 -3.768361210823059082e-01 2.757326364517211914e-01 -1.999750137329101562e-01 1.897344589233398438e-01 -3.943380117416381836e-01
-4.283128976821899414e-01 -3.651630878448486328e-01 2.982975244522094727e-01 -1.944959163665771484e-02 -8.803874254226684570e-02 -3.857285976409912109e-01
-3.018328547477722168e-01 -3.902705311775207520e-01 1.839683055877685547e-01 2.501507997512817383e-01 -4.139023423194885254e-01 -2.885956168174743652e-01
-3.496748208999633789e-01 -4.829831123352050781e-01 1.764694452285766602e-01 3.102219104766845703e-01 -4.894430041313171387e-01 -1.910907030105590820e-01
-4.547709226608276367e-01 -4.984990358352661133e-01 6.166493892669677734e-02 6.100746393203735352e-01 -5.609616637229919434e-01 -1.894817352294921875e-01
-4.265416860580444336e-01 -4.475108385086059570e-01 2.884045839309692383e-01 4.468876123428344727e-01 -3.693878650665283203e-01 -1.137903928756713867e-01
-5.810573101043701172e-01 -5.063030719757080078e-01 2.500301599502563477e-01 3.921109437942504883e-01 -3.937069177627563477e-01 -1.439031362533569336e-01
-5.402198433876037598e-01 -4.482524394989013672e-01 2.569035291671752930e-01 4.195529222488403320e-01 -3.391680121421813965e-01 -1.481677293777465820e-01
-2.581970691680908203e-01 -2.912011146545410156e-01 1.984680891036987305e-01 4.084482192993164062e-01 -5.529800653457641602e-01 -3.389066457748413086e-02
-3.845624327659606934e-01 -5.346293449401855469e-01 8.652746677398681641e-02 4.294739961624145508e-01 -4.364722967147827148e-01 -3.252143263816833496e-01
-4.799275994300842285e-01 -4.778522253036499023e-01 8.126974105834960938e-03 5.197283029556274414e-01 -6.626963615417480469e-01 -1.932995319366455078e-01
-5.514891743659973145e-01 -4.740691781044006348e-01 2.636739015579223633e-01 4.830361604690551758e-01 -3.486104011535644531e-01 -2.399007678031921387e-01
-6.467787027359008789e-01 -4.513884186744689941e-01 1.837065219879150391e-01 2.230429649353027344e-01 -4.901398420333862305e-01 -2.870770692825317383e-01
-7.655206918716430664e-01 -2.780859470367431641e-01 2.542641162872314453e-01 2.995872497558593750e-02 -3.833498358726501465e-01 -2.372099757194519043e-01
-6.571785807609558105e-01 -3.223718404769897461e-01 2.917673587799072266e-01 -1.405233740806579590e-01 -3.173669576644897461e-01 -2.238049507141113281e-01
-3.901280164718627930e-01 -3.910543918609619141e-01 4.802094697952270508e-01 1.645684242248535156e-03 -3.677409887313842773e-02 -1.257790327072143555e-01
-6.502507925033569336e-01 -1.910740733146667480e-01 2.150878906250000000e-01 1.546223163604736328e-01 -4.039027094841003418e-01 -5.300068855285644531e-02
-3.719295859336853027e-01 -1.643527746200561523e-01 3.413573503494262695e-01 -2.936518192291259766e-02 -3.865928053855895996e-01 1.886343955993652344e-02
-3.707376718521118164e-01 -3.229489326477050781e-01 4.265407323837280273e-01 -6.012868881225585938e-02 -1.703093051910400391e-01 -7.318615913391113281e-02
-6.139583587646484375e-01 -3.232384920120239258e-01 5.620771646499633789e-01 1.296983957290649414e-01 -3.470783233642578125e-01 5.909085273742675781e-02
-5.594345331192016602e-01 -3.047424554824829102e-01 2.324008941650390625e-01 -3.666996955871582031e-02 -5.237040519714355469e-01 -1.492873430252075195e-01
-3.817741870880126953e-01 -2.702843546867370605e-01 3.467718362808227539e-01 -8.487141132354736328e-02 -4.086386561393737793e-01 -1.397905349731445312e-01
-2.771340608596801758e-01 -3.836388587951660156e-01 3.021342754364013672e-01 4.257164001464843750e-01 -2.755358815193176270e-01 -1.474727988243103027e-01
-3.397804498672485352e-01 -3.999500274658203125e-01 2.376488447189331055e-01 6.176979541778564453e-01 -2.680566906929016113e-01 -8.092355728149414062e-02
-3.165270686149597168e-01 -5.950181484222412109e-01 7.443141937255859375e-02 3.721985816955566406e-01 -2.078806161880493164e-01 -2.168211936950683594e-01
-7.263481616973876953e-03 -5.575456023216247559e-01 2.416001558303833008e-01 -2.158591151237487793e-01 -9.846067428588867188e-02 -7.585710287094116211e-02
-1.065996289253234863e-01 -3.410025835037231445e-01 6.697881221771240234e-02 -4.029995799064636230e-01 -1.872081756591796875e-01 2.176647186279296875e-01
-1.430765986442565918e-01 -1.840047240257263184e-01 -5.646872520446777344e-02 -4.325131177902221680e-01 -1.440429091453552246e-01 2.972486019134521484e-01
-1.997599005699157715e-01 -2.567452788352966309e-01 3.117620944976806641e-02 -3.624836802482604980e-01 1.283824443817138672e-02 3.378802537918090820e-01
-8.424961566925048828e-02 -2.787464857101440430e-01 1.263985633850097656e-01 -4.086526632308959961e-01 1.496875286102294922e-01 2.529343366622924805e-01
-1.122314333915710449e-01 -2.720257639884948730e-01 1.639478206634521484e-01 -3.268228173255920410e-01 1.984710693359375000e-01 2.413505315780639648e-01
-1.359770298004150391e-01 -2.444474101066589355e-01 1.976811885833740234e-01 -3.121556043624877930e-01 1.561619043350219727e-01 3.432641029357910156e-01
-2.495743632316589355e-01 -1.999568343162536621e-01 2.094210386276245117e-01 -3.188122510910034180e-01 1.680030822753906250e-01 3.998847007751464844e-01
-2.163554430007934570e-01 -1.822273135185241699e-01 1.949335336685180664e-01 -2.472307085990905762e-01 1.732900142669677734e-01 4.185993671417236328e-01
-1.548074483871459961e-01 -2.660956978797912598e-01 2.622673511505126953e-01 -2.002585530281066895e-01 1.038107872009277344e-01 3.346239328384399414e-01
-2.036939859390258789e-01 -2.866238951683044434e-01 4.220265150070190430e-01 -3.080387711524963379e-01 4.913473129272460938e-02 3.899966478347778320e-01
-2.335685491561889648e-01 -2.170616388320922852e-01 4.383859634399414062e-01 -2.297719717025756836e-01 1.151877641677856445e-01 3.702386617660522461e-01
-1.345186829566955566e-01 -2.812401652336120605e-01 2.253246307373046875e-01 -9.235435724258422852e-02 2.315587997436523438e-01 3.143193721771240234e-01
-3.816567063331604004e-01 -2.990793585777282715e-01 3.605657815933227539e-01 -1.013265252113342285e-01 2.311619520187377930e-01 4.183373451232910156e-01
-2.184058427810668945e-01 -3.289837837219238281e-01 2.716077566146850586e-01 -7.991963624954223633e-02 -7.787597179412841797e-02 3.199857473373413086e-01
-3.467075228691101074e-01 -1.091493964195251465e-01 2.077542543411254883e-01 1.245939731597900391e-02 -1.669130325317382812e-01 3.666578531265258789e-01
-4.164939522743225098e-01 -2.987182736396789551e-01 2.311208248138427734e-01 -1.697182655334472656e-01 1.409852504730224609e-01 1.717497110366821289e-01
