1.256973743438720703e-01 5.284882783889770508e-01 4.074013233184814453e-02 -1.231639385223388672e-01 -1.587353348731994629e-01 1.961439847946166992e-01
-1.003485918045043945e-02 2.213499546051025391e-01 1.435495615005493164e-01 -1.751900315284729004e-01 -3.509131669998168945e-01 2.406358718872070312e-01
4.926198720932006836e-01 5.005208253860473633e-01 -7.067883014678955078e-02 -9.528219699859619141e-02 -1.456499695777893066e-01 2.044141292572021484e-01
4.989534616470336914e-01 6.476194858551025391e-01 -1.762577295303344727e-01 -4.945063591003417969e-02 -2.094288468360900879e-01 2.580077648162841797e-01
7.453508377075195312e-01 6.911678314208984375e-01 -3.577925562858581543e-01 -4.472482204437255859e-02 -2.759520411491394043e-01 2.442775964736938477e-01
7.515931129455566406e-01 6.246345043182373047e-01 -3.346371054649353027e-01 -9.030938148498535156e-02 -2.680049538612365723e-01 1.908953189849853516e-01
6.758785247802734375e-01 5.851951837539672852e-01 -3.251580595970153809e-01 -7.246285676956176758e-02 -2.842950224876403809e-01 2.251647710800170898e-01
7.802755832672119141e-01 5.868524312973022461e-01 -4.248980879783630371e-01 -1.600628495216369629e-01 -1.672275662422180176e-01 2.183172702789306641e-01
7.015391588211059570e-01 5.878019332885742188e-01 -3.673402070999145508e-01 -1.281665563583374023e-01 -1.608467102050781250e-01 2.041845321655273438e-01
7.021571397781372070e-01 5.720508098602294922e-01 -3.761671185493469238e-01 -1.043796539306640625e-02 -1.203578114509582520e-01 1.488590240478515625e-01
5.908125638961791992e-01 5.326180458068847656e-01 -3.142911195755004883e-01 -3.147512674331665039e-02 -1.054129004478454590e-01 1.093153953552246094e-01
5.804373025894165039e-01 6.006369590759277344e-01 -3.117167949676513672e-01 9.887218475341796875e-04 -1.546460986137390137e-01 1.533379554748535156e-01
6.565576791763305664e-01 6.052680015563964844e-01 -3.479006886482238770e-01 4.056692123413085938e-03 -2.262766957283020020e-01 2.177829742431640625e-01
6.313763856887817383e-01 5.850623846054077148e-01 -3.773404955863952637e-01 4.059255123138427734e-02 -1.613327264785766602e-01 1.534955501556396484e-01
5.258649587631225586e-01 6.442825794219970703e-01 -3.496534228324890137e-01 5.909967422485351562e-02 -2.575620412826538086e-01 2.898043394088745117e-01
5.244741439819335938e-01 6.545555591583251953e-01 -3.141934275627136230e-01 1.109663248062133789e-01 -1.963887810707092285e-01 3.070056438446044922e-01
4.697614908218383789e-01 7.382551431655883789e-01 -2.525789737701416016e-01 2.723383903503417969e-02 -2.891987562179565430e-01 4.876554012298583984e-01
5.055930614471435547e-01 7.137207984924316406e-01 -3.382814526557922363e-01 4.981911182403564453e-02 -2.848932743072509766e-01 4.995855093002319336e-01
5.834684371948242188e-01 6.785655021667480469e-01 -4.295962452888488770e-01 1.469991207122802734e-01 -2.810169458389282227e-01 5.338449478149414062e-01
4.876521825790405273e-01 6.320047378540039062e-01 -2.616568803787231445e-01 1.605818271636962891e-01 -2.675982713699340820e-01 5.793521404266357422e-01
4.698036909103393555e-01 6.118706464767456055e-01 -3.119355440139770508e-01 1.662453413009643555e-01 -3.251380324363708496e-01 6.547942161560058594e-01
3.074867725372314453e-01 6.568330526351928711e-01 -2.828060388565063477e-01 8.323562145233154297e-02 -3.667473793029785156e-01 6.618057489395141602e-01
3.298565149307250977e-01 5.663954019546508789e-01 -3.777219057083129883e-01 1.952393054962158203e-01 -3.421377539634704590e-01 6.006151437759399414e-01
3.691610097885131836e-01 5.312379598617553711e-01 -4.595449566841125488e-01 2.842785120010375977e-01 -2.867566347122192383e-01 4.983013868331909180e-01
3.934946060180664062e-01 5.813229084014892578e-01 -4.637841582298278809e-01 1.714773178100585938e-01 -4.015017747879028320e-01 6.368960142135620117e-01
2.338815927505493164e-01 5.501950979232788086e-01 -3.856380581855773926e-01 2.054167985916137695e-01 -5.129538774490356445e-01 7.089660167694091797e-01
2.776498794555664062e-01 6.128138303756713867e-01 -2.832637429237365723e-01 1.126993894577026367e-01 -4.573882818222045898e-01 6.997001171112060547e-01
3.393793106079101562e-01 5.590280294418334961e-01 -2.311404347419738770e-01 6.224131584167480469e-02 -4.298787117004394531e-01 6.862995624542236328e-01
2.112123966217041016e-01 4.789555072784423828e-01 -1.513212323188781738e-01 9.031820297241210938e-02 -4.621239304542541504e-01 6.924135684967041016e-01
8.793759346008300781e-02 5.619459152221679688e-01 -1.330174207687377930e-01 1.176005601882934570e-01 -5.438438653945922852e-01 7.473034858703613281e-01
7.031011581420898438e-02 4.742375612258911133e-01 1.496958732604980469e-02 -9.506344795227050781e-04 -4.306554794311523438e-01 7.224135398864746094e-01
1.098370552062988281e-02 4.794842004776000977e-01 -5.273401737213134766e-03 7.424676418304443359e-02 -5.271093845367431641e-01 7.303539514541625977e-01
9.562849998474121094e-03 5.060948133468627930e-01 -4.768532514572143555e-02 -1.462674140930175781e-02 -4.447989463806152344e-01 7.744886875152587891e-01
9.192132949829101562e-02 5.485323667526245117e-01 -1.488985419273376465e-01 1.414977312088012695e-01 -4.438810348510742188e-01 7.799273729324340820e-01
1.522302627563476562e-03 5.561449527740478516e-01 -1.278792619705200195e-01 8.918988704681396484e-02 -3.744792938232421875e-01 7.146421670913696289e-01
-3.565138578414916992e-02 4.245811700820922852e-01 -5.728763341903686523e-02 1.264516115188598633e-01 -3.932856917381286621e-01 6.567758321762084961e-01
-2.244617342948913574e-01 5.043960809707641602e-01 2.350687980651855469e-02 1.685180664062500000e-01 -4.175166487693786621e-01 7.745012044906616211e-01
-1.706545352935791016e-01 1.451387405395507812e-01 2.518657445907592773e-01 -2.033388614654541016e-02 -2.228918671607971191e-01 5.291998386383056641e-01
-2.545637488365173340e-01 3.106710910797119141e-01 8.928489685058593750e-02 3.061735630035400391e-02 -2.119544744491577148e-01 5.259099006652832031e-01
-2.789329886436462402e-01 4.150104522705078125e-01 1.524662971496582031e-01 5.744278430938720703e-02 -2.488063573837280273e-01 5.925265550613403320e-01
-5.041277408599853516e-01 1.045789718627929688e-01 1.605613231658935547e-01 3.023281097412109375e-01 -3.468586206436157227e-01 3.145139217376708984e-01
-6.291152834892272949e-01 7.554042339324951172e-02 1.936532258987426758e-01 1.730418205261230469e-02 -3.995844125747680664e-01 2.882770299911499023e-01
8.628559112548828125e-02 4.805021286010742188e-01 9.394860267639160156e-02 -2.053410410881042480e-01 -4.029679894447326660e-01 5.265382528305053711e-01
2.791094779968261719e-02 7.146161794662475586e-01 8.192074298858642578e-02 -3.557511568069458008e-01 -1.756072044372558594e-01 5.418826341629028320e-01
2.383857965469360352e-01 6.991918087005615234e-01 1.903079748153686523e-01 -2.233844399452209473e-01 -3.200538754463195801e-01 4.890942573547363281e-01
3.257759809494018555e-01 7.287974357604980469e-01 8.004117012023925781e-02 -3.425053358078002930e-01 -6.422865390777587891e-02 5.172244310379028320e-01
3.870666027069091797e-01 7.220580577850341797e-01 8.045017719268798828e-02 -4.142560958862304688e-01 -1.628124713897705078e-01 4.641301631927490234e-01
4.727021455764770508e-01 7.057106494903564453e-01 2.603042125701904297e-02 -4.094015359878540039e-01 -1.335926651954650879e-01 5.122326612472534180e-01
5.378167629241943359e-01 7.094904184341430664e-01 -3.114920854568481445e-02 -4.313777089118957520e-01 -2.345137000083923340e-01 4.986070394515991211e-01
4.794335365295410156e-01 6.074653863906860352e-01 7.687175273895263672e-02 -4.630913734436035156e-01 -2.195855379104614258e-01 4.436582326889038086e-01
6.416159868240356445e-01 5.911374092102050781e-01 -5.966287851333618164e-02 -4.039753675460815430e-01 -1.689932346343994141e-01 3.718363046646118164e-01
5.071885585784912109e-01 4.428938627243041992e-01 3.346025943756103516e-02 -5.117192268371582031e-01 1.729047298431396484e-02 1.836962699890136719e-01
6.140828132629394531e-01 2.914578914642333984e-01 -2.316600084304809570e-02 -4.476083517074584961e-01 1.039259433746337891e-01 1.027313470840454102e-01
3.085095882415771484e-01 1.041165590286254883e-01 8.168458938598632812e-02 -5.774309039115905762e-01 1.425129175186157227e-01 -8.724421262741088867e-02
-1.434488892555236816e-01 -2.302289009094238281e-02 4.447468519210815430e-01 -5.957269668579101562e-01 7.220268249511718750e-02 -1.048983931541442871e-01
-4.447922110557556152e-01 2.879511117935180664e-01 6.138185262680053711e-01 -4.856980443000793457e-01 -2.447105050086975098e-01 9.077656269073486328e-02
-2.086514830589294434e-01 3.791081905364990234e-01 6.805622577667236328e-01 -1.313127279281616211e-01 -1.032170653343200684e-01 3.402911424636840820e-01
-3.160277605056762695e-01 1.986742019653320312e-01 5.584199428558349609e-01 -2.342918515205383301e-01 3.422439098358154297e-02 1.912198066711425781e-01
-3.634456396102905273e-01 1.062607765197753906e-02 4.313018321990966797e-01 -6.011399030685424805e-01 3.674434423446655273e-01 -9.947472810745239258e-02
-2.022128105163574219e-01 1.610475778579711914e-01 4.761191606521606445e-01 -5.904528498649597168e-01 5.703699588775634766e-02 6.151270866394042969e-02
-3.383882641792297363e-01 1.940745115280151367e-01 6.687811613082885742e-01 -2.615557909011840820e-01 -1.111118197441101074e-01 2.988252639770507812e-01
-3.238353729248046875e-01 2.769829034805297852e-01 3.205178976058959961e-01 -1.698272228240966797e-01 -3.210776448249816895e-01 3.221745491027832031e-01
-4.817273020744323730e-01 4.178820848464965820e-01 4.438793659210205078e-01 -6.319826841354370117e-02 -4.543411731719970703e-01 4.414668083190917969e-01
-4.732567667961120605e-01 1.688311100006103516e-01 6.035619974136352539e-01 -2.047508358955383301e-01 -1.477461457252502441e-01 1.947593688964843750e-01
-1.953921318054199219e-01 -9.446674585342407227e-02 5.931954383850097656e-01 -2.698302865028381348e-01 -9.373331069946289062e-02 -1.445465683937072754e-01
-3.047876358032226562e-01 -9.508907794952392578e-03 5.398750305175781250e-01 -2.473663091659545898e-01 -6.986272335052490234e-02 1.021379232406616211e-01
-2.371762990951538086e-01 -1.143078207969665527e-01 6.066962480545043945e-01 -1.687046885490417480e-01 1.753114461898803711e-01 -1.676764488220214844e-01
-2.411126494407653809e-01 -2.841134071350097656e-01 3.749802112579345703e-01 1.472107172012329102e-01 3.876539468765258789e-01 -5.057885050773620605e-01
-3.324557542800903320e-01 -4.453863501548767090e-01 2.822128534317016602e-01 1.871979236602783203e-02 3.266819715499877930e-01 -5.892361402511596680e-01
-3.339731693267822266e-02 4.680979251861572266e-02 4.311347007751464844e-01 -2.776393890380859375e-01 7.863652706146240234e-02 -6.326729059219360352e-02
1.532728672027587891e-01 2.714521884918212891e-01 4.314928054809570312e-01 -4.839029312133789062e-01 -1.959496736526489258e-02 1.569558382034301758e-01
3.082609176635742188e-01 2.978688478469848633e-01 5.838100910186767578e-01 -5.257154703140258789e-01 -6.316125392913818359e-03 3.312517404556274414e-01
3.015902042388916016e-01 4.127379655838012695e-01 4.989496469497680664e-01 -4.920275807380676270e-01 -4.911619424819946289e-02 3.223021030426025391e-01
3.588572740554809570e-01 3.989391326904296875e-01 3.882380723953247070e-01 -5.080031156539916992e-01 -2.334356307983398438e-03 2.526206970214843750e-01
3.440167903900146484e-01 5.456387996673583984e-01 3.084460496902465820e-01 -4.519159793853759766e-01 -1.427138447761535645e-01 4.028353691101074219e-01
2.632174491882324219e-01 3.890607357025146484e-01 4.097026586532592773e-01 -4.684335589408874512e-01 -6.720334291458129883e-02 3.055419921875000000e-01
3.274198770523071289e-01 3.589622974395751953e-01 5.013927221298217773e-01 -6.072959899902343750e-01 3.442025184631347656e-02 2.602134943008422852e-01
3.366464376449584961e-01 2.219386100769042969e-01 3.650220632553100586e-01 -4.327118396759033203e-01 1.108033657073974609e-01 -4.725396633148193359e-03
3.844000101089477539e-01 1.366227865219116211e-01 4.916409254074096680e-01 -5.761746168136596680e-01 1.880888938903808594e-01 -4.269176721572875977e-02
1.888165473937988281e-01 -5.968469381332397461e-02 5.249962806701660156e-01 -5.280219316482543945e-01 1.318762302398681641e-01 -1.310048103332519531e-01
-2.169348597526550293e-01 -6.541585922241210938e-02 6.340658664703369141e-01 -4.466216564178466797e-01 2.800464630126953125e-02 -2.901893854141235352e-02
-2.301679253578186035e-01 7.154345512390136719e-02 6.218439340591430664e-01 -3.283783197402954102e-01 -5.790156126022338867e-02 6.597483158111572266e-02
-2.009683847427368164e-01 3.579533100128173828e-02 7.406150102615356445e-01 -2.464979887008666992e-01 2.683126926422119141e-02 7.780635356903076172e-02
-2.499980926513671875e-01 1.173322200775146484e-01 5.156660079956054688e-01 -9.332269430160522461e-02 -8.188629150390625000e-02 1.363343000411987305e-01
-2.437154650688171387e-01 2.410817146301269531e-02 5.659214258193969727e-01 -1.653993725776672363e-01 2.212250232696533203e-02 -1.249921321868896484e-02
-4.173201918601989746e-01 6.352782249450683594e-02 4.191513061523437500e-01 -1.619058251380920410e-01 -2.163826823234558105e-01 -4.028373956680297852e-02
-6.197550296783447266e-01 -1.569014787673950195e-02 2.706648111343383789e-01 -1.317822933197021484e-02 -2.221590280532836914e-02 -1.430817246437072754e-01
-4.909275770187377930e-01 2.276468276977539062e-02 4.626047611236572266e-01 1.057207584381103516e-01 -2.907893061637878418e-01 1.871124505996704102e-01
-5.302112698554992676e-01 1.641988754272460938e-03 3.835307359695434570e-01 4.650354385375976562e-03 -2.379614710807800293e-01 -7.102251052856445312e-03
-3.649496436119079590e-01 -3.640325665473937988e-01 1.878905296325683594e-01 2.122683525085449219e-01 -3.842641115188598633e-01 -1.328844428062438965e-01
-2.652907967567443848e-01 -4.260964989662170410e-01 1.698997020721435547e-01 4.042422771453857422e-01 -3.316399455070495605e-01 -1.269021630287170410e-01
-2.845090627670288086e-01 -4.412561655044555664e-01 2.742527723312377930e-01 4.586261510848999023e-01 -3.397277593612670898e-01 -3.173643350601196289e-01
-4.960969090461730957e-01 -5.414003729820251465e-01 1.462577581405639648e-01 4.450244903564453125e-01 -4.686671495437622070e-01 -3.731608390808105469e-01
-4.209017157554626465e-01 -6.287565231323242188e-01 2.603781223297119141e-02 4.258332252502441406e-01 -3.260530829429626465e-01 -4.468927383422851562e-01
-3.676197528839111328e-01 -4.076623320579528809e-01 3.387006521224975586e-01 5.693612098693847656e-01 -6.143908500671386719e-01 -8.942347764968872070e-02
-1.406762599945068359e-01 -6.487845182418823242e-01 2.401387691497802734e-02 1.109983921051025391e-01 -5.968703031539916992e-01 -2.886849045753479004e-01
2.498842477798461914e-01 -5.325525999069213867e-01 -1.680427789688110352e-01 -2.987275719642639160e-01 -3.893152475357055664e-01 -2.476325631141662598e-01
1.043895483016967773e-01 -5.787831544876098633e-01 -8.597856760025024414e-02 -2.807351350784301758e-01 -5.100198984146118164e-01 -2.438120841979980469e-01
8.843600749969482422e-02 -6.425444483757019043e-01 6.761872768402099609e-02 -3.814493417739868164e-01 -3.288727998733520508e-01 -3.285691738128662109e-01
2.981781959533691406e-03 -6.818943023681640625e-01 9.322500228881835938e-02 -1.191141009330749512e-01 -2.547726035118103027e-01 -3.353173732757568359e-01
-3.301960229873657227e-01 -4.427516460418701172e-01 3.273617029190063477e-01 -1.989684700965881348e-01 -4.743613600730895996e-01 -1.496754884719848633e-01
-1.481715440750122070e-01 -3.223695158958435059e-01 3.271497488021850586e-01 -1.492553949356079102e-01 -4.528778791427612305e-01 -9.282916784286499023e-02
-3.835213780403137207e-01 -1.584032773971557617e-01 4.890753030776977539e-01 -2.220261096954345703e-02 -3.379774689674377441e-01 3.626012802124023438e-02
-4.344099164009094238e-01 -1.864319443702697754e-01 2.956345081329345703e-01 1.051846742630004883e-01 -3.721160888671875000e-01 9.484446048736572266e-02
-3.247230052947998047e-01 -3.570064902305603027e-01 2.499721050262451172e-01 -2.134858369827270508e-01 -1.976540088653564453e-01 -1.873382925987243652e-01
-4.063093662261962891e-01 -2.753764986991882324e-01 4.282946586608886719e-01 -8.117663860321044922e-02 -2.126741409301757812e-01 2.228975296020507812e-03
-3.884609341621398926e-01 -3.231489658355712891e-01 3.918889760971069336e-01 -4.794251918792724609e-02 -1.806418895721435547e-01 -1.642809510231018066e-01
-3.812893033027648926e-01 -4.001410603523254395e-01 3.227878808975219727e-01 2.921819686889648438e-04 -5.038046836853027344e-02 -2.807298302650451660e-01
-4.879866242408752441e-01 -3.154659867286682129e-01 2.235348224639892578e-01 -1.953238248825073242e-02 -2.686595916748046875e-01 -2.537949681282043457e-01
-4.708357453346252441e-01 -3.304412364959716797e-01 1.795970201492309570e-01 2.523494958877563477e-01 -2.596440315246582031e-01 -2.484694123268127441e-01
-4.094609022140502930e-01 -3.645399212837219238e-01 2.258265018463134766e-01 4.345731735229492188e-01 -3.873690962791442871e-01 -2.282744646072387695e-02
-3.234732151031494141e-01 -3.929284214973449707e-01 1.787153482437133789e-01 4.958647489547729492e-01 -4.564298987388610840e-01 -1.186829805374145508e-01
-3.113514780998229980e-01 -5.992922186851501465e-01 2.757853269577026367e-01 2.791125774383544922e-01 -1.984571814537048340e-01 -2.914075851440429688e-01
-1.999096870422363281e-01 -6.024279594421386719e-01 2.607754468917846680e-01 1.995778083801269531e-02 -3.495224714279174805e-01 -1.335263252258300781e-01
-2.631807327270507812e-02 -3.889400959014892578e-01 2.877818346023559570e-01 -2.743163108825683594e-01 -1.202307939529418945e-01 1.675436496734619141e-01
1.705336570739746094e-02 -2.769288420677185059e-01 1.146037578582763672e-01 -3.908417224884033203e-01 -1.027464866638183594e-03 2.472290992736816406e-01
8.197152614593505859e-02 -1.597058773040771484e-01 2.792299985885620117e-01 -4.937490820884704590e-01 6.645083427429199219e-03 4.152805805206298828e-01
-8.864194154739379883e-02 -2.525265812873840332e-01 2.375403642654418945e-01 -4.262406229972839355e-01 7.810521125793457031e-02 2.273043394088745117e-01
-1.258466243743896484e-01 -2.511373162269592285e-01 1.223843097686767578e-01 -2.984761595726013184e-01 7.219099998474121094e-02 2.194854021072387695e-01
-5.266743898391723633e-02 -2.693126797676086426e-01 1.262546777725219727e-01 -2.404198646545410156e-01 1.226345300674438477e-01 2.308781147003173828e-01
-1.185005903244018555e-02 -2.280387878417968750e-01 1.039556264877319336e-01 -1.831011176109313965e-01 1.206115484237670898e-01 1.581288576126098633e-01
-1.406241059303283691e-01 -3.068131804466247559e-01 2.798748016357421875e-01 -2.956094145774841309e-01 -5.056524276733398438e-02 3.114955425262451172e-01
-2.723383903503417969e-02 -1.392269134521484375e-01 1.990765333175659180e-01 -2.669215202331542969e-01 -1.594945788383483887e-01 3.760629892349243164e-01
-1.753954887390136719e-01 -1.917179226875305176e-01 3.375990390777587891e-01 -2.770400047302246094e-01 2.839422225952148438e-02 3.428870439529418945e-01
-1.231227517127990723e-01 -3.071821331977844238e-01 5.221265554428100586e-01 -3.044892549514770508e-01 -7.384341955184936523e-02 4.228260517120361328e-01
-8.934670686721801758e-02 -1.069357991218566895e-01 4.275430440902709961e-01 -2.782403826713562012e-01 -9.170496463775634766e-02 4.101383686065673828e-01
