4.677307605743408203e-01 4.776195287704467773e-01 -9.170556068420410156e-02 9.289050102233886719e-02 -1.743733286857604980e-01 9.956037998199462891e-02
5.571936368942260742e-01 4.845827817916870117e-01 -3.594927191734313965e-01 7.374417781829833984e-02 -2.671491503715515137e-01 6.518197059631347656e-02
5.791531801223754883e-01 3.859441280364990234e-01 -2.957674860954284668e-01 -2.198046445846557617e-02 -1.013359427452087402e-01 -7.441818714141845703e-02
5.580136775970458984e-01 4.790669679641723633e-01 -4.130937457084655762e-01 1.478922367095947266e-02 -1.842852234840393066e-01 -4.717600345611572266e-02
5.226038694381713867e-01 5.835635662078857422e-01 -2.351161837577819824e-01 -1.995391845703125000e-01 -2.289260029792785645e-01 1.759691238403320312e-01
4.202538728713989258e-01 5.935169458389282227e-01 -2.355288267135620117e-01 -1.461956501007080078e-01 -2.947115898132324219e-01 2.112030982971191406e-01
4.083970785140991211e-01 4.945237636566162109e-01 -3.332344293594360352e-01 2.163469791412353516e-02 -2.291049361228942871e-01 9.682190418243408203e-02
3.983517885208129883e-01 5.354058742523193359e-01 -2.437736988067626953e-01 3.662514686584472656e-02 -3.259062170982360840e-01 1.697249412536621094e-01
6.262087821960449219e-01 6.546059846878051758e-01 -4.601431488990783691e-01 6.697034835815429688e-02 -3.517149686813354492e-01 1.701754331588745117e-01
6.124731302261352539e-01 6.123540401458740234e-01 -3.143938779830932617e-01 -4.120230674743652344e-03 -3.274931311607360840e-01 1.574048995971679688e-01
4.855148792266845703e-01 6.286787986755371094e-01 -3.035600185394287109e-01 8.116233348846435547e-02 -3.592115640640258789e-01 1.716294288635253906e-01
3.983966112136840820e-01 5.428211688995361328e-01 -2.512420415878295898e-01 2.350842952728271484e-02 -2.703887820243835449e-01 1.157324314117431641e-01
5.248066186904907227e-01 5.464316606521606445e-01 -3.464252948760986328e-01 1.665782928466796875e-02 -2.093700170516967773e-01 8.659791946411132812e-02
6.262576580047607422e-01 5.266344547271728516e-01 -4.167237281799316406e-01 8.501946926116943359e-02 -1.285869479179382324e-01 6.376981735229492188e-02
5.513055324554443359e-01 5.298228263854980469e-01 -3.006078004837036133e-01 1.403644084930419922e-01 -1.224631667137145996e-01 1.525373458862304688e-01
6.119302511215209961e-01 5.147969722747802734e-01 -3.716208338737487793e-01 1.915614604949951172e-01 -4.349005222320556641e-02 1.362209320068359375e-01
4.701563119888305664e-01 4.217001199722290039e-01 -3.779066801071166992e-01 2.597200870513916016e-01 -8.408820629119873047e-02 1.968417167663574219e-01
3.771014213562011719e-01 5.486968755722045898e-01 -4.206679463386535645e-01 2.459282875061035156e-01 -3.392919898033142090e-01 3.906100988388061523e-01
3.495974540710449219e-01 5.373754501342773438e-01 -4.754799604415893555e-01 3.860232830047607422e-01 -3.995445370674133301e-01 4.097908735275268555e-01
4.768513441085815430e-01 5.079889297485351562e-01 -4.724104404449462891e-01 3.352627754211425781e-01 -3.046278953552246094e-01 3.681716918945312500e-01
4.504039287567138672e-01 4.201797246932983398e-01 -3.534306883811950684e-01 3.666838407516479492e-01 -3.028135895729064941e-01 4.980118274688720703e-01
3.853507041931152344e-01 3.564428091049194336e-01 -4.382611513137817383e-01 3.995726108551025391e-01 -1.865187883377075195e-01 2.833724021911621094e-01
1.480174064636230469e-01 4.256736040115356445e-01 -2.525553107261657715e-01 3.210074901580810547e-01 -4.463148117065429688e-01 6.215096712112426758e-01
1.209889650344848633e-01 2.847836017608642578e-01 -1.537025570869445801e-01 2.981721162796020508e-01 -3.440086841583251953e-01 6.245028972625732422e-01
4.558944702148437500e-02 3.597718477249145508e-01 -2.021951675415039062e-01 9.892392158508300781e-02 -3.421607017517089844e-01 4.806201457977294922e-01
1.569489240646362305e-01 3.030830621719360352e-01 -2.409746646881103516e-01 2.373999357223510742e-01 -2.207345962524414062e-01 3.910329341888427734e-01
-3.054010868072509766e-02 3.994661569595336914e-01 -6.501358747482299805e-02 1.929283142089843750e-01 -4.328219890594482422e-01 6.632163524627685547e-01
3.644311428070068359e-02 2.485760450363159180e-01 -1.712095737457275391e-02 1.983175277709960938e-01 -2.856078743934631348e-01 5.384761095046997070e-01
7.631790637969970703e-02 2.864017486572265625e-01 -4.479765892028808594e-02 1.558388471603393555e-01 -2.695459127426147461e-01 5.088713169097900391e-01
1.014685630798339844e-01 2.375185489654541016e-01 9.415507316589355469e-03 1.229244470596313477e-01 -1.582820415496826172e-01 4.973198175430297852e-01
6.622231006622314453e-02 2.015178203582763672e-01 -7.915681600570678711e-02 1.258834600448608398e-01 -2.039951086044311523e-01 4.630936384201049805e-01
-9.637808799743652344e-02 1.054606437683105469e-01 1.138987541198730469e-01 -1.166115999221801758e-01 -1.759687662124633789e-01 5.144158601760864258e-01
-2.243779301643371582e-01 1.988207101821899414e-01 1.055848598480224609e-01 1.578601598739624023e-01 -1.243284940719604492e-01 6.085541248321533203e-01
-5.468480587005615234e-01 1.629984378814697266e-02 2.507520914077758789e-01 2.662876844406127930e-01 -1.507383584976196289e-02 4.193881750106811523e-01
-6.859868764877319336e-02 8.633542060852050781e-02 2.874696254730224609e-02 -3.143846988677978516e-03 -2.034276723861694336e-02 2.792643308639526367e-01
-2.840577960014343262e-01 2.464835643768310547e-01 8.614921569824218750e-02 8.103263378143310547e-02 -2.548319697380065918e-01 5.711840391159057617e-01
-5.348129868507385254e-01 1.126968860626220703e-01 3.008106946945190430e-01 2.105901241302490234e-01 -3.883838653564453125e-02 3.784239292144775391e-01
-4.557021856307983398e-01 -3.678202629089355469e-02 3.443549871444702148e-01 7.312643527984619141e-02 -6.833028793334960938e-02 8.681356906890869141e-02
-4.933708310127258301e-01 2.930951118469238281e-02 5.241204500198364258e-01 -6.534081697463989258e-02 -1.390596032142639160e-01 2.648231983184814453e-01
6.880271434783935547e-02 6.452780961990356445e-01 2.281653881072998047e-01 2.772706747055053711e-01 -5.848847627639770508e-01 7.232671976089477539e-01
-2.285582423210144043e-01 6.321204900741577148e-01 3.082627058029174805e-01 2.364456653594970703e-01 -5.349854230880737305e-01 6.812949180603027344e-01
-5.393525958061218262e-01 2.598587274551391602e-01 1.906547546386718750e-01 -1.529206633567810059e-01 -3.432934880256652832e-01 2.152259349822998047e-01
2.129739522933959961e-01 5.260276794433593750e-01 1.128928661346435547e-01 1.212379932403564453e-01 -3.858338594436645508e-01 3.996862173080444336e-01
5.730605125427246094e-02 6.148536205291748047e-01 1.573319435119628906e-01 -2.358859777450561523e-02 -4.211670160293579102e-01 4.186835289001464844e-01
2.680407762527465820e-01 7.317196130752563477e-01 7.581448554992675781e-02 -1.066578626632690430e-01 -4.124609827995300293e-01 5.316697359085083008e-01
4.890520572662353516e-01 7.261492013931274414e-01 -1.027339696884155273e-02 -1.735209822654724121e-01 -2.952021956443786621e-01 4.615292549133300781e-01
5.654388666152954102e-01 6.703213453292846680e-01 -7.535201311111450195e-02 -2.556275129318237305e-01 -2.807119488716125488e-01 3.155953884124755859e-01
6.895748376846313477e-01 6.010037660598754883e-01 -1.187599301338195801e-01 -2.545230984687805176e-01 -2.765049338340759277e-01 2.705374956130981445e-01
6.959118843078613281e-01 6.130695343017578125e-01 -4.022580385208129883e-02 -3.073589801788330078e-01 -3.077669739723205566e-01 3.570846319198608398e-01
6.635953187942504883e-01 4.396067857742309570e-01 8.545351028442382812e-02 -2.875050902366638184e-01 -1.204154491424560547e-01 2.632567882537841797e-01
6.436139345169067383e-01 4.440487623214721680e-01 2.373158931732177734e-02 -1.737082004547119141e-01 -1.602986454963684082e-01 2.670886516571044922e-01
4.910310506820678711e-01 3.421074151992797852e-01 7.327127456665039062e-02 -3.126231431961059570e-01 -1.688334345817565918e-01 2.002508640289306641e-01
3.448990583419799805e-01 4.234755039215087891e-02 1.674799919128417969e-01 -4.409755468368530273e-01 6.218826770782470703e-02 -1.429058909416198730e-01
-1.050573587417602539e-02 1.297842264175415039e-01 4.636826515197753906e-01 -1.789806485176086426e-01 1.225256919860839844e-02 1.172362565994262695e-01
6.033647060394287109e-02 2.540681362152099609e-01 4.454150199890136719e-01 -3.653376102447509766e-01 -5.228698253631591797e-03 1.825249195098876953e-01
-1.372200250625610352e-01 2.491422891616821289e-01 3.949911594390869141e-01 -4.529352188110351562e-01 -3.217935562133789062e-02 1.643784046173095703e-01
-4.115128517150878906e-01 3.668895959854125977e-01 5.251049995422363281e-01 -3.740969896316528320e-01 -9.009623527526855469e-02 3.128941059112548828e-01
-5.367451906204223633e-01 2.474294900894165039e-01 3.614305257797241211e-01 -3.260011076927185059e-01 -1.726117134094238281e-01 2.275454998016357422e-01
-2.245594859123229980e-01 2.235630750656127930e-01 2.798870801925659180e-01 -1.780583858489990234e-01 -8.294081687927246094e-02 1.304061412811279297e-01
-4.034929871559143066e-01 1.384149789810180664e-01 4.540891647338867188e-01 -5.447257757186889648e-01 -4.670983552932739258e-02 3.550231456756591797e-02
-5.503853559494018555e-01 6.973934173583984375e-02 5.075773000717163086e-01 -2.697316408157348633e-01 -6.313240528106689453e-02 2.143037319183349609e-02
-6.531989574432373047e-02 1.961984634399414062e-01 5.103510618209838867e-01 -3.765701055526733398e-01 -2.047656178474426270e-01 7.477927207946777344e-02
-1.819404363632202148e-01 1.237218379974365234e-01 5.966897010803222656e-01 -4.155665636062622070e-02 -3.177943825721740723e-01 9.375500679016113281e-02
-3.713261485099792480e-01 1.032044887542724609e-01 4.413801431655883789e-01 -2.227309942245483398e-01 -3.654878735542297363e-01 1.183748245239257812e-04
-2.931209802627563477e-01 -1.114628314971923828e-01 3.391842842102050781e-01 -1.482765674591064453e-01 1.622128486633300781e-01 -3.709686994552612305e-01
-2.752175927162170410e-01 -1.450492143630981445e-01 3.499046564102172852e-01 3.140512704849243164e-01 3.766616582870483398e-01 -4.644126296043395996e-01
-5.299764871597290039e-02 -3.212705254554748535e-01 3.825658559799194336e-01 1.492233276367187500e-01 3.230987787246704102e-01 -5.633508563041687012e-01
1.636170148849487305e-01 3.764915466308593750e-02 3.528590202331542969e-01 -4.130344390869140625e-01 7.801532745361328125e-02 -2.679306268692016602e-02
4.100276231765747070e-01 1.047934293746948242e-01 2.837316989898681641e-01 -3.232294321060180664e-01 2.810122966766357422e-01 8.147835731506347656e-03
3.815318346023559570e-01 2.032727003097534180e-01 3.652654886245727539e-01 -3.228529095649719238e-01 2.491037845611572266e-01 1.035678386688232422e-01
4.703452587127685547e-01 3.732904195785522461e-01 3.134003877639770508e-01 -2.953128218650817871e-01 1.454929113388061523e-01 1.790612936019897461e-01
3.654557466506958008e-01 3.881493806838989258e-01 3.787118196487426758e-01 -3.303784132003784180e-01 7.818913459777832031e-02 1.787519454956054688e-01
3.285980224609375000e-01 3.371882438659667969e-01 2.396624088287353516e-01 -2.831361293792724609e-01 8.894562721252441406e-03 1.439818143844604492e-01
4.732064008712768555e-01 3.153443336486816406e-01 1.977078914642333984e-01 -3.949280977249145508e-01 1.729305982589721680e-01 6.028556823730468750e-02
4.947782754898071289e-01 3.385193347930908203e-01 3.362121582031250000e-01 -4.870430231094360352e-01 1.337611675262451172e-01 1.575688123703002930e-01
4.309197664260864258e-01 2.706179618835449219e-01 2.160439491271972656e-01 -4.730064868927001953e-01 1.517904996871948242e-01 9.270834922790527344e-02
2.211078405380249023e-01 1.748988628387451172e-01 2.786679267883300781e-01 -4.445337057113647461e-01 1.894279718399047852e-01 2.995491027832031250e-02
9.778189659118652344e-02 1.496932506561279297e-01 2.144222259521484375e-01 -4.152929782867431641e-01 8.818376064300537109e-02 6.525993347167968750e-02
-4.077804088592529297e-02 -1.295669078826904297e-01 1.377265453338623047e-01 -4.033805131912231445e-01 2.535092830657958984e-02 -2.465553879737854004e-01
-1.798231601715087891e-01 -2.152172923088073730e-01 3.501949310302734375e-01 -4.527467489242553711e-01 2.410557270050048828e-01 -3.322995901107788086e-01
-2.042528390884399414e-01 1.058827638626098633e-01 6.698760986328125000e-01 -3.611384034156799316e-01 -4.282629489898681641e-02 1.691752672195434570e-01
-2.060903310775756836e-01 1.230654716491699219e-01 5.861221551895141602e-01 -1.616457700729370117e-01 -1.435792446136474609e-02 1.845369338989257812e-01
-1.561849713325500488e-01 7.831108570098876953e-02 3.561160564422607422e-01 -3.023784160614013672e-01 5.633640289306640625e-02 7.159471511840820312e-02
-3.863685131072998047e-01 1.286429166793823242e-01 5.301566123962402344e-01 -4.054781794548034668e-01 -1.506202816963195801e-01 1.133936643600463867e-01
-5.681518316268920898e-01 8.979034423828125000e-02 3.123074769973754883e-01 -2.429711818695068359e-02 -2.421510815620422363e-01 4.263460636138916016e-02
-3.295935988426208496e-01 -2.007603645324707031e-02 5.249365568161010742e-01 -1.430603265762329102e-01 -1.264622807502746582e-01 5.803227424621582031e-03
-3.411289453506469727e-01 1.239589452743530273e-01 6.140849590301513672e-01 -2.047119140625000000e-01 -2.967485189437866211e-01 2.867497205734252930e-01
-4.804855585098266602e-01 1.349267959594726562e-01 5.952303409576416016e-01 6.747376918792724609e-02 -4.099042415618896484e-01 3.341493606567382812e-01
-5.017579793930053711e-01 -1.052246093750000000e-01 3.624595403671264648e-01 -1.736561655998229980e-01 -1.627724766731262207e-01 -1.279588937759399414e-01
-4.692949652671813965e-01 7.446920871734619141e-02 3.981088399887084961e-01 -2.524400949478149414e-01 -2.038781642913818359e-01 1.717245578765869141e-02
-3.606733679771423340e-01 -6.606978178024291992e-02 -3.737139701843261719e-02 1.267311573028564453e-01 2.673083543777465820e-01 -5.233550071716308594e-01
-2.935394048690795898e-01 -1.845800876617431641e-01 5.208396911621093750e-02 2.976977825164794922e-02 2.680313587188720703e-01 -6.398306488990783691e-01
-2.363614439964294434e-01 -5.146021246910095215e-01 2.342338562011718750e-01 1.209378242492675781e-02 3.957934379577636719e-01 -6.369266510009765625e-01
-2.568593025207519531e-01 -7.482678890228271484e-01 2.665985822677612305e-01 2.288782596588134766e-02 5.901067256927490234e-01 -8.843508362770080566e-01
-1.774366497993469238e-01 -4.934406876564025879e-01 4.460455179214477539e-01 -2.999545335769653320e-01 2.726756334304809570e-01 -6.280469894409179688e-01
8.925139904022216797e-02 -3.949076533317565918e-01 7.930898666381835938e-02 -5.394858717918395996e-01 2.824651002883911133e-01 -5.804962515830993652e-01
1.595681905746459961e-01 -3.998927474021911621e-01 4.047882556915283203e-02 -4.752071499824523926e-01 2.920751571655273438e-01 -4.402272701263427734e-01
2.027499675750732422e-01 -4.115825891494750977e-01 -6.563842296600341797e-03 -5.092949867248535156e-01 2.552872896194458008e-01 -4.737335443496704102e-01
1.094108819961547852e-01 -3.875032663345336914e-01 -7.419466972351074219e-03 -5.773515701293945312e-01 2.108882665634155273e-01 -4.444016814231872559e-01
5.484354496002197266e-02 -4.094512462615966797e-01 -7.804685831069946289e-02 -5.685969591140747070e-01 1.090050935745239258e-01 -5.464859008789062500e-01
-4.551237821578979492e-02 -3.444996476173400879e-01 5.722332000732421875e-02 -5.501993298530578613e-01 1.388391256332397461e-01 -4.553764462471008301e-01
-4.094596505165100098e-01 -1.242919564247131348e-01 2.897957563400268555e-01 -3.282379508018493652e-01 -2.150361537933349609e-01 -1.776762604713439941e-01
-4.075925946235656738e-01 -1.822207570075988770e-01 3.262585401535034180e-01 -2.772002816200256348e-01 -1.731704473495483398e-01 -1.331174969673156738e-01
-2.463447451591491699e-01 -2.105100750923156738e-01 2.974170446395874023e-01 -2.842907905578613281e-01 -5.221676826477050781e-02 -2.667785882949829102e-01
-4.719640016555786133e-01 -7.025593519210815430e-02 4.050587415695190430e-01 -3.514545559883117676e-01 -2.757200598716735840e-01 -3.929817676544189453e-02
-3.751031160354614258e-01 -2.284060716629028320e-01 2.755520343780517578e-01 -3.182100057601928711e-01 -1.121301651000976562e-01 -1.660870313644409180e-01
-1.960190534591674805e-01 -2.633331418037414551e-01 2.096462249755859375e-01 -2.020742297172546387e-01 -5.866110324859619141e-02 -2.176741361618041992e-01
-4.442082047462463379e-01 -1.104652881622314453e-01 2.674608230590820312e-01 -4.769276380538940430e-01 -2.287123203277587891e-01 -5.775707960128784180e-02
-4.720169305801391602e-01 -6.328451633453369141e-02 3.470129966735839844e-01 -2.538687586784362793e-01 -2.204281687736511230e-01 2.964591979980468750e-02
-5.744755268096923828e-01 6.775510311126708984e-02 5.982507467269897461e-01 -6.306487321853637695e-02 -2.041248083114624023e-01 4.153847694396972656e-02
-3.231089115142822266e-01 -2.603533267974853516e-01 2.805671691894531250e-01 -2.561068534851074219e-01 -1.472738385200500488e-01 -2.404060959815979004e-01
-2.140661478042602539e-01 2.826162576675415039e-01 2.943793535232543945e-01 7.584345340728759766e-02 -1.882482767105102539e-01 3.115369081497192383e-01
-1.645931005477905273e-01 2.848256826400756836e-01 1.892536878585815430e-01 2.648884057998657227e-01 -1.125159263610839844e-01 2.418437004089355469e-01
-1.219095587730407715e-01 2.463881969451904297e-01 1.166074275970458984e-01 3.701906204223632812e-01 -2.485827207565307617e-01 2.569012641906738281e-01
-2.563830018043518066e-01 2.208523750305175781e-01 7.938098907470703125e-02 1.686397790908813477e-01 -3.258180022239685059e-01 2.828711271286010742e-01
-3.670454025268554688e-02 2.984137535095214844e-01 -1.555818915367126465e-01 3.555636405944824219e-01 -3.956336975097656250e-01 4.032577276229858398e-01
3.642439842224121094e-03 4.437251091003417969e-01 -1.004777550697326660e-01 3.154445886611938477e-01 -4.595007896423339844e-01 5.815163850784301758e-01
-1.363772153854370117e-02 4.119722843170166016e-01 -7.607066631317138672e-02 2.082424163818359375e-01 -3.730644583702087402e-01 6.035137176513671875e-01
1.939058303833007812e-02 3.521610498428344727e-01 2.988409996032714844e-02 1.454776525497436523e-01 -3.083106279373168945e-01 5.996893644332885742e-01
2.857875823974609375e-02 3.099288940429687500e-01 6.047821044921875000e-02 2.072783708572387695e-01 -3.474637269973754883e-01 6.926107406616210938e-01
4.467248916625976562e-02 2.367771863937377930e-01 7.467412948608398438e-02 1.907898187637329102e-01 -2.588298320770263672e-01 6.116597652435302734e-01
-5.513936281204223633e-02 2.220940589904785156e-01 6.916534900665283203e-02 1.153898239135742188e-01 -2.418572306632995605e-01 5.901032686233520508e-01
-9.275394678115844727e-02 2.375164031982421875e-01 1.998831033706665039e-01 1.697946786880493164e-01 -1.768202781677246094e-01 6.110938787460327148e-01
-9.747952222824096680e-02 2.951828241348266602e-01 1.044631004333496094e-01 2.666108608245849609e-01 -3.856508731842041016e-01 7.424668073654174805e-01
-2.618581652641296387e-01 2.030876874923706055e-01 3.326462507247924805e-01 2.375029325485229492e-01 -3.527380228042602539e-01 7.195451259613037109e-01
2.546942234039306641e-02 3.339242935180664062e-01 -5.092942714691162109e-02 2.768841981887817383e-01 -3.475567698478698730e-01 6.958689689636230469e-01
-4.873399734497070312e-01 2.615489959716796875e-01 2.637654542922973633e-01 2.700685262680053711e-01 -3.847305774688720703e-01 7.400962114334106445e-01
-1.162700057029724121e-01 2.605879306793212891e-01 2.400379180908203125e-01 5.555868148803710938e-03 -5.169890522956848145e-01 5.815353393554687500e-01
-1.441899538040161133e-01 2.789982557296752930e-01 2.480384111404418945e-01 2.247843742370605469e-01 -3.086544275283813477e-01 6.559069156646728516e-01
