3.518300056457519531e-01 6.462423801422119141e-01 -1.952549815177917480e-01 5.584287643432617188e-02 -2.193313241004943848e-01 3.133256435394287109e-01
5.571123361587524414e-01 7.567597627639770508e-01 -3.456580638885498047e-01 4.056763648986816406e-02 -1.947018504142761230e-01 3.423355817794799805e-01
7.544853687286376953e-01 8.236001729965209961e-01 -3.855720758438110352e-01 1.088476181030273438e-02 -3.099656105041503906e-01 4.349747896194458008e-01
7.355854511260986328e-01 7.612067461013793945e-01 -2.347344160079956055e-01 2.222895622253417969e-03 -3.244224190711975098e-01 4.687136411666870117e-01
7.652765512466430664e-01 7.031483650207519531e-01 -2.811119556427001953e-01 1.761925220489501953e-02 -2.565119266510009766e-01 3.715447187423706055e-01
7.526507377624511719e-01 6.012184619903564453e-01 -2.679036855697631836e-01 5.089676380157470703e-02 -1.655615568161010742e-01 2.948931455612182617e-01
7.026642560958862305e-01 6.550133228302001953e-01 -2.079898715019226074e-01 5.229103565216064453e-02 -2.207034230232238770e-01 3.602212667465209961e-01
7.455922365188598633e-01 6.869453191757202148e-01 -3.274705410003662109e-01 1.121999025344848633e-01 -2.610058784484863281e-01 4.074970483779907227e-01
6.008477210998535156e-01 6.704868078231811523e-01 -1.741443276405334473e-01 6.936132907867431641e-02 -2.388913035392761230e-01 4.248362779617309570e-01
7.539857625961303711e-01 6.189448833465576172e-01 -2.559368014335632324e-01 9.040284156799316406e-02 -1.469128727912902832e-01 3.555026054382324219e-01
6.708574295043945312e-01 5.869042873382568359e-01 -2.375643849372863770e-01 4.388451576232910156e-03 -1.145294308662414551e-01 3.172813653945922852e-01
5.875661373138427734e-01 4.764198064804077148e-01 -2.525205612182617188e-01 3.968000411987304688e-02 1.440727710723876953e-02 1.778345108032226562e-01
5.669788122177124023e-01 3.085058927536010742e-01 -3.201466202735900879e-01 -3.013312816619873047e-02 2.080144882202148438e-01 3.090500831604003906e-02
6.087664365768432617e-01 2.980086803436279297e-01 -4.649597406387329102e-01 -3.536158800125122070e-02 2.134497165679931641e-01 4.349052906036376953e-02
3.660684823989868164e-01 1.768760681152343750e-01 -4.346797466278076172e-01 -2.073521018028259277e-01 3.158550262451171875e-01 -1.103250980377197266e-01
2.511433362960815430e-01 1.557494401931762695e-01 -5.967812538146972656e-01 -3.667495250701904297e-01 2.382894754409790039e-01 -2.240470647811889648e-01
3.223763704299926758e-01 1.612062454223632812e-01 -5.611423254013061523e-01 -3.771806955337524414e-01 2.542948722839355469e-01 -1.382887959480285645e-01
2.993648052215576172e-01 5.621886253356933594e-02 -6.796132922172546387e-01 -5.143501758575439453e-01 3.764718770980834961e-01 -3.325672745704650879e-01
2.330933809280395508e-01 9.490370750427246094e-02 -5.800443887710571289e-01 -4.378603100776672363e-01 2.792923450469970703e-01 -2.280734777450561523e-01
3.951098918914794922e-01 -4.305845499038696289e-02 -6.402058601379394531e-01 -5.205873250961303711e-01 4.159661531448364258e-01 -4.014393091201782227e-01
2.644572257995605469e-01 -2.153855562210083008e-02 -4.924569129943847656e-01 -6.380965709686279297e-01 3.129702806472778320e-01 -3.358955979347229004e-01
3.498065471649169922e-01 -5.969208478927612305e-02 -4.391732215881347656e-01 -5.697125196456909180e-01 2.838822603225708008e-01 -3.064616918563842773e-01
4.052489995956420898e-01 -2.062356472015380859e-02 -5.087139606475830078e-01 -5.533286333084106445e-01 1.717262268066406250e-01 -3.480167984962463379e-01
3.233283758163452148e-01 -4.653126001358032227e-02 -3.206376433372497559e-01 -5.538425445556640625e-01 1.384460926055908203e-01 -2.573223114013671875e-01
2.885540723800659180e-01 3.155767917633056641e-02 -3.712871670722961426e-01 -5.247786641120910645e-01 -9.919285774230957031e-03 -1.405935287475585938e-01
3.634583950042724609e-01 -1.011887788772583008e-01 -7.023255825042724609e-01 -3.829798698425292969e-01 4.035341739654541016e-02 -4.329410195350646973e-01
2.419494390487670898e-01 -2.004358768463134766e-01 -5.871369242668151855e-01 -5.782492160797119141e-01 1.704595088958740234e-01 -5.774030685424804688e-01
2.334764003753662109e-01 -1.489228606224060059e-01 -3.964223861694335938e-01 -5.297605991363525391e-01 5.432069301605224609e-02 -4.449656605720520020e-01
3.167457580566406250e-01 -2.340562343597412109e-01 -3.739933371543884277e-01 -5.994368791580200195e-01 2.225039005279541016e-01 -4.246326684951782227e-01
2.594625949859619141e-01 -2.747998833656311035e-01 -2.667598724365234375e-01 -5.181075930595397949e-01 1.692324876785278320e-01 -4.293196201324462891e-01
3.896677494049072266e-01 -2.478389143943786621e-01 -4.212498068809509277e-01 -4.433546662330627441e-01 1.689094305038452148e-01 -4.521458745002746582e-01
3.094342947006225586e-01 -2.974774837493896484e-01 -3.825564980506896973e-01 -4.849572777748107910e-01 2.540876865386962891e-01 -5.619598031044006348e-01
4.692682027816772461e-01 -3.340324163436889648e-01 -5.044230818748474121e-01 -4.829226732254028320e-01 3.304474353790283203e-01 -6.673872470855712891e-01
3.607105016708374023e-01 -3.829045891761779785e-01 -3.170922398567199707e-01 -5.317179560661315918e-01 3.540217876434326172e-01 -6.079823374748229980e-01
5.069086551666259766e-01 -4.476836323738098145e-01 -3.751824498176574707e-01 -5.668252706527709961e-01 4.214584827423095703e-01 -6.725858449935913086e-01
3.372395038604736328e-01 -3.934817910194396973e-01 -1.296622157096862793e-01 -5.683384537696838379e-01 3.248561620712280273e-01 -5.418305397033691406e-01
4.169564247131347656e-01 -4.630419611930847168e-01 -2.293524146080017090e-01 -4.890013337135314941e-01 3.825778961181640625e-01 -5.951076745986938477e-01
4.637900590896606445e-01 -4.947119355201721191e-01 -1.797807812690734863e-01 -4.521162509918212891e-01 3.722141981124877930e-01 -5.445355176925659180e-01
4.778468608856201172e-01 -4.964073300361633301e-01 -4.843866825103759766e-02 -5.595876574516296387e-01 4.821175336837768555e-01 -4.833970069885253906e-01
6.914736032485961914e-01 -4.859979748725891113e-01 -2.367218136787414551e-01 -5.057019591331481934e-01 5.612963438034057617e-01 -4.547089338302612305e-01
4.466360807418823242e-01 -4.949036836624145508e-01 -1.051002144813537598e-01 -4.529658555984497070e-01 5.409591197967529297e-01 -3.131976723670959473e-01
4.554384946823120117e-01 -4.787716269493103027e-01 -1.482584476470947266e-01 -3.422631025314331055e-01 5.038380622863769531e-01 -2.010585665702819824e-01
3.218873739242553711e-01 -4.616691470146179199e-01 -2.683293819427490234e-02 -2.838991284370422363e-01 4.178500175476074219e-01 -1.699376106262207031e-02
3.106690645217895508e-01 -3.149053454399108887e-01 6.503105163574218750e-03 -3.057168126106262207e-01 2.473541498184204102e-01 2.867662906646728516e-01
1.748995780944824219e-01 -2.845990061759948730e-01 -6.832540035247802734e-03 -3.361460566520690918e-01 1.986420154571533203e-01 3.666456937789916992e-01
1.406513452529907227e-01 -1.471141576766967773e-01 4.927349090576171875e-02 -3.139939308166503906e-01 8.389639854431152344e-02 5.492655038833618164e-01
2.185338735580444336e-01 -1.643264889717102051e-01 -6.638443470001220703e-02 -2.103721499443054199e-01 1.181529760360717773e-01 5.024116039276123047e-01
5.097627639770507812e-03 -1.415762901306152344e-01 3.936541080474853516e-02 -1.251009106636047363e-01 -2.739787101745605469e-03 5.908448696136474609e-01
1.803591251373291016e-01 -1.071713566780090332e-01 -3.222936391830444336e-02 -5.677926540374755859e-02 -6.485879421234130859e-03 6.031546592712402344e-01
1.449109315872192383e-01 -9.818190336227416992e-02 1.013755798339843750e-02 -2.949696779251098633e-02 2.893567085266113281e-03 5.506641864776611328e-01
1.680030822753906250e-01 -1.389718651771545410e-01 -4.844081401824951172e-02 -2.023422718048095703e-02 5.780649185180664062e-02 4.360026121139526367e-01
1.486583948135375977e-01 -1.180693507194519043e-01 1.691234111785888672e-02 1.313483715057373047e-02 -2.522647380828857422e-03 4.595773220062255859e-01
1.908744573593139648e-01 -1.466814875602722168e-01 -1.952606439590454102e-02 5.117058753967285156e-02 3.464341163635253906e-02 4.207051992416381836e-01
9.543895721435546875e-03 -6.119942665100097656e-02 1.941421031951904297e-01 -1.980882883071899414e-02 -4.949963092803955078e-02 5.902206897735595703e-01
3.365170955657958984e-02 -7.030922174453735352e-02 1.153848171234130859e-01 2.286493778228759766e-02 -5.929577350616455078e-02 5.116080045700073242e-01
5.166959762573242188e-02 -8.161020278930664062e-02 2.249032258987426758e-01 9.109342098236083984e-02 4.211294651031494141e-02 4.772315025329589844e-01
2.056324481964111328e-02 1.066818237304687500e-01 4.054367542266845703e-01 1.028441190719604492e-01 -5.058920383453369141e-02 6.212536096572875977e-01
-1.256829500198364258e-01 -1.143348217010498047e-02 5.559945106506347656e-01 6.800436973571777344e-02 -3.815716505050659180e-02 5.097155570983886719e-01
4.717195034027099609e-02 -5.005729198455810547e-02 3.007144927978515625e-01 3.238977193832397461e-01 6.663775444030761719e-02 3.963273763656616211e-01
-7.232350111007690430e-02 3.623199462890625000e-02 5.302203893661499023e-01 1.419553756713867188e-01 3.053784370422363281e-03 5.829536914825439453e-01
9.824120998382568359e-02 -6.302595138549804688e-04 5.018296241760253906e-01 -2.488332986831665039e-02 9.282314777374267578e-02 1.623061895370483398e-01
8.189439773559570312e-02 -1.130223274230957031e-02 4.288603067398071289e-01 8.806848526000976562e-02 1.606724262237548828e-01 1.130696535110473633e-01
3.048837184906005859e-01 1.028977632522583008e-01 1.570649147033691406e-01 -3.102344274520874023e-02 1.548058986663818359e-01 -8.361780643463134766e-02
2.244962453842163086e-01 2.262923717498779297e-01 3.202289342880249023e-01 3.474664688110351562e-02 4.709970951080322266e-02 6.161475181579589844e-02
3.541243076324462891e-01 5.070798397064208984e-01 2.212105989456176758e-01 -1.367631554603576660e-01 -9.517294168472290039e-02 2.828044891357421875e-01
4.770114421844482422e-01 6.199164390563964844e-01 2.100863456726074219e-01 -1.706390976905822754e-01 -9.910404682159423828e-02 3.694972991943359375e-01
6.695530414581298828e-01 6.371021270751953125e-01 -7.856893539428710938e-02 -1.779584288597106934e-01 -9.065729379653930664e-02 3.617066144943237305e-01
8.080456256866455078e-01 5.354005098342895508e-01 -1.675788164138793945e-01 -2.008190155029296875e-01 1.599371433258056641e-02 2.249107360839843750e-01
7.089704275131225586e-01 5.084587335586547852e-01 -1.263632178306579590e-01 -2.454630136489868164e-01 -6.017446517944335938e-03 2.631494998931884766e-01
7.884732484817504883e-01 4.129188060760498047e-01 -1.280878186225891113e-01 -2.986350655555725098e-01 1.099042892456054688e-01 1.449565887451171875e-01
7.513248920440673828e-01 2.303761243820190430e-01 3.119111061096191406e-02 -3.736271858215332031e-01 2.119864225387573242e-01 8.242523670196533203e-02
3.864809274673461914e-01 -8.342003822326660156e-02 1.992712020874023438e-01 -3.918024301528930664e-01 3.680686950683593750e-01 -2.086891531944274902e-01
-1.361443400382995605e-01 1.714173555374145508e-01 7.019754648208618164e-01 -3.708512187004089355e-01 -6.045508384704589844e-02 1.324468851089477539e-01
9.778547286987304688e-02 2.177325487136840820e-01 5.397868156433105469e-01 -1.836750507354736328e-01 1.437196731567382812e-01 1.729670763015747070e-01
6.873774528503417969e-02 2.807747125625610352e-01 6.007061004638671875e-01 -3.856042623519897461e-01 5.802118778228759766e-02 2.397079467773437500e-01
5.374836921691894531e-02 1.855493783950805664e-01 4.256768226623535156e-01 -3.792858123779296875e-01 -4.696702957153320312e-02 1.487507820129394531e-01
2.026844024658203125e-01 2.324603796005249023e-01 2.608973979949951172e-01 -2.737783789634704590e-01 1.923251152038574219e-02 2.003062963485717773e-01
8.596861362457275391e-02 1.601853370666503906e-01 3.091869354248046875e-01 -5.131734013557434082e-01 2.870965003967285156e-02 -6.214183568954467773e-02
-7.896012067794799805e-02 2.428503036499023438e-01 4.982924461364746094e-01 -2.964216470718383789e-01 2.707886695861816406e-02 1.217303276062011719e-01
-3.444664478302001953e-01 1.065945625305175781e-01 5.433831214904785156e-01 -2.762539982795715332e-01 1.428409814834594727e-01 -2.390801906585693359e-03
-2.011108398437500000e-02 -2.807144522666931152e-01 4.919919967651367188e-01 5.495297908782958984e-02 3.932086229324340820e-01 -5.925915837287902832e-01
-7.398098707199096680e-02 -4.427570700645446777e-01 5.027009248733520508e-01 1.573292016983032227e-01 5.147644281387329102e-01 -7.740013599395751953e-01
9.746623039245605469e-02 -2.584006190299987793e-01 6.289157867431640625e-01 -2.295497059822082520e-01 2.070988416671752930e-01 -2.601968050003051758e-01
1.741259098052978516e-01 8.066594600677490234e-02 3.170019388198852539e-01 -3.910213112831115723e-01 1.509236097335815430e-01 1.435720920562744141e-02
2.710758447647094727e-01 2.555171251296997070e-01 3.594355583190917969e-01 -3.920770287513732910e-01 9.776413440704345703e-02 1.759098768234252930e-01
3.647321462631225586e-01 4.641544818878173828e-01 3.076249361038208008e-01 -4.034109711647033691e-01 9.417533874511718750e-02 3.121547698974609375e-01
3.942576646804809570e-01 3.358072042465209961e-01 3.137447834014892578e-01 -4.649285674095153809e-01 1.365131139755249023e-01 1.854908466339111328e-01
3.762437105178833008e-01 2.922651767730712891e-01 4.997172355651855469e-01 -4.775041937828063965e-01 1.251206398010253906e-01 2.202563285827636719e-01
4.369226694107055664e-01 3.679287433624267578e-02 4.310047626495361328e-01 -3.779703378677368164e-01 3.421528339385986328e-01 9.082913398742675781e-03
1.954718828201293945e-01 -2.387546300888061523e-01 5.861279964447021484e-01 -4.502990841865539551e-01 4.034204483032226562e-01 -1.618047952651977539e-01
-3.239603042602539062e-01 -1.133126020431518555e-02 4.890372753143310547e-01 -2.397021651268005371e-01 6.079459190368652344e-02 -4.111015796661376953e-02
-9.489059448242187500e-05 1.939666271209716797e-01 4.944294691085815430e-01 -3.805985450744628906e-01 9.735584259033203125e-02 8.573520183563232422e-02
-1.170454621315002441e-01 4.332411289215087891e-02 6.819924116134643555e-01 -4.383497238159179688e-01 2.571350336074829102e-01 1.043462753295898438e-01
-3.210425376892089844e-01 -2.515518665313720703e-02 3.960869312286376953e-01 -3.402642011642456055e-01 1.465312242507934570e-01 -1.070297360420227051e-01
-1.436099410057067871e-01 -1.862863302230834961e-01 4.311200380325317383e-01 -1.547988653182983398e-01 2.907341718673706055e-01 -1.413928270339965820e-01
-3.695338964462280273e-02 -1.998348832130432129e-01 4.205319881439208984e-01 -2.925215959548950195e-01 3.474100828170776367e-01 -2.717193961143493652e-01
-3.580572605133056641e-01 -1.502237319946289062e-01 4.491158723831176758e-01 -1.944252252578735352e-01 1.591153144836425781e-01 -5.651712417602539062e-02
-1.570125818252563477e-01 -2.285764217376708984e-01 4.149990081787109375e-01 -2.842004299163818359e-01 1.570744514465332031e-01 -1.984426975250244141e-01
-2.580944299697875977e-01 -4.369056820869445801e-01 4.465925693511962891e-01 -2.981019020080566406e-02 6.033973693847656250e-01 -6.949608325958251953e-01
-2.887539267539978027e-01 -5.344829559326171875e-01 4.116846323013305664e-01 4.785811901092529297e-02 5.916264057159423828e-01 -9.639884829521179199e-01
-2.342092394828796387e-01 -1.203749775886535645e-01 7.656899690628051758e-01 -3.460168838500976562e-03 -3.566235303878784180e-02 -7.232952117919921875e-02
1.095457077026367188e-01 -2.784036397933959961e-01 6.230061054229736328e-01 -1.465497612953186035e-01 3.493189811706542969e-02 -2.715716361999511719e-01
-1.702044606208801270e-01 -1.368702054023742676e-01 7.111328840255737305e-01 -2.069843411445617676e-01 -2.036793828010559082e-01 -1.411929726600646973e-01
-2.250748872756958008e-01 2.330029010772705078e-02 8.060148954391479492e-01 -1.272922754287719727e-01 -4.467400312423706055e-01 1.545513868331909180e-01
6.293225288391113281e-02 3.310108184814453125e-01 6.497863531112670898e-01 -3.408858776092529297e-01 -4.478716254234313965e-01 2.433633804321289062e-01
-1.389096975326538086e-01 2.400125265121459961e-01 6.591328382492065430e-01 -2.187925577163696289e-01 -3.631367087364196777e-01 3.156813383102416992e-01
1.021779775619506836e-01 2.731516361236572266e-01 4.330818653106689453e-01 -3.054057359695434570e-01 -4.175373911857604980e-01 2.914937734603881836e-01
1.856418848037719727e-01 -2.354596853256225586e-01 5.264183282852172852e-01 -1.581517457962036133e-01 -1.112729907035827637e-01 -1.394990682601928711e-01
-3.443770408630371094e-01 -1.687701344490051270e-01 4.806481599807739258e-01 -9.656411409378051758e-02 -2.211876511573791504e-01 -2.443278431892395020e-01
-3.389753103256225586e-01 -1.173905730247497559e-01 4.310476779937744141e-01 -2.622974514961242676e-01 -6.673872470855712891e-02 -1.986810564994812012e-01
-1.858534216880798340e-01 3.124880790710449219e-02 7.196755409240722656e-01 -6.529718637466430664e-02 -3.159681558609008789e-01 2.249675989151000977e-01
-3.546744585037231445e-01 -2.075302600860595703e-02 5.592994689941406250e-01 -2.177201509475708008e-01 -2.490373253822326660e-01 6.861793994903564453e-02
-4.372639656066894531e-01 1.417803764343261719e-01 4.753065109252929688e-01 -1.426777839660644531e-01 -2.984903454780578613e-01 1.933941841125488281e-01
-4.163765907287597656e-01 7.181763648986816406e-02 7.683333158493041992e-01 -2.080376148223876953e-01 -2.625894546508789062e-01 1.468197107315063477e-01
-3.797014951705932617e-01 3.278672695159912109e-02 7.262393236160278320e-01 -2.154553532600402832e-01 -2.870499491691589355e-01 1.004240512847900391e-01
-3.984953761100769043e-01 -1.745395660400390625e-01 7.380076646804809570e-01 2.247321605682373047e-02 -3.117501735687255859e-03 -9.094953536987304688e-03
-5.127205848693847656e-01 -5.277093648910522461e-01 -2.782804965972900391e-01 4.010131359100341797e-01 -2.307693362236022949e-01 -5.465892553329467773e-01
-8.164962530136108398e-01 -3.901110887527465820e-01 -2.127535343170166016e-01 5.396040678024291992e-01 -3.390358686447143555e-01 -3.566342592239379883e-01
-5.839432477951049805e-01 -4.173755645751953125e-01 -3.698855638504028320e-02 2.952903509140014648e-01 -5.179657340049743652e-01 -3.774470090866088867e-01
-4.237465262413024902e-01 -5.484805107116699219e-01 4.552996158599853516e-02 4.486349821090698242e-01 -5.181984901428222656e-01 -3.200914263725280762e-01
-3.730399608612060547e-01 -5.383676290512084961e-01 1.231095790863037109e-01 4.839807748794555664e-01 -3.994189500808715820e-01 -1.757604479789733887e-01
-6.591140627861022949e-01 -4.979209899902343750e-01 1.860532760620117188e-01 3.847290277481079102e-01 -4.918960928916931152e-01 -1.928743124008178711e-01
-5.861907005310058594e-01 -6.206334829330444336e-01 5.609369277954101562e-02 3.994302749633789062e-01 -3.283844590187072754e-01 -4.401152133941650391e-01
-4.881266951560974121e-01 -4.319940209388732910e-01 1.064751148223876953e-01 7.046917676925659180e-01 -7.382358908653259277e-01 -1.515883207321166992e-01
-2.968056201934814453e-01 -3.907856941223144531e-01 1.481945514678955078e-01 4.634788036346435547e-01 -6.353563070297241211e-01 -2.773186564445495605e-01
-5.488270521163940430e-01 -4.581170678138732910e-01 5.696690082550048828e-02 5.020953416824340820e-01 -7.404894232749938965e-01 -3.580597639083862305e-01
-6.800224781036376953e-01 -3.677474260330200195e-01 2.619028091430664062e-01 3.384500741958618164e-01 -5.608808994293212891e-01 -2.444733977317810059e-01
-3.482154011726379395e-01 -3.547471165657043457e-01 4.268292188644409180e-01 -4.597181081771850586e-02 -2.954433560371398926e-01 -2.099853754043579102e-01
-6.292281150817871094e-01 -2.608259320259094238e-01 3.555922508239746094e-01 6.352758407592773438e-02 -4.113646149635314941e-01 -2.001574039459228516e-01
-5.175205469131469727e-01 -3.418087959289550781e-01 1.600402593612670898e-01 -9.328234195709228516e-02 -3.023858070373535156e-01 -3.878558874130249023e-01
-4.777378439903259277e-01 -2.350288629531860352e-01 2.633942365646362305e-01 -3.223741054534912109e-02 -2.920094728469848633e-01 -2.364350557327270508e-01
-3.762947320938110352e-01 -2.400789260864257812e-01 3.559499979019165039e-01 2.587020397186279297e-02 -3.690042495727539062e-01 -9.877222776412963867e-02
-3.480082154273986816e-01 -2.210946679115295410e-01 4.081689119338989258e-01 -5.895555019378662109e-02 -3.735938072204589844e-01 -1.274369955062866211e-01
-4.545043706893920898e-01 -9.714132547378540039e-02 2.430478334426879883e-01 -5.274766683578491211e-02 -3.545321822166442871e-01 -7.496160268783569336e-02
-4.786039590835571289e-01 2.623220682144165039e-01 8.124673366546630859e-02 1.030915975570678711e-01 -2.983264327049255371e-01 1.276292800903320312e-01
-4.146212935447692871e-01 1.392637491226196289e-01 -1.217057704925537109e-01 3.671188354492187500e-01 9.392297267913818359e-02 -1.682443618774414062e-01
-2.716495394706726074e-01 1.955782175064086914e-01 -8.996409177780151367e-02 2.526439428329467773e-01 -1.851910352706909180e-01 -7.466793060302734375e-03
-2.149702906608581543e-01 6.376302242279052734e-02 -1.988865137100219727e-01 3.038489818572998047e-02 -2.806602716445922852e-01 9.624481201171875000e-03
-4.849678277969360352e-02 1.450490951538085938e-01 -3.517111539840698242e-01 2.055293321609497070e-01 -1.720488071441650391e-01 1.181139945983886719e-01
-6.464213132858276367e-02 3.423328399658203125e-01 -3.737556934356689453e-01 2.733197212219238281e-01 -3.791142702102661133e-01 3.321657180786132812e-01
1.493811607360839844e-03 2.193945646286010742e-01 -4.019609689712524414e-01 5.008125305175781250e-01 -3.985190391540527344e-01 2.511872053146362305e-01
2.056121826171875000e-02 2.319891452789306641e-01 -3.402171134948730469e-01 4.644494056701660156e-01 -4.224281907081604004e-01 2.763162851333618164e-01
-1.514086127281188965e-01 1.801123619079589844e-01 -6.464141607284545898e-02 2.949029207229614258e-01 -5.159901380538940430e-01 4.087340831756591797e-01
-2.693741321563720703e-01 1.768391132354736328e-01 1.094059944152832031e-01 1.543335914611816406e-01 -3.701923489570617676e-01 3.438384532928466797e-01
-4.270654320716857910e-01 1.645265817642211914e-01 1.596158742904663086e-01 1.113910675048828125e-01 -5.613554120063781738e-01 2.714354991912841797e-01
-3.237034082412719727e-01 2.073993682861328125e-01 3.162721395492553711e-01 -6.184446811676025391e-02 -5.577840805053710938e-01 2.670093774795532227e-01
-1.799720525741577148e-01 4.217863082885742188e-03 2.303277254104614258e-01 -3.251469135284423828e-02 -3.207560181617736816e-01 1.029522418975830078e-01
-3.690234422683715820e-01 1.599764823913574219e-02 2.447767257690429688e-01 -1.466788649559020996e-01 -4.146482944488525391e-01 1.194418668746948242e-01
-5.552332401275634766e-01 1.459124088287353516e-01 3.379192352294921875e-01 1.635106801986694336e-01 -5.432592630386352539e-01 3.644973039627075195e-01
-5.395337343215942383e-01 -6.679236888885498047e-03 1.494667530059814453e-01 4.797494411468505859e-02 -3.402147293090820312e-01 7.982695102691650391e-02
-3.883163928985595703e-01 -7.611221075057983398e-02 3.065544366836547852e-01 -1.436024904251098633e-01 -2.555654048919677734e-01 2.009122371673583984e-01
-3.290613889694213867e-01 3.591966629028320312e-02 1.813745498657226562e-01 6.337308883666992188e-02 -4.706370234489440918e-01 2.919458150863647461e-01
-3.789681196212768555e-01 -3.498016595840454102e-01 -8.810949325561523438e-02 3.010545969009399414e-01 -3.208180069923400879e-01 -2.333944439888000488e-01
-4.602652192115783691e-01 -6.322807073593139648e-01 1.547932624816894531e-02 3.563910722732543945e-01 -1.089026927947998047e-01 -3.761737346649169922e-01
-5.414391756057739258e-01 -5.319222211837768555e-01 8.764886856079101562e-02 6.390643119812011719e-01 -3.956376910209655762e-01 -1.685031652450561523e-01
-5.673007965087890625e-01 -3.658254742622375488e-01 4.423582553863525391e-02 6.330211162567138672e-01 -6.505270600318908691e-01 -1.406023502349853516e-01
-4.631866812705993652e-01 -5.321595668792724609e-01 5.834221839904785156e-02 4.652208089828491211e-01 -5.573064088821411133e-01 -3.435844182968139648e-01
8.652091026306152344e-03 -7.561978101730346680e-01 -7.287395000457763672e-02 3.567627668380737305e-01 -3.834068179130554199e-01 -4.160155057907104492e-01
9.493076801300048828e-02 -7.253898978233337402e-01 -3.763574361801147461e-02 -1.057023406028747559e-01 -3.432531952857971191e-01 -3.004232048988342285e-01
1.806149482727050781e-01 -5.650359988212585449e-01 -2.406561374664306641e-02 -7.638871669769287109e-02 -4.826740026473999023e-01 -7.891565561294555664e-02
1.665554046630859375e-01 -5.791697502136230469e-01 8.517658710479736328e-02 -9.282135963439941406e-02 -4.297831654548645020e-01 -5.396682024002075195e-02
1.753774881362915039e-01 -5.561061501502990723e-01 4.995846748352050781e-02 -2.375745177268981934e-01 -3.400165438652038574e-01 -1.886481046676635742e-01
8.474516868591308594e-02 -5.333427190780639648e-01 1.730883121490478516e-02 -2.601497769355773926e-01 -3.820890784263610840e-01 -1.711471676826477051e-01
1.995041370391845703e-01 -6.281301975250244141e-01 6.214714050292968750e-02 -1.679552197456359863e-01 -2.956721782684326172e-01 -1.785044074058532715e-01
1.929961442947387695e-01 -7.151732444763183594e-01 -1.258333325386047363e-01 -1.758723855018615723e-01 -1.952756047248840332e-01 -4.026955962181091309e-01
2.261108160018920898e-01 -7.382593154907226562e-01 -9.759086370468139648e-02 -2.602559924125671387e-01 -1.020688414573669434e-01 -3.385490775108337402e-01
9.459507465362548828e-02 -7.734603285789489746e-01 -1.681549549102783203e-01 -2.181357741355895996e-01 -1.757093667984008789e-01 -3.230704069137573242e-01
1.338328123092651367e-01 -7.220436334609985352e-01 -7.505083084106445312e-02 -3.172561526298522949e-01 -1.922343373298645020e-01 -3.163502812385559082e-01
2.246171236038208008e-01 -8.993707299232482910e-01 -5.325067043304443359e-02 -2.619535326957702637e-01 -3.572952747344970703e-02 -5.772553682327270508e-01
1.148954629898071289e-01 -7.906240224838256836e-01 -1.540875434875488281e-02 -2.960387468338012695e-01 1.847243309020996094e-02 -6.084953546524047852e-01
