6.491218805313110352e-01 9.257223606109619141e-01 -1.891681551933288574e-01 -1.064796447753906250e-01 -3.530245423316955566e-01 5.680174827575683594e-01
8.048397302627563477e-01 8.326529264450073242e-01 -2.787114977836608887e-01 -6.373053789138793945e-02 -3.595864176750183105e-01 5.257506370544433594e-01
7.714136838912963867e-01 7.833580970764160156e-01 -2.127119898796081543e-01 -5.872315168380737305e-02 -4.113302230834960938e-01 4.833145141601562500e-01
9.022061824798583984e-01 7.101047039031982422e-01 -2.959757447242736816e-01 -7.972729206085205078e-02 -2.531142830848693848e-01 4.052457809448242188e-01
8.644160032272338867e-01 7.148665189743041992e-01 -1.979306936264038086e-01 -1.032277941703796387e-01 -2.735983729362487793e-01 3.754348754882812500e-01
7.836780548095703125e-01 7.447432279586791992e-01 -1.969785094261169434e-01 -1.633328795433044434e-01 -3.069344758987426758e-01 4.035952091217041016e-01
6.973586082458496094e-01 6.953229904174804688e-01 -2.115262746810913086e-01 -8.799535036087036133e-02 -3.400641679763793945e-01 3.868013620376586914e-01
6.577833890914916992e-01 6.912511587142944336e-01 -1.739000678062438965e-01 -1.269081830978393555e-01 -3.358346819877624512e-01 3.722025156021118164e-01
6.393535137176513672e-01 7.084842920303344727e-01 -1.198849081993103027e-01 -1.613807678222656250e-01 -3.689729571342468262e-01 4.390437602996826172e-01
7.583198547363281250e-01 6.658425331115722656e-01 -1.481258869171142578e-01 -1.482365131378173828e-01 -2.511860132217407227e-01 3.923709392547607422e-01
7.315067052841186523e-01 6.109049320220947266e-01 -1.418340206146240234e-01 -1.080324053764343262e-01 -2.053260207176208496e-01 3.374655246734619141e-01
7.418973445892333984e-01 5.707569122314453125e-01 -1.264601945877075195e-01 -5.262386798858642578e-02 -2.003904581069946289e-01 3.526362180709838867e-01
6.578071117401123047e-01 5.703158378601074219e-01 -9.421521425247192383e-02 -1.118537187576293945e-01 -1.714268326759338379e-01 3.728178739547729492e-01
6.094876527786254883e-01 4.233385324478149414e-01 -5.306434631347656250e-02 -1.842365264892578125e-01 -1.315832138061523438e-02 2.494435310363769531e-01
5.387086868286132812e-01 3.911300897598266602e-01 -8.025825023651123047e-03 -2.311271429061889648e-01 3.885793685913085938e-02 2.321575880050659180e-01
6.382575035095214844e-01 2.222397327423095703e-01 -1.045985221862792969e-01 -2.894668579101562500e-01 2.497662305831909180e-01 8.512485027313232422e-02
6.502065658569335938e-01 2.029434442520141602e-01 -1.815959811210632324e-01 -2.535701394081115723e-01 2.977815866470336914e-01 -2.318912744522094727e-02
5.876487493515014648e-01 1.358994245529174805e-01 -3.110320568084716797e-01 -2.044790983200073242e-01 2.722361087799072266e-01 -1.429271101951599121e-01
3.723595142364501953e-01 1.714998483657836914e-01 -2.796104550361633301e-01 -4.920599460601806641e-01 2.381532192230224609e-01 -1.018155217170715332e-01
3.729161024093627930e-01 1.118205785751342773e-01 -3.437536954879760742e-01 -4.061374664306640625e-01 1.766767501831054688e-01 -1.779147386550903320e-01
3.986934423446655273e-01 1.591404676437377930e-01 -5.083910226821899414e-01 -4.621693491935729980e-01 2.061607837677001953e-01 -1.292078495025634766e-01
2.514870166778564453e-01 2.171075344085693359e-02 -3.154729604721069336e-01 -4.215987324714660645e-01 2.237911224365234375e-01 -1.934660673141479492e-01
2.698978185653686523e-01 5.245041847229003906e-02 -3.082714676856994629e-01 -3.918498158454895020e-01 2.017966508865356445e-01 -1.219120621681213379e-01
3.573299646377563477e-01 -1.707857847213745117e-01 -3.346668481826782227e-01 -4.336829185485839844e-01 4.446377754211425781e-01 -3.995289206504821777e-01
4.127780199050903320e-01 -1.582026481628417969e-01 -3.754133582115173340e-01 -3.725185394287109375e-01 3.451579809188842773e-01 -3.221167922019958496e-01
4.457327127456665039e-01 -1.653119921684265137e-01 -2.328431606292724609e-01 -4.260788559913635254e-01 4.186899662017822266e-01 -2.501847743988037109e-01
3.910351991653442383e-01 -1.043329834938049316e-01 -2.742724418640136719e-01 -3.907823562622070312e-01 3.078593015670776367e-01 -1.685652136802673340e-01
2.596648931503295898e-01 -1.185587644577026367e-01 -1.397597193717956543e-01 -4.913411736488342285e-01 2.359967231750488281e-01 -1.154425144195556641e-01
3.019984960556030273e-01 -1.339100599288940430e-01 6.837844848632812500e-04 -5.872473716735839844e-01 3.475683927536010742e-01 -8.652067184448242188e-02
3.805754184722900391e-01 -2.107478976249694824e-01 -7.167053222656250000e-02 -4.763798713684082031e-01 3.815194368362426758e-01 -1.632586121559143066e-01
4.098180532455444336e-01 -2.678378820419311523e-01 -1.122443079948425293e-01 -4.066006541252136230e-01 4.539126157760620117e-01 -2.590348720550537109e-01
4.351598024368286133e-01 -1.746265888214111328e-01 -7.928168773651123047e-02 -3.697762489318847656e-01 3.302649259567260742e-01 -7.467460632324218750e-02
4.760082960128784180e-01 -1.540194749832153320e-01 -8.468377590179443359e-02 -3.691447377204895020e-01 3.718538284301757812e-01 -1.161259412765502930e-01
5.494866371154785156e-01 -2.588786482810974121e-01 -5.241692066192626953e-02 -4.219594597816467285e-01 4.579212665557861328e-01 -1.800491809844970703e-01
4.095120429992675781e-01 -2.417004704475402832e-01 -4.795002937316894531e-02 -4.870006442070007324e-01 4.529426097869873047e-01 -2.135614752769470215e-01
3.819634914398193359e-01 -2.658413648605346680e-01 -7.453501224517822266e-03 -4.760293364524841309e-01 4.208655357360839844e-01 -1.274610161781311035e-01
5.915219783782958984e-01 -2.718551158905029297e-01 -1.004025340080261230e-01 -2.799095511436462402e-01 4.460414648056030273e-01 -1.769554615020751953e-01
5.710682868957519531e-01 -2.864229083061218262e-01 -7.376205921173095703e-02 -3.009628057479858398e-01 4.503786563873291016e-01 -1.186439990997314453e-01
5.481480360031127930e-01 -3.042368888854980469e-01 4.718458652496337891e-02 -3.953555822372436523e-01 4.867465496063232422e-01 -6.670951843261718750e-04
5.122770071029663086e-01 -2.874523401260375977e-01 -1.438224315643310547e-02 -3.202403187751770020e-01 4.593656063079833984e-01 5.909919738769531250e-03
4.114390611648559570e-01 -3.304282426834106445e-01 6.615889072418212891e-02 -3.385628461837768555e-01 4.855276346206665039e-01 8.332240581512451172e-02
4.213333129882812500e-01 -3.331926465034484863e-01 1.268999576568603516e-01 -4.065951108932495117e-01 5.470677614212036133e-01 1.261759996414184570e-01
2.998815774917602539e-01 -1.643669009208679199e-01 8.987843990325927734e-02 -4.336730837821960449e-01 3.331589698791503906e-01 3.024748563766479492e-01
2.925176620483398438e-01 -2.308059334754943848e-01 4.880809783935546875e-02 -3.788929581642150879e-01 3.330274820327758789e-01 3.051007986068725586e-01
2.005522251129150391e-01 -1.592049002647399902e-01 1.880683898925781250e-01 -3.806548118591308594e-01 2.272229194641113281e-01 4.768019914627075195e-01
2.214376926422119141e-01 -6.548011302947998047e-02 1.595847606658935547e-01 -3.604993820190429688e-01 1.683200597763061523e-01 5.463134050369262695e-01
3.228048086166381836e-01 3.018379211425781250e-02 1.167982816696166992e-01 -2.322500348091125488e-01 9.261083602905273438e-02 6.515818834304809570e-01
2.592109441757202148e-01 6.273436546325683594e-02 1.369626522064208984e-01 -1.980732679367065430e-01 6.408250331878662109e-02 6.489690542221069336e-01
6.105339527130126953e-02 3.769028186798095703e-02 2.387731075286865234e-01 -1.462802886962890625e-01 1.391339302062988281e-02 6.600288152694702148e-01
5.726444721221923828e-02 2.812087535858154297e-02 2.202658653259277344e-01 -1.532191634178161621e-01 -2.088838815689086914e-02 5.551234483718872070e-01
-1.393646001815795898e-02 -1.160215735435485840e-01 4.935525655746459961e-01 -1.531357169151306152e-01 -7.754927873611450195e-02 4.201698303222656250e-01
-2.251545190811157227e-01 4.280388355255126953e-02 6.404485702514648438e-01 -1.545027494430541992e-01 -1.900905370712280273e-02 6.007090806961059570e-01
-3.862968683242797852e-01 -1.757774949073791504e-01 6.848993301391601562e-01 -2.699381113052368164e-01 -2.505916357040405273e-02 2.818934917449951172e-01
-5.495619773864746094e-02 8.498322963714599609e-02 5.633379220962524414e-01 -1.709867119789123535e-01 -4.716229438781738281e-02 5.561876296997070312e-01
1.047972440719604492e-01 1.590309143066406250e-01 5.557111501693725586e-01 -5.120861530303955078e-02 -5.870085954666137695e-02 5.855457782745361328e-01
-2.478375434875488281e-01 4.999923706054687500e-02 8.155268430709838867e-01 3.464162349700927734e-02 1.021671295166015625e-01 5.467785596847534180e-01
-5.245784521102905273e-01 1.340075731277465820e-01 5.193098783493041992e-01 9.161829948425292969e-02 -1.202912926673889160e-01 5.858136415481567383e-01
1.223943233489990234e-01 3.354909420013427734e-01 5.049493312835693359e-01 -1.421165466308593750e-01 -6.243479251861572266e-02 4.634927511215209961e-01
2.907085418701171875e-01 2.975084781646728516e-01 4.928740262985229492e-01 8.327853679656982422e-02 4.735684394836425781e-02 3.621913194656372070e-01
2.529202699661254883e-01 2.670078277587890625e-01 6.058344841003417969e-01 -2.043454051017761230e-01 -1.486657261848449707e-01 3.520725965499877930e-01
4.864543676376342773e-01 3.216784000396728516e-01 3.038444519042968750e-01 -1.396833062171936035e-01 5.313968658447265625e-02 1.918520927429199219e-01
6.194415092468261719e-01 5.238841772079467773e-01 1.571176052093505859e-01 -2.563194036483764648e-01 3.990435600280761719e-02 2.775710821151733398e-01
6.378794908523559570e-01 5.374822616577148438e-01 -6.818771362304687500e-04 -2.872539162635803223e-01 1.832795143127441406e-02 2.596176862716674805e-01
6.697127819061279297e-01 4.913777112960815430e-01 9.431099891662597656e-02 -4.045879244804382324e-01 7.812225818634033203e-02 2.635341882705688477e-01
6.943131685256958008e-01 5.252293348312377930e-01 1.179201602935791016e-01 -4.911231994628906250e-01 5.252707004547119141e-02 3.038030862808227539e-01
6.795128583908081055e-01 4.305903911590576172e-01 9.393799304962158203e-02 -3.553023338317871094e-01 -7.577538490295410156e-03 2.503519058227539062e-01
6.506618261337280273e-01 3.433507680892944336e-01 1.685116291046142578e-01 -2.169125080108642578e-01 2.340042591094970703e-02 2.222568988800048828e-01
5.324962139129638672e-01 2.416524887084960938e-01 2.264541387557983398e-01 -3.744354844093322754e-01 1.123161315917968750e-01 1.013954877853393555e-01
2.644585371017456055e-01 -1.155632734298706055e-02 3.734807968139648438e-01 -4.199122786521911621e-01 1.452127695083618164e-01 -7.826697826385498047e-02
-2.073711156845092773e-02 1.128865480422973633e-01 4.331697225570678711e-01 -2.823414802551269531e-01 -3.302115201950073242e-02 -3.883385658264160156e-02
-1.170322299003601074e-01 2.114814519882202148e-01 6.404293775558471680e-01 -3.091443777084350586e-01 -1.609366536140441895e-01 2.879364490509033203e-01
-1.242399215698242188e-02 2.307438850402832031e-02 5.446282625198364258e-01 -2.792028784751892090e-01 7.976102828979492188e-02 -1.275795698165893555e-02
6.967580318450927734e-02 1.559194326400756836e-01 4.371210336685180664e-01 -1.957401633262634277e-01 -1.980388164520263672e-01 1.775205135345458984e-01
2.440490722656250000e-01 -6.546020507812500000e-03 3.689315319061279297e-01 -2.629917263984680176e-01 5.155253410339355469e-02 1.197870969772338867e-01
-1.250702738761901855e-01 -4.846721887588500977e-02 4.717694520950317383e-01 -2.249826192855834961e-01 -7.474803924560546875e-02 -1.140316724777221680e-01
-4.256343245506286621e-01 -1.300021409988403320e-01 4.758260250091552734e-01 -2.392939925193786621e-01 5.175173282623291016e-02 -9.752076864242553711e-02
-4.889941215515136719e-01 3.580808639526367188e-02 5.288852453231811523e-01 -1.585454344749450684e-01 -3.789544105529785156e-03 1.113930940628051758e-01
-4.158991575241088867e-02 -4.001718759536743164e-02 4.656029939651489258e-01 -1.810566186904907227e-01 1.669410467147827148e-01 -1.615891456604003906e-01
-1.312899589538574219e-01 -2.670195102691650391e-01 5.748029947280883789e-01 -1.059272885322570801e-01 2.221384048461914062e-01 -4.957105517387390137e-01
1.545022726058959961e-01 2.268896102905273438e-01 5.444015264511108398e-01 -4.783045053482055664e-01 -2.247041463851928711e-02 2.367174625396728516e-01
2.911133766174316406e-01 3.879176378250122070e-01 4.737062454223632812e-01 -5.245296955108642578e-01 4.826259613037109375e-02 3.558381795883178711e-01
3.444314002990722656e-01 4.506134986877441406e-01 3.170328140258789062e-01 -5.785266160964965820e-01 7.424736022949218750e-02 3.264030218124389648e-01
4.240179061889648438e-01 5.517809391021728516e-01 1.385647058486938477e-01 -6.026878356933593750e-01 -8.723562955856323242e-02 3.917658329010009766e-01
6.060789823532104492e-01 4.872885942459106445e-01 3.595113754272460938e-02 -5.267403721809387207e-01 2.231526374816894531e-02 3.126993179321289062e-01
5.320383310317993164e-01 4.362419843673706055e-01 3.076903820037841797e-01 -5.102159380912780762e-01 5.399441719055175781e-02 3.464133739471435547e-01
6.191504001617431641e-01 2.848430871963500977e-01 3.053377866744995117e-01 -4.937418699264526367e-01 2.135426998138427734e-01 2.128406763076782227e-01
4.204031229019165039e-01 1.177825927734375000e-01 4.094878435134887695e-01 -5.175603032112121582e-01 2.505689859390258789e-01 1.004269123077392578e-01
3.049790859222412109e-02 3.083074092864990234e-02 4.570695161819458008e-01 -8.043873310089111328e-01 2.132759094238281250e-01 -1.007006764411926270e-01
-2.027682662010192871e-01 -5.978864431381225586e-02 8.583385944366455078e-01 -4.525599479675292969e-01 2.258378267288208008e-01 1.317930221557617188e-02
-4.166647791862487793e-01 1.998361349105834961e-01 6.736112833023071289e-01 -2.946332693099975586e-01 3.965032100677490234e-02 3.199672698974609375e-01
-2.116777300834655762e-01 2.705562114715576172e-02 5.200829505920410156e-01 -5.491297245025634766e-01 2.849873304367065430e-01 -1.084148883819580078e-02
-3.115432262420654297e-01 -1.599496603012084961e-02 6.473846435546875000e-01 -3.739589452743530273e-01 3.094050884246826172e-01 3.119111061096191406e-03
-3.063629269599914551e-01 1.984680891036987305e-01 4.993726015090942383e-01 -4.418595433235168457e-01 9.177327156066894531e-03 1.420487165451049805e-01
-1.748614907264709473e-01 2.488029003143310547e-02 3.444633483886718750e-01 -2.616572380065917969e-01 -6.490069627761840820e-02 -1.995885372161865234e-02
-2.456853985786437988e-01 -3.545327186584472656e-01 3.532485961914062500e-01 -6.452494859695434570e-02 2.789294719696044922e-01 -6.901552677154541016e-01
-1.917033791542053223e-01 -3.269610404968261719e-01 3.485227823257446289e-01 2.961385250091552734e-02 3.154565095901489258e-01 -7.533841133117675781e-01
-9.149736166000366211e-02 -1.371954679489135742e-01 7.419872283935546875e-01 -1.314175724983215332e-01 1.538705825805664062e-01 -2.741605043411254883e-01
-2.336746454238891602e-02 1.387881040573120117e-01 7.547004222869873047e-01 -3.738824725151062012e-01 -1.758103966712951660e-01 2.486037015914916992e-01
2.891222238540649414e-01 1.594897508621215820e-01 7.674119472503662109e-01 -4.594357609748840332e-01 -4.325079917907714844e-02 2.300908565521240234e-01
2.895811796188354492e-01 4.538141489028930664e-01 4.978560209274291992e-01 -4.088069200515747070e-01 -2.520114779472351074e-01 3.062402009963989258e-01
2.541717290878295898e-01 3.740800619125366211e-01 5.511791706085205078e-01 -3.458684086799621582e-01 -2.531149387359619141e-01 3.541288375854492188e-01
3.602141141891479492e-01 3.320983648300170898e-01 5.837112665176391602e-01 -4.741134047508239746e-01 -1.062256097793579102e-01 3.212974071502685547e-01
1.947059631347656250e-01 2.294688224792480469e-01 6.401202678680419922e-01 -5.748903751373291016e-01 -7.379537820816040039e-02 2.910095453262329102e-01
1.907300949096679688e-01 -9.131544828414916992e-02 5.863623619079589844e-01 -4.573038816452026367e-01 2.322870492935180664e-01 -4.004377126693725586e-02
7.412469387054443359e-02 -2.379281520843505859e-01 6.542254686355590820e-01 -4.777846336364746094e-01 1.187396049499511719e-01 -1.370642185211181641e-01
-2.353299260139465332e-01 -4.299384355545043945e-02 5.934314727783203125e-01 -1.879994869232177734e-01 -1.294785737991333008e-02 -6.539124250411987305e-02
5.881786346435546875e-04 -1.316249370574951172e-03 7.984389066696166992e-01 -4.906406998634338379e-01 -3.238946199417114258e-02 -2.682328224182128906e-02
-9.500467777252197266e-02 -1.009075641632080078e-01 4.899595975875854492e-01 -2.391881346702575684e-01 2.500581741333007812e-02 -1.527388095855712891e-01
-2.965744137763977051e-01 6.009352207183837891e-02 7.038314342498779297e-01 -1.273890137672424316e-01 -1.133527159690856934e-01 6.567704677581787109e-02
-3.702971935272216797e-01 -9.487819671630859375e-02 4.347695112228393555e-01 -2.958452701568603516e-02 -1.366315484046936035e-01 -6.525069475173950195e-02
-2.256625294685363770e-01 -9.607040882110595703e-02 3.374768495559692383e-01 -2.624449133872985840e-01 -1.426091194152832031e-01 -1.841099262237548828e-01
-2.820129394531250000e-01 -2.783449292182922363e-01 2.916388511657714844e-01 9.664797782897949219e-02 -2.251322865486145020e-01 -1.999091506004333496e-01
-3.420301079750061035e-01 -4.242137670516967773e-01 5.714666843414306641e-02 3.717756271362304688e-01 -4.869850873947143555e-01 -3.048391342163085938e-01
-6.164211034774780273e-01 -3.659698963165283203e-01 2.660722732543945312e-01 2.760064601898193359e-01 -3.755814433097839355e-01 -3.104051947593688965e-01
-5.028308629989624023e-01 -4.488601088523864746e-01 1.857867240905761719e-01 5.838601589202880859e-01 -5.586940050125122070e-01 -2.669848799705505371e-01
-3.154800534248352051e-01 -4.519125223159790039e-01 1.671335697174072266e-01 4.624850749969482422e-01 -4.497169852256774902e-01 -2.557929754257202148e-01
-3.312817811965942383e-01 -3.543855547904968262e-01 2.171771526336669922e-01 4.118835926055908203e-01 -4.811396598815917969e-01 -2.387786507606506348e-01
-1.511123776435852051e-01 -5.811847448348999023e-01 1.292073726654052734e-01 -5.130308866500854492e-02 -2.383515834808349609e-01 -3.672757148742675781e-01
1.450902223587036133e-01 -4.840430617332458496e-01 6.556642055511474609e-02 -3.648820519447326660e-01 -9.371614456176757812e-02 -2.333415150642395020e-01
3.257155418395996094e-02 -5.761451721191406250e-01 1.436867713928222656e-01 -3.631243109703063965e-01 -7.955789566040039062e-02 -2.052196264266967773e-01
9.380519390106201172e-02 -5.570907592773437500e-01 1.820915937423706055e-01 -3.439355492591857910e-01 -1.495826244354248047e-02 -1.685636639595031738e-01
2.690327167510986328e-02 -4.821900129318237305e-01 1.827905178070068359e-01 -2.654383182525634766e-01 -1.237364411354064941e-01 -2.034225463867187500e-01
-2.678014636039733887e-01 -2.728929519653320312e-01 8.011603355407714844e-02 -1.559724807739257812e-01 -3.151081800460815430e-01 -1.402996778488159180e-01
-2.665528655052185059e-01 -1.673678755760192871e-01 2.092494964599609375e-01 6.367588043212890625e-02 -4.759247303009033203e-01 -4.524385929107666016e-02
-3.096324801445007324e-01 -2.071357369422912598e-01 1.555629968643188477e-01 -1.037468910217285156e-01 -1.533713340759277344e-01 -1.613882184028625488e-01
-3.574503660202026367e-01 -1.280113458633422852e-01 2.409204244613647461e-01 -1.016429662704467773e-01 -1.932978034019470215e-01 -8.388936519622802734e-02
-1.373517513275146484e-01 -2.289711236953735352e-01 2.381329536437988281e-01 -8.553522825241088867e-02 -2.831972837448120117e-01 -1.610097885131835938e-01
-2.712336182594299316e-01 -1.254491209983825684e-01 2.301074266433715820e-01 -1.268212795257568359e-01 -3.405917882919311523e-01 -1.502556800842285156e-01
-4.119151234626770020e-01 -2.220689058303833008e-01 2.120075225830078125e-01 -9.266883134841918945e-02 -2.438991069793701172e-01 -3.383017182350158691e-01
-4.882059693336486816e-01 1.523998975753784180e-01 3.892009258270263672e-01 -1.148916482925415039e-01 -4.436892867088317871e-01 2.704949378967285156e-01
-3.163316249847412109e-01 4.993526935577392578e-01 1.131641864776611328e-01 -1.092679500579833984e-01 -3.345558047294616699e-01 2.960455417633056641e-01
-3.016902208328247070e-01 2.941395044326782227e-01 4.518245458602905273e-01 -1.557754278182983398e-01 -2.304275631904602051e-01 3.206454515457153320e-01
-3.288705348968505859e-01 3.452730178833007812e-02 2.337586879730224609e-01 -1.075360774993896484e-01 -2.548772692680358887e-01 4.347002506256103516e-02
-9.491121768951416016e-02 3.381174802780151367e-01 -1.853903532028198242e-01 5.273365974426269531e-02 -5.524462461471557617e-01 3.176351785659790039e-01
-6.422215700149536133e-02 2.844711542129516602e-01 -9.365558624267578125e-02 1.667715311050415039e-01 -4.411429762840270996e-01 3.911422491073608398e-01
-5.274063348770141602e-02 3.759925365447998047e-01 5.466604232788085938e-02 4.680633544921875000e-02 -5.190125107765197754e-01 6.305923461914062500e-01
-1.424193382263183594e-03 2.665203809738159180e-01 1.191500425338745117e-01 -1.361143589019775391e-02 -4.060962796211242676e-01 5.933985710144042969e-01
-4.659569263458251953e-02 1.697324514389038086e-01 2.176481485366821289e-01 9.991025924682617188e-02 -3.621773719787597656e-01 4.710872173309326172e-01
-2.411514520645141602e-01 1.740827560424804688e-01 2.501602172851562500e-01 9.825348854064941406e-02 -5.286499261856079102e-01 4.489612579345703125e-01
-2.672263383865356445e-01 1.606701612472534180e-01 2.363823652267456055e-01 3.026795387268066406e-02 -4.449958801269531250e-01 4.088342189788818359e-01
-2.841619253158569336e-01 2.336777448654174805e-01 3.647708892822265625e-01 -1.759562492370605469e-01 -5.851815938949584961e-01 3.347101211547851562e-01
-4.640539288520812988e-01 -2.549052238464355469e-03 1.394242048263549805e-01 -1.536440253257751465e-01 -2.995325326919555664e-01 -5.672651529312133789e-02
-4.118171930313110352e-01 -1.122826933860778809e-01 1.275844573974609375e-01 -1.998882293701171875e-01 -2.504586577415466309e-01 -1.893233060836791992e-01
-3.641913533210754395e-01 -8.537584543228149414e-02 1.901681423187255859e-01 -1.644346117973327637e-01 -1.973130106925964355e-01 -1.061121225357055664e-01
-4.359760284423828125e-01 7.653832435607910156e-02 3.204491138458251953e-01 -2.196967601776123047e-02 -3.200453519821166992e-01 1.260337829589843750e-01
-4.808725714683532715e-01 -3.157079219818115234e-03 2.171300649642944336e-01 1.128774881362915039e-01 -3.562180399894714355e-01 2.117223739624023438e-01
-5.915919542312622070e-01 -9.824299812316894531e-02 1.680792570114135742e-01 2.847945690155029297e-02 -1.720517277717590332e-01 -3.530597686767578125e-02
-6.954133510589599609e-01 1.900110244750976562e-01 5.020201206207275391e-01 3.996455669403076172e-02 -4.019809365272521973e-01 2.354001998901367188e-01
-6.396018266677856445e-01 1.544475555419921875e-02 2.862051725387573242e-01 2.412931919097900391e-01 -6.635588407516479492e-01 1.660240888595581055e-01
-2.055163979530334473e-01 -2.745528817176818848e-01 3.606816530227661133e-01 1.789900064468383789e-01 -4.719217419624328613e-01 -3.578633069992065430e-02
-4.158284068107604980e-01 -3.579038381576538086e-01 1.460168361663818359e-01 2.696301937103271484e-01 -3.959218263626098633e-01 -2.895466685295104980e-01
-5.662072896957397461e-01 -4.404563307762145996e-01 5.700623989105224609e-02 3.128588199615478516e-01 -3.634268641471862793e-01 -4.066163301467895508e-01
-4.075581431388854980e-01 -3.373748064041137695e-01 1.811585426330566406e-01 3.337526321411132812e-01 -4.730134010314941406e-01 -3.378633260726928711e-01
-2.167751789093017578e-01 -4.082289934158325195e-01 1.633214950561523438e-02 2.752017974853515625e-02 -5.029771327972412109e-01 -3.462716937065124512e-01
-8.840978145599365234e-03 -5.217514038085937500e-01 7.536220550537109375e-02 -1.532875299453735352e-01 -2.524937391281127930e-01 -2.188526391983032227e-01
3.903017044067382812e-01 -3.658422231674194336e-01 2.725005149841308594e-02 -3.648834228515625000e-01 -1.131193041801452637e-01 -6.247121095657348633e-02
1.790317296981811523e-01 -4.804816842079162598e-01 1.422713994979858398e-01 -4.017862081527709961e-01 -1.197441816329956055e-01 -4.246813058853149414e-02
1.306915283203125000e-01 -3.545148372650146484e-01 -1.272231340408325195e-02 -3.219363689422607422e-01 -2.875703573226928711e-01 7.678508758544921875e-03
1.732008457183837891e-01 -2.786993384361267090e-01 1.157293319702148438e-01 -4.184643030166625977e-01 -3.043577671051025391e-01 1.705746650695800781e-01
1.375384330749511719e-01 -2.839893102645874023e-01 -2.206367254257202148e-02 -3.104327321052551270e-01 -3.370737433433532715e-01 1.225707530975341797e-01
2.171493768692016602e-01 -3.611477017402648926e-01 -1.284784078598022461e-02 -3.189625144004821777e-01 -1.797203421592712402e-01 3.666782379150390625e-02
1.373410224914550781e-01 -4.598757624626159668e-01 7.102870941162109375e-02 -4.055150747299194336e-01 -3.026127815246582031e-02 -7.945764064788818359e-02
4.888987541198730469e-02 -5.614609718322753906e-01 -7.814210653305053711e-02 -3.600369691848754883e-01 -2.400349378585815430e-01 -3.479922413825988770e-01
-3.258401155471801758e-02 -6.864877939224243164e-01 -2.861687541007995605e-01 -2.622278928756713867e-01 -2.605752944946289062e-01 -4.368774890899658203e-01
-3.130519390106201172e-02 -5.316622853279113770e-01 6.946980953216552734e-02 -4.794308543205261230e-01 -1.622164249420166016e-01 -2.742179632186889648e-01
-2.775492668151855469e-01 -3.688280582427978516e-01 2.468291521072387695e-01 -3.486191630363464355e-01 -1.318781375885009766e-01 -2.385417222976684570e-01
