5.957454442977905273e-01 6.110568046569824219e-01 -1.221204996109008789e-01 -1.274317502975463867e-01 -1.601139903068542480e-01 2.032167911529541016e-01
7.077541351318359375e-01 5.886965990066528320e-01 -1.774321198463439941e-01 -1.493874788284301758e-01 -1.772904396057128906e-01 1.549203395843505859e-01
7.475473880767822266e-01 5.731489658355712891e-01 -1.067385077476501465e-01 -2.412755489349365234e-01 -1.524242758750915527e-01 1.488151550292968750e-01
6.109087467193603516e-01 5.898263454437255859e-01 -4.415488243103027344e-02 -2.370223402976989746e-01 -2.514299750328063965e-01 2.481536865234375000e-01
6.649360656738281250e-01 5.747646093368530273e-01 -4.596745967864990234e-02 -1.710222959518432617e-01 -2.952656745910644531e-01 2.712469100952148438e-01
6.852896213531494141e-01 5.206081867218017578e-01 -1.416164636611938477e-01 -9.255033731460571289e-02 -2.254427671432495117e-01 1.858475208282470703e-01
6.106237173080444336e-01 5.101419687271118164e-01 -3.922265768051147461e-02 -2.311935424804687500e-01 -1.598529815673828125e-01 1.502125263214111328e-01
6.692025661468505859e-01 5.121897459030151367e-01 -1.365849971771240234e-01 -1.411386132240295410e-01 -1.551424264907836914e-01 1.216288805007934570e-01
7.072312831878662109e-01 5.117571353912353516e-01 -2.135902047157287598e-01 -7.636594772338867188e-02 -1.541774868965148926e-01 5.900228023529052734e-02
6.290912628173828125e-01 3.918687105178833008e-01 -4.031097888946533203e-02 -5.304634571075439453e-03 -1.441590189933776855e-01 1.562346220016479492e-01
6.660569906234741211e-01 4.479848146438598633e-01 -3.310698270797729492e-02 -9.217244386672973633e-02 -1.510480046272277832e-01 2.908008098602294922e-01
6.118667125701904297e-01 4.004713296890258789e-01 -8.591526746749877930e-02 -1.027818322181701660e-01 -1.421688795089721680e-01 2.345354557037353516e-01
6.898428201675415039e-01 3.280169963836669922e-01 -1.324819326400756836e-01 -1.941847801208496094e-01 7.102572917938232422e-02 9.797334671020507812e-02
6.655682325363159180e-01 2.707304954528808594e-01 -2.605205178260803223e-01 -1.771088242530822754e-01 1.110409498214721680e-01 2.542424201965332031e-02
4.175745248794555664e-01 3.118243217468261719e-01 -2.872659564018249512e-01 -1.883529424667358398e-01 -6.135255098342895508e-02 1.284838914871215820e-01
6.002721786499023438e-01 2.554717063903808594e-01 -3.513640165328979492e-01 -2.884573340415954590e-01 8.880341053009033203e-02 7.901668548583984375e-03
4.129456281661987305e-01 4.596233367919921875e-03 -2.677084803581237793e-01 -3.592247962951660156e-01 2.968555688858032227e-01 -1.806554198265075684e-01
3.737303018569946289e-01 3.775548934936523438e-02 -3.022300601005554199e-01 -4.442964792251586914e-01 3.126738071441650391e-01 -1.872702836990356445e-01
3.269875049591064453e-01 3.902876377105712891e-02 -4.737414121627807617e-01 -2.759122848510742188e-01 1.750382184982299805e-01 -1.783537268638610840e-01
3.398078680038452148e-01 7.675945758819580078e-02 -3.778804540634155273e-01 -3.633605837821960449e-01 1.830900907516479492e-01 -1.260123848915100098e-01
1.891069412231445312e-01 4.445672035217285156e-02 -3.689960241317749023e-01 -5.533583164215087891e-01 1.403557062149047852e-01 -2.159256935119628906e-01
2.683427333831787109e-01 -5.271285772323608398e-02 -3.092578053474426270e-01 -5.477463006973266602e-01 2.771605253219604492e-01 -2.696912288665771484e-01
4.381945133209228516e-01 4.094946384429931641e-02 -2.643136978149414062e-01 -6.129364371299743652e-01 2.870591878890991211e-01 -1.713183522224426270e-01
3.649377822875976562e-01 3.200519084930419922e-02 -1.034881472587585449e-01 -5.563524365425109863e-01 1.946280002593994141e-01 -5.578380823135375977e-02
3.541606664657592773e-01 -1.123091578483581543e-01 -1.124191284179687500e-01 -6.072244644165039062e-01 3.286695480346679688e-01 -2.706797719001770020e-01
3.025630712509155273e-01 -9.180420637130737305e-02 -1.062645316123962402e-01 -6.778174638748168945e-01 3.118134737014770508e-01 -2.272154092788696289e-01
4.571126699447631836e-01 -8.813846111297607422e-02 -2.107201218605041504e-01 -6.537317037582397461e-01 4.029768705368041992e-01 -2.796520590782165527e-01
4.732366800308227539e-01 -1.050153374671936035e-01 -1.315384507179260254e-01 -5.383999347686767578e-01 3.548450469970703125e-01 -2.134411931037902832e-01
4.178280830383300781e-01 -1.373807191848754883e-01 -5.584669113159179688e-02 -4.880635142326354980e-01 3.808963298797607422e-01 -2.290708422660827637e-01
4.362417459487915039e-01 -1.722615957260131836e-01 -7.524204254150390625e-02 -5.192416906356811523e-01 3.887324333190917969e-01 -2.057692408561706543e-01
4.678215980529785156e-01 -1.457955837249755859e-01 1.637709140777587891e-02 -6.085557341575622559e-01 4.223496913909912109e-01 -1.860944628715515137e-01
4.038193225860595703e-01 -2.320406436920166016e-01 3.457510471343994141e-02 -6.175588965415954590e-01 4.765099287033081055e-01 -2.441986203193664551e-01
4.229023456573486328e-01 -1.918753385543823242e-01 8.943176269531250000e-02 -5.840092897415161133e-01 3.808891773223876953e-01 -8.859062194824218750e-02
4.589968919754028320e-01 -1.468994021415710449e-01 -2.292430400848388672e-02 -5.801478624343872070e-01 3.187986612319946289e-01 -7.265967130661010742e-02
3.962123394012451172e-01 -2.818782925605773926e-01 9.493541717529296875e-02 -6.865016222000122070e-01 4.494867324829101562e-01 -1.288793683052062988e-01
3.329405784606933594e-01 -1.877488493919372559e-01 1.605150699615478516e-01 -6.372487545013427734e-01 3.008518218994140625e-01 1.637494564056396484e-02
4.535701274871826172e-01 -3.060022592544555664e-01 1.152498722076416016e-01 -5.984133481979370117e-01 4.737608432769775391e-01 -9.641599655151367188e-02
5.169690847396850586e-01 -3.072272539138793945e-01 7.135057449340820312e-02 -6.295713186264038086e-01 5.051487684249877930e-01 -9.738951921463012695e-02
4.883379936218261719e-01 -3.071318864822387695e-01 9.804427623748779297e-02 -6.095393300056457520e-01 5.916728973388671875e-01 -1.629284620285034180e-01
6.579524278640747070e-01 -3.325944542884826660e-01 -3.316962718963623047e-02 -4.085962176322937012e-01 6.107360124588012695e-01 -1.483560800552368164e-01
6.836760044097900391e-01 -3.702408075332641602e-01 -7.329654693603515625e-02 -3.460413813591003418e-01 6.447087526321411133e-01 -1.358635425567626953e-01
5.786333084106445312e-01 -3.181376457214355469e-01 9.483766555786132812e-02 -4.199079871177673340e-01 5.826952457427978516e-01 2.548480033874511719e-02
4.331759214401245117e-01 -2.887818813323974609e-01 1.745158433914184570e-01 -4.598383307456970215e-01 5.246517658233642578e-01 1.546390056610107422e-01
4.671558141708374023e-01 -2.041355371475219727e-01 1.398521661758422852e-01 -4.861233234405517578e-01 4.533478021621704102e-01 3.035033941268920898e-01
2.231168746948242188e-01 -1.508456468582153320e-01 2.007814645767211914e-01 -4.620400071144104004e-01 3.058109283447265625e-01 4.235805273056030273e-01
2.208777666091918945e-01 -1.553277373313903809e-01 1.823548078536987305e-01 -3.734998703002929688e-01 2.430034875869750977e-01 4.697031974792480469e-01
3.076430559158325195e-01 -7.403290271759033203e-02 3.065228462219238281e-02 -3.198986649513244629e-01 1.734236478805541992e-01 5.197666883468627930e-01
1.477382183074951172e-01 -1.344776153564453125e-02 2.161650657653808594e-01 -3.075752258300781250e-01 8.125436305999755859e-02 6.502332687377929688e-01
2.077053785324096680e-01 -4.600268602371215820e-02 1.564602851867675781e-01 -2.254546284675598145e-01 5.634200572967529297e-02 6.597145795822143555e-01
1.645271778106689453e-01 -2.853602170944213867e-02 2.524602413177490234e-01 -1.944333314895629883e-01 1.578235626220703125e-02 6.984187364578247070e-01
2.363330125808715820e-01 -1.571160554885864258e-02 2.038396596908569336e-01 -1.666886210441589355e-01 3.528559207916259766e-02 6.949989795684814453e-01
2.227863073348999023e-01 -4.125452041625976562e-02 1.968734264373779297e-01 -6.946301460266113281e-02 1.625764369964599609e-02 6.638189554214477539e-01
1.572856903076171875e-01 -1.269316673278808594e-02 1.002976894378662109e-01 -6.471192836761474609e-02 1.906633377075195312e-03 5.919637680053710938e-01
8.422195911407470703e-02 3.528881072998046875e-02 1.053842306137084961e-01 -8.826845884323120117e-02 -9.665900468826293945e-02 6.045752763748168945e-01
1.167818307876586914e-01 -3.165632486343383789e-02 3.572679758071899414e-01 -1.285163760185241699e-01 -1.432192325592041016e-02 5.224784612655639648e-01
5.501210689544677734e-02 4.448568820953369141e-02 5.323938131332397461e-01 -8.840113878250122070e-02 2.085566520690917969e-03 6.458605527877807617e-01
2.358138561248779297e-02 7.668972015380859375e-03 5.131249427795410156e-01 -4.721045494079589844e-02 4.425048828125000000e-03 3.926897048950195312e-01
1.179635524749755859e-01 4.246008396148681641e-02 4.877926111221313477e-01 8.946526050567626953e-02 1.280838251113891602e-01 4.119042158126831055e-01
1.450340747833251953e-01 7.737779617309570312e-02 4.910252094268798828e-01 1.593153476715087891e-01 1.734473705291748047e-01 2.794477939605712891e-01
3.395905494689941406e-01 2.528191804885864258e-01 4.460074901580810547e-01 -7.496571540832519531e-02 -5.155915021896362305e-02 4.288908243179321289e-01
3.440821170806884766e-01 2.405853271484375000e-01 4.676276445388793945e-01 -5.148780345916748047e-02 -7.858645915985107422e-02 4.569863080978393555e-01
5.313615798950195312e-01 3.513190746307373047e-01 2.404167652130126953e-01 -1.829557418823242188e-01 6.202709674835205078e-02 3.787839412689208984e-01
5.774340629577636719e-01 3.364639282226562500e-01 2.304718494415283203e-01 -2.886043787002563477e-01 2.030627727508544922e-01 2.939578294754028320e-01
6.181104183197021484e-01 3.808765411376953125e-01 1.312884092330932617e-01 -3.336611986160278320e-01 1.658236980438232422e-01 2.528390884399414062e-01
6.869679689407348633e-01 4.472606182098388672e-01 9.766912460327148438e-02 -3.868656754493713379e-01 9.971213340759277344e-02 2.778112888336181641e-01
6.239657402038574219e-01 3.877552747726440430e-01 1.227723360061645508e-01 -3.843901157379150391e-01 9.564208984375000000e-02 2.228938341140747070e-01
6.064343452453613281e-01 3.869407176971435547e-01 1.802302598953247070e-01 -3.894512653350830078e-01 2.805685997009277344e-02 2.901762723922729492e-01
6.332181692123413086e-01 2.918525934219360352e-01 2.684423923492431641e-01 -4.254853725433349609e-01 1.333937644958496094e-01 2.160191535949707031e-01
4.753816127777099609e-01 8.942890167236328125e-02 3.426178693771362305e-01 -4.692125320434570312e-01 2.493127584457397461e-01 2.676808834075927734e-02
1.403270959854125977e-01 1.912748813629150391e-02 4.242337942123413086e-01 -5.812264680862426758e-01 1.819279193878173828e-01 -3.955340385437011719e-02
-9.673398733139038086e-02 8.807349205017089844e-02 5.397422313690185547e-01 -2.390474677085876465e-01 3.845083713531494141e-02 7.615435123443603516e-02
-8.411228656768798828e-03 1.529809236526489258e-01 6.228814125061035156e-01 -3.299446105957031250e-01 7.589387893676757812e-02 1.063867807388305664e-01
-4.957741498947143555e-02 -1.132291555404663086e-01 6.121087074279785156e-01 -4.198104739189147949e-01 1.124511957168579102e-01 8.131873607635498047e-02
-2.340090274810791016e-02 -1.446396112442016602e-02 4.817422628402709961e-01 -4.118410348892211914e-01 3.957808017730712891e-02 1.315128803253173828e-02
-2.053457498550415039e-01 -1.087409853935241699e-01 5.879328250885009766e-01 -2.605147361755371094e-01 -4.414314031600952148e-02 -5.732327699661254883e-02
-2.717931866645812988e-01 -4.169720411300659180e-02 6.674041748046875000e-01 -1.407474279403686523e-01 6.060409545898437500e-02 7.984089851379394531e-02
-2.925193309783935547e-01 -1.148974299430847168e-01 6.443357467651367188e-01 -1.616212129592895508e-01 3.450179100036621094e-02 -2.626419067382812500e-03
-2.745058536529541016e-01 -3.889727592468261719e-02 5.467523336410522461e-01 -1.705286502838134766e-01 -4.733562469482421875e-03 4.763758182525634766e-02
2.669788599014282227e-01 -1.718324422836303711e-02 5.813071727752685547e-01 -3.711221814155578613e-01 1.950870752334594727e-01 -4.002388715744018555e-01
2.320523262023925781e-01 -1.955851912498474121e-01 5.166838169097900391e-01 -3.366186618804931641e-01 4.201982021331787109e-01 -6.038492918014526367e-01
3.222680091857910156e-02 -1.967296004295349121e-01 8.382391929626464844e-01 -3.571836948394775391e-01 1.935484409332275391e-01 -3.854710459709167480e-01
2.464042901992797852e-01 2.012763023376464844e-01 4.261071681976318359e-01 -2.528553605079650879e-01 -1.311707496643066406e-01 1.758564710617065430e-01
3.298469781875610352e-01 4.069372415542602539e-01 3.917418718338012695e-01 -5.033347606658935547e-01 -1.088985204696655273e-01 3.632595539093017578e-01
3.457633256912231445e-01 3.899881839752197266e-01 4.782494306564331055e-01 -5.458328723907470703e-01 1.881432533264160156e-02 3.314105272293090820e-01
3.565272092819213867e-01 3.266904354095458984e-01 5.398815870285034180e-01 -5.984994173049926758e-01 7.918345928192138672e-02 3.453227281570434570e-01
2.950242757797241211e-01 1.963090896606445312e-01 6.509428024291992188e-01 -6.124958992004394531e-01 1.410276889801025391e-01 2.963017225265502930e-01
1.600735187530517578e-01 1.447130441665649414e-01 7.518703937530517578e-01 -6.415687799453735352e-01 1.054198741912841797e-01 3.069772720336914062e-01
2.909183502197265625e-02 -1.524201035499572754e-01 8.270606994628906250e-01 -6.097393035888671875e-01 3.741110563278198242e-01 -4.296422004699707031e-02
-1.654221415519714355e-01 -5.918037891387939453e-02 7.409776449203491211e-01 -3.927555084228515625e-01 1.660753488540649414e-01 3.156936168670654297e-02
1.375492811203002930e-01 -5.673581361770629883e-02 4.705911874771118164e-01 -4.198444485664367676e-01 3.153287172317504883e-01 -7.442951202392578125e-02
-3.510507941246032715e-01 -1.130363345146179199e-01 4.525954723358154297e-01 -3.673082590103149414e-01 1.408377885818481445e-01 -8.532392978668212891e-02
-1.805917024612426758e-01 -1.332491636276245117e-01 6.425230503082275391e-01 -2.783514857292175293e-01 -7.036209106445312500e-03 -2.483916282653808594e-02
-1.143090128898620605e-01 1.937973499298095703e-02 5.918779373168945312e-01 -3.232071399688720703e-01 2.196633815765380859e-02 -8.421599864959716797e-03
-3.275585770606994629e-01 1.120290756225585938e-01 6.246172189712524414e-01 -2.208877205848693848e-01 -2.334473729133605957e-01 9.909558296203613281e-02
-3.889333605766296387e-01 -1.005026698112487793e-01 4.574685096740722656e-01 -1.083008050918579102e-01 -5.727189779281616211e-02 -1.061903834342956543e-01
2.211009263992309570e-01 -9.656310081481933594e-02 4.414967298507690430e-01 -2.229653596878051758e-01 3.754200935363769531e-01 -4.910717606544494629e-01
6.825828552246093750e-02 -2.447329759597778320e-01 6.979638338088989258e-01 -2.157442569732666016e-01 3.473509550094604492e-01 -4.914308786392211914e-01
1.073120832443237305e-01 -9.804254770278930664e-02 8.237196207046508789e-01 -4.082967638969421387e-01 7.358050346374511719e-02 -1.497777700424194336e-01
3.179867267608642578e-01 2.668721675872802734e-01 5.541431903839111328e-01 -3.906815052032470703e-01 -2.153617739677429199e-01 3.313046693801879883e-01
3.847322463989257812e-01 3.606314659118652344e-01 4.942330121994018555e-01 -5.026993751525878906e-01 -1.180406212806701660e-01 3.302162885665893555e-01
4.273440837860107422e-01 4.499849081039428711e-01 3.808550834655761719e-01 -5.955486297607421875e-01 -5.632096529006958008e-02 2.895005941390991211e-01
4.398839473724365234e-01 4.198508262634277344e-01 3.836983442306518555e-01 -6.698070764541625977e-01 -1.611173152923583984e-02 3.023856878280639648e-01
4.037923812866210938e-01 4.592767953872680664e-01 3.599742650985717773e-01 -6.957708597183227539e-01 -1.987880468368530273e-02 3.007540702819824219e-01
4.041080474853515625e-01 4.148730039596557617e-01 3.997217416763305664e-01 -7.524278759956359863e-01 2.729117870330810547e-02 2.929518222808837891e-01
2.506268024444580078e-01 1.294136047363281250e-01 5.086255073547363281e-01 -8.115791082382202148e-01 2.066627740859985352e-01 5.406475067138671875e-02
-3.131181001663208008e-01 -1.588482260704040527e-01 5.920584201812744141e-01 -5.741660594940185547e-01 2.792896032333374023e-01 -1.665191054344177246e-01
-3.501151800155639648e-01 -1.233356595039367676e-01 5.233920812606811523e-01 -4.689409732818603516e-01 2.223722934722900391e-01 -7.609510421752929688e-02
-2.483927011489868164e-01 -1.479091048240661621e-01 3.304573297500610352e-01 -2.940098643302917480e-01 2.709244489669799805e-01 -1.011743545532226562e-01
-3.760107755661010742e-01 -4.429858922958374023e-02 3.418593406677246094e-01 -1.350884437561035156e-01 1.101033687591552734e-01 4.024612903594970703e-02
-3.282520771026611328e-01 -3.416645526885986328e-02 5.678712129592895508e-01 -2.013763785362243652e-01 -1.163101196289062500e-02 1.245865821838378906e-01
-3.163554072380065918e-01 -1.659016013145446777e-01 4.199074506759643555e-01 -6.219863891601562500e-03 -1.845753192901611328e-02 -1.372596025466918945e-01
-4.026672840118408203e-01 -1.333771944046020508e-01 3.113621473312377930e-01 -1.613465547561645508e-01 -9.320628643035888672e-02 -1.367433667182922363e-01
-4.860084056854248047e-01 -5.695700645446777344e-03 4.938654899597167969e-01 -3.447195887565612793e-01 -3.115031719207763672e-01 1.454274654388427734e-01
-2.380878329277038574e-01 -1.386719942092895508e-01 4.477291107177734375e-01 -2.151226401329040527e-01 -2.567638158798217773e-01 -1.145504713058471680e-01
-4.970056414604187012e-01 -1.060159802436828613e-01 5.055606365203857422e-01 -2.309283018112182617e-01 -1.512975692749023438e-01 5.064082145690917969e-02
-2.115420699119567871e-01 3.440799713134765625e-01 3.445252180099487305e-01 -3.272908926010131836e-02 -2.652395963668823242e-01 5.674576759338378906e-01
-2.206568121910095215e-01 7.086379528045654297e-01 9.309542179107666016e-02 2.122230529785156250e-01 -5.241264104843139648e-01 8.692793846130371094e-01
-2.431470155715942383e-02 3.536555767059326172e-01 4.795274734497070312e-01 1.696865558624267578e-01 -5.076950192451477051e-01 7.239797115325927734e-01
4.803812503814697266e-02 2.317963838577270508e-01 2.895225286483764648e-01 7.299184799194335938e-04 -4.130144715309143066e-01 6.602489948272705078e-01
3.537428379058837891e-02 4.098814725875854492e-01 1.359781026840209961e-01 6.731140613555908203e-02 -4.285075664520263672e-01 7.822183370590209961e-01
1.198443174362182617e-01 4.262392520904541016e-01 3.973925113677978516e-02 1.471537351608276367e-01 -3.627632260322570801e-01 7.279745340347290039e-01
5.805921554565429688e-02 4.072880744934082031e-01 7.350468635559082031e-02 2.173280715942382812e-02 -3.092586994171142578e-01 7.016842365264892578e-01
-5.294811725616455078e-02 2.392175197601318359e-01 1.544494628906250000e-01 7.685601711273193359e-02 -3.734807968139648438e-01 6.673609018325805664e-01
5.777704715728759766e-02 2.598829269409179688e-01 5.154490470886230469e-03 1.550374031066894531e-01 -3.860011696815490723e-01 5.369697809219360352e-01
4.569900035858154297e-02 5.321459770202636719e-01 -8.629155158996582031e-02 2.514646053314208984e-01 -4.171692728996276855e-01 8.478600978851318359e-01
-1.271728277206420898e-01 3.978098630905151367e-01 1.606626510620117188e-01 2.975702285766601562e-02 -4.271476268768310547e-01 7.707678079605102539e-01
-1.665012836456298828e-01 2.134327888488769531e-01 1.830122470855712891e-01 8.193695545196533203e-02 -3.320375084877014160e-01 5.735626220703125000e-01
-2.900426983833312988e-01 2.960984706878662109e-01 1.056447029113769531e-01 1.786834001541137695e-01 -3.777377009391784668e-01 7.506480216979980469e-01
