3.502132892608642578e-01 5.076360702514648438e-01 1.349389553070068359e-02 -9.568190574645996094e-02 -1.150436997413635254e-01 1.448427438735961914e-01
5.040116310119628906e-01 5.664370059967041016e-01 -2.156258821487426758e-01 -1.433908939361572266e-01 -3.620213270187377930e-02 1.341222524642944336e-01
3.637214899063110352e-01 6.442989110946655273e-01 -5.283421277999877930e-02 -1.518265008926391602e-01 -1.887338161468505859e-01 3.048948049545288086e-01
5.659399032592773438e-01 6.984987258911132812e-01 -5.139303207397460938e-02 -1.973243355751037598e-01 -2.144982218742370605e-01 3.354387283325195312e-01
6.061267852783203125e-01 5.863944292068481445e-01 -9.501206874847412109e-02 -2.486186623573303223e-01 -2.184136509895324707e-01 2.362031936645507812e-01
5.912458896636962891e-01 6.394305229187011719e-01 4.602789878845214844e-02 -2.391057014465332031e-01 -2.856583595275878906e-01 2.657853364944458008e-01
5.589393377304077148e-01 6.210988759994506836e-01 6.180036067962646484e-02 -2.547347545623779297e-01 -2.849885821342468262e-01 2.986481189727783203e-01
5.818809270858764648e-01 5.748088359832763672e-01 1.301188468933105469e-01 -2.809996604919433594e-01 -1.714738011360168457e-01 1.918426752090454102e-01
6.410702466964721680e-01 6.274657249450683594e-01 1.712596416473388672e-01 -3.171557784080505371e-01 -2.658370733261108398e-01 2.947411537170410156e-01
5.607293844223022461e-01 6.847817897796630859e-01 1.726726293563842773e-01 -2.596297264099121094e-01 -2.831179499626159668e-01 3.276104927062988281e-01
4.966694116592407227e-01 6.169704198837280273e-01 1.077958345413208008e-01 -2.011721134185791016e-01 -3.329192399978637695e-01 3.087769746780395508e-01
4.967061281204223633e-01 5.494350194931030273e-01 9.637141227722167969e-02 -3.202102780342102051e-01 -2.576428651809692383e-01 1.891193389892578125e-01
3.836203813552856445e-01 3.903065919876098633e-01 2.254704236984252930e-01 -3.176703453063964844e-01 -2.273455262184143066e-01 1.869757175445556641e-01
5.283743143081665039e-01 4.448618888854980469e-01 1.159805059432983398e-01 -3.605813384056091309e-01 -1.743639111518859863e-01 1.666351556777954102e-01
4.626218080520629883e-01 3.117823600769042969e-01 1.217019557952880859e-02 -3.525457382202148438e-01 -5.343681573867797852e-02 7.263922691345214844e-02
3.679754734039306641e-01 2.282363176345825195e-01 -1.206755638122558594e-02 -2.275719642639160156e-01 1.902663707733154297e-02 1.348376274108886719e-02
3.069119453430175781e-01 2.161823511123657227e-01 6.143772602081298828e-02 -4.134135842323303223e-01 1.071983575820922852e-01 3.404414653778076172e-02
2.156425714492797852e-01 1.748796701431274414e-01 1.093040704727172852e-01 -3.509192466735839844e-01 8.889174461364746094e-02 1.183387041091918945e-01
3.972723484039306641e-01 7.811677455902099609e-02 -1.855217814445495605e-01 -4.086213111877441406e-01 2.207757234573364258e-01 -1.239157915115356445e-01
1.868236064910888672e-01 1.143763065338134766e-01 -9.569215774536132812e-02 -4.628049135208129883e-01 9.700477123260498047e-02 -6.997871398925781250e-02
3.624796867370605469e-02 1.118465662002563477e-01 -1.024150252342224121e-01 -4.940357804298400879e-01 4.385626316070556641e-02 -7.960879802703857422e-02
2.124617099761962891e-01 1.334642171859741211e-01 -3.018556237220764160e-01 -5.042432546615600586e-01 1.523337364196777344e-01 -1.612765789031982422e-01
1.417280435562133789e-01 1.008132696151733398e-01 -2.889273762702941895e-01 -5.753796696662902832e-01 2.326128482818603516e-01 -1.915478110313415527e-01
7.691371440887451172e-02 2.094149589538574219e-02 -1.637505888938903809e-01 -6.334060430526733398e-01 3.006285429000854492e-01 -1.861672997474670410e-01
1.572872400283813477e-01 -1.988554000854492188e-02 -2.370102405548095703e-01 -6.305588483810424805e-01 3.414145708084106445e-01 -2.526523470878601074e-01
1.137650012969970703e-01 -2.439016103744506836e-02 -6.487447023391723633e-02 -5.860545635223388672e-01 3.417847156524658203e-01 -1.387445330619812012e-01
3.738014698028564453e-01 -7.074362039566040039e-02 -2.440894842147827148e-01 -7.605280280113220215e-01 4.599245786666870117e-01 -2.105404734611511230e-01
3.222371339797973633e-01 -1.766038537025451660e-01 1.863508224487304688e-01 -8.449448347091674805e-01 6.056159734725952148e-01 -1.151799559593200684e-01
4.097036123275756836e-01 -1.128367185592651367e-01 9.364128112792968750e-03 -6.884427070617675781e-01 5.966315269470214844e-01 -2.172464728355407715e-01
4.031994342803955078e-01 -4.925280809402465820e-02 -7.103979587554931641e-03 -6.786946058273315430e-01 5.172768831253051758e-01 -1.257988214492797852e-01
3.765174150466918945e-01 -9.408944845199584961e-02 6.044900417327880859e-02 -5.824247598648071289e-01 5.051038265228271484e-01 -1.465248465538024902e-01
3.820223808288574219e-01 -1.174662113189697266e-01 6.377172470092773438e-02 -6.742726564407348633e-01 5.132991075515747070e-01 -1.301537752151489258e-01
3.327691555023193359e-01 -1.539692878723144531e-01 9.187448024749755859e-02 -5.727453827857971191e-01 4.580736160278320312e-01 -1.268332004547119141e-01
2.963614463806152344e-01 -2.635800838470458984e-01 1.673034429550170898e-01 -5.575742721557617188e-01 5.782133340835571289e-01 -2.176029086112976074e-01
3.044310808181762695e-01 -2.176043987274169922e-01 9.911882877349853516e-02 -5.474677085876464844e-01 5.590603351593017578e-01 -2.353855967521667480e-01
4.147030115127563477e-01 -2.751191854476928711e-01 3.640258312225341797e-02 -5.198222398757934570e-01 5.772434473037719727e-01 -2.226176261901855469e-01
2.721996307373046875e-01 -2.334079742431640625e-01 1.103826761245727539e-01 -4.889435172080993652e-01 4.276263713836669922e-01 -1.688210368156433105e-01
3.441488742828369141e-01 -2.740726470947265625e-01 1.587351560592651367e-01 -4.757956266403198242e-01 4.482580423355102539e-01 -1.600931286811828613e-01
3.955414295196533203e-01 -3.051238059997558594e-01 2.097979784011840820e-01 -4.732591509819030762e-01 4.406856298446655273e-01 -1.048194169998168945e-01
3.040114641189575195e-01 -3.492951989173889160e-01 2.958182096481323242e-01 -2.968416213989257812e-01 3.420823812484741211e-01 -7.511734962463378906e-02
3.823748826980590820e-01 -3.600468635559082031e-01 1.917946338653564453e-01 -2.985240221023559570e-01 4.382058382034301758e-01 -1.265709996223449707e-01
3.306124210357666016e-01 -2.816780805587768555e-01 1.738693714141845703e-01 -2.368069291114807129e-01 4.110265970230102539e-01 -8.931857347488403320e-02
3.338154554367065430e-01 -2.980684638023376465e-01 2.466330528259277344e-01 -3.191682100296020508e-01 5.045342445373535156e-01 -6.731539964675903320e-02
5.245051383972167969e-01 -3.629526495933532715e-01 1.001533269882202148e-01 -2.402064800262451172e-01 5.516895055770874023e-01 -6.492716073989868164e-02
4.026534557342529297e-01 -2.669847011566162109e-01 3.150899410247802734e-01 -2.684977650642395020e-01 4.139891862869262695e-01 1.934545040130615234e-01
3.608698844909667969e-01 -1.427002549171447754e-01 2.471771240234375000e-01 -3.973768353462219238e-01 3.738416433334350586e-01 2.664401531219482422e-01
2.880706787109375000e-01 -1.220529079437255859e-01 2.823209762573242188e-01 -4.185163974761962891e-01 3.187706470489501953e-01 3.631761074066162109e-01
2.259842157363891602e-01 -8.142870664596557617e-02 2.961554527282714844e-01 -4.317019581794738770e-01 2.820826768875122070e-01 4.253931045532226562e-01
2.181411981582641602e-01 -8.091515302658081055e-02 2.260471582412719727e-01 -3.610050082206726074e-01 2.360900640487670898e-01 4.714521169662475586e-01
6.573474407196044922e-02 2.681839466094970703e-02 2.784607410430908203e-01 -3.238710165023803711e-01 2.816808223724365234e-02 6.365861892700195312e-01
1.913106441497802734e-02 4.266023635864257812e-02 2.805728912353515625e-01 -2.507094740867614746e-01 6.734967231750488281e-03 6.644152402877807617e-01
-6.941556930541992188e-04 -1.982682943344116211e-02 3.005479574203491211e-01 -1.696305871009826660e-01 4.838693141937255859e-02 6.367886066436767578e-01
-1.404467821121215820e-01 -6.262177228927612305e-02 3.951455354690551758e-01 1.318418979644775391e-02 -5.053681135177612305e-02 6.482925415039062500e-01
-2.141523361206054688e-02 -1.868599653244018555e-02 3.398451805114746094e-01 7.156252861022949219e-02 -3.423184156417846680e-02 6.728512048721313477e-01
5.272269248962402344e-03 1.582539081573486328e-02 3.794450759887695312e-01 2.729082107543945312e-02 1.979017257690429688e-02 6.895273923873901367e-01
-4.977208375930786133e-02 -1.293293237686157227e-01 4.335862398147583008e-01 -2.780860662460327148e-02 5.779027938842773438e-02 5.219262838363647461e-01
-8.521491289138793945e-02 -1.504598259925842285e-01 6.239166259765625000e-01 1.136279106140136719e-02 -3.339219093322753906e-02 5.506689548492431641e-01
-2.366440296173095703e-01 8.331155776977539062e-02 5.971574783325195312e-01 -6.245529651641845703e-02 -2.512783408164978027e-01 6.246188879013061523e-01
-6.175923347473144531e-02 8.974432945251464844e-03 6.349554061889648438e-01 7.178521156311035156e-02 -5.652707815170288086e-02 5.845606327056884766e-01
9.603333473205566406e-02 4.959619045257568359e-02 6.698104143142700195e-01 1.052849292755126953e-01 -2.709528207778930664e-01 5.269472599029541016e-01
-2.566028237342834473e-01 8.031570911407470703e-02 7.077920436859130859e-01 5.146145820617675781e-02 -7.498592138290405273e-02 5.202920436859130859e-01
-2.844721078872680664e-02 1.047934293746948242e-01 8.317612409591674805e-01 1.784442663192749023e-01 -1.153070330619812012e-01 5.172685384750366211e-01
2.924886941909790039e-01 1.385573148727416992e-01 4.829360246658325195e-01 8.046984672546386719e-02 5.729877948760986328e-02 2.417389154434204102e-01
2.263902425765991211e-01 1.937308311462402344e-01 4.850046634674072266e-01 4.186987876892089844e-02 1.801124811172485352e-01 3.164639472961425781e-01
4.685299396514892578e-01 3.733158111572265625e-01 3.758752346038818359e-01 -2.977697849273681641e-01 7.493162155151367188e-02 3.930897712707519531e-01
6.255546808242797852e-01 4.412729740142822266e-01 9.194803237915039062e-02 -2.259848117828369141e-01 7.246756553649902344e-02 3.531233072280883789e-01
8.488590717315673828e-01 4.785249233245849609e-01 1.367337703704833984e-01 -2.744197845458984375e-01 1.473755836486816406e-01 3.655678033828735352e-01
6.244671344757080078e-01 3.772877454757690430e-01 2.302006483078002930e-01 -3.768866658210754395e-01 1.171253919601440430e-01 2.533279657363891602e-01
6.418130397796630859e-01 5.356080532073974609e-01 1.521310806274414062e-01 -3.449779152870178223e-01 3.036165237426757812e-02 3.167964220046997070e-01
6.505510807037353516e-01 4.876023530960083008e-01 1.272790431976318359e-01 -4.524007439613342285e-01 5.798971652984619141e-02 2.820069789886474609e-01
5.767769813537597656e-01 3.108347654342651367e-01 1.860611438751220703e-01 -4.735954999923706055e-01 2.107237577438354492e-01 1.243951320648193359e-01
5.533798933029174805e-01 2.347218990325927734e-01 2.185431718826293945e-01 -4.705272912979125977e-01 2.325192689895629883e-01 9.667313098907470703e-02
2.630236148834228516e-01 1.327048540115356445e-01 3.749319314956665039e-01 -4.949448704719543457e-01 1.861985921859741211e-01 1.041823625564575195e-01
-1.894688606262207031e-02 8.867669105529785156e-02 2.756674289703369141e-01 -5.766735076904296875e-01 2.039959430694580078e-01 -5.630379915237426758e-02
-1.940262317657470703e-02 1.955089569091796875e-01 5.015016794204711914e-01 -4.449418187141418457e-01 8.616995811462402344e-02 7.082450389862060547e-02
9.366607666015625000e-02 2.188558578491210938e-01 6.699857711791992188e-01 -1.962334513664245605e-01 -3.891742229461669922e-02 2.512000799179077148e-01
-1.572952866554260254e-01 8.424949645996093750e-02 5.569849014282226562e-01 -3.500630855560302734e-01 2.489852905273437500e-02 7.802236080169677734e-02
-1.161863207817077637e-01 -2.897441387176513672e-02 4.788898229598999023e-01 -5.303871035575866699e-01 1.743447780609130859e-01 -9.668481349945068359e-02
-2.702881693840026855e-01 -1.748118996620178223e-01 6.033631563186645508e-01 -4.040601253509521484e-01 2.136591672897338867e-01 -1.971880793571472168e-01
-2.847809791564941406e-01 -1.957774162292480469e-02 5.299102067947387695e-01 -2.580507993698120117e-01 3.370094299316406250e-02 2.598285675048828125e-03
-3.539087176322937012e-01 -1.492820382118225098e-01 5.369359254837036133e-01 -3.270974159240722656e-01 3.217232227325439453e-01 -3.021955490112304688e-01
-3.286033868789672852e-02 -4.446770548820495605e-01 3.193993568420410156e-01 -2.586784362792968750e-01 6.090755462646484375e-01 -9.148553013801574707e-01
-1.771041750907897949e-01 -2.377088069915771484e-01 3.981003761291503906e-01 -4.343425035476684570e-01 2.478067874908447266e-01 -6.796458363533020020e-01
2.182024717330932617e-01 3.981839418411254883e-01 2.817662954330444336e-01 -4.764213562011718750e-01 -2.696174383163452148e-02 2.503105401992797852e-01
2.786195278167724609e-01 4.470363855361938477e-01 4.233142137527465820e-01 -6.325525641441345215e-01 9.791588783264160156e-02 3.497731685638427734e-01
3.558400869369506836e-01 4.628450870513916016e-01 3.467429876327514648e-01 -6.203509569168090820e-01 1.258850097656250000e-04 3.364613056182861328e-01
2.771244049072265625e-01 4.974366426467895508e-01 3.567601442337036133e-01 -6.779034137725830078e-01 2.699816226959228516e-02 2.996217012405395508e-01
2.930662631988525391e-01 4.483054876327514648e-01 3.891048431396484375e-01 -6.746711730957031250e-01 6.429493427276611328e-02 3.238502740859985352e-01
1.566891670227050781e-01 3.839721679687500000e-01 4.709223508834838867e-01 -6.723587512969970703e-01 7.359504699707031250e-02 3.281389474868774414e-01
2.074831724166870117e-01 1.969189643859863281e-01 4.906691312789916992e-01 -7.958441376686096191e-01 2.783725261688232422e-01 7.930028438568115234e-02
-6.220936775207519531e-04 1.092776060104370117e-01 5.264904499053955078e-01 -7.194530963897705078e-01 3.364089727401733398e-01 3.014576435089111328e-02
-5.952957868576049805e-01 6.767511367797851562e-02 6.910442113876342773e-01 -4.596979022026062012e-01 1.340956687927246094e-01 8.585298061370849609e-02
-5.500572919845581055e-02 1.372042894363403320e-01 3.874746561050415039e-01 -5.718812942504882812e-01 -1.065272092819213867e-02 8.010864257812500000e-05
-8.718669414520263672e-03 1.240861415863037109e-02 4.671280384063720703e-01 -4.866082072257995605e-01 1.917669773101806641e-01 -3.201484680175781250e-02
-4.173827171325683594e-01 4.937279224395751953e-02 5.704877376556396484e-01 -2.535609006881713867e-01 -6.912648677825927734e-02 1.010954380035400391e-01
-5.381148457527160645e-01 1.572765111923217773e-01 6.776977777481079102e-01 -2.492821812629699707e-01 4.780411720275878906e-02 3.052858114242553711e-01
-1.023661494255065918e-01 -2.407139539718627930e-02 5.958453416824340820e-01 -5.183823704719543457e-01 1.461269855499267578e-01 4.657149314880371094e-02
-3.461059927940368652e-01 -6.197589635848999023e-02 3.495262861251831055e-01 -2.499492168426513672e-01 2.315747737884521484e-02 -2.460013628005981445e-01
-2.568276524543762207e-01 -2.749888300895690918e-01 3.412641286849975586e-01 -3.039473295211791992e-01 2.327743768692016602e-01 -7.112357616424560547e-01
-2.608203291893005371e-01 -1.260890364646911621e-01 6.453530788421630859e-01 -2.765117883682250977e-01 1.759704351425170898e-01 -3.824037909507751465e-01
-1.571530103683471680e-02 2.550954818725585938e-01 7.582167387008666992e-01 -6.583312749862670898e-01 -1.762885451316833496e-01 1.713223457336425781e-01
1.188099384307861328e-01 3.333529233932495117e-01 6.051788330078125000e-01 -5.028845071792602539e-01 -2.551670670509338379e-01 2.491846084594726562e-01
1.978256702423095703e-01 4.573047161102294922e-01 5.652745962142944336e-01 -4.662709832191467285e-01 -1.944993734359741211e-01 3.217420578002929688e-01
7.029747962951660156e-02 4.538425207138061523e-01 4.586445093154907227e-01 -4.903341531753540039e-01 -3.032981753349304199e-01 3.383151292800903320e-01
1.269673109054565430e-01 3.343279361724853516e-01 6.044173240661621094e-01 -4.835035800933837891e-01 -2.044254541397094727e-01 3.203653097152709961e-01
7.820594310760498047e-02 2.381566762924194336e-01 5.955334901809692383e-01 -5.222767591476440430e-01 7.752180099487304688e-04 1.772315502166748047e-01
1.686972379684448242e-01 2.085505723953247070e-01 5.162751674652099609e-01 -3.019810318946838379e-01 -1.582726240158081055e-01 2.311182022094726562e-01
2.214634418487548828e-02 1.165868043899536133e-01 5.468480587005615234e-01 -5.618962645530700684e-01 -7.762104272842407227e-02 1.183872222900390625e-01
-1.949194669723510742e-01 -1.356365680694580078e-01 6.512140035629272461e-01 -3.613731265068054199e-01 -4.906833171844482422e-02 -3.120380640029907227e-02
-3.020781278610229492e-01 -8.245211839675903320e-02 5.669494867324829102e-01 -7.602006196975708008e-02 -1.857481598854064941e-01 -9.385466575622558594e-02
-4.570005536079406738e-01 -2.100735902786254883e-02 7.002614736557006836e-01 -9.226143360137939453e-02 -1.619064807891845703e-01 1.092368364334106445e-01
-4.422883391380310059e-01 -9.058761596679687500e-02 7.050102949142456055e-01 1.960766315460205078e-02 -4.408740997314453125e-02 1.213128566741943359e-01
-3.607341647148132324e-01 -7.656514644622802734e-02 7.642698287963867188e-01 -6.826561689376831055e-02 -2.084510326385498047e-01 8.616554737091064453e-02
-3.334060311317443848e-01 -1.650547385215759277e-01 3.892399072647094727e-01 -5.306100845336914062e-02 -8.201640844345092773e-02 -1.253244876861572266e-01
-6.355237960815429688e-01 -4.218012094497680664e-02 4.517694711685180664e-01 -1.455547213554382324e-01 -2.620838880538940430e-01 -1.167927384376525879e-01
-6.999596357345581055e-01 -8.914142847061157227e-02 6.077455282211303711e-01 -2.050834298133850098e-01 -1.147385239601135254e-01 -7.590353488922119141e-02
-5.478516817092895508e-01 -6.435680389404296875e-02 4.698048830032348633e-01 -5.628806352615356445e-02 -3.326288461685180664e-01 6.199920177459716797e-02
-3.677538037300109863e-01 4.957675933837890625e-02 2.116825580596923828e-01 -6.840735673904418945e-02 -1.458132266998291016e-02 -1.638494133949279785e-01
-5.073624253273010254e-01 7.060146331787109375e-02 8.851671218872070312e-02 1.111156940460205078e-01 -3.607821464538574219e-02 -3.593295812606811523e-01
-6.803036928176879883e-01 -1.211930513381958008e-01 2.246581315994262695e-01 -3.726077079772949219e-02 1.342959403991699219e-01 -3.964141011238098145e-01
-1.640909910202026367e-01 -3.314715623855590820e-01 4.121634960174560547e-01 -5.176306962966918945e-01 1.119643449783325195e-01 -3.492196202278137207e-01
3.020286560058593750e-02 -2.288800477981567383e-01 1.380356550216674805e-01 -7.052636146545410156e-01 2.662355899810791016e-01 -3.311954736709594727e-01
-2.343612909317016602e-02 -1.844496726989746094e-01 2.085926532745361328e-01 -7.702779769897460938e-01 2.157505750656127930e-01 -2.634411454200744629e-01
2.530431747436523438e-02 -2.399505376815795898e-01 1.846699714660644531e-01 -7.539340257644653320e-01 1.994724273681640625e-01 -2.980591654777526855e-01
5.687260627746582031e-02 -2.988038659095764160e-01 1.482721567153930664e-01 -6.944619417190551758e-01 2.172596454620361328e-01 -3.296437263488769531e-01
1.997733116149902344e-02 -3.306126594543457031e-01 1.359025239944458008e-01 -6.202927827835083008e-01 1.406422853469848633e-01 -2.846962213516235352e-01
-8.828794956207275391e-02 -2.920306324958801270e-01 2.128729820251464844e-01 -6.710969209671020508e-01 1.093233823776245117e-01 -3.057779073715209961e-01
-3.473030924797058105e-01 -1.974827051162719727e-01 3.197373151779174805e-01 -6.029364466667175293e-01 1.959383487701416016e-02 -1.202031373977661133e-01
-2.014317512512207031e-01 -3.121833205223083496e-01 2.028625011444091797e-01 -4.251484274864196777e-01 -8.547484874725341797e-02 -3.185568451881408691e-01
-1.437094807624816895e-01 -2.031615972518920898e-01 3.680686950683593750e-01 -3.988781571388244629e-01 -1.498248577117919922e-01 -6.992179155349731445e-02
-1.289573311805725098e-01 -2.559643983840942383e-01 4.071451425552368164e-01 -2.736676335334777832e-01 -5.349546670913696289e-02 -1.663799285888671875e-01
-3.355022072792053223e-01 -2.198157906532287598e-01 4.494700431823730469e-01 -2.812663912773132324e-01 -3.522574901580810547e-02 -1.124800443649291992e-01
-3.690077066421508789e-01 -9.319525957107543945e-02 4.372678995132446289e-01 -7.197964191436767578e-02 -2.019540667533874512e-01 7.054686546325683594e-02
-3.731433153152465820e-01 -2.487619519233703613e-01 3.482352495193481445e-01 -1.380862593650817871e-01 -1.182053089141845703e-01 -1.595283746719360352e-01
-3.706308603286743164e-01 -1.362185478210449219e-01 4.457706212997436523e-01 -1.615090370178222656e-01 -1.997197866439819336e-01 -1.007277965545654297e-01
-3.290450572967529297e-01 -1.554632186889648438e-01 2.069674730300903320e-01 -8.437126874923706055e-02 -3.943523764610290527e-01 -6.918483972549438477e-02
-2.261677980422973633e-01 -1.750494837760925293e-01 2.103537321090698242e-01 -2.387679815292358398e-01 -2.263828516006469727e-01 -1.752185225486755371e-01
-4.451336860656738281e-01 -3.461438417434692383e-01 6.635104417800903320e-01 -2.820633053779602051e-01 -5.024284124374389648e-02 -7.860660552978515625e-02
-4.651355743408203125e-01 -5.683647394180297852e-01 5.694773197174072266e-01 -4.137610793113708496e-01 2.818797826766967773e-01 -3.874548077583312988e-01
-4.634869098663330078e-02 -5.760612487792968750e-01 2.586630582809448242e-01 -3.731814026832580566e-01 6.558048725128173828e-02 -2.037634253501892090e-01
-5.160772800445556641e-02 -3.200542926788330078e-01 6.389355659484863281e-02 -5.731575489044189453e-01 -7.659852504730224609e-03 1.865562200546264648e-01
-1.374300122261047363e-01 -2.015352249145507812e-01 2.402350902557373047e-01 -5.883926153182983398e-01 -1.072384715080261230e-01 4.501749277114868164e-01
-1.615554094314575195e-01 -1.926006674766540527e-01 2.587251663208007812e-01 -5.848830342292785645e-01 -9.774160385131835938e-02 4.977961778640747070e-01
-2.655181884765625000e-01 -1.923978328704833984e-01 2.780089378356933594e-01 -5.704331994056701660e-01 -1.030744314193725586e-01 4.915406703948974609e-01
-3.096802830696105957e-01 -2.391875982284545898e-01 3.127368688583374023e-01 -5.625692605972290039e-01 -3.160333633422851562e-02 4.409041404724121094e-01
-2.609548568725585938e-01 -2.612270116806030273e-01 3.721209764480590820e-01 -6.052452325820922852e-01 1.123008728027343750e-01 4.348641633987426758e-01
-2.472320199012756348e-01 -2.840542197227478027e-01 2.646653652191162109e-01 -5.290518999099731445e-01 1.739336252212524414e-01 3.710054159164428711e-01
-4.226494431495666504e-01 -1.616342067718505859e-01 3.195587396621704102e-01 -4.682470560073852539e-01 -4.444855451583862305e-02 5.064697265625000000e-01
-2.535027861595153809e-01 -3.124908208847045898e-01 2.760852575302124023e-01 -3.451243042945861816e-01 2.389487028121948242e-01 2.192769050598144531e-01
-3.620979785919189453e-01 -3.202808499336242676e-01 3.626674413681030273e-01 -4.254685640335083008e-01 3.784514665603637695e-01 2.546924352645874023e-01
-2.199177145957946777e-01 -2.539918422698974609e-01 3.371920585632324219e-01 -3.952460289001464844e-01 2.299559116363525391e-02 3.779003620147705078e-01
-1.205419898033142090e-01 -2.016286849975585938e-01 4.833483695983886719e-01 -2.125164270401000977e-01 1.325049400329589844e-01 4.259721040725708008e-01
