1.618527173995971680e-01 6.463379859924316406e-01 -1.702655553817749023e-01 1.996409893035888672e-02 -4.024932980537414551e-01 3.176170587539672852e-01
2.759010791778564453e-01 5.474762916564941406e-01 -1.245204210281372070e-01 5.420541763305664062e-02 -8.418291807174682617e-02 1.206566095352172852e-01
4.117060899734497070e-01 5.347505807876586914e-01 -1.467384696006774902e-01 9.835422039031982422e-02 -5.717968940734863281e-02 1.445535421371459961e-01
3.988423347473144531e-01 5.053422451019287109e-01 -1.443604230880737305e-01 4.428839683532714844e-02 -1.935155391693115234e-01 1.870148181915283203e-01
4.172561168670654297e-01 4.671554565429687500e-01 -1.918053627014160156e-01 -8.999586105346679688e-03 -1.796148419380187988e-01 7.252395153045654297e-02
4.453734159469604492e-01 4.336520433425903320e-01 -1.413519978523254395e-01 1.614797115325927734e-02 -1.706945300102233887e-01 8.576309680938720703e-02
5.660110712051391602e-01 3.888723850250244141e-01 -2.642632126808166504e-01 -4.786491394042968750e-03 -9.917700290679931641e-02 4.771828651428222656e-03
5.526846647262573242e-01 4.780541658401489258e-01 -2.406899929046630859e-01 -8.759009838104248047e-02 -1.942787170410156250e-01 4.828977584838867188e-02
4.413077831268310547e-01 5.071728229522705078e-01 -1.435224413871765137e-01 -1.806839704513549805e-01 -2.909652590751647949e-01 1.940698623657226562e-01
4.860898256301879883e-01 4.693771600723266602e-01 -2.587650418281555176e-01 -1.022402644157409668e-01 -2.894335389137268066e-01 1.601974964141845703e-01
5.633087158203125000e-01 4.326536655426025391e-01 -1.724438667297363281e-01 -7.824909687042236328e-02 -1.879101991653442383e-01 1.902464628219604492e-01
5.631574392318725586e-01 4.666711091995239258e-01 -1.879866123199462891e-01 -9.892344474792480469e-02 -1.481766700744628906e-01 2.088922262191772461e-01
6.548272371292114258e-01 3.190113306045532227e-01 -3.295973539352416992e-01 -1.012687683105468750e-01 7.116413116455078125e-02 1.715123653411865234e-02
5.226677656173706055e-01 2.519459724426269531e-01 -1.786279678344726562e-01 -5.538493394851684570e-02 6.226193904876708984e-02 7.435655593872070312e-02
4.575098752975463867e-01 1.674070358276367188e-01 -1.886245012283325195e-01 -5.128991603851318359e-02 1.168049573898315430e-01 1.827430725097656250e-02
5.453532934188842773e-01 2.441121339797973633e-01 -3.765872716903686523e-01 -1.935901045799255371e-01 1.558326482772827148e-01 -1.764953136444091797e-03
2.441886663436889648e-01 2.077134847640991211e-01 -2.893327474594116211e-01 -2.993479967117309570e-01 6.895923614501953125e-02 -1.532799005508422852e-02
3.449993133544921875e-01 8.945393562316894531e-02 -4.526037573814392090e-01 -3.053535819053649902e-01 1.845790147781372070e-01 -2.178668975830078125e-01
3.211659193038940430e-01 9.210324287414550781e-02 -4.271222949028015137e-01 -3.981577754020690918e-01 3.087153434753417969e-01 -2.076371908187866211e-01
2.658355236053466797e-01 4.412829875946044922e-02 -3.930721879005432129e-01 -5.373018980026245117e-01 3.025006055831909180e-01 -2.192445397377014160e-01
2.462335824966430664e-01 6.661856174468994141e-02 -3.936277031898498535e-01 -4.966394305229187012e-01 2.538030147552490234e-01 -1.484375000000000000e-01
2.007260322570800781e-01 -3.158998489379882812e-02 -3.213294744491577148e-01 -5.173441171646118164e-01 2.695925235748291016e-01 -2.005323767662048340e-01
3.335800170898437500e-01 -1.214959025382995605e-01 -2.850139737129211426e-01 -3.759728670120239258e-01 3.664898872375488281e-01 -2.667619585990905762e-01
5.569703578948974609e-01 -9.423893690109252930e-02 -4.699024558067321777e-01 -5.024749040603637695e-01 4.659136533737182617e-01 -3.714337348937988281e-01
3.215713500976562500e-01 -9.205293655395507812e-02 -2.520988583564758301e-01 -6.476689577102661133e-01 4.205684661865234375e-01 -3.297860622406005859e-01
1.639871597290039062e-01 -1.595630645751953125e-01 -1.204618811607360840e-01 -6.774046421051025391e-01 3.376669883728027344e-01 -2.678563594818115234e-01
4.371528625488281250e-01 -1.856623291969299316e-01 -1.228051185607910156e-01 -5.887186527252197266e-01 5.406688451766967773e-01 -3.729168772697448730e-01
4.763722419738769531e-01 -2.078368663787841797e-01 -1.759243607521057129e-01 -6.311094164848327637e-01 5.780900716781616211e-01 -3.985590338706970215e-01
5.103571414947509766e-01 -2.718553543090820312e-01 -1.542697548866271973e-01 -5.235614776611328125e-01 5.306558609008789062e-01 -3.830997347831726074e-01
4.368724822998046875e-01 -2.204745411872863770e-01 -7.910633087158203125e-02 -5.395519733428955078e-01 4.386481046676635742e-01 -2.848646044731140137e-01
3.760869503021240234e-01 -1.923377513885498047e-01 -1.148432493209838867e-01 -4.610815644264221191e-01 3.768038749694824219e-01 -2.604683637619018555e-01
4.445257186889648438e-01 -2.474155426025390625e-01 -1.320411562919616699e-01 -4.855369329452514648e-01 4.766058921813964844e-01 -3.823340535163879395e-01
3.798002004623413086e-01 -2.114830613136291504e-01 -1.115396022796630859e-01 -4.031778573989868164e-01 4.182596206665039062e-01 -3.134292364120483398e-01
3.983249664306640625e-01 -2.254037261009216309e-01 -2.411532402038574219e-02 -3.610411286354064941e-01 3.899545669555664062e-01 -2.628378272056579590e-01
3.839917182922363281e-01 -2.213945388793945312e-01 -1.254132390022277832e-01 -3.887205719947814941e-01 3.359618186950683594e-01 -2.766198515892028809e-01
3.492152690887451172e-01 -2.556402087211608887e-01 -1.225526332855224609e-01 -2.935336828231811523e-01 3.114515542984008789e-01 -2.320142984390258789e-01
5.857609510421752930e-01 -3.238222599029541016e-01 -2.413700222969055176e-01 -3.024114370346069336e-01 4.561904668807983398e-01 -3.267508745193481445e-01
4.896942377090454102e-01 -3.542146682739257812e-01 -7.495665550231933594e-02 -3.540439605712890625e-01 4.324032068252563477e-01 -2.374213337898254395e-01
4.499124288558959961e-01 -3.414151072502136230e-01 4.700720310211181641e-02 -3.619717359542846680e-01 3.998719453811645508e-01 -1.910624504089355469e-01
5.024387836456298828e-01 -3.390604257583618164e-01 4.719376564025878906e-03 -4.045521020889282227e-01 4.892389774322509766e-01 -2.372452020645141602e-01
3.488236665725708008e-01 -4.327611327171325684e-01 2.258455753326416016e-02 -2.916875481605529785e-01 5.185112953186035156e-01 -3.442659378051757812e-01
5.312826633453369141e-01 -5.039493441581726074e-01 -4.284447431564331055e-02 -2.445329427719116211e-01 6.012637615203857422e-01 -3.842234015464782715e-01
4.784786701202392578e-01 -4.197839498519897461e-01 4.726839065551757812e-02 -2.039375901222229004e-01 5.057492256164550781e-01 -2.295957803726196289e-01
5.886948108673095703e-01 -3.359079957008361816e-01 4.546725749969482422e-02 -2.314734458923339844e-01 5.370888710021972656e-01 -1.751797199249267578e-01
5.282908678054809570e-01 -3.081439137458801270e-01 8.494985103607177734e-02 -2.630413174629211426e-01 4.817279577255249023e-01 -4.968613386154174805e-02
4.416164159774780273e-01 -2.556411623954772949e-01 1.467318534851074219e-01 -2.284111976623535156e-01 3.691141605377197266e-01 8.221054077148437500e-02
4.597722291946411133e-01 -1.808609366416931152e-01 6.953096389770507812e-02 -2.574893236160278320e-01 3.237208127975463867e-01 1.617125272750854492e-01
2.407624721527099609e-01 -1.528360247611999512e-01 1.809713840484619141e-01 -2.447671294212341309e-01 2.461496591567993164e-01 2.446860074996948242e-01
3.687971830368041992e-01 -6.155425310134887695e-02 1.298297643661499023e-01 -2.431370615959167480e-01 2.066783905029296875e-01 3.708853721618652344e-01
4.695972204208374023e-01 -1.081006526947021484e-01 2.627992630004882812e-02 -2.483982443809509277e-01 2.683951854705810547e-01 3.488490581512451172e-01
3.722547292709350586e-01 -1.057388782501220703e-01 1.034195423126220703e-01 -1.414519548416137695e-01 2.484104633331298828e-01 3.845392465591430664e-01
1.909884214401245117e-01 -2.032411098480224609e-02 2.701925039291381836e-01 -8.360761404037475586e-02 1.473673582077026367e-01 5.866234302520751953e-01
8.837997913360595703e-02 -3.678214550018310547e-02 2.846099138259887695e-01 -1.575783491134643555e-01 2.057853937149047852e-01 5.812257528305053711e-01
-5.621826648712158203e-02 -5.861151218414306641e-02 3.748813867568969727e-01 -1.253775954246520996e-01 1.228207349777221680e-01 4.731496572494506836e-01
-3.536947369575500488e-01 -8.595925569534301758e-02 6.088114976882934570e-01 -1.396439075469970703e-01 2.015454769134521484e-01 4.268370866775512695e-01
-1.779655814170837402e-01 -1.306378245353698730e-01 5.344126224517822266e-01 -2.920871376991271973e-01 1.863241195678710938e-04 3.825156688690185547e-01
1.098607778549194336e-01 -6.247311830520629883e-02 2.019106149673461914e-01 1.099109649658203125e-01 1.098904609680175781e-01 3.202548027038574219e-01
-3.268645405769348145e-01 -1.004411578178405762e-01 5.335888862609863281e-01 1.230938434600830078e-01 1.425539255142211914e-01 3.438800573348999023e-01
-4.460696578025817871e-01 -9.918922185897827148e-02 5.419975519180297852e-01 -4.510158300399780273e-02 -1.355953216552734375e-01 3.178191184997558594e-01
-1.275106072425842285e-01 -7.335603237152099609e-02 4.582650661468505859e-01 -1.174359321594238281e-01 -8.936393260955810547e-02 3.078141212463378906e-01
4.157164096832275391e-01 -2.457040548324584961e-02 1.643886566162109375e-01 1.938796043395996094e-01 3.669935464859008789e-01 5.362570285797119141e-02
3.101490736007690430e-01 2.193534374237060547e-02 6.300045251846313477e-01 9.083271026611328125e-02 1.508243083953857422e-01 2.704242467880249023e-01
2.858945131301879883e-01 1.997570991516113281e-01 5.969735383987426758e-01 -1.604785919189453125e-01 2.284414768218994141e-01 3.176609277725219727e-01
4.498168230056762695e-01 3.232192993164062500e-01 2.670022249221801758e-01 -8.389711380004882812e-02 6.431794166564941406e-02 2.113294601440429688e-01
6.405851840972900391e-01 3.194833993911743164e-01 6.584787368774414062e-02 -1.328427791595458984e-01 2.328618764877319336e-01 9.989631175994873047e-02
7.051841020584106445e-01 2.708210945129394531e-01 6.743907928466796875e-03 -1.474248766899108887e-01 2.070115804672241211e-01 5.337345600128173828e-02
5.718451738357543945e-01 3.240908384323120117e-01 2.521097660064697266e-02 -1.980008482933044434e-01 1.023471355438232422e-01 9.758353233337402344e-02
6.810512542724609375e-01 4.585897922515869141e-01 4.857552051544189453e-02 -3.337816596031188965e-01 -1.295369863510131836e-02 2.215566635131835938e-01
7.314975261688232422e-01 3.922399282455444336e-01 1.106584072113037109e-01 -3.375546336174011230e-01 2.710342407226562500e-02 2.261509895324707031e-01
6.297206878662109375e-01 9.272086620330810547e-02 2.151772975921630859e-01 -2.345638871192932129e-01 1.728833913803100586e-01 2.507388591766357422e-02
4.219522476196289062e-01 5.935382843017578125e-02 3.163895606994628906e-01 -3.541221022605895996e-01 1.439709663391113281e-01 -1.873701810836791992e-02
6.277930736541748047e-02 -9.147936105728149414e-02 4.132112264633178711e-01 -5.591927170753479004e-01 2.142546176910400391e-01 -2.623622417449951172e-01
-2.819207906723022461e-01 1.958791017532348633e-01 7.881391048431396484e-01 -4.190583825111389160e-01 -1.309225559234619141e-01 2.075908184051513672e-01
-1.204491853713989258e-01 3.483974933624267578e-02 7.448122501373291016e-01 -3.959520459175109863e-01 4.443085193634033203e-02 -1.243174076080322266e-03
1.194524765014648438e-02 6.607913970947265625e-02 6.937501430511474609e-01 -3.158813118934631348e-01 1.556447744369506836e-01 1.127014160156250000e-01
2.114136219024658203e-01 -1.028063893318176270e-01 5.691858530044555664e-01 -1.843060851097106934e-01 6.504118442535400391e-02 -3.098374605178833008e-02
-2.302135229110717773e-01 -1.988593935966491699e-01 4.396936893463134766e-01 -2.383378148078918457e-01 4.022037982940673828e-02 -3.276128768920898438e-01
-3.088650107383728027e-01 -6.960773468017578125e-02 6.484456062316894531e-01 -1.106457710266113281e-01 -9.365022182464599609e-02 6.569731235504150391e-02
-5.586973428726196289e-01 -8.403939008712768555e-02 4.799196720123291016e-01 2.819681167602539062e-02 -2.946102619171142578e-02 4.479730129241943359e-02
-3.540347814559936523e-01 -1.636746525764465332e-01 4.297769069671630859e-01 -9.413707256317138672e-02 -1.269340515136718750e-02 -3.022119402885437012e-01
-1.727717518806457520e-01 -2.987691760063171387e-01 4.694815874099731445e-01 -1.281033754348754883e-01 2.209467887878417969e-01 -5.763781070709228516e-01
4.346060752868652344e-02 -3.463352322578430176e-01 6.351493597030639648e-01 -1.978929042816162109e-01 2.606012821197509766e-01 -3.937372565269470215e-01
1.142745018005371094e-01 2.338109016418457031e-01 2.749882936477661133e-01 -3.922154307365417480e-01 -9.983748197555541992e-02 1.763691902160644531e-01
3.683421611785888672e-01 2.387434244155883789e-01 3.775663375854492188e-01 -5.676681995391845703e-01 2.245916128158569336e-01 1.923260688781738281e-01
3.150585889816284180e-01 1.880042552947998047e-01 3.708734512329101562e-01 -5.135757923126220703e-01 2.161396741867065430e-01 1.314945220947265625e-01
2.634326219558715820e-01 2.796438932418823242e-01 3.915978670120239258e-01 -5.795431733131408691e-01 1.367554664611816406e-01 2.124305963516235352e-01
2.528339624404907227e-01 7.769072055816650391e-02 3.383420705795288086e-01 -5.046265721321105957e-01 2.899334430694580078e-01 8.041977882385253906e-03
1.669487953186035156e-01 1.121759414672851562e-03 4.655874967575073242e-01 -5.600845813751220703e-01 3.698478937149047852e-01 -5.969119071960449219e-02
-5.898660421371459961e-02 -1.633356809616088867e-01 5.221357345581054688e-01 -4.729567170143127441e-01 3.737888336181640625e-01 -1.338829994201660156e-01
-3.605445027351379395e-01 -1.167416572570800781e-01 6.694854497909545898e-01 -5.358899235725402832e-01 2.536778450012207031e-01 -1.105203628540039062e-01
-4.784533977508544922e-01 -5.292356014251708984e-03 5.375437736511230469e-01 -3.926864266395568848e-01 2.360646724700927734e-01 5.642807483673095703e-02
-3.791248202323913574e-01 -7.769578695297241211e-02 4.621729850769042969e-01 -4.875637292861938477e-01 2.162359952926635742e-01 -1.300812959671020508e-01
-3.790450692176818848e-01 -2.076894044876098633e-02 5.890125036239624023e-01 -1.936097145080566406e-01 9.074079990386962891e-02 -1.012974977493286133e-02
-2.515743374824523926e-01 -1.723189949989318848e-01 7.594313621520996094e-01 -2.684629559516906738e-01 1.448675394058227539e-01 -5.511808395385742188e-02
-5.561628341674804688e-01 -7.393205165863037109e-02 6.431672573089599609e-01 -1.952833533287048340e-01 1.191813945770263672e-01 8.826613426208496094e-02
-3.777682185173034668e-01 -1.895146369934082031e-01 4.823539257049560547e-01 -2.445496916770935059e-01 2.425965070724487305e-01 -2.428687214851379395e-01
-1.523692011833190918e-01 -2.541061043739318848e-01 4.229900836944580078e-01 -3.969907760620117188e-03 3.645120859146118164e-01 -5.140293240547180176e-01
-1.924031376838684082e-01 -2.781015038490295410e-01 5.128365755081176758e-01 -1.469943523406982422e-01 3.422930240631103516e-01 -5.225702524185180664e-01
-7.881808280944824219e-02 -1.050894856452941895e-01 8.564662933349609375e-01 -1.769297719001770020e-01 -1.463780999183654785e-01 -5.165541172027587891e-02
2.005848884582519531e-01 6.873226165771484375e-02 6.293215751647949219e-01 -4.938945174217224121e-01 -6.728500127792358398e-02 1.416612863540649414e-01
1.597362756729125977e-01 3.966195583343505859e-01 4.996811151504516602e-01 -5.747127532958984375e-01 -1.487149000167846680e-01 3.592433929443359375e-01
2.317520380020141602e-01 4.166851043701171875e-01 5.001738071441650391e-01 -5.564569234848022461e-01 -1.154879331588745117e-01 2.943391799926757812e-01
3.416280746459960938e-01 2.770177125930786133e-01 4.490764141082763672e-01 -3.795471787452697754e-01 -1.806020736694335938e-05 1.135863065719604492e-01
1.947671175003051758e-01 3.701001405715942383e-01 4.496054649353027344e-01 -3.769291639328002930e-01 -2.291995882987976074e-01 2.889024019241333008e-01
1.487072706222534180e-01 1.687808036804199219e-01 4.842743873596191406e-01 -4.250271320343017578e-01 -6.092894077301025391e-02 1.144602298736572266e-01
1.124813556671142578e-01 -6.914949417114257812e-02 5.047224760055541992e-01 -3.843036890029907227e-01 6.369149684906005859e-02 -1.781913042068481445e-01
-1.269831657409667969e-01 -2.511240839958190918e-01 3.738368749618530273e-01 -4.625084400177001953e-01 8.489334583282470703e-02 -4.895855784416198730e-01
-2.852445840835571289e-01 -1.249689459800720215e-01 6.435106992721557617e-01 -4.239743351936340332e-01 -5.906486511230468750e-02 -5.482375621795654297e-02
-2.765623927116394043e-01 -1.643103957176208496e-01 5.190982818603515625e-01 -2.621204853057861328e-01 -7.017797231674194336e-02 -1.555052995681762695e-01
-3.647724390029907227e-01 2.043616771697998047e-02 7.977260351181030273e-01 -1.042535305023193359e-01 -1.325564384460449219e-01 2.831212282180786133e-01
-2.250557541847229004e-01 -8.586800098419189453e-02 6.773304939270019531e-01 7.824087142944335938e-02 -7.560825347900390625e-02 1.632496118545532227e-01
-4.771475791931152344e-01 -1.620942354202270508e-02 6.979757547378540039e-01 -4.401171207427978516e-02 -4.283082485198974609e-02 8.198666572570800781e-02
-3.232585787773132324e-01 -1.462761759757995605e-01 6.944199800491333008e-01 -2.146664857864379883e-01 -2.271080017089843750e-02 -1.616688966751098633e-01
-2.511388063430786133e-01 -3.125864863395690918e-01 6.668003797531127930e-01 -9.153246879577636719e-02 7.248306274414062500e-02 -1.250592470169067383e-01
-4.716089963912963867e-01 -1.810061335563659668e-01 4.778817892074584961e-01 -1.212790012359619141e-01 5.519270896911621094e-03 -2.015789151191711426e-01
-5.232046246528625488e-01 -1.127772331237792969e-01 1.075550317764282227e-01 2.341747283935546875e-02 2.008986473083496094e-01 -6.144501566886901855e-01
-5.156068205833435059e-01 -3.088572025299072266e-01 -6.496888399124145508e-02 -1.435076594352722168e-01 3.147977590560913086e-01 -8.619393110275268555e-01
-3.878951668739318848e-01 -4.131197929382324219e-01 4.132519960403442383e-01 -1.523148417472839355e-01 3.475058078765869141e-02 -4.268157482147216797e-01
2.251744270324707031e-02 -6.500911712646484375e-01 3.715357780456542969e-01 -4.782018065452575684e-01 3.434647321701049805e-01 -6.643760800361633301e-01
2.278337478637695312e-01 -4.548748731613159180e-01 9.445595741271972656e-02 -5.050425529479980469e-01 4.603745937347412109e-01 -6.298888921737670898e-01
2.191203832626342773e-01 -4.348575472831726074e-01 -8.054810762405395508e-02 -5.909594297409057617e-01 4.619282484054565430e-01 -5.739470720291137695e-01
7.637238502502441406e-02 -3.575780391693115234e-01 7.695209980010986328e-02 -6.184009313583374023e-01 2.942454814910888672e-01 -4.452934265136718750e-01
1.678814888000488281e-01 -3.886505365371704102e-01 6.305503845214843750e-02 -6.170688867568969727e-01 3.313611745834350586e-01 -4.771315455436706543e-01
2.073527574539184570e-01 -3.496462702751159668e-01 1.696096658706665039e-01 -7.830378413200378418e-01 3.628773689270019531e-01 -4.199491143226623535e-01
3.089714050292968750e-02 -3.926570415496826172e-01 1.719394922256469727e-01 -6.575976610183715820e-01 2.296994924545288086e-01 -4.214991927146911621e-01
-7.353538274765014648e-02 -3.521482348442077637e-01 3.962340354919433594e-01 -7.897661328315734863e-01 2.118302583694458008e-01 -3.214732408523559570e-01
-3.997914791107177734e-01 -5.111358165740966797e-01 2.756893634796142578e-01 -2.714895606040954590e-01 1.992980241775512695e-01 -3.772626519203186035e-01
-3.683740496635437012e-01 -4.222369194030761719e-01 1.404086351394653320e-01 -2.874561548233032227e-01 1.415420770645141602e-01 -2.948539257049560547e-01
-4.088242650032043457e-01 -4.322434663772583008e-01 2.232385873794555664e-01 -3.445729017257690430e-01 1.950610876083374023e-01 -3.140031695365905762e-01
-4.142237901687622070e-01 -1.839630603790283203e-01 2.889982461929321289e-01 -2.792301177978515625e-01 -2.673988938331604004e-01 -3.991925716400146484e-02
-2.547606825828552246e-01 -2.908639311790466309e-01 3.805652856826782227e-01 -4.411611557006835938e-01 -4.407870769500732422e-02 -1.151250600814819336e-01
-3.789831995964050293e-01 -3.459145426750183105e-01 2.613195180892944336e-01 -4.161022901535034180e-01 -1.035482287406921387e-01 -2.507908940315246582e-01
-2.496122717857360840e-01 -2.512612938880920410e-01 3.396766185760498047e-01 -3.072957396507263184e-01 -1.767199039459228516e-01 -8.810758590698242188e-02
-2.308155894279479980e-01 -4.341218471527099609e-01 1.781836748123168945e-01 -2.875469923019409180e-01 6.843435764312744141e-02 -1.184766292572021484e-01
-2.053788900375366211e-01 -4.365895390510559082e-01 1.279814243316650391e-01 -1.337345838546752930e-01 -2.390146255493164062e-04 -1.748092174530029297e-01
-5.350892543792724609e-01 -2.915073633193969727e-01 4.524935483932495117e-01 -9.430980682373046875e-02 -1.850783824920654297e-01 -5.623763799667358398e-02
-4.094000458717346191e-01 -3.227263689041137695e-01 5.581454038619995117e-01 -6.123745441436767578e-02 -2.289110422134399414e-01 2.317905426025390625e-02
-2.081021666526794434e-01 -4.422110319137573242e-01 1.345639228820800781e-01 -4.749522209167480469e-01 -1.190322637557983398e-02 -4.346400499343872070e-02
-1.084262132644653320e-01 -2.735080718994140625e-01 1.044214963912963867e-01 -5.674074888229370117e-01 -6.553506851196289062e-02 3.340053558349609375e-01
-3.159153461456298828e-02 -1.464244723320007324e-01 1.839592456817626953e-01 -5.633434057235717773e-01 -1.205455064773559570e-01 4.948194026947021484e-01
-8.610701560974121094e-02 -1.244853734970092773e-01 2.745512723922729492e-01 -5.521565079689025879e-01 -1.463660597801208496e-01 5.699276924133300781e-01
-1.123631596565246582e-01 -1.089611053466796875e-01 2.302069664001464844e-01 -5.273745059967041016e-01 -1.015159487724304199e-01 5.429449081420898438e-01
-1.226738691329956055e-01 -1.537982821464538574e-01 2.211774587631225586e-01 -5.654331445693969727e-01 -2.419292926788330078e-03 4.982768297195434570e-01
-1.747877001762390137e-01 -1.904355883598327637e-01 3.196171522140502930e-01 -5.933682322502136230e-01 5.440831184387207031e-02 5.329278707504272461e-01
-1.920000910758972168e-01 -1.423229575157165527e-01 2.965674400329589844e-01 -5.043760538101196289e-01 3.626060485839843750e-02 5.410882234573364258e-01
-3.477219939231872559e-01 -1.573902964591979980e-01 3.441708087921142578e-01 -4.077418446540832520e-01 3.675150871276855469e-02 4.820955991744995117e-01
-4.549715518951416016e-01 -1.567633748054504395e-01 4.323252439498901367e-01 -4.669339656829833984e-01 8.655476570129394531e-02 4.830713272094726562e-01
-3.520771265029907227e-01 -1.525115370750427246e-01 4.202284812927246094e-01 -4.209409952163696289e-01 1.191653013229370117e-01 3.731260299682617188e-01
-6.504312753677368164e-01 -2.492263913154602051e-01 4.278944730758666992e-01 -4.045192599296569824e-01 8.963036537170410156e-02 4.084196090698242188e-01
-4.788647294044494629e-01 -1.388529539108276367e-01 4.881330728530883789e-01 -3.849871754646301270e-01 -9.208977222442626953e-03 5.163401365280151367e-01
