5.953327417373657227e-01 9.747544527053833008e-01 -1.848900914192199707e-01 -1.672289371490478516e-01 -3.538410067558288574e-01 5.908499956130981445e-01
6.898298263549804688e-01 9.391996860504150391e-01 -2.292022705078125000e-01 -1.044424772262573242e-01 -3.945981264114379883e-01 5.728273391723632812e-01
8.004307746887207031e-01 8.772149085998535156e-01 -3.961673974990844727e-01 -1.799851655960083008e-02 -4.067864418029785156e-01 5.068243741989135742e-01
7.224179506301879883e-01 8.796453475952148438e-01 -1.971644759178161621e-01 -2.149641513824462891e-03 -5.055490732192993164e-01 6.300500631332397461e-01
8.328971862792968750e-01 8.196421861648559570e-01 -1.646575331687927246e-01 -2.893620729446411133e-02 -4.809438586235046387e-01 6.039448976516723633e-01
7.811764478683471680e-01 8.539073467254638672e-01 -2.224467396736145020e-01 -1.399818062782287598e-01 -4.282088279724121094e-01 6.018555164337158203e-01
7.869250774383544922e-01 8.724596500396728516e-01 -2.377880811691284180e-01 -1.857488155364990234e-01 -4.220526218414306641e-01 5.949631929397583008e-01
7.302117347717285156e-01 9.126780033111572266e-01 -2.398271560668945312e-01 -9.700411558151245117e-02 -5.085273981094360352e-01 6.247577667236328125e-01
6.376154422760009766e-01 8.274366855621337891e-01 -1.358170509338378906e-01 -1.437023878097534180e-01 -4.443848133087158203e-01 5.758917331695556641e-01
6.128585338592529297e-01 7.633264064788818359e-01 -8.818948268890380859e-02 -1.027885079383850098e-01 -4.139041304588317871e-01 5.827714204788208008e-01
6.438307762145996094e-01 7.971202135086059570e-01 -9.725975990295410156e-02 -8.556532859802246094e-02 -4.410179257392883301e-01 6.285393238067626953e-01
6.867961883544921875e-01 7.268726825714111328e-01 -9.240531921386718750e-02 -1.144925355911254883e-01 -3.332713246345520020e-01 5.648403167724609375e-01
7.483935356140136719e-01 6.858322620391845703e-01 -2.051023840904235840e-01 -1.503679752349853516e-01 -2.093142271041870117e-01 4.531960487365722656e-01
7.058223485946655273e-01 4.572247266769409180e-01 -1.672567129135131836e-01 -1.646070480346679688e-01 7.032442092895507812e-02 2.261229753494262695e-01
5.946276187896728516e-01 2.901713848114013672e-01 -6.767123937606811523e-02 -2.013972401618957520e-01 2.619253396987915039e-01 7.102203369140625000e-02
5.031572580337524414e-01 2.914428710937500000e-01 -3.191432356834411621e-01 -2.225050926208496094e-01 1.824370622634887695e-01 1.855683326721191406e-02
2.427148818969726562e-01 2.121036052703857422e-01 -2.740750908851623535e-01 -5.229949951171875000e-01 2.014586925506591797e-01 -6.679016351699829102e-02
3.365038633346557617e-01 3.656911849975585938e-02 -5.038232803344726562e-01 -5.565086603164672852e-01 4.226422309875488281e-01 -3.759967088699340820e-01
1.080142259597778320e-01 5.819904804229736328e-02 -3.981706500053405762e-01 -4.619413614273071289e-01 2.198688983917236328e-01 -1.897209286689758301e-01
1.281011104583740234e-01 6.976485252380371094e-03 -3.220235109329223633e-01 -4.819805026054382324e-01 2.713035345077514648e-01 -2.738307714462280273e-01
1.398347616195678711e-01 6.991088390350341797e-02 -3.918327093124389648e-01 -5.503569841384887695e-01 1.067141294479370117e-01 -2.452231645584106445e-01
2.013636827468872070e-01 -1.361703276634216309e-01 -2.626277804374694824e-01 -3.120101690292358398e-01 1.727656126022338867e-01 -3.152050971984863281e-01
3.705542087554931641e-01 -1.449003815650939941e-01 -2.991951704025268555e-01 -3.565745949745178223e-01 2.079098224639892578e-01 -3.131810426712036133e-01
2.738336324691772461e-01 -1.530020236968994141e-01 -2.483800053596496582e-01 -4.150556921958923340e-01 2.269138097763061523e-01 -3.142249584197998047e-01
2.367182970046997070e-01 -1.533265709877014160e-01 -2.318668365478515625e-01 -4.647881388664245605e-01 1.634318828582763672e-01 -2.205320596694946289e-01
3.652281761169433594e-01 -2.357754707336425781e-01 -1.716125011444091797e-01 -4.655803442001342773e-01 2.713537216186523438e-01 -2.301956415176391602e-01
3.767385482788085938e-01 -2.962916493415832520e-01 -1.701617240905761719e-01 -4.312570095062255859e-01 4.227060079574584961e-01 -4.044148325920104980e-01
2.630162239074707031e-01 -2.476282715797424316e-01 -9.398293495178222656e-02 -2.067556977272033691e-01 1.890280246734619141e-01 -2.115182876586914062e-01
3.878623247146606445e-01 -2.563124299049377441e-01 -1.727321147918701172e-01 -3.136084675788879395e-01 3.044154644012451172e-01 -2.925683259963989258e-01
3.550068140029907227e-01 -2.745937705039978027e-01 -5.477869510650634766e-02 -4.344938397407531738e-01 3.210195302963256836e-01 -1.812477111816406250e-01
5.704057216644287109e-01 -3.279416561126708984e-01 -1.916289329528808594e-02 -4.408392906188964844e-01 4.412187337875366211e-01 -1.631504893302917480e-01
4.422689676284790039e-01 -2.502769231796264648e-01 -1.061630845069885254e-01 -4.024789929389953613e-01 3.067008256912231445e-01 -2.337384223937988281e-01
4.495395421981811523e-01 -1.652571558952331543e-01 -1.704035997390747070e-01 -4.613969922065734863e-01 2.098078727722167969e-01 -1.525695919990539551e-01
4.792647361755371094e-01 -1.968262195587158203e-01 -3.163146972656250000e-02 -5.157077312469482422e-01 2.498973608016967773e-01 -4.538553953170776367e-02
3.622468709945678711e-01 -2.868774533271789551e-01 8.905172348022460938e-02 -4.548028111457824707e-01 1.610219478607177734e-01 4.920756816864013672e-02
3.802058696746826172e-01 -3.098536729812622070e-01 7.425081729888916016e-02 -5.378623008728027344e-01 2.082967758178710938e-01 1.389217376708984375e-02
2.393553256988525391e-01 -2.404326200485229492e-01 -3.992617130279541016e-03 -4.951657056808471680e-01 9.104657173156738281e-02 2.795076370239257812e-02
2.126544713973999023e-01 -3.102097511291503906e-01 4.434096813201904297e-02 -4.937728047370910645e-01 1.183542013168334961e-01 4.036056995391845703e-02
2.742789983749389648e-01 -1.974937319755554199e-01 8.347046375274658203e-02 -6.296043395996093750e-01 1.264970302581787109e-01 1.504133939743041992e-01
2.971426248550415039e-01 -2.722362875938415527e-01 1.089895963668823242e-01 -6.266838312149047852e-01 2.131949663162231445e-01 2.128951549530029297e-01
2.594513893127441406e-01 -3.163502216339111328e-01 1.912214756011962891e-01 -7.180736660957336426e-01 2.791790962219238281e-01 2.967231273651123047e-01
1.077772378921508789e-01 -2.396897673606872559e-01 2.266768217086791992e-01 -6.515330672264099121e-01 1.217894554138183594e-01 4.589940309524536133e-01
5.940937995910644531e-02 -2.798815965652465820e-01 2.935429811477661133e-01 -6.006569862365722656e-01 1.047435998916625977e-01 5.235086679458618164e-01
1.260778903961181641e-01 -2.000987529754638672e-01 1.079597473144531250e-01 -4.297794699668884277e-01 3.651130199432373047e-02 5.129218101501464844e-01
4.347968101501464844e-02 -9.800821542739868164e-02 2.227932214736938477e-01 -4.247813820838928223e-01 -3.132086992263793945e-02 6.491731405258178711e-01
1.213967800140380859e-02 -9.096544981002807617e-02 1.898703575134277344e-01 -3.736573457717895508e-01 -4.844224452972412109e-02 6.711380481719970703e-01
-1.519179344177246094e-02 -1.932731866836547852e-01 2.485672235488891602e-01 -2.737411856651306152e-01 4.149246215820312500e-02 5.670559406280517578e-01
9.152781963348388672e-02 -1.278588175773620605e-01 2.692722082138061523e-01 -3.444516062736511230e-01 8.282303810119628906e-02 6.213471889495849609e-01
7.475018501281738281e-03 -2.580219507217407227e-02 3.122162818908691406e-01 -3.551435470581054688e-01 7.857084274291992188e-03 6.849014759063720703e-01
1.890742778778076172e-02 -1.031942963600158691e-01 2.890920639038085938e-01 -2.717664837837219238e-01 1.166094541549682617e-01 5.090872049331665039e-01
1.038374900817871094e-01 -1.528918743133544922e-02 2.757660150527954102e-01 -1.548174619674682617e-01 6.684875488281250000e-02 5.336982011795043945e-01
1.927233934402465820e-01 -1.321083307266235352e-02 2.928656339645385742e-01 7.204771041870117188e-03 2.654004096984863281e-02 5.880026817321777344e-01
8.261048793792724609e-02 -1.532757282257080078e-02 3.005721569061279297e-01 -3.881162405014038086e-02 -7.957041263580322266e-03 6.278798580169677734e-01
-1.407814025878906250e-02 -4.024517536163330078e-02 3.193403482437133789e-01 -5.963742733001708984e-02 -5.976188182830810547e-02 5.721853971481323242e-01
6.440317630767822266e-02 1.449823379516601562e-02 3.806110620498657227e-01 -1.366893053054809570e-01 -2.781683206558227539e-02 5.733816623687744141e-01
1.086826324462890625e-01 -9.415239095687866211e-02 4.481521844863891602e-01 2.373313903808593750e-02 2.097022533416748047e-02 4.727621078491210938e-01
1.022500991821289062e-01 6.174671649932861328e-02 4.824042320251464844e-01 -2.683323621749877930e-02 -8.775711059570312500e-02 5.989947319030761719e-01
1.367312669754028320e-01 1.029026508331298828e-02 3.660285472869873047e-01 1.048705577850341797e-01 7.230150699615478516e-02 3.868641853332519531e-01
1.783967018127441406e-01 2.170288562774658203e-02 4.080165624618530273e-01 9.191358089447021484e-02 3.752839565277099609e-02 3.473589420318603516e-01
2.417818307876586914e-01 7.255494594573974609e-02 4.436626434326171875e-01 1.100664138793945312e-01 8.945059776306152344e-02 2.834405899047851562e-01
2.711007595062255859e-01 1.693167686462402344e-01 5.291829109191894531e-01 1.274694204330444336e-01 1.048892736434936523e-01 3.266253471374511719e-01
2.254078388214111328e-01 3.416020870208740234e-01 5.490026473999023438e-01 -9.911763668060302734e-02 1.388764381408691406e-02 4.498528242111206055e-01
5.232222080230712891e-01 3.871628046035766602e-01 3.968881368637084961e-01 -1.080257296562194824e-01 5.988752841949462891e-02 3.917255401611328125e-01
5.779838562011718750e-01 3.986265659332275391e-01 2.938209772109985352e-01 -1.540513038635253906e-01 6.766664981842041016e-02 4.008538722991943359e-01
7.553434371948242188e-01 4.220266342163085938e-01 7.448673248291015625e-02 -2.585368156433105469e-01 2.486797571182250977e-01 2.378846406936645508e-01
7.782067060470581055e-01 4.855431318283081055e-01 -2.196675539016723633e-02 -3.340572714805603027e-01 9.235250949859619141e-02 2.518107891082763672e-01
6.848738193511962891e-01 3.945728540420532227e-01 1.147443056106567383e-01 -1.970299482345581055e-01 2.680420875549316406e-03 2.379792928695678711e-01
6.884931325912475586e-01 2.106443643569946289e-01 9.036457538604736328e-02 -3.065835237503051758e-01 1.257663965225219727e-01 6.323564052581787109e-02
7.389646768569946289e-01 2.025181055068969727e-01 1.292687654495239258e-01 -3.407052159309387207e-01 1.667087078094482422e-01 8.993840217590332031e-02
3.163974285125732422e-01 3.976738452911376953e-02 3.595379590988159180e-01 -3.992834091186523438e-01 2.295529842376708984e-02 7.969272136688232422e-02
2.545969486236572266e-01 -9.383422136306762695e-02 4.075074195861816406e-01 -2.780078649520874023e-01 8.874559402465820312e-02 -1.186891794204711914e-01
-1.370477080345153809e-01 5.356097221374511719e-02 6.997065544128417969e-01 -3.197346329689025879e-01 -1.141480803489685059e-01 1.834726333618164062e-02
-1.246837973594665527e-01 1.216828823089599609e-01 8.778675794601440430e-01 -1.892710924148559570e-01 -9.645199775695800781e-02 1.650309562683105469e-01
-7.304757833480834961e-02 9.072518348693847656e-02 6.393977403640747070e-01 -1.175379157066345215e-01 -8.861720561981201172e-02 1.840335130691528320e-01
2.510297298431396484e-02 -1.051143407821655273e-01 5.293902158737182617e-01 -7.646197080612182617e-02 1.555014848709106445e-01 1.238584518432617188e-03
-1.462607383728027344e-01 -3.755712509155273438e-02 5.975444316864013672e-01 -1.602441072463989258e-01 8.605301380157470703e-02 6.752908229827880859e-02
-1.154686808586120605e-01 -7.085859775543212891e-02 5.500628948211669922e-01 -7.166618108749389648e-02 -6.092625856399536133e-02 -4.859840869903564453e-02
-3.078612089157104492e-01 -1.760311722755432129e-01 4.072223901748657227e-01 -6.688678264617919922e-02 1.982207298278808594e-01 -1.144636869430541992e-01
-4.116380214691162109e-01 -2.461726069450378418e-01 4.387173652648925781e-01 -1.209934353828430176e-01 3.736490011215209961e-01 -6.115446090698242188e-01
-5.675833225250244141e-01 -3.938747048377990723e-01 4.923568964004516602e-01 -3.121936321258544922e-02 4.427657127380371094e-01 -7.579215764999389648e-01
-5.997502803802490234e-02 -1.142168045043945312e-01 7.730040550231933594e-01 -2.808827161788940430e-01 -6.530225276947021484e-03 -1.241377592086791992e-01
2.324972152709960938e-01 3.285875320434570312e-01 4.706814289093017578e-01 -4.293426275253295898e-01 -2.608675956726074219e-01 3.391470909118652344e-01
2.356231212615966797e-01 4.089683294296264648e-01 3.852192163467407227e-01 -5.010035037994384766e-01 -2.578366398811340332e-01 3.396114110946655273e-01
3.571561574935913086e-01 5.425941944122314453e-01 2.705718278884887695e-01 -5.030720233917236328e-01 -2.777246832847595215e-01 3.396979570388793945e-01
2.832971811294555664e-01 4.616553783416748047e-01 4.314665794372558594e-01 -4.346140623092651367e-01 -1.855118870735168457e-01 3.103220462799072266e-01
3.714445829391479492e-01 4.259532690048217773e-01 4.641482830047607422e-01 -4.469558000564575195e-01 -9.835076332092285156e-02 3.427920341491699219e-01
3.433477878570556641e-01 2.205460071563720703e-01 4.745866060256958008e-01 -3.770727515220642090e-01 7.363295555114746094e-02 1.697010993957519531e-01
2.585763931274414062e-01 1.384906768798828125e-01 5.881171226501464844e-01 -4.351818561553955078e-01 1.663136482238769531e-02 2.342630624771118164e-01
2.355918884277343750e-01 -1.121644377708435059e-01 6.093342304229736328e-01 -3.985822796821594238e-01 2.004368305206298828e-01 -4.802286624908447266e-03
1.729297637939453125e-02 -1.997995972633361816e-01 7.779628038406372070e-01 -3.984326124191284180e-01 2.765661478042602539e-01 -1.861734390258789062e-01
-2.255611419677734375e-01 -1.906401515007019043e-01 4.682344198226928711e-01 -3.457278609275817871e-01 1.155557632446289062e-01 -3.374779224395751953e-01
-1.667798161506652832e-01 4.225778579711914062e-02 5.875515937805175781e-01 -3.141941428184509277e-01 -1.014682650566101074e-01 -4.655933380126953125e-02
-2.267557382583618164e-02 -1.100367903709411621e-01 6.489570140838623047e-01 -4.054993391036987305e-01 1.143344640731811523e-01 -1.277435421943664551e-01
-1.981481909751892090e-01 -1.183550953865051270e-01 3.970201015472412109e-01 -3.003568649291992188e-01 3.404390811920166016e-02 -9.251922369003295898e-02
-4.011474251747131348e-01 -5.053538084030151367e-02 2.894423007965087891e-01 -1.973118782043457031e-01 -3.726285696029663086e-02 4.524278640747070312e-02
-2.079777717590332031e-01 -2.186449766159057617e-01 2.535332441329956055e-01 -5.493819713592529297e-03 8.554494380950927734e-02 -2.288481593132019043e-01
-2.597489356994628906e-01 -1.451078653335571289e-01 4.774165153503417969e-01 -1.340538263320922852e-01 -8.878368139266967773e-02 -1.603426337242126465e-01
-1.992602944374084473e-01 -5.537815093994140625e-01 3.301047086715698242e-01 3.176002502441406250e-01 8.946657180786132812e-04 -2.897309064865112305e-01
-4.058863520622253418e-01 -3.542916774749755859e-01 2.548825740814208984e-01 3.110924959182739258e-01 -2.925411462783813477e-01 -2.302817106246948242e-01
-4.020820260047912598e-01 -3.612934350967407227e-01 3.031073808670043945e-01 3.581087589263916016e-01 -4.927558898925781250e-01 -2.663617134094238281e-01
-4.828009605407714844e-01 -4.767280220985412598e-01 1.849986314773559570e-01 5.959252119064331055e-01 -3.669478893280029297e-01 -2.952083349227905273e-01
-4.975240826606750488e-01 -6.716154813766479492e-01 1.672875881195068359e-01 4.134386777877807617e-01 -3.787670135498046875e-01 -5.959473848342895508e-01
-6.709741353988647461e-01 -4.148316979408264160e-01 2.554191350936889648e-01 4.560810327529907227e-01 -4.917722344398498535e-01 -2.443764805793762207e-01
-6.599320173263549805e-01 -4.262570142745971680e-01 9.737706184387207031e-02 6.002386808395385742e-01 -5.372804403305053711e-01 -2.572140693664550781e-01
-3.306414484977722168e-01 -5.120583772659301758e-01 3.885663747787475586e-01 3.639200925827026367e-01 -3.404840230941772461e-01 -3.319563269615173340e-01
-2.656648755073547363e-01 -4.692639112472534180e-01 1.083883047103881836e-01 2.950474023818969727e-01 -5.598225593566894531e-01 -4.984979629516601562e-01
-4.017169475555419922e-01 -4.947948455810546875e-01 1.083589792251586914e-01 2.839077711105346680e-01 -2.840364575386047363e-01 -3.137115240097045898e-01
-6.833103299140930176e-01 -1.589654088020324707e-01 5.325771570205688477e-01 7.460856437683105469e-02 -5.699918270111083984e-01 -2.959161996841430664e-02
-6.341639757156372070e-01 -3.501043319702148438e-01 3.385940790176391602e-01 -9.992313385009765625e-02 -2.784591913223266602e-01 -2.388306260108947754e-01
-4.007545709609985352e-01 -1.925281882286071777e-01 1.962360143661499023e-01 2.708786725997924805e-01 -5.343093276023864746e-01 -9.146964550018310547e-02
-3.893451094627380371e-01 -1.972334384918212891e-01 3.727803230285644531e-01 1.014603376388549805e-01 -4.403480887413024902e-01 -9.735381603240966797e-02
-6.395412683486938477e-01 -2.575903534889221191e-01 4.005481004714965820e-01 2.314698696136474609e-01 -1.425728201866149902e-01 -1.452112793922424316e-01
-5.329283475875854492e-01 -1.722164750099182129e-01 5.798919200897216797e-01 1.161059141159057617e-01 -5.112372636795043945e-01 -3.173983097076416016e-02
-8.621652126312255859e-01 -1.314145326614379883e-02 4.709559679031372070e-01 9.611630439758300781e-02 -4.104925394058227539e-01 2.310318946838378906e-01
-4.187867641448974609e-01 -1.616066098213195801e-01 3.879045248031616211e-01 5.763458013534545898e-01 -6.113742589950561523e-01 2.890642881393432617e-01
-4.723394513130187988e-01 -2.927234172821044922e-01 3.853833675384521484e-01 7.058527469635009766e-01 -6.015312671661376953e-01 3.242393732070922852e-01
-2.243192195892333984e-01 -6.345024704933166504e-01 9.491133689880371094e-02 4.122488498687744141e-01 -3.366938829421997070e-01 -2.166430354118347168e-01
-1.465537548065185547e-01 -5.769193768501281738e-01 1.733933687210083008e-01 -3.133982419967651367e-02 -2.350742220878601074e-01 -1.434985399246215820e-01
-2.451540231704711914e-01 -3.070060014724731445e-01 3.111553192138671875e-01 -3.793706297874450684e-01 -2.807564735412597656e-01 3.324787616729736328e-01
-2.465518116950988770e-01 -2.899268269538879395e-01 2.131538391113281250e-01 -3.796936869621276855e-01 -2.204594612121582031e-01 3.436164855957031250e-01
-1.279284358024597168e-01 -2.315825819969177246e-01 2.369587421417236328e-01 -3.047302365303039551e-01 -1.326050162315368652e-01 3.604047298431396484e-01
-1.884710788726806641e-01 -3.034955263137817383e-01 2.741729021072387695e-01 -3.875238895416259766e-01 2.779722213745117188e-03 3.251473903656005859e-01
-2.977600693702697754e-01 -2.472173571586608887e-01 3.067572116851806641e-01 -3.537172675132751465e-01 -3.062301874160766602e-02 3.948725461959838867e-01
-2.943687438964843750e-01 -3.065920472145080566e-01 3.674901723861694336e-01 -2.882679700851440430e-01 3.595077991485595703e-02 4.042600393295288086e-01
-9.318053722381591797e-02 -2.533311843872070312e-01 3.962953090667724609e-01 -3.885832428932189941e-01 -1.147413253784179688e-02 4.437663555145263672e-01
-4.152612090110778809e-01 -1.743027567863464355e-01 3.097110986709594727e-01 -3.110480904579162598e-01 -4.822432994842529297e-03 4.243216514587402344e-01
-2.907892465591430664e-01 -2.436707019805908203e-01 3.446497917175292969e-01 -4.873884916305541992e-01 -1.459162831306457520e-01 3.133165836334228516e-01
-7.757890224456787109e-02 -2.697744369506835938e-01 4.172598123550415039e-01 -3.322795033454895020e-01 1.199955940246582031e-01 3.434628248214721680e-01
-4.173413515090942383e-01 -2.365224957466125488e-01 5.321726799011230469e-01 -2.934444546699523926e-01 1.699211597442626953e-01 4.303030967712402344e-01
-3.566895127296447754e-01 -2.403815388679504395e-01 5.614720582962036133e-01 -3.827217221260070801e-01 -6.728899478912353516e-02 3.120785951614379883e-01
