3.741707801818847656e-01 5.401551723480224609e-01 6.028032302856445312e-02 1.292359828948974609e-02 -1.421489715576171875e-01 2.750779390335083008e-01
5.203057527542114258e-01 5.961045026779174805e-01 -1.410167813301086426e-01 3.551721572875976562e-02 -1.259986758232116699e-01 2.523483037948608398e-01
6.034816503524780273e-01 6.188622713088989258e-01 -6.397455930709838867e-02 -1.121205091476440430e-01 -1.957262754440307617e-01 2.686909437179565430e-01
7.392132282257080078e-01 6.361794471740722656e-01 -1.725956797599792480e-01 -8.738458156585693359e-02 -2.174922823905944824e-01 3.180005550384521484e-01
7.877186536788940430e-01 7.029942274093627930e-01 -2.533010840415954590e-01 -1.159678697586059570e-01 -2.687663435935974121e-01 3.387174606323242188e-01
7.262285947799682617e-01 6.421480178833007812e-01 -1.449658870697021484e-01 -1.683192253112792969e-01 -2.141554355621337891e-01 3.241820335388183594e-01
7.105829715728759766e-01 6.410874128341674805e-01 -1.070781350135803223e-01 -8.332103490829467773e-02 -2.247763872146606445e-01 3.667688369750976562e-01
6.754388809204101562e-01 6.805596351623535156e-01 -1.070684790611267090e-01 -1.866337060928344727e-01 -2.307452559471130371e-01 4.011949300765991211e-01
7.048616409301757812e-01 7.056692838668823242e-01 -1.197460889816284180e-01 -1.688998937606811523e-01 -2.181298732757568359e-01 3.973206281661987305e-01
5.938322544097900391e-01 7.413552999496459961e-01 -4.719442129135131836e-02 -2.027347087860107422e-01 -2.716570496559143066e-01 4.689379930496215820e-01
6.644244194030761719e-01 6.487456560134887695e-01 -1.005966663360595703e-01 -1.565524339675903320e-01 -1.873548030853271484e-01 3.639942407608032227e-01
6.525121927261352539e-01 5.348020792007446289e-01 -8.643037080764770508e-02 -7.537144422531127930e-02 -9.475487470626831055e-02 3.314329385757446289e-01
6.000368595123291016e-01 4.325827360153198242e-01 -1.160558462142944336e-01 -9.900802373886108398e-02 6.040358543395996094e-02 2.248592376708984375e-01
5.214108228683471680e-01 4.258278608322143555e-01 -1.335734724998474121e-01 -1.560667157173156738e-01 4.275488853454589844e-02 2.454166412353515625e-01
4.611654281616210938e-01 3.874993324279785156e-01 -1.259036064147949219e-01 -1.341737508773803711e-01 1.461292505264282227e-01 1.833112239837646484e-01
3.957121372222900391e-01 3.073689937591552734e-01 -2.548606991767883301e-01 -2.741920351982116699e-01 2.366089820861816406e-01 6.446659564971923828e-02
4.244652986526489258e-01 2.474139928817749023e-01 -3.345624208450317383e-01 -3.365620374679565430e-01 3.119583129882812500e-01 -6.744486093521118164e-02
1.990191936492919922e-01 1.886619329452514648e-01 -2.530815005302429199e-01 -3.796878457069396973e-01 3.267637491226196289e-01 -3.087598085403442383e-02
2.731535434722900391e-01 4.650163650512695312e-02 -3.868404030799865723e-01 -4.270815253257751465e-01 4.226942062377929688e-01 -1.558391451835632324e-01
2.102515697479248047e-01 -4.542434215545654297e-02 -2.859795689582824707e-01 -4.859851002693176270e-01 4.767563343048095703e-01 -2.037238478660583496e-01
2.413412332534790039e-01 -8.099490404129028320e-02 -1.639700531959533691e-01 -6.063103675842285156e-01 5.835392475128173828e-01 -1.745325922966003418e-01
2.973575592041015625e-01 -1.156684756278991699e-01 -2.386604547500610352e-01 -6.934444308280944824e-01 5.929095745086669922e-01 -2.974743843078613281e-01
2.788685560226440430e-01 -9.451937675476074219e-02 -2.195975184440612793e-01 -5.273077487945556641e-01 3.642364740371704102e-01 -1.405801177024841309e-01
4.706511497497558594e-01 -1.721748113632202148e-01 -3.668120503425598145e-01 -5.427370071411132812e-01 4.784417152404785156e-01 -3.580809831619262695e-01
2.894718647003173828e-01 -2.701520919799804688e-03 -1.709339022636413574e-01 -5.564584136009216309e-01 2.948443889617919922e-01 -2.240474820137023926e-01
2.236402034759521484e-01 -1.309559345245361328e-01 8.976507186889648438e-02 -4.400253295898437500e-01 2.778836488723754883e-01 -1.282415986061096191e-01
3.858069181442260742e-01 -2.241759300231933594e-01 8.546447753906250000e-02 -4.640025496482849121e-01 3.893771171569824219e-01 -2.660299539566040039e-01
5.489343404769897461e-01 -2.068302631378173828e-01 -1.297202110290527344e-01 -4.933377504348754883e-01 4.704190492630004883e-01 -2.583301663398742676e-01
4.996728897094726562e-01 -1.746041178703308105e-01 1.281619071960449219e-02 -5.808865427970886230e-01 4.527492523193359375e-01 -2.298834919929504395e-01
4.238841533660888672e-01 -1.796964406967163086e-01 -9.590268135070800781e-03 -4.591268301010131836e-01 3.989633321762084961e-01 -1.902508139610290527e-01
4.523401260375976562e-01 -2.241472005844116211e-01 8.730995655059814453e-02 -5.130317807197570801e-01 3.970742225646972656e-01 -2.032935023307800293e-01
4.757664203643798828e-01 -2.683588266372680664e-01 -3.254836797714233398e-02 -4.848820567131042480e-01 4.619307518005371094e-01 -3.500131964683532715e-01
4.754142761230468750e-01 -3.158543705940246582e-01 -5.328965187072753906e-02 -4.575903415679931641e-01 4.581538438796997070e-01 -4.346868395805358887e-01
5.421489477157592773e-01 -2.836033105850219727e-01 -4.375886917114257812e-02 -2.703918218612670898e-01 2.402355670928955078e-01 -2.288331985473632812e-01
3.806495666503906250e-01 -2.288399934768676758e-01 -7.935583591461181641e-02 -3.686432838439941406e-01 1.471527814865112305e-01 -2.435067296028137207e-01
3.341768980026245117e-01 -1.764634847640991211e-01 8.671879768371582031e-03 -2.113729119300842285e-01 2.572333812713623047e-02 -1.040158271789550781e-01
3.826670646667480469e-01 -3.481232523918151855e-01 7.241189479827880859e-02 -2.486113905906677246e-01 1.554857492446899414e-01 -2.578522562980651855e-01
4.465937614440917969e-01 -3.847100734710693359e-01 -5.346065759658813477e-02 -2.508354783058166504e-01 2.577213048934936523e-01 -3.331972360610961914e-01
3.726056814193725586e-01 -3.850767016410827637e-01 3.521192073822021484e-02 -3.003209829330444336e-01 2.004638910293579102e-01 -2.191048860549926758e-01
3.422875404357910156e-01 -3.813564777374267578e-01 1.098680496215820312e-01 -3.112483620643615723e-01 2.202944755554199219e-01 -1.688329577445983887e-01
4.257444143295288086e-01 -3.718662858009338379e-01 1.829501390457153320e-01 -2.789213061332702637e-01 2.601295709609985352e-01 -2.775198221206665039e-02
4.274848699569702148e-01 -3.097106218338012695e-01 1.881009340286254883e-01 -3.115454316139221191e-01 2.888402938842773438e-01 2.996325492858886719e-02
5.044019222259521484e-01 -3.051899671554565430e-01 9.860885143280029297e-02 -3.704719543457031250e-01 3.916131258010864258e-01 5.696547031402587891e-02
3.884093761444091797e-01 -2.547053098678588867e-01 2.116887569427490234e-01 -3.516537547111511230e-01 3.301992416381835938e-01 2.039072513580322266e-01
2.767434120178222656e-01 -1.593237519264221191e-01 2.590179443359375000e-01 -3.181772232055664062e-01 2.292127609252929688e-01 3.668836355209350586e-01
1.822848320007324219e-01 -1.223301291465759277e-01 2.271877527236938477e-01 -2.891485095024108887e-01 1.797022819519042969e-01 4.234062433242797852e-01
1.784909963607788086e-01 -6.389284133911132812e-02 2.218210697174072266e-01 -2.833514809608459473e-01 1.414437294006347656e-01 5.016952753067016602e-01
2.084690332412719727e-01 -7.654744386672973633e-02 1.341853141784667969e-01 -1.754712462425231934e-01 9.828579425811767578e-02 5.088120698928833008e-01
2.965500354766845703e-01 -1.085160970687866211e-01 4.794025421142578125e-02 -5.826354026794433594e-02 1.308172941207885742e-01 4.628312587738037109e-01
2.688740491867065430e-01 -8.666056394577026367e-02 1.282757520675659180e-01 6.639003753662109375e-03 1.045206785202026367e-01 5.214092731475830078e-01
1.010088920593261719e-01 -2.239936590194702148e-02 3.078137636184692383e-01 -1.667356491088867188e-02 3.989255428314208984e-02 5.846767425537109375e-01
6.022036075592041016e-02 1.100981235504150391e-02 3.669332265853881836e-01 -4.717612266540527344e-02 9.471178054809570312e-03 6.007304191589355469e-01
1.695935726165771484e-01 2.301383018493652344e-02 2.632260322570800781e-01 5.059719085693359375e-02 -3.582483530044555664e-02 6.193286180496215820e-01
1.860951185226440430e-01 3.887534141540527344e-02 3.549497127532958984e-01 1.346402168273925781e-01 -5.750226974487304688e-02 6.385030746459960938e-01
1.231813430786132812e-01 9.483838081359863281e-02 4.341733455657958984e-01 1.320217847824096680e-01 -6.321156024932861328e-02 7.146917581558227539e-01
8.611869812011718750e-02 1.243795156478881836e-01 3.094204664230346680e-01 -5.417257547378540039e-02 -2.346968650817871094e-02 6.475439071655273438e-01
1.415190696716308594e-01 1.333515644073486328e-01 4.226862192153930664e-01 -5.974918603897094727e-02 -4.905349016189575195e-02 5.972028970718383789e-01
-9.999334812164306641e-03 9.892928600311279297e-02 7.290902137756347656e-01 -2.523481845855712891e-02 1.811718940734863281e-02 5.509327650070190430e-01
3.168134689331054688e-01 9.675574302673339844e-02 3.201628923416137695e-01 1.530189514160156250e-01 6.649315357208251953e-02 3.087800741195678711e-01
1.912316083908081055e-01 5.817687511444091797e-02 8.370150327682495117e-01 1.045590639114379883e-01 -8.670389652252197266e-03 4.136873483657836914e-01
2.697173357009887695e-01 2.847138643264770508e-01 6.580377817153930664e-01 -2.830803394317626953e-02 4.593193531036376953e-02 4.361629486083984375e-01
2.919008731842041016e-01 3.770368099212646484e-01 6.023762226104736328e-01 -1.045626997947692871e-01 -1.177613139152526855e-01 4.469878673553466797e-01
4.380813837051391602e-01 4.121448993682861328e-01 4.369969367980957031e-01 -1.621325016021728516e-01 -2.389544248580932617e-02 3.719612360000610352e-01
6.055202484130859375e-01 5.842800140380859375e-01 4.017349481582641602e-01 -2.338618636131286621e-01 -4.570233821868896484e-02 4.569448232650756836e-01
6.687158346176147461e-01 6.207877397537231445e-01 2.180728912353515625e-01 -1.880731582641601562e-01 -1.038631796836853027e-01 4.716293811798095703e-01
6.768276691436767578e-01 6.714779138565063477e-01 2.214021682739257812e-01 -2.449147701263427734e-01 -6.843096017837524414e-02 4.946188926696777344e-01
8.192822933197021484e-01 5.794101953506469727e-01 7.151937484741210938e-02 -2.613651752471923828e-01 1.154935359954833984e-01 3.543963432312011719e-01
6.291314363479614258e-01 6.521632671356201172e-01 1.399321556091308594e-01 -3.403755426406860352e-01 -4.510223865509033203e-02 4.448512792587280273e-01
6.639024019241333008e-01 5.090589523315429688e-01 1.420838832855224609e-01 -2.196388244628906250e-01 -1.334387063980102539e-02 3.525865077972412109e-01
7.189047336578369141e-01 4.234893321990966797e-01 3.812646865844726562e-02 -2.066815495491027832e-01 4.419136047363281250e-02 2.698917388916015625e-01
5.390059947967529297e-01 3.019474744796752930e-01 2.034333944320678711e-01 -3.267335891723632812e-01 1.402895450592041016e-01 1.996929645538330078e-01
3.004084825515747070e-01 1.779259443283081055e-01 3.713620901107788086e-01 -2.944440841674804688e-01 1.950385570526123047e-01 9.852361679077148438e-02
-6.607192754745483398e-02 2.132869958877563477e-01 4.195945262908935547e-01 -3.183518052101135254e-01 -4.779088497161865234e-02 1.770485639572143555e-01
-1.355689764022827148e-02 1.811847686767578125e-01 6.072077751159667969e-01 -5.714620351791381836e-01 2.422560453414916992e-01 4.588294029235839844e-02
-2.310615777969360352e-02 1.297849416732788086e-01 7.138493061065673828e-01 -4.775217175483703613e-01 2.054909467697143555e-01 7.991743087768554688e-02
-6.835401058197021484e-03 3.080611228942871094e-01 8.244931697845458984e-01 -4.118910431861877441e-01 4.751086235046386719e-03 2.888295650482177734e-01
1.191127300262451172e-02 5.791091918945312500e-02 6.302926540374755859e-01 -4.596003890037536621e-01 -2.978277206420898438e-02 -4.410928487777709961e-02
-9.929537773132324219e-03 -5.736243724822998047e-02 4.695092439651489258e-01 -3.009976148605346680e-01 6.302964687347412109e-02 -1.846927404403686523e-02
-5.410587787628173828e-02 1.792049407958984375e-02 5.265451669692993164e-01 -2.356483936309814453e-01 6.209504604339599609e-02 1.041021347045898438e-01
-2.679066658020019531e-01 -7.702916860580444336e-02 3.908101320266723633e-01 -1.464273333549499512e-01 -6.074798107147216797e-02 -1.415250301361083984e-01
-9.524768590927124023e-02 -2.561669945716857910e-01 4.766715764999389648e-01 -1.221735477447509766e-01 4.553725719451904297e-01 -5.193681716918945312e-01
-1.280313730239868164e-02 -3.512202501296997070e-01 5.438774824142456055e-01 -1.005539894104003906e-01 4.821327924728393555e-01 -5.931028127670288086e-01
2.588409185409545898e-01 2.936606407165527344e-01 3.188542127609252930e-01 -3.382707238197326660e-01 -5.664509534835815430e-02 2.768815755844116211e-01
4.561549425125122070e-01 3.570961952209472656e-01 2.615823745727539062e-01 -4.066366553306579590e-01 1.081458330154418945e-01 3.397654294967651367e-01
5.572246313095092773e-01 3.742027282714843750e-01 5.338633060455322266e-02 -4.325952529907226562e-01 1.369178295135498047e-01 2.515370845794677734e-01
4.110878705978393555e-01 5.069401264190673828e-01 2.131186723709106445e-01 -4.734197258949279785e-01 -3.807443380355834961e-02 4.402658939361572266e-01
4.871695041656494141e-01 3.588647842407226562e-01 2.561180591583251953e-01 -4.098284840583801270e-01 2.253222465515136719e-02 3.685224056243896484e-01
5.121784210205078125e-01 2.220824956893920898e-01 3.009866476058959961e-01 -3.817746639251708984e-01 2.214329242706298828e-01 2.249505519866943359e-01
5.023070573806762695e-01 8.429074287414550781e-02 2.858446836471557617e-01 -3.700243234634399414e-01 2.603722810745239258e-01 7.833015918731689453e-02
2.645584344863891602e-01 -6.138265132904052734e-02 3.794435262680053711e-01 -5.842218995094299316e-01 3.390069007873535156e-01 -8.762776851654052734e-02
2.026164531707763672e-02 -2.679684162139892578e-01 4.837429523468017578e-01 -3.806786537170410156e-01 3.446718454360961914e-01 -2.713128328323364258e-01
-5.988830327987670898e-02 9.711992740631103516e-02 7.040761709213256836e-01 -5.151682496070861816e-01 2.104001045227050781e-01 1.300661563873291016e-01
-1.907129883766174316e-01 -5.035513639450073242e-02 6.613517999649047852e-01 -3.862743973731994629e-01 2.089384794235229492e-01 6.264162063598632812e-02
-3.080365061759948730e-01 7.987463474273681641e-02 4.996004104614257812e-01 -2.696256041526794434e-01 3.276467323303222656e-02 1.379785537719726562e-01
-4.331336021423339844e-01 3.946638107299804688e-02 5.959693193435668945e-01 -3.100795149803161621e-01 -1.116222143173217773e-02 1.021703481674194336e-01
-2.931421995162963867e-01 2.288472652435302734e-02 5.146701335906982422e-01 -2.155934572219848633e-01 1.059333086013793945e-01 6.318938732147216797e-02
-4.110882282257080078e-01 1.346851587295532227e-01 5.732115507125854492e-01 -3.531700372695922852e-02 -1.025832295417785645e-01 1.916128396987915039e-01
-4.300226569175720215e-01 1.792051792144775391e-01 7.983132600784301758e-01 -2.128813266754150391e-01 1.869785785675048828e-02 2.216055393218994141e-01
-4.103742837905883789e-01 1.895289421081542969e-01 6.671153306961059570e-01 -2.738810777664184570e-01 -2.239200472831726074e-01 2.083528041839599609e-01
-3.376472592353820801e-01 1.607644557952880859e-02 4.855290651321411133e-01 -2.239374518394470215e-01 -5.991160869598388672e-02 1.101887226104736328e-01
-3.248441219329833984e-02 -2.782334089279174805e-01 -1.240021586418151855e-01 5.175328254699707031e-02 3.305093050003051758e-01 -7.377116680145263672e-01
-1.163907051086425781e-01 -3.528721332550048828e-01 -4.876708984375000000e-02 -9.665685892105102539e-02 6.055634021759033203e-01 -7.906004190444946289e-01
-6.071739196777343750e-01 -1.609438061714172363e-01 2.915756702423095703e-01 -2.170381546020507812e-01 2.772324085235595703e-01 -4.014688134193420410e-01
-2.815616130828857422e-02 -4.684618115425109863e-01 3.430545330047607422e-01 -4.571974277496337891e-01 3.182170391082763672e-01 -6.431801915168762207e-01
2.040481567382812500e-01 -4.582589268684387207e-01 4.693114757537841797e-02 -4.570977687835693359e-01 3.502339124679565430e-01 -5.855531096458435059e-01
1.653742790222167969e-02 -3.278705477714538574e-01 -1.170265674591064453e-02 -4.709758162498474121e-01 3.399907350540161133e-01 -4.881463646888732910e-01
-1.034074425697326660e-01 -1.698666214942932129e-01 -1.101898550987243652e-01 -5.067794322967529297e-01 3.428864479064941406e-02 -3.233106732368469238e-01
-8.004999160766601562e-02 -2.041492462158203125e-01 -2.028334140777587891e-01 -5.910085439682006836e-01 5.132782459259033203e-02 -4.623761773109436035e-01
-1.754647493362426758e-01 -2.825295925140380859e-01 -2.920544147491455078e-02 -5.103890895843505859e-01 6.250715255737304688e-02 -4.959802031517028809e-01
-1.248276233673095703e-02 -5.737990140914916992e-02 2.355904579162597656e-01 -5.720881223678588867e-01 -1.548657417297363281e-01 -2.795182466506958008e-01
-3.699178099632263184e-01 -1.512336730957031250e-01 9.597969055175781250e-02 -6.142102479934692383e-01 -2.084475755691528320e-02 -3.927068710327148438e-01
-3.595059514045715332e-01 -4.308885335922241211e-02 1.862756013870239258e-01 -3.769485950469970703e-01 -2.716218233108520508e-01 -1.995202302932739258e-01
-3.518911600112915039e-01 -1.264453530311584473e-01 3.449872732162475586e-01 -3.132386803627014160e-01 -3.269350528717041016e-02 -1.925786733627319336e-01
-3.880054354667663574e-01 -8.188271522521972656e-02 4.428787231445312500e-01 -2.658812999725341797e-01 -1.848147511482238770e-01 -1.185669302940368652e-01
-3.955975770950317383e-01 -1.337108612060546875e-01 2.716258764266967773e-01 -2.840840220451354980e-01 -2.219349741935729980e-01 -2.462600469589233398e-01
-3.878819346427917480e-01 -8.091711997985839844e-02 2.713785171508789062e-01 -2.641924023628234863e-01 -1.933503746986389160e-01 -1.308878064155578613e-01
-4.976189732551574707e-01 -8.189272880554199219e-02 3.110737800598144531e-01 -1.543487906455993652e-01 -3.233936429023742676e-01 -1.444826722145080566e-01
-6.307535171508789062e-01 -1.018885374069213867e-01 3.629077672958374023e-01 -1.847623586654663086e-01 -3.687580227851867676e-01 -1.692970395088195801e-01
-5.146833658218383789e-01 1.463097333908081055e-01 3.981786966323852539e-01 -7.259774208068847656e-02 -4.776939153671264648e-01 2.394148111343383789e-01
-3.296203017234802246e-01 3.497964143753051758e-01 3.449462652206420898e-01 5.025255680084228516e-02 -2.607830762863159180e-01 4.926789999008178711e-01
-2.710250020027160645e-01 3.633112907409667969e-01 2.066509723663330078e-01 1.375316381454467773e-01 -2.302298545837402344e-01 3.174215555191040039e-01
-3.386602997779846191e-01 4.166259765625000000e-01 1.632004976272583008e-01 2.660696506500244141e-01 -1.190296411514282227e-01 2.580891847610473633e-01
-4.022606015205383301e-01 2.687054872512817383e-01 1.697027683258056641e-01 3.730535507202148438e-03 -2.775549888610839844e-01 2.490911483764648438e-01
-3.322886824607849121e-01 1.043798923492431641e-01 9.675705432891845703e-02 -3.734582662582397461e-02 -3.066477179527282715e-01 2.853422164916992188e-01
-2.594842910766601562e-01 3.208316564559936523e-01 2.781546115875244141e-02 1.021256446838378906e-01 -4.094474911689758301e-01 5.625602006912231445e-01
-1.814544200897216797e-03 4.037934541702270508e-01 -1.223307251930236816e-01 2.361042499542236328e-01 -3.648153543472290039e-01 5.982127189636230469e-01
-1.433395743370056152e-01 3.682544231414794922e-01 1.192314624786376953e-01 2.753354310989379883e-01 -4.780862331390380859e-01 7.684994935989379883e-01
5.703508853912353516e-02 3.731495141983032227e-01 3.488039970397949219e-02 2.826098203659057617e-01 -4.973652958869934082e-01 7.771947383880615234e-01
-5.220466852188110352e-02 3.416000604629516602e-01 -9.366887807846069336e-02 1.123085021972656250e-01 -4.002450108528137207e-01 6.694681644439697266e-01
-1.882181167602539062e-01 3.401669263839721680e-01 1.898914575576782227e-01 1.084359884262084961e-01 -3.172811865806579590e-01 7.158278226852416992e-01
-8.104324340820312500e-02 1.832302808761596680e-01 2.747989892959594727e-01 -3.953224420547485352e-02 -2.547109723091125488e-01 5.543613433837890625e-01
4.646527767181396484e-02 2.796734571456909180e-01 4.782235622406005859e-02 2.515258789062500000e-01 -2.072530984878540039e-01 5.823535919189453125e-01
-4.390962719917297363e-01 1.466423273086547852e-01 4.106914997100830078e-01 4.888200759887695312e-02 -9.903991222381591797e-02 5.236362218856811523e-01
-1.338654160499572754e-01 9.849643707275390625e-02 4.251133203506469727e-01 -1.076666712760925293e-01 -3.104646801948547363e-01 3.196171522140502930e-01
-4.903143644332885742e-02 4.106736183166503906e-02 2.258541584014892578e-01 -1.127838492393493652e-01 -2.217878699302673340e-01 2.486444711685180664e-01
-3.194291591644287109e-01 1.665248870849609375e-01 4.839409589767456055e-01 6.830811500549316406e-03 -3.689705133438110352e-01 4.970417022705078125e-01
-3.548864722251892090e-01 3.904402256011962891e-02 4.396940469741821289e-01 -1.965170502662658691e-01 -3.678805828094482422e-01 2.997980117797851562e-01
