3.607676029205322266e-01 2.491245269775390625e-01 -4.841933846473693848e-01 3.473646640777587891e-01 1.456339359283447266e-01 -3.056843876838684082e-01
4.303719997406005859e-01 2.552835941314697266e-01 -4.616075158119201660e-01 3.928166627883911133e-01 3.905248641967773438e-02 -2.746812105178833008e-01
4.498353004455566406e-01 1.953076124191284180e-01 -4.963609576225280762e-01 3.724650144577026367e-01 6.396174430847167969e-02 -3.039652109146118164e-01
3.766851425170898438e-01 1.559118032455444336e-01 -4.092443585395812988e-01 3.124793767929077148e-01 7.337737083435058594e-02 -3.252092003822326660e-01
4.511237144470214844e-01 1.308367252349853516e-01 -4.910968542098999023e-01 2.963799238204956055e-01 5.595803260803222656e-03 -3.099867701530456543e-01
3.620855808258056641e-01 1.618059873580932617e-01 -3.843004107475280762e-01 2.098461389541625977e-01 -6.002247333526611328e-03 -2.392570972442626953e-01
4.247970581054687500e-01 1.988027095794677734e-01 -4.124947190284729004e-01 2.253934144973754883e-01 4.304051399230957031e-02 -2.090868353843688965e-01
4.233622550964355469e-01 1.411310434341430664e-01 -3.679773807525634766e-01 1.823544502258300781e-01 1.509248018264770508e-01 -2.478500008583068848e-01
4.919396638870239258e-01 1.203700304031372070e-01 -3.996240496635437012e-01 3.215079307556152344e-01 1.371797323226928711e-01 -2.213454246520996094e-01
5.761580467224121094e-01 1.050374507904052734e-01 -4.922044277191162109e-01 3.271727561950683594e-01 2.223976850509643555e-01 -3.056744933128356934e-01
5.314894914627075195e-01 8.472144603729248047e-02 -4.413922429084777832e-01 2.679964303970336914e-01 2.505288124084472656e-01 -2.524537444114685059e-01
5.173963308334350586e-01 1.084276437759399414e-01 -5.055986642837524414e-01 2.566732168197631836e-01 2.247537374496459961e-01 -2.552413344383239746e-01
4.257154464721679688e-01 9.134125709533691406e-02 -5.045840144157409668e-01 2.089244127273559570e-01 2.645748853683471680e-01 -2.891469597816467285e-01
3.380752801895141602e-01 1.451102495193481445e-01 -4.915121793746948242e-01 5.252301692962646484e-02 2.502344846725463867e-01 -2.458716630935668945e-01
2.283860445022583008e-01 1.552435159683227539e-01 -5.849075317382812500e-01 -2.615088224411010742e-02 2.527841329574584961e-01 -2.093470096588134766e-01
2.254928350448608398e-01 5.113387107849121094e-02 -5.710442066192626953e-01 -1.919301748275756836e-01 4.766566753387451172e-01 -4.338731169700622559e-01
2.538937330245971680e-01 -2.375429868698120117e-02 -5.467182993888854980e-01 -4.414221048355102539e-01 6.486676931381225586e-01 -5.267519950866699219e-01
2.325732707977294922e-01 -1.281540393829345703e-01 -5.826414823532104492e-01 -3.121064305305480957e-01 5.796343088150024414e-01 -5.027860403060913086e-01
2.076603174209594727e-01 -2.239954471588134766e-02 -6.163921356201171875e-01 -3.839814662933349609e-01 3.191723823547363281e-01 -3.433482050895690918e-01
2.694941759109497070e-01 -1.669750213623046875e-01 -5.027375221252441406e-01 -2.768639326095581055e-01 4.101042747497558594e-01 -4.634498953819274902e-01
3.231636285781860352e-01 -1.116765737533569336e-01 -5.685524940490722656e-01 -3.232474923133850098e-01 3.580343723297119141e-01 -4.854331016540527344e-01
1.374423503875732422e-01 -9.050232172012329102e-02 -2.923524379730224609e-01 -4.768169522285461426e-01 2.485568523406982422e-01 -2.838025689125061035e-01
2.230914831161499023e-01 -2.752694487571716309e-01 -2.463394403457641602e-01 -4.993454813957214355e-01 5.044347047805786133e-01 -5.268297791481018066e-01
1.542274951934814453e-01 -2.257753014564514160e-01 -2.069083452224731445e-01 -4.817343354225158691e-01 4.011473655700683594e-01 -4.164670109748840332e-01
2.329910993576049805e-01 -2.810587286949157715e-01 -1.214265227317810059e-01 -4.432256817817687988e-01 5.433211326599121094e-01 -4.411897063255310059e-01
2.518457174301147461e-01 -2.875944972038269043e-01 -2.736181616783142090e-01 -4.554065465927124023e-01 5.300787687301635742e-01 -5.242457389831542969e-01
2.971121072769165039e-01 -2.576790452003479004e-01 -1.842201352119445801e-01 -3.882457017898559570e-01 5.299842357635498047e-01 -4.675357341766357422e-01
2.246738672256469727e-01 -3.292328715324401855e-01 -1.415002942085266113e-01 -4.045012593269348145e-01 4.898568391799926758e-01 -4.757556915283203125e-01
3.651548624038696289e-01 -3.080201148986816406e-01 -1.686121225357055664e-01 -3.670581579208374023e-01 4.666799306869506836e-01 -4.487436413764953613e-01
2.764824628829956055e-01 -3.154314756393432617e-01 -9.799826145172119141e-02 -4.184295535087585449e-01 4.749020338058471680e-01 -4.247969985008239746e-01
3.278905153274536133e-01 -2.675002217292785645e-01 -2.037662267684936523e-01 -3.880105018615722656e-01 4.212954044342041016e-01 -4.235786795616149902e-01
3.450260162353515625e-01 -3.757596611976623535e-01 -4.938250780105590820e-02 -3.929068446159362793e-01 5.546462535858154297e-01 -4.562559127807617188e-01
4.198971986770629883e-01 -3.035690188407897949e-01 -1.639614701271057129e-01 -4.471766948699951172e-01 4.927049875259399414e-01 -4.158426523208618164e-01
3.749986886978149414e-01 -3.600230216979980469e-01 -1.166388392448425293e-01 -3.614126443862915039e-01 5.588377714157104492e-01 -4.645085930824279785e-01
4.981659650802612305e-01 -4.270496368408203125e-01 -1.039664149284362793e-01 -3.418001532554626465e-01 6.101489067077636719e-01 -4.614186286926269531e-01
5.080053806304931641e-01 -3.418851494789123535e-01 -8.788943290710449219e-03 -4.287607669830322266e-01 6.368428468704223633e-01 -4.227903485298156738e-01
4.976915121078491211e-01 -4.159623980522155762e-01 1.484882831573486328e-02 -3.759060502052307129e-01 5.765981674194335938e-01 -4.475255608558654785e-01
4.755592346191406250e-01 -4.568005800247192383e-01 -2.137023210525512695e-02 -3.301289081573486328e-01 6.396443843841552734e-01 -4.918639659881591797e-01
5.894751548767089844e-01 -4.950945973396301270e-01 -3.796231746673583984e-02 -3.176233768463134766e-01 7.182879447937011719e-01 -4.686034321784973145e-01
5.808145999908447266e-01 -4.871570467948913574e-01 -4.899567365646362305e-02 -3.293159008026123047e-01 7.502894401550292969e-01 -5.020655393600463867e-01
4.984303712844848633e-01 -4.586269855499267578e-01 5.946636199951171875e-02 -3.176119327545166016e-01 6.103234291076660156e-01 -3.532701134681701660e-01
6.529189348220825195e-01 -4.813346266746520996e-01 -1.120131611824035645e-01 -2.666178345680236816e-01 7.044973373413085938e-01 -4.549733996391296387e-01
6.466827392578125000e-01 -4.770145416259765625e-01 -6.802153587341308594e-02 -2.078248262405395508e-01 6.708016395568847656e-01 -3.508405685424804688e-01
6.129876375198364258e-01 -4.887140989303588867e-01 -5.810582637786865234e-02 -1.444875597953796387e-01 6.489059925079345703e-01 -2.916833758354187012e-01
5.451937913894653320e-01 -4.217328429222106934e-01 4.472732543945312500e-04 -1.699717044830322266e-01 5.924299955368041992e-01 -1.517053842544555664e-01
4.738399982452392578e-01 -3.867965340614318848e-01 7.594990730285644531e-02 -2.672222852706909180e-01 5.866049528121948242e-01 -1.196825504302978516e-02
4.779340028762817383e-01 -3.053679466247558594e-01 3.267526626586914062e-03 -3.604642152786254883e-01 5.510357618331909180e-01 8.612418174743652344e-02
2.713499069213867188e-01 -2.681712508201599121e-01 1.164201498031616211e-01 -2.798504233360290527e-01 3.609619140625000000e-01 2.671815156936645508e-01
2.665791511535644531e-01 -2.970150113105773926e-01 3.365397453308105469e-02 -3.406050801277160645e-01 4.371289014816284180e-01 1.999652385711669922e-01
1.276330947875976562e-01 -2.078107595443725586e-01 8.897447586059570312e-02 -2.884795665740966797e-01 2.780367136001586914e-01 3.058773279190063477e-01
1.277900934219360352e-01 -1.500250697135925293e-01 5.522549152374267578e-02 -1.939778327941894531e-01 1.942471265792846680e-01 4.043133258819580078e-01
1.230890750885009766e-01 -1.516730189323425293e-01 1.327106952667236328e-01 -7.897150516510009766e-02 1.827971935272216797e-01 4.267414808273315430e-01
1.856564283370971680e-01 -1.435291171073913574e-01 9.045362472534179688e-02 3.881895542144775391e-02 1.885647773742675781e-01 4.501750469207763672e-01
-5.511701107025146484e-03 -5.513137578964233398e-02 2.006704807281494141e-01 3.112125396728515625e-02 9.573554992675781250e-02 5.338451862335205078e-01
-2.883541584014892578e-02 -8.974927663803100586e-02 1.267174482345581055e-01 1.181483268737792969e-02 1.245193481445312500e-01 5.069694519042968750e-01
-2.344558835029602051e-01 -1.341671943664550781e-01 2.341070175170898438e-01 -6.744796037673950195e-02 -8.432209491729736328e-03 3.890116214752197266e-01
-7.504266500473022461e-02 -7.813143730163574219e-02 4.154052734375000000e-01 -1.053428649902343750e-01 1.296063661575317383e-01 3.367090225219726562e-01
-2.547404766082763672e-01 -1.894090175628662109e-01 3.163301944732666016e-01 -4.256951808929443359e-02 1.016198396682739258e-01 2.189806699752807617e-01
-1.154247522354125977e-01 -1.936507821083068848e-01 2.836304903030395508e-01 6.177163124084472656e-02 1.932895183563232422e-01 1.277316808700561523e-01
-1.960629224777221680e-01 -3.595727682113647461e-02 5.366747379302978516e-01 3.442418575286865234e-02 1.031552553176879883e-01 4.048212766647338867e-01
-3.185465931892395020e-01 -1.307922601699829102e-02 4.718440771102905273e-01 2.110195159912109375e-02 -8.891510963439941406e-02 4.758616685867309570e-01
6.280922889709472656e-02 -4.658871889114379883e-02 1.958876848220825195e-01 4.679763317108154297e-02 2.072789669036865234e-01 -7.179462909698486328e-02
1.586276292800903320e-01 1.799654960632324219e-02 2.870903015136718750e-01 1.480219364166259766e-01 3.093243837356567383e-01 -1.934075355529785156e-02
2.347822189331054688e-01 -6.046569347381591797e-02 3.819173574447631836e-01 7.515084743499755859e-02 5.051839351654052734e-02 2.557170391082763672e-02
2.085787057876586914e-01 3.342975378036499023e-01 3.649309873580932617e-01 -3.544801473617553711e-02 8.951330184936523438e-02 1.755406856536865234e-01
4.826810359954833984e-01 3.175547122955322266e-01 2.833294868469238281e-02 -1.728874444961547852e-02 1.329013109207153320e-01 9.298813343048095703e-02
5.769600868225097656e-01 3.032730817794799805e-01 -7.056772708892822266e-02 -1.236289143562316895e-01 1.951390504837036133e-01 -2.567702531814575195e-02
7.682423591613769531e-01 2.909305095672607422e-01 -9.845906496047973633e-02 -1.791038513183593750e-01 3.457553386688232422e-01 -1.221680641174316406e-02
6.454322338104248047e-01 3.698273897171020508e-01 -2.891808748245239258e-02 -2.354228496551513672e-01 2.303375005722045898e-01 1.028175354003906250e-01
7.201968431472778320e-01 2.408787012100219727e-01 -4.755562543869018555e-02 -3.526307940483093262e-01 4.054882526397705078e-01 -5.505710840225219727e-02
5.884873867034912109e-01 1.272101402282714844e-01 -6.725788116455078125e-03 -4.234401583671569824e-01 3.823815584182739258e-01 -1.231328248977661133e-01
4.702202081680297852e-01 6.558299064636230469e-03 1.102557182312011719e-01 -4.319527745246887207e-01 3.710113763809204102e-01 -1.220955848693847656e-01
1.587954759597778320e-01 -5.246728658676147461e-02 3.332229852676391602e-01 -7.576686143875122070e-01 3.541629314422607422e-01 -2.004171609878540039e-01
-1.055621504783630371e-01 3.052878379821777344e-02 5.716445446014404297e-01 -4.178237318992614746e-01 2.715169191360473633e-01 -2.978932857513427734e-02
-2.916060090065002441e-01 2.318090200424194336e-01 6.798272132873535156e-01 -3.669332861900329590e-01 -1.621189117431640625e-01 2.339512109756469727e-01
-1.895856857299804688e-01 2.281419038772583008e-01 4.697468280792236328e-01 -3.898097872734069824e-01 -6.035023927688598633e-02 9.566199779510498047e-02
4.181027412414550781e-03 1.702399253845214844e-01 2.157937288284301758e-01 -3.804502487182617188e-01 -9.085178375244140625e-03 -7.302606105804443359e-02
-1.196392178535461426e-01 6.863188743591308594e-02 4.930777549743652344e-01 -4.527078866958618164e-01 1.002311706542968750e-03 -1.623516678810119629e-01
-3.499814867973327637e-01 9.587454795837402344e-02 4.687461853027343750e-01 -3.629230856895446777e-01 -1.233966946601867676e-01 -5.484384298324584961e-02
-1.276521086692810059e-01 -3.007787466049194336e-02 5.209436416625976562e-01 -2.936202883720397949e-01 1.908490657806396484e-01 -1.135615706443786621e-01
-4.131183028221130371e-01 9.211146831512451172e-02 4.631484746932983398e-01 -1.741074323654174805e-01 -5.809497833251953125e-02 2.604961395263671875e-02
-2.785274386405944824e-01 -2.616819143295288086e-01 2.300288677215576172e-01 -7.059884071350097656e-02 2.465947866439819336e-01 -5.665081739425659180e-01
-5.208927392959594727e-02 -3.021830916404724121e-01 2.269897460937500000e-01 6.523609161376953125e-03 2.997750043869018555e-01 -8.009466528892517090e-01
9.249448776245117188e-03 -3.037393093109130859e-02 5.376532077789306641e-01 -3.593420386314392090e-01 2.490520477294921875e-01 -1.864576339721679688e-01
6.274914741516113281e-02 -5.108118057250976562e-03 3.849672079086303711e-01 -4.097999930381774902e-01 2.826282978057861328e-01 -1.280397176742553711e-01
2.133549451828002930e-01 1.532056331634521484e-01 3.201794624328613281e-01 -4.501008987426757812e-01 1.947135925292968750e-01 7.449781894683837891e-02
1.853702068328857422e-01 3.026490211486816406e-01 3.284444808959960938e-01 -5.662353634834289551e-01 1.544995307922363281e-01 1.069509983062744141e-01
9.007990360260009766e-02 3.417991399765014648e-01 3.727407455444335938e-01 -5.476139783859252930e-01 7.719397544860839844e-03 2.536951303482055664e-01
1.058011054992675781e-01 2.311695814132690430e-01 4.335993528366088867e-01 -5.007761716842651367e-01 1.521970033645629883e-01 1.501231193542480469e-01
3.182244300842285156e-01 1.978948116302490234e-01 3.764817714691162109e-01 -4.345729947090148926e-01 2.315194606781005859e-01 1.307719945907592773e-01
2.628557682037353516e-01 9.514558315277099609e-02 4.055448770523071289e-01 -4.600825905799865723e-01 2.552461624145507812e-01 3.377056121826171875e-02
1.472028493881225586e-01 1.812064647674560547e-02 5.032097101211547852e-01 -5.154737234115600586e-01 3.028627634048461914e-01 -1.061691641807556152e-01
1.141248941421508789e-01 -2.604978680610656738e-01 4.603714942932128906e-01 -5.656152963638305664e-01 4.895263910293579102e-01 -4.258548021316528320e-01
-2.023265361785888672e-01 6.341326236724853516e-02 6.823399066925048828e-01 -5.706197023391723633e-01 3.912031650543212891e-02 -1.351654529571533203e-02
-7.738846540451049805e-02 2.005652189254760742e-01 6.667590141296386719e-01 -5.099964141845703125e-01 3.422856330871582031e-02 1.417348384857177734e-01
-3.739196658134460449e-01 1.198592185974121094e-01 5.688843727111816406e-01 -4.450133442878723145e-01 -3.064191341400146484e-02 1.673322916030883789e-01
9.044885635375976562e-03 5.211710929870605469e-02 3.985484838485717773e-01 -4.935716986656188965e-01 1.852378845214843750e-01 -2.524548768997192383e-02
3.637135028839111328e-02 5.485773086547851562e-03 3.467594385147094727e-01 -3.610825538635253906e-01 2.946263551712036133e-01 -7.497310638427734375e-02
-2.296907901763916016e-01 2.217662334442138672e-01 4.279780387878417969e-01 -3.722512125968933105e-01 8.968770503997802734e-02 6.584048271179199219e-02
-3.781939148902893066e-01 1.203356981277465820e-01 4.979279041290283203e-01 -2.871494889259338379e-01 -1.838012933731079102e-01 1.462817192077636719e-01
-2.265141606330871582e-01 -4.396539926528930664e-02 6.163012981414794922e-01 -3.840978145599365234e-01 2.022945880889892578e-01 -2.955055236816406250e-02
-2.371164560317993164e-01 -1.011029481887817383e-01 4.058433771133422852e-01 -1.780008077621459961e-01 6.691658496856689453e-02 -7.461547851562500000e-02
-4.519364833831787109e-01 -1.478306651115417480e-01 2.904248237609863281e-02 -1.823037862777709961e-02 4.208737611770629883e-01 -6.533986330032348633e-01
-4.474087357521057129e-01 -1.780548691749572754e-01 1.220045089721679688e-01 5.180859565734863281e-02 4.040690660476684570e-01 -5.882177352905273438e-01
-3.579002022743225098e-01 -2.079092264175415039e-01 2.127296924591064453e-01 5.878329277038574219e-02 3.322005271911621094e-01 -5.374922156333923340e-01
-4.090514779090881348e-01 -7.072529792785644531e-01 1.581438779830932617e-01 1.214950084686279297e-01 3.796404600143432617e-01 -9.071609973907470703e-01
-2.762269377708435059e-01 -6.305837631225585938e-01 5.100872516632080078e-01 1.156371831893920898e-01 3.064930438995361328e-01 -6.584524512290954590e-01
6.572234630584716797e-02 -6.958173513412475586e-01 5.709474086761474609e-01 -1.895465850830078125e-01 3.593022823333740234e-01 -7.701832652091979980e-01
1.923588514328002930e-01 -6.692315340042114258e-01 1.068091392517089844e-01 -3.219721913337707520e-01 4.925644397735595703e-01 -7.080950736999511719e-01
5.403804779052734375e-02 -4.937608242034912109e-01 1.090831756591796875e-01 -4.461786150932312012e-01 4.821203947067260742e-01 -4.881516695022583008e-01
2.491300106048583984e-01 -4.060130119323730469e-01 -1.049857735633850098e-01 -6.065930128097534180e-01 5.428988933563232422e-01 -5.250229835510253906e-01
1.353068351745605469e-01 -4.294435977935791016e-01 -1.492270827293395996e-01 -5.318669676780700684e-01 3.673549890518188477e-01 -5.415705442428588867e-01
2.425551414489746094e-02 -4.431331753730773926e-01 -2.864617109298706055e-02 -4.904225468635559082e-01 2.311108112335205078e-01 -5.313329100608825684e-01
-1.566222906112670898e-01 -3.377573490142822266e-01 1.665731668472290039e-01 -5.436343550682067871e-01 2.320262193679809570e-01 -4.117274284362792969e-01
-1.365187764167785645e-01 -2.631642818450927734e-01 3.189747333526611328e-01 -5.217585563659667969e-01 3.835892677307128906e-02 -2.296522855758666992e-01
-2.501299977302551270e-01 -4.141698479652404785e-01 2.354451417922973633e-01 -4.000362753868103027e-01 2.094678878784179688e-01 -3.412553668022155762e-01
-3.522590994834899902e-01 -3.536050319671630859e-01 2.878009080886840820e-01 -3.208028078079223633e-01 2.473164796829223633e-01 -4.029524922370910645e-01
-3.195816278457641602e-01 -3.047653436660766602e-01 1.843096017837524414e-01 -1.933761239051818848e-01 1.291954517364501953e-02 -2.514532804489135742e-01
-2.808238863945007324e-01 -3.890882134437561035e-01 1.608625650405883789e-01 -2.847201228141784668e-01 4.694008827209472656e-02 -2.299252152442932129e-01
-3.038225173950195312e-01 -3.887818455696105957e-01 1.949747800827026367e-01 -2.160003781318664551e-01 1.120464801788330078e-01 -2.754192352294921875e-01
-9.147995710372924805e-02 -3.286408782005310059e-01 2.708201408386230469e-01 -3.674462437629699707e-01 2.437424659729003906e-02 -2.318498492240905762e-01
-3.151875734329223633e-01 -9.557443857192993164e-02 3.759621381759643555e-01 -1.117135286331176758e-01 -2.576540112495422363e-01 5.677855014801025391e-02
-5.015921592712402344e-01 8.550655841827392578e-02 3.577202558517456055e-01 -6.579071283340454102e-02 -1.971117258071899414e-01 2.377611398696899414e-01
-3.067225217819213867e-01 3.270211219787597656e-01 2.651060819625854492e-01 1.166970729827880859e-01 -3.460144996643066406e-02 1.875478029251098633e-01
-5.882283449172973633e-01 4.037033319473266602e-01 1.729362010955810547e-01 2.711083889007568359e-01 -1.934241652488708496e-01 1.884766817092895508e-01
-1.917663812637329102e-01 6.057691574096679688e-02 1.610599756240844727e-01 -2.179343104362487793e-01 -1.975294351577758789e-01 1.157921552658081055e-01
-1.231250166893005371e-01 2.459602355957031250e-01 -1.086784601211547852e-01 2.094298601150512695e-01 -4.579142928123474121e-01 3.382806777954101562e-01
-6.654655933380126953e-02 1.947464942932128906e-01 -1.808937191963195801e-01 3.143481016159057617e-01 -1.969313025474548340e-01 3.084881305694580078e-01
-1.475492119789123535e-01 2.789603471755981445e-01 -3.024403452873229980e-01 3.830785751342773438e-01 -2.703644037246704102e-01 3.204786777496337891e-01
-1.922319531440734863e-01 3.327851295471191406e-01 -2.122517228126525879e-01 3.826824426651000977e-01 -4.512867927551269531e-01 5.374337434768676758e-01
3.089976310729980469e-02 3.235166072845458984e-01 -2.437923550605773926e-01 3.290487527847290039e-01 -2.869858145713806152e-01 4.685292243957519531e-01
-2.635139226913452148e-02 1.479773521423339844e-01 -1.671414971351623535e-01 3.727494478225708008e-01 -1.683091521263122559e-01 3.035100698471069336e-01
-1.986827254295349121e-01 2.157903909683227539e-01 -1.530343890190124512e-01 1.686948537826538086e-01 -4.640487432479858398e-01 4.954322576522827148e-01
-3.293387293815612793e-01 3.381327390670776367e-01 -5.415904521942138672e-02 2.873293161392211914e-01 -5.350891351699829102e-01 7.348775863647460938e-01
-2.248896956443786621e-01 1.036571264266967773e-01 3.295881748199462891e-01 5.927622318267822266e-02 -2.660764455795288086e-01 5.789964199066162109e-01
-9.277164936065673828e-02 2.688064575195312500e-01 -2.593272924423217773e-02 2.768534421920776367e-01 -4.452547430992126465e-01 4.833256006240844727e-01
-3.139588832855224609e-01 4.117366075515747070e-01 1.251308917999267578e-01 2.478979825973510742e-01 -4.098880290985107422e-01 6.489143371582031250e-01
-1.173976063728332520e-01 -1.545506715774536133e-02 3.311051130294799805e-01 1.274732351303100586e-01 -2.976375222206115723e-01 4.332758188247680664e-01
-9.266763925552368164e-02 -1.720637083053588867e-01 4.100995063781738281e-01 -8.423125743865966797e-02 -2.923721075057983398e-02 1.904243230819702148e-01
-1.419714689254760742e-01 1.999223232269287109e-02 4.914373159408569336e-01 2.680540084838867188e-02 -2.965865731239318848e-01 3.435957431793212891e-01
-1.196835637092590332e-01 -1.057091355323791504e-01 4.828261137008666992e-01 7.904493808746337891e-02 -1.284046173095703125e-01 3.181118965148925781e-01
