-2.166543006896972656e-01 -4.798840284347534180e-01 1.259052753448486328e-01 -1.763040423393249512e-01 -1.537829637527465820e-01 -2.129536867141723633e-02
1.172184944152832031e-01 -4.519882798194885254e-01 -1.488564610481262207e-01 -3.461162447929382324e-01 -2.574763894081115723e-01 -1.793551445007324219e-02
3.252211809158325195e-01 -6.240242719650268555e-01 -4.432800412178039551e-01 -2.423970699310302734e-01 -3.368980884552001953e-01 -2.412750720977783203e-01
2.354648113250732422e-01 -5.514367818832397461e-01 -3.340367674827575684e-01 -3.588910698890686035e-01 -4.304234385490417480e-01 -1.904586553573608398e-01
2.118477821350097656e-01 -5.849163532257080078e-01 -2.328208684921264648e-01 -2.027401328086853027e-01 -5.809166431427001953e-01 -1.345278024673461914e-01
2.401630878448486328e-01 -5.441721677780151367e-01 -2.804638743400573730e-01 -3.154626488685607910e-01 -5.211681127548217773e-01 -2.130880355834960938e-01
1.625202894210815430e-01 -5.007088780403137207e-01 -2.843995690345764160e-01 -3.134200572967529297e-01 -6.518826484680175781e-01 -1.368867158889770508e-01
2.070583105087280273e-01 -5.420953631401062012e-01 -2.816505432128906250e-01 -3.360021114349365234e-01 -5.636732578277587891e-01 -2.691591382026672363e-01
1.323251724243164062e-01 -5.544836521148681641e-01 -3.617429733276367188e-01 -4.154142737388610840e-01 -7.207999825477600098e-01 -2.459514141082763672e-01
2.901461124420166016e-01 -5.821412801742553711e-01 -3.900431990623474121e-01 -3.781176209449768066e-01 -4.315456151962280273e-01 -4.199227690696716309e-01
3.467457294464111328e-01 -6.302357912063598633e-01 -3.306465744972229004e-01 -3.456279635429382324e-01 -3.442448973655700684e-01 -4.215878248214721680e-01
8.905839920043945312e-02 -5.983550548553466797e-01 -3.094330430030822754e-01 -2.863603234291076660e-01 -4.562275409698486328e-01 -3.371958732604980469e-01
3.054640293121337891e-01 -4.816529750823974609e-01 -4.829373359680175781e-01 -2.521239519119262695e-01 -4.514634013175964355e-01 -2.287510633468627930e-01
2.206046581268310547e-01 -5.485758781433105469e-01 -2.657637000083923340e-01 -3.824106454849243164e-01 -2.535715699195861816e-01 -2.110967636108398438e-01
1.446887254714965820e-01 -5.049871206283569336e-01 -2.404869198799133301e-01 -2.478377223014831543e-01 -4.465194940567016602e-01 3.781914710998535156e-03
2.805831432342529297e-01 -5.645327568054199219e-01 -1.737802028656005859e-01 -2.545732855796813965e-01 -2.172285914421081543e-01 -1.092208027839660645e-01
3.786638975143432617e-01 -6.097200512886047363e-01 -2.250894904136657715e-01 -2.304697036743164062e-01 -8.056378364562988281e-02 -2.162911891937255859e-01
2.844693660736083984e-01 -4.978796839714050293e-01 -1.260251998901367188e-01 -2.105565667152404785e-01 -1.748441457748413086e-01 -6.689864397048950195e-02
1.974326372146606445e-01 -5.184988975524902344e-01 -1.456440687179565430e-01 -2.393278479576110840e-01 -1.646258234977722168e-01 -9.276431798934936523e-02
1.896482706069946289e-01 -5.509815812110900879e-01 -9.564197063446044922e-02 -2.125452756881713867e-01 -1.975266337394714355e-01 1.917314529418945312e-02
2.037836313247680664e-01 -5.132554769515991211e-01 -4.073405265808105469e-02 -2.368597984313964844e-01 -1.529735922813415527e-01 2.959954738616943359e-02
3.190470933914184570e-01 -5.026694536209106445e-01 -4.963105916976928711e-02 -1.456574201583862305e-01 -3.833186626434326172e-02 -2.941024303436279297e-02
3.016391992568969727e-01 -4.844827651977539062e-01 -1.513569355010986328e-01 -1.274742484092712402e-01 -3.314971923828125000e-02 -6.360608339309692383e-02
4.460742473602294922e-01 -3.619877099990844727e-01 -1.983521580696105957e-01 -4.698234796524047852e-02 -1.597707271575927734e-01 8.233785629272460938e-02
3.662172555923461914e-01 -2.344697117805480957e-01 -1.071434020996093750e-01 -1.334600448608398438e-01 -2.573066949844360352e-01 2.723536491394042969e-01
4.303258657455444336e-01 -2.309411764144897461e-01 -1.248964667320251465e-01 -1.944553852081298828e-01 -1.570057272911071777e-01 2.425347566604614258e-01
3.671317100524902344e-01 -2.019822597503662109e-01 5.652499198913574219e-02 -3.029065728187561035e-01 -1.131242513656616211e-01 3.300169706344604492e-01
3.777488470077514648e-01 -1.964118480682373047e-01 4.380714893341064453e-02 -3.488977551460266113e-01 -7.108825445175170898e-02 3.243387937545776367e-01
5.009390115737915039e-01 -2.339762449264526367e-01 -4.772561788558959961e-02 -2.592142224311828613e-01 -1.092362403869628906e-02 2.939331531524658203e-01
3.893285989761352539e-01 -3.163021802902221680e-01 8.802449703216552734e-02 -2.994042038917541504e-01 9.177076816558837891e-02 2.935826778411865234e-01
3.124817609786987305e-01 -1.479731202125549316e-01 6.061518192291259766e-02 -2.851855158805847168e-01 -9.237027168273925781e-02 4.186197519302368164e-01
2.258089780807495117e-01 -1.169583201408386230e-01 1.069914102554321289e-01 -1.749334931373596191e-01 -1.763606667518615723e-01 4.961297512054443359e-01
2.849906682968139648e-01 -9.870326519012451172e-02 1.073594093322753906e-01 -1.749995350837707520e-01 -1.342378258705139160e-01 4.782109260559082031e-01
2.693387269973754883e-01 -1.152711510658264160e-01 8.011996746063232422e-02 -9.511631727218627930e-02 -1.301332116127014160e-01 4.664579629898071289e-01
1.856532096862792969e-01 8.706033229827880859e-02 9.483480453491210938e-02 -1.701286435127258301e-01 -2.445482015609741211e-01 7.290760278701782227e-01
2.825335264205932617e-01 -3.417205810546875000e-02 3.416311740875244141e-02 -7.695877552032470703e-02 -1.158523559570312500e-02 5.644651651382446289e-01
1.060853004455566406e-01 -2.361869812011718750e-02 6.768167018890380859e-02 -1.457101106643676758e-01 5.542564392089843750e-02 4.568946361541748047e-01
4.280889034271240234e-02 -1.080334186553955078e-02 4.976781606674194336e-01 -2.663869261741638184e-01 1.215373277664184570e-01 4.613035917282104492e-01
-2.649945020675659180e-02 1.272439956665039062e-02 6.324936151504516602e-01 -2.573990821838378906e-01 5.267357826232910156e-02 5.644714832305908203e-01
1.871600151062011719e-01 -1.905654668807983398e-01 3.304495811462402344e-01 5.795228481292724609e-02 3.314733505249023438e-01 9.291148185729980469e-02
-1.072642803192138672e-01 -2.415241003036499023e-01 6.342663764953613281e-01 6.244838237762451172e-02 3.498564958572387695e-01 1.830393075942993164e-01
1.974234580993652344e-01 -7.009655237197875977e-02 3.731783628463745117e-01 1.413671970367431641e-01 1.395008563995361328e-01 2.105677127838134766e-01
2.897130250930786133e-01 -7.700353860855102539e-02 4.540128707885742188e-01 3.383162021636962891e-01 3.384133577346801758e-01 1.922563314437866211e-01
3.844034671783447266e-01 1.335417032241821289e-01 2.396876811981201172e-01 1.243166923522949219e-01 2.885156869888305664e-01 8.936202526092529297e-02
4.326277971267700195e-01 2.901873588562011719e-01 2.364113330841064453e-01 -1.593488454818725586e-02 1.304996013641357422e-01 2.404063940048217773e-01
5.515022277832031250e-01 2.805432081222534180e-01 2.318274974822998047e-01 -6.745445728302001953e-02 1.532485485076904297e-01 2.016767263412475586e-01
7.210311889648437500e-01 2.137753963470458984e-01 -1.692504286766052246e-01 -3.065973520278930664e-02 2.514374256134033203e-01 -3.438967466354370117e-02
7.283773422241210938e-01 2.668151855468750000e-01 -6.416130065917968750e-02 -1.026228070259094238e-01 2.757567167282104492e-01 6.551027297973632812e-03
8.472392559051513672e-01 3.418599367141723633e-01 -2.344149351119995117e-02 -3.303601145744323730e-01 2.975450754165649414e-01 8.426880836486816406e-02
6.579886674880981445e-01 4.079058170318603516e-01 1.460993289947509766e-02 -3.653408885002136230e-01 1.324065923690795898e-01 1.853801012039184570e-01
8.684259653091430664e-01 4.672331809997558594e-01 -1.731265187263488770e-01 -2.152574658393859863e-01 9.445548057556152344e-02 1.809712648391723633e-01
6.742177009582519531e-01 4.377936124801635742e-01 5.882370471954345703e-02 -4.010837674140930176e-01 8.283102512359619141e-02 2.132660150527954102e-01
7.986123561859130859e-01 4.036377668380737305e-01 -6.659448146820068359e-03 -3.093333244323730469e-01 1.525119543075561523e-01 1.852294206619262695e-01
5.318609476089477539e-01 1.314905881881713867e-01 1.499108076095581055e-01 -3.376420736312866211e-01 3.201546669006347656e-01 -6.276607513427734375e-03
4.234105348587036133e-01 -2.107650041580200195e-02 1.977148056030273438e-01 -2.686307430267333984e-01 3.184499740600585938e-01 -1.207765936851501465e-01
8.633649349212646484e-02 -7.687985897064208984e-02 1.857094764709472656e-01 -4.970794916152954102e-01 1.790004968643188477e-01 -2.188639044761657715e-01
-1.507718563079833984e-01 1.527801752090454102e-01 5.132038593292236328e-01 -3.550182580947875977e-01 9.597539901733398438e-03 1.402041912078857422e-01
1.108984947204589844e-01 2.404624223709106445e-01 4.559490680694580078e-01 -3.027228116989135742e-01 -1.328533887863159180e-02 4.409420490264892578e-02
-2.039085626602172852e-01 1.137992143630981445e-01 4.311447143554687500e-01 -1.692419648170471191e-01 2.043259143829345703e-02 -1.748335361480712891e-02
-4.292899370193481445e-02 -5.120849609375000000e-02 3.858754634857177734e-01 -2.944715619087219238e-01 1.929410696029663086e-01 -1.944996714591979980e-01
-1.318989992141723633e-01 -2.101153135299682617e-02 4.901204109191894531e-01 -4.517963528633117676e-01 1.058355569839477539e-01 -1.741665601730346680e-01
-2.667946219444274902e-01 4.176211357116699219e-02 5.085678100585937500e-01 -1.742443442344665527e-01 -1.567029356956481934e-01 -4.085677862167358398e-02
-4.859894514083862305e-01 5.986714363098144531e-02 5.604647397994995117e-01 7.664799690246582031e-03 -1.837104558944702148e-02 1.127498149871826172e-01
-4.155088663101196289e-01 -3.150326013565063477e-02 3.756884336471557617e-01 -2.524572610855102539e-02 2.587187290191650391e-02 -8.916437625885009766e-02
-3.104565143585205078e-01 -4.130673408508300781e-02 4.963051080703735352e-01 -5.267912149429321289e-02 -3.298777341842651367e-02 -4.560059309005737305e-02
-2.969411015510559082e-01 -1.420741081237792969e-01 4.579071998596191406e-01 -8.045691251754760742e-02 3.514009714126586914e-01 -4.565318226814270020e-01
-1.885771751403808594e-02 -2.313563227653503418e-01 4.966363906860351562e-01 -1.471225619316101074e-01 5.669687986373901367e-01 -5.970810055732727051e-01
8.136665821075439453e-02 -3.104920387268066406e-01 4.505270719528198242e-01 -1.021325588226318359e-03 4.030593633651733398e-01 -4.399749636650085449e-01
3.330020904541015625e-01 6.515908241271972656e-02 1.808960437774658203e-01 -1.466836929321289062e-01 2.209291458129882812e-01 -1.033596992492675781e-01
4.162191152572631836e-01 2.629343271255493164e-01 2.153168916702270508e-01 -2.689247131347656250e-01 2.259833812713623047e-01 6.242537498474121094e-02
4.158400297164916992e-01 2.585582733154296875e-01 3.060541152954101562e-01 -2.405618429183959961e-01 1.991314888000488281e-01 1.301076412200927734e-01
4.249212741851806641e-01 3.379746675491333008e-01 3.203711509704589844e-01 -3.654822707176208496e-01 1.355612277984619141e-01 2.038187980651855469e-01
4.505966901779174805e-01 3.201227188110351562e-01 2.030035257339477539e-01 -2.434641718864440918e-01 7.419395446777343750e-02 1.717088222503662109e-01
3.531563282012939453e-01 3.227043151855468750e-01 2.894253730773925781e-01 -3.747369647026062012e-01 9.314715862274169922e-02 1.319768428802490234e-01
2.987802028656005859e-01 3.658336400985717773e-01 2.782943248748779297e-01 -2.941329479217529297e-01 -2.964097261428833008e-02 2.452719211578369141e-01
3.728855848312377930e-01 2.896752357482910156e-01 2.637670040130615234e-01 -2.638779878616333008e-01 4.339206218719482422e-02 2.221206426620483398e-01
3.042868375778198242e-01 1.390762329101562500e-01 3.699632883071899414e-01 -2.072210907936096191e-01 1.051750183105468750e-01 1.377739906311035156e-01
2.313971519470214844e-01 1.472425460815429688e-01 3.119883537292480469e-01 -2.315408587455749512e-01 -6.014204025268554688e-02 1.460522413253784180e-01
1.201869249343872070e-01 5.229651927947998047e-02 5.071003437042236328e-01 -3.773984909057617188e-01 -3.229743242263793945e-02 1.102305650711059570e-01
-3.968933224678039551e-01 -1.201608777046203613e-01 4.600971937179565430e-01 -2.659613490104675293e-01 9.960532188415527344e-03 -1.792901158332824707e-01
-4.047194719314575195e-01 6.790971755981445312e-02 5.065898895263671875e-01 -2.005690336227416992e-01 -4.666846990585327148e-02 1.531850099563598633e-01
-4.992793202400207520e-01 4.975843429565429688e-02 2.392737865447998047e-01 4.601240158081054688e-02 -1.965720653533935547e-01 9.714329242706298828e-02
-4.088296890258789062e-01 -6.731164455413818359e-02 5.148884057998657227e-01 -3.409880399703979492e-02 -1.549331545829772949e-01 -1.195871829986572266e-02
-2.139886617660522461e-01 -2.645671367645263672e-02 4.733784198760986328e-01 -2.544080615043640137e-01 -2.302836775779724121e-01 -2.982586622238159180e-02
-5.722862482070922852e-02 9.933698177337646484e-02 5.136516094207763672e-01 -3.201399445533752441e-01 -2.517042160034179688e-01 1.365948915481567383e-01
2.596139907836914062e-03 -5.188989639282226562e-02 6.125081777572631836e-01 -1.582161784172058105e-01 -2.032801508903503418e-01 2.131330966949462891e-02
-1.042176485061645508e-01 -1.278654336929321289e-01 3.602912425994873047e-01 -2.062108516693115234e-01 -2.158419489860534668e-01 -1.147843003273010254e-01
-2.428832054138183594e-01 -2.953146100044250488e-01 2.320896387100219727e-01 -2.433897852897644043e-01 1.771765947341918945e-01 -6.094899773597717285e-01
-3.830122947692871094e-02 -4.516876339912414551e-01 2.415826320648193359e-01 -1.654320955276489258e-02 5.427349805831909180e-01 -1.000000000000000000e+00
-8.074557781219482422e-02 -3.154498934745788574e-01 4.689569473266601562e-01 7.006227970123291016e-02 3.851426839828491211e-01 -5.370342731475830078e-01
-1.734760403633117676e-01 -3.117595314979553223e-01 7.755744457244873047e-01 -5.332714319229125977e-02 3.200191259384155273e-01 -4.276776909828186035e-01
-2.902435660362243652e-01 -5.356854200363159180e-02 8.347061872482299805e-01 -1.513378024101257324e-01 -1.619304418563842773e-01 -5.045914649963378906e-02
-4.167276620864868164e-02 3.734123706817626953e-02 7.265396118164062500e-01 -2.253468632698059082e-01 -3.606790900230407715e-01 -4.971486330032348633e-02
2.030470371246337891e-01 2.899310588836669922e-01 5.196541547775268555e-01 -4.534391760826110840e-01 -3.535716533660888672e-01 1.066890954971313477e-01
1.336258649826049805e-01 2.390474081039428711e-01 5.817589759826660156e-01 -4.616833329200744629e-01 -1.485149264335632324e-01 1.692574024200439453e-01
2.495458126068115234e-01 2.294442653656005859e-01 5.785955190658569336e-01 -5.091623067855834961e-01 -1.581315398216247559e-01 2.399893999099731445e-01
2.882075309753417969e-01 4.674686193466186523e-01 3.703988790512084961e-01 -4.747166633605957031e-01 -3.003710508346557617e-01 3.765598535537719727e-01
2.645236253738403320e-01 3.218779563903808594e-01 3.813346624374389648e-01 -3.685167431831359863e-01 -2.246820926666259766e-01 3.047676086425781250e-01
2.044036388397216797e-01 2.653423547744750977e-01 3.876731395721435547e-01 -4.307892322540283203e-01 -1.123918890953063965e-01 2.247707843780517578e-01
2.420942783355712891e-01 -9.412050247192382812e-03 3.650572299957275391e-01 -2.961890697479248047e-01 1.585321426391601562e-01 -6.598019599914550781e-02
1.762707233428955078e-01 -1.794151663780212402e-01 5.329598188400268555e-01 -4.328513145446777344e-01 2.849469184875488281e-01 -1.560845375061035156e-01
-2.785122394561767578e-02 -1.516160368919372559e-01 6.172306537628173828e-01 -3.196588158607482910e-01 1.421475410461425781e-02 -7.977229356765747070e-02
-3.824397921562194824e-01 -1.370876431465148926e-01 5.793070793151855469e-01 -3.552795648574829102e-01 -2.022248506546020508e-02 -1.709080934524536133e-01
-2.317286133766174316e-01 -1.052588224411010742e-01 4.894113540649414062e-01 -2.308017015457153320e-01 -1.727514863014221191e-01 -7.593077421188354492e-02
-2.971751093864440918e-01 -1.606328487396240234e-01 3.306642770767211914e-01 -3.238439559936523438e-03 -1.935222744941711426e-01 -1.773791909217834473e-01
-3.830746412277221680e-01 -2.804555296897888184e-01 2.033150196075439453e-01 -2.803393602371215820e-01 -1.056318283081054688e-01 -3.739334344863891602e-01
-4.572755694389343262e-01 -1.655053496360778809e-01 3.164942264556884766e-01 -1.465251445770263672e-01 -2.353034615516662598e-01 -2.544201612472534180e-01
-4.077763557434082031e-01 -1.280246973037719727e-01 4.943017959594726562e-01 -2.229993343353271484e-01 -1.480870246887207031e-01 -5.308371782302856445e-02
-4.284418225288391113e-01 -1.210796833038330078e-01 3.452202081680297852e-01 -1.020551919937133789e-01 -1.910459399223327637e-01 -1.314699649810791016e-01
-3.442037701606750488e-01 -1.121448278427124023e-01 4.309400320053100586e-01 -1.277067065238952637e-01 -2.479470372200012207e-01 5.414593219757080078e-02
-4.062239527702331543e-01 -2.565004229545593262e-01 5.037059783935546875e-01 8.129000663757324219e-03 -1.124129295349121094e-01 -1.109783053398132324e-01
-2.406246662139892578e-01 -3.896775245666503906e-01 3.811707496643066406e-01 3.182276487350463867e-01 -3.709930181503295898e-01 -2.010030150413513184e-01
-3.266607522964477539e-01 -3.457334041595458984e-01 4.597007036209106445e-01 3.614089488983154297e-01 -5.074405074119567871e-01 -7.746124267578125000e-02
-6.056030988693237305e-01 -4.065777063369750977e-01 3.045825958251953125e-01 4.042009115219116211e-01 -5.828201174736022949e-01 -1.917688250541687012e-01
-4.902052879333496094e-01 -6.889998912811279297e-01 2.675690650939941406e-01 3.808444738388061523e-01 -3.724213242530822754e-01 -3.714730739593505859e-01
-6.460452079772949219e-01 -3.424313664436340332e-01 2.062129974365234375e-01 4.792578220367431641e-01 -6.652302742004394531e-01 3.686416149139404297e-02
-5.131134986877441406e-01 -3.837793469429016113e-01 2.067126035690307617e-01 4.619779586791992188e-01 -8.059735298156738281e-01 -2.235889434814453125e-02
1.621705293655395508e-01 -8.093122243881225586e-01 1.396918296813964844e-01 -4.398477077484130859e-02 -4.285947680473327637e-01 -4.476601481437683105e-01
1.665970087051391602e-01 -6.810928583145141602e-01 1.119353771209716797e-01 -2.849103212356567383e-01 -3.169764876365661621e-01 -3.917250037193298340e-01
1.606587171554565430e-01 -6.571494340896606445e-01 -1.473047733306884766e-01 -1.372568607330322266e-01 -4.184897541999816895e-01 -4.074432253837585449e-01
9.266805648803710938e-02 -5.613443851470947266e-01 3.132081031799316406e-02 -2.325345277786254883e-01 -4.535382986068725586e-01 -2.603690624237060547e-01
4.581856727600097656e-02 -5.772445201873779297e-01 1.811267137527465820e-01 -2.981439828872680664e-01 -4.627557396888732910e-01 -7.413417100906372070e-02
1.229186058044433594e-01 -7.841498255729675293e-01 1.040773391723632812e-01 -4.127448797225952148e-02 -3.082723617553710938e-01 -3.700196743011474609e-01
8.170735836029052734e-02 -8.439877033233642578e-01 3.769469261169433594e-02 1.739873886108398438e-01 -2.465757727622985840e-01 -4.507561922073364258e-01
1.223039627075195312e-02 -7.565850019454956055e-01 1.498086452484130859e-01 2.585469484329223633e-01 -3.265501856803894043e-01 -3.211444020271301270e-01
-3.086034059524536133e-01 -5.307995676994323730e-01 3.269085884094238281e-01 7.372927665710449219e-02 -3.400691151618957520e-01 -2.135074734687805176e-01
-5.790575742721557617e-01 -4.314920306205749512e-01 1.510628461837768555e-01 -4.401087760925292969e-02 -1.002075076103210449e-01 -3.232376575469970703e-01
-5.860441327095031738e-01 -2.014164328575134277e-01 1.082330942153930664e-01 3.547784090042114258e-01 -3.393572568893432617e-01 -1.615645885467529297e-01
-4.036625027656555176e-01 -3.267306685447692871e-01 2.128472328186035156e-01 -4.541480541229248047e-02 -2.350726723670959473e-01 -2.588104009628295898e-01
-4.088703989982604980e-01 -2.149979472160339355e-01 2.391316890716552734e-01 3.888368606567382812e-02 -3.258848190307617188e-01 -8.765399456024169922e-03
-2.447896003723144531e-01 -3.063818812370300293e-01 4.810492992401123047e-01 -2.495682239532470703e-02 -1.449560523033142090e-01 3.680074214935302734e-02
-3.393141627311706543e-01 -2.304134964942932129e-01 2.831894159317016602e-01 -7.323777675628662109e-02 -2.539284825325012207e-01 -4.179960489273071289e-02
-3.770480155944824219e-01 -1.466889381408691406e-01 1.950836181640625000e-01 -1.303744316101074219e-02 -5.337877869606018066e-01 -8.245325088500976562e-02
-3.413791060447692871e-01 -2.384800910949707031e-01 2.754018306732177734e-01 -2.188261747360229492e-01 -2.244182825088500977e-01 -1.106740832328796387e-01
-4.324059486389160156e-01 2.393971681594848633e-01 3.586518764495849609e-01 -1.607209444046020508e-02 -4.825156331062316895e-01 4.713842868804931641e-01
-3.696000576019287109e-01 3.505848646163940430e-01 6.173336505889892578e-02 2.937620878219604492e-01 -2.869398593902587891e-01 2.144249677658081055e-01
-4.953324794769287109e-01 3.915147781372070312e-01 1.041820049285888672e-01 1.899286508560180664e-01 -1.343917846679687500e-01 1.308780908584594727e-01
-5.155190229415893555e-01 1.026990413665771484e-01 1.649451255798339844e-01 8.840394020080566406e-02 -1.298532485961914062e-01 4.880309104919433594e-03
-2.552376389503479004e-01 9.644746780395507812e-02 1.337835788726806641e-01 1.670969724655151367e-01 -5.164222717285156250e-01 7.594776153564453125e-02
-2.157876491546630859e-01 2.315399646759033203e-01 1.015942096710205078e-01 1.123533248901367188e-01 -5.211697816848754883e-01 3.887141942977905273e-01
-8.401781320571899414e-02 3.539817333221435547e-01 -1.750605702400207520e-01 8.061802387237548828e-02 -4.281770586967468262e-01 3.504430055618286133e-01
-7.660567760467529297e-03 3.234251737594604492e-01 -2.112897634506225586e-01 1.859577894210815430e-01 -4.542112946510314941e-01 2.874270677566528320e-01
-7.503157854080200195e-02 2.757332324981689453e-01 -1.041174530982971191e-01 1.823489665985107422e-01 -4.689884781837463379e-01 3.883781433105468750e-01
-1.261890530586242676e-01 2.150903940200805664e-01 7.702291011810302734e-02 -2.180391550064086914e-02 -3.616501092910766602e-01 3.734508752822875977e-01
-7.763528823852539062e-02 1.626863479614257812e-01 9.176421165466308594e-02 1.348400115966796875e-02 -3.111599087715148926e-01 3.186877965927124023e-01
-2.239753603935241699e-01 1.345317363739013672e-01 1.241649389266967773e-01 -4.235231876373291016e-02 -3.636541962623596191e-01 1.816910505294799805e-01
-2.584784626960754395e-01 1.773760318756103516e-01 2.293106317520141602e-01 -5.535554885864257812e-02 -3.884130716323852539e-01 2.564898729324340820e-01
-3.383321166038513184e-01 4.783022403717041016e-02 3.455065488815307617e-01 -8.471792936325073242e-02 -2.834284305572509766e-01 1.288381814956665039e-01
-3.724094629287719727e-01 -5.187189579010009766e-02 2.313880920410156250e-01 -3.954231739044189453e-02 -3.601993918418884277e-01 -1.197080016136169434e-01
-4.640889167785644531e-01 -5.496788024902343750e-02 3.401863574981689453e-01 -2.336695194244384766e-01 -2.561528086662292480e-01 -5.083841085433959961e-02
-4.243121147155761719e-01 -8.057856559753417969e-02 3.270527124404907227e-01 -7.158231735229492188e-02 -2.396621704101562500e-01 4.696607589721679688e-03
-5.014559030532836914e-01 -7.038587331771850586e-02 2.622473239898681641e-01 3.021848201751708984e-02 -4.116047024726867676e-01 5.907559394836425781e-02
-4.712455272674560547e-01 -7.759070396423339844e-02 2.560905218124389648e-01 6.155574321746826172e-02 -3.857947587966918945e-01 1.136364936828613281e-01
-3.370314836502075195e-01 -1.925719380378723145e-01 1.647181510925292969e-01 -5.704927444458007812e-02 -1.208200454711914062e-01 -3.715318441390991211e-02
-3.875224590301513672e-01 -2.040185332298278809e-01 2.980846166610717773e-01 1.517403125762939453e-02 -3.056711554527282715e-01 -7.689595222473144531e-04
-3.830159902572631836e-01 -5.634242296218872070e-01 3.098911046981811523e-01 7.291370630264282227e-01 -2.673600912094116211e-01 -2.150791287422180176e-01
-4.149491190910339355e-01 -5.864645242691040039e-01 2.643377780914306641e-01 6.189984083175659180e-01 -2.230495214462280273e-01 -2.829583883285522461e-01
-3.434740900993347168e-01 -6.555377244949340820e-01 3.501091003417968750e-01 4.368085861206054688e-01 -4.932042956352233887e-01 -3.034402728080749512e-01
-5.543828010559082031e-04 -8.179464340209960938e-01 2.404403686523437500e-02 1.258562803268432617e-01 -3.281955718994140625e-01 -4.026341438293457031e-01
5.022513866424560547e-02 -5.242775082588195801e-01 8.751201629638671875e-02 -1.400718688964843750e-01 -4.149550199508666992e-01 -3.420549631118774414e-02
2.610650062561035156e-01 -3.725081682205200195e-01 2.425864934921264648e-01 -2.710103392601013184e-01 -3.213242292404174805e-01 2.151805162429809570e-01
1.896981000900268555e-01 -4.010508060455322266e-01 1.727066040039062500e-01 -2.006281614303588867e-01 -3.599658012390136719e-01 1.608790159225463867e-01
2.021911144256591797e-01 -3.652119040489196777e-01 2.412147521972656250e-01 -1.842038035392761230e-01 -4.339416623115539551e-01 2.990196943283081055e-01
3.078210353851318359e-01 -4.241499304771423340e-01 2.143617868423461914e-01 -2.069745063781738281e-01 -2.800449728965759277e-01 1.816387176513671875e-01
2.709790468215942383e-01 -4.161951541900634766e-01 2.013227939605712891e-01 -2.665577530860900879e-01 -3.034273982048034668e-01 1.600662469863891602e-01
1.904572248458862305e-01 -4.136056303977966309e-01 1.276881694793701172e-01 -2.257208824157714844e-01 -3.619099855422973633e-01 1.173874139785766602e-01
2.084285020828247070e-01 -4.581508636474609375e-01 5.442261695861816406e-03 -2.237272262573242188e-01 -3.149077296257019043e-01 8.123397827148437500e-03
1.152360439300537109e-01 -4.045689702033996582e-01 3.033339977264404297e-02 -3.585763573646545410e-01 -3.041170835494995117e-01 3.448176383972167969e-02
-7.556766271591186523e-02 -5.031749606132507324e-01 2.262721061706542969e-01 -3.701614737510681152e-01 -3.786553740501403809e-01 8.520960807800292969e-03
-1.900461316108703613e-01 -5.323292016983032227e-01 7.978391647338867188e-02 -2.681963443756103516e-01 -2.954176068305969238e-01 -1.954935193061828613e-01
-6.927251815795898438e-03 -4.957216382026672363e-01 2.460901737213134766e-01 -4.646652340888977051e-01 -3.601965904235839844e-01 -7.454472780227661133e-02
