-6.241637468338012695e-02 -5.987125039100646973e-01 1.484504938125610352e-01 -4.213134646415710449e-01 -8.853077888488769531e-02 -3.397374153137207031e-01
1.094157695770263672e-01 -4.655492305755615234e-01 -1.902818679809570312e-01 -3.216380476951599121e-01 -2.227398157119750977e-01 -5.994755029678344727e-02
1.154011487960815430e-01 -4.738067388534545898e-01 -3.450503349304199219e-01 -2.091020941734313965e-01 -3.429561257362365723e-01 -1.406271457672119141e-01
1.839098930358886719e-01 -4.520856738090515137e-01 -2.796943783760070801e-01 -1.914026141166687012e-01 -5.719190835952758789e-01 1.487493515014648438e-02
2.753494977951049805e-01 -5.054233074188232422e-01 -2.663010954856872559e-01 -3.539286255836486816e-01 -3.885686993598937988e-01 -7.556009292602539062e-02
2.317317724227905273e-01 -5.926655530929565430e-01 -3.948285579681396484e-01 -3.949593305587768555e-01 -4.357714056968688965e-01 -3.411454558372497559e-01
4.662573337554931641e-02 -4.107461571693420410e-01 -3.487611413002014160e-01 -3.207939267158508301e-01 -6.651623845100402832e-01 -8.734416961669921875e-02
1.472393274307250977e-01 -4.371516108512878418e-01 -3.879642486572265625e-01 -3.539875745773315430e-01 -5.222063660621643066e-01 -1.747369766235351562e-01
1.301486492156982422e-01 -4.973300695419311523e-01 -3.205538392066955566e-01 -2.588877081871032715e-01 -4.980402588844299316e-01 -2.029033899307250977e-01
2.772426605224609375e-01 -5.425578355789184570e-01 -5.155135393142700195e-01 -1.913383603096008301e-01 -4.343178272247314453e-01 -2.484384179115295410e-01
1.583334207534790039e-01 -5.619527101516723633e-01 -3.164206743240356445e-01 -2.143968343734741211e-01 -5.479179620742797852e-01 -1.783219575881958008e-01
2.348983287811279297e-01 -6.013519763946533203e-01 -3.684724569320678711e-01 -3.842760920524597168e-01 -3.702898621559143066e-01 -3.681926131248474121e-01
2.229168415069580078e-01 -5.938564538955688477e-01 -3.291636109352111816e-01 -2.387177944183349609e-01 -3.858541846275329590e-01 -2.731959223747253418e-01
2.103163003921508789e-01 -5.591562986373901367e-01 -4.221133589744567871e-01 -2.745996713638305664e-01 -3.813707232475280762e-01 -3.150345683097839355e-01
3.155016899108886719e-01 -6.065063476562500000e-01 -4.440528154373168945e-01 -2.852863669395446777e-01 -2.476053237915039062e-01 -4.075086116790771484e-01
7.791316509246826172e-02 -5.288956165313720703e-01 -4.015775918960571289e-01 -2.400878071784973145e-01 -3.875660896301269531e-01 -2.124130725860595703e-01
1.435661315917968750e-01 -5.580301284790039062e-01 -2.965289950370788574e-01 -2.859589457511901855e-01 -2.427809238433837891e-01 -1.635851263999938965e-01
2.063511610031127930e-01 -5.236005187034606934e-01 -2.416908740997314453e-01 -3.003690838813781738e-01 -1.976785063743591309e-01 -1.114742755889892578e-01
2.661674022674560547e-01 -4.313448667526245117e-01 -1.686837673187255859e-01 -3.665022253990173340e-01 -2.254961133003234863e-01 6.098449230194091797e-02
3.306314945220947266e-01 -5.396327972412109375e-01 -1.820123791694641113e-01 -3.308559656143188477e-01 -7.589596509933471680e-02 -2.493715286254882812e-02
1.897308826446533203e-01 -3.818778991699218750e-01 -1.276662945747375488e-01 -3.747733831405639648e-01 -2.206370830535888672e-01 1.110026836395263672e-01
3.171944618225097656e-01 -4.690607190132141113e-01 -1.239798665046691895e-01 -2.993586659431457520e-01 -7.354801893234252930e-02 3.010082244873046875e-02
4.063125848770141602e-01 -4.165859222412109375e-01 -2.233819365501403809e-01 -1.552855968475341797e-01 -1.099518537521362305e-01 6.157791614532470703e-02
3.892550468444824219e-01 -4.151492714881896973e-01 -1.826150417327880859e-01 -1.517102718353271484e-01 -4.620194435119628906e-02 8.361768722534179688e-02
4.326412677764892578e-01 -3.522153496742248535e-01 -3.180282711982727051e-01 -6.317609548568725586e-02 -2.051143050193786621e-01 1.254251003265380859e-01
4.025795459747314453e-01 -1.666838526725769043e-01 -1.831018924713134766e-01 -1.418963074684143066e-01 -3.120719194412231445e-01 3.429564237594604492e-01
2.840865850448608398e-01 -1.580352187156677246e-01 -8.588647842407226562e-02 -1.889402866363525391e-01 -3.265153169631958008e-01 4.474500417709350586e-01
2.991447448730468750e-01 -1.624091863632202148e-01 -1.134988665580749512e-01 -2.808840870857238770e-01 -2.343365550041198730e-01 3.873565196990966797e-01
3.527848720550537109e-01 -1.550140976905822754e-01 -7.254123687744140625e-02 -3.138489127159118652e-01 -1.692703962326049805e-01 3.887988328933715820e-01
4.089655876159667969e-01 -1.853712797164916992e-01 -2.789717912673950195e-02 -3.554921746253967285e-01 -2.599573135375976562e-02 3.852751255035400391e-01
4.374365806579589844e-01 -1.169199347496032715e-01 -1.252053976058959961e-01 -2.973202466964721680e-01 -8.344811201095581055e-02 4.217848777770996094e-01
4.483295679092407227e-01 -1.291618943214416504e-01 -8.456939458847045898e-02 -2.644551992416381836e-01 -3.607600927352905273e-02 3.745888471603393555e-01
3.867615461349487305e-01 -1.329457163810729980e-01 -6.742829084396362305e-02 -2.470668554306030273e-01 -7.514661550521850586e-02 3.993399143218994141e-01
3.606290817260742188e-01 -1.435264945030212402e-01 -7.008117437362670898e-02 -1.709185242652893066e-01 -5.590587854385375977e-02 3.502146005630493164e-01
1.743739843368530273e-01 -1.795077323913574219e-02 3.798127174377441406e-02 -1.921170353889465332e-01 -2.477031946182250977e-01 5.378268957138061523e-01
8.163273334503173828e-02 4.359650611877441406e-02 1.044790744781494141e-01 -1.882486939430236816e-01 -1.697976589202880859e-01 6.404838562011718750e-01
1.040220260620117188e-03 -1.965099573135375977e-02 9.492516517639160156e-02 -3.318816423416137695e-01 -9.596347808837890625e-05 5.705219507217407227e-01
-1.363723874092102051e-01 1.361100673675537109e-01 2.515920400619506836e-01 -2.746248841285705566e-01 -1.668600440025329590e-01 6.792383193969726562e-01
-1.349697113037109375e-01 -9.252893924713134766e-02 3.176559209823608398e-01 -1.201460361480712891e-01 1.868679523468017578e-01 3.243740797042846680e-01
-2.624093294143676758e-01 -1.364910602569580078e-01 3.965641260147094727e-01 -1.427942514419555664e-01 3.242456912994384766e-01 2.945454120635986328e-01
-1.179735064506530762e-01 -7.859116792678833008e-02 4.543476104736328125e-01 1.456618309020996094e-03 1.941421031951904297e-01 3.183354139328002930e-01
-1.445416212081909180e-01 -1.256087422370910645e-01 5.307425260543823242e-01 -1.432847380638122559e-01 2.151485681533813477e-01 2.857233285903930664e-01
1.520738601684570312e-01 -1.245365142822265625e-01 3.529711961746215820e-01 2.152358293533325195e-01 3.720372915267944336e-01 1.822191476821899414e-01
-5.939036607742309570e-02 -1.219719648361206055e-01 4.871031045913696289e-01 9.490609169006347656e-02 2.684237957000732422e-01 2.154344320297241211e-01
3.801980018615722656e-01 -6.365835666656494141e-03 2.916277647018432617e-01 2.096685171127319336e-01 3.315190076828002930e-01 1.083023548126220703e-01
2.805755138397216797e-01 -1.510208845138549805e-01 3.507736921310424805e-01 1.788179874420166016e-01 4.294914007186889648e-01 -7.628202438354492188e-02
3.228079080581665039e-01 1.539015769958496094e-02 2.918196916580200195e-01 2.002828121185302734e-01 3.409707546234130859e-01 1.639807224273681641e-02
3.805109262466430664e-01 2.018722295761108398e-01 2.921516895294189453e-01 1.784670352935791016e-02 2.729505300521850586e-01 8.921384811401367188e-02
6.413213014602661133e-01 1.953152418136596680e-01 -6.916177272796630859e-02 -6.433248519897460938e-02 3.443082571029663086e-01 1.200020313262939453e-02
6.506242752075195312e-01 2.059024572372436523e-01 -1.981383562088012695e-02 -1.027942299842834473e-01 3.409038782119750977e-01 -5.708634853363037109e-03
6.626269817352294922e-01 2.379475831985473633e-01 -9.469920396804809570e-02 -2.307962179183959961e-01 3.308620452880859375e-01 -4.333901405334472656e-02
6.841347217559814453e-01 3.301157951354980469e-01 -6.283235549926757812e-02 -2.619645595550537109e-01 2.552546262741088867e-01 1.979291439056396484e-02
6.776463985443115234e-01 2.364056110382080078e-01 -1.213396191596984863e-01 -1.030838489532470703e-01 1.734708547592163086e-01 1.661419868469238281e-03
4.634828567504882812e-01 2.378187179565429688e-01 -7.046461105346679688e-04 -2.170843482017517090e-01 1.249790191650390625e-02 8.542025089263916016e-02
4.396810531616210938e-01 2.765522003173828125e-01 1.267313957214355469e-01 -2.402008771896362305e-01 -7.344192266464233398e-02 2.381705045700073242e-01
3.693609237670898438e-01 4.712414741516113281e-02 1.325206756591796875e-01 -2.918673753738403320e-01 1.028832197189331055e-01 1.025700569152832031e-02
3.912576436996459961e-01 -7.253640890121459961e-02 1.237522363662719727e-01 -3.877606987953186035e-01 1.914263963699340820e-01 -1.737070083618164062e-01
2.844923734664916992e-01 -7.198750972747802734e-02 4.463212490081787109e-01 -4.604122638702392578e-01 1.775385141372680664e-01 -1.676920056343078613e-01
-3.259903192520141602e-02 7.979476451873779297e-02 7.149168252944946289e-01 -2.528485655784606934e-01 2.449328899383544922e-01 9.955728054046630859e-02
7.649540901184082031e-02 1.183668375015258789e-01 5.897805690765380859e-01 -3.358698487281799316e-01 1.311185359954833984e-01 8.138954639434814453e-02
5.601608753204345703e-02 1.272112131118774414e-01 7.329274415969848633e-01 -4.989047646522521973e-01 2.633665800094604492e-01 1.198821067810058594e-01
-2.293169498443603516e-01 1.238131523132324219e-02 6.583745479583740234e-01 -1.183048486709594727e-01 1.295139789581298828e-01 -7.254457473754882812e-02
-2.715343236923217773e-01 -1.126292347908020020e-01 3.441091775894165039e-01 8.714389801025390625e-02 5.032420158386230469e-02 -1.485604047775268555e-01
-2.797902822494506836e-01 4.756438732147216797e-02 3.699597120285034180e-01 1.145470142364501953e-01 -6.063413619995117188e-02 7.026362419128417969e-02
-2.849755883216857910e-01 -3.276592493057250977e-02 4.762557744979858398e-01 -5.200541019439697266e-02 8.088266849517822266e-02 1.004595756530761719e-01
-3.503730297088623047e-01 -3.639793395996093750e-02 4.219491481781005859e-01 -1.383699178695678711e-01 8.644783496856689453e-02 2.194511890411376953e-02
-4.223653078079223633e-01 -8.228564262390136719e-02 5.575321912765502930e-01 -1.373607516288757324e-01 1.241145133972167969e-01 -1.362373828887939453e-01
-2.602970004081726074e-01 -3.528534173965454102e-01 3.568952083587646484e-01 -6.648755073547363281e-02 3.789077997207641602e-01 -6.973361372947692871e-01
-1.049149632453918457e-01 -4.287682175636291504e-01 2.348562479019165039e-01 -2.066564559936523438e-02 4.600445032119750977e-01 -8.075935244560241699e-01
1.258147954940795898e-01 -3.035395741462707520e-01 4.546302556991577148e-01 -3.608712553977966309e-01 3.882795572280883789e-01 -5.459233522415161133e-01
3.117239475250244141e-01 -5.025106668472290039e-02 5.890858173370361328e-02 -2.754767537117004395e-01 2.414174079895019531e-01 -3.392348289489746094e-01
3.496625423431396484e-01 3.635036945343017578e-02 7.285404205322265625e-02 -1.919509768486022949e-01 2.285584211349487305e-01 -1.737071275711059570e-01
3.934043645858764648e-01 1.162439584732055664e-01 1.019878387451171875e-01 -2.323837876319885254e-01 2.254563570022583008e-01 -9.428638219833374023e-02
3.881528377532958984e-01 1.664928197860717773e-01 1.499452590942382812e-01 -2.172197699546813965e-01 2.352123260498046875e-01 -8.653974533081054688e-02
3.398491144180297852e-01 1.961851119995117188e-01 2.115122079849243164e-01 -2.238075733184814453e-01 1.493077278137207031e-01 4.530000686645507812e-02
3.441565036773681641e-01 2.270308732986450195e-01 2.502883672714233398e-01 -2.795169949531555176e-01 1.305105686187744141e-01 1.229947805404663086e-01
3.473019599914550781e-01 1.121201515197753906e-01 3.429340124130249023e-01 -2.738279104232788086e-01 1.774224042892456055e-01 4.206204414367675781e-02
2.966930866241455078e-01 2.211761474609375000e-02 4.338110685348510742e-01 -3.832740187644958496e-01 2.889406681060791016e-01 -7.717889547348022461e-02
2.148097753524780273e-01 -1.403415203094482422e-02 3.523886203765869141e-01 -2.379793524742126465e-01 1.968318223953247070e-01 -1.487533450126647949e-01
1.811691522598266602e-01 9.998166561126708984e-02 4.380189180374145508e-01 -3.976486921310424805e-01 1.162657737731933594e-01 5.330562591552734375e-03
5.536079406738281250e-04 -5.101209878921508789e-02 5.260857343673706055e-01 -5.117036104202270508e-01 1.707197427749633789e-01 -1.799540519714355469e-01
-1.417722105979919434e-01 -2.490937709808349609e-03 6.750763654708862305e-01 -2.761929035186767578e-01 2.496123313903808594e-03 -6.738162040710449219e-02
-1.240998506546020508e-02 -9.814006090164184570e-02 5.731953382492065430e-01 -3.603906035423278809e-01 3.575432300567626953e-02 3.735077381134033203e-02
-1.768276095390319824e-01 -1.474274396896362305e-01 4.407368898391723633e-01 -4.718826413154602051e-01 1.081635951995849609e-01 -1.015431284904479980e-01
-1.801629066467285156e-01 -8.742290735244750977e-02 3.532942533493041992e-01 -2.959911823272705078e-01 1.565122604370117188e-01 -8.758288621902465820e-02
-2.051408290863037109e-01 -4.776501655578613281e-02 4.415282011032104492e-01 -1.865404248237609863e-01 -3.422617912292480469e-02 -1.107820868492126465e-01
-2.795626521110534668e-01 1.012982130050659180e-01 5.730540752410888672e-01 8.344602584838867188e-02 -3.067089915275573730e-01 2.105919122695922852e-01
-4.209144711494445801e-01 -2.501899003982543945e-02 4.405796527862548828e-01 -8.782863616943359375e-02 -2.458043694496154785e-01 1.617717742919921875e-02
-3.179247975349426270e-01 -1.371943354606628418e-01 4.015092849731445312e-01 -6.285595893859863281e-02 2.809870243072509766e-02 -2.202326059341430664e-01
-6.554991006851196289e-02 -2.893834710121154785e-01 3.332597017288208008e-01 -7.492768764495849609e-02 3.567930459976196289e-01 -6.645053625106811523e-01
-2.642965912818908691e-01 -3.158236145973205566e-01 7.319374084472656250e-01 1.293884515762329102e-01 3.661309480667114258e-01 -3.765965700149536133e-01
-2.489681839942932129e-01 -4.425194859504699707e-01 6.532115936279296875e-01 -5.751198530197143555e-02 4.019618034362792969e-01 -4.824706912040710449e-01
-5.887925624847412109e-03 -1.836394667625427246e-01 7.578393220901489258e-01 -2.542622685432434082e-01 -1.772761344909667969e-02 -1.234392523765563965e-01
1.305524110794067383e-01 7.202136516571044922e-02 7.389259338378906250e-01 -1.360884904861450195e-01 -2.943493723869323730e-01 2.362365722656250000e-01
1.269911527633666992e-01 2.705284357070922852e-01 3.994110822677612305e-01 -3.058952093124389648e-01 -2.557947635650634766e-01 1.862349510192871094e-01
3.419518470764160156e-01 2.788304090499877930e-01 3.709534406661987305e-01 -2.120420932769775391e-01 -1.750236153602600098e-01 1.944999694824218750e-01
3.659663200378417969e-01 1.942397356033325195e-01 4.014866352081298828e-01 -1.916041374206542969e-01 -8.045613765716552734e-02 1.663925647735595703e-01
2.659528255462646484e-01 1.506727933883666992e-01 3.208985328674316406e-01 -7.375943660736083984e-02 -1.020017266273498535e-01 5.755293369293212891e-02
3.277585506439208984e-01 8.448934555053710938e-02 4.750078916549682617e-01 -2.054734826087951660e-01 6.454241275787353516e-02 5.636835098266601562e-02
1.434937715530395508e-01 -6.448829174041748047e-02 5.532850027084350586e-01 -2.406480312347412109e-01 -1.309382915496826172e-02 -1.818549633026123047e-02
9.903049468994140625e-02 -2.154178619384765625e-01 4.465966224670410156e-01 -1.082050800323486328e-01 1.105110645294189453e-01 -1.107961535453796387e-01
-1.873255968093872070e-01 -2.605538964271545410e-01 4.696197509765625000e-01 -1.817277669906616211e-01 -6.891524791717529297e-02 -3.027279376983642578e-01
-2.287337183952331543e-01 -1.203332543373107910e-01 6.066076755523681641e-01 -2.105062007904052734e-01 -2.110233902931213379e-01 -1.964285373687744141e-01
-3.360952138900756836e-01 -1.880261301994323730e-01 3.747689723968505859e-01 3.509187698364257812e-02 -7.151877880096435547e-02 -3.070530295372009277e-01
-3.636143207550048828e-01 -9.009337425231933594e-02 5.375400781631469727e-01 -9.716665744781494141e-02 -2.335214614868164062e-01 -8.437418937683105469e-02
-3.565405607223510742e-01 -6.633722782135009766e-02 6.855682134628295898e-01 -2.879059314727783203e-02 -1.983366608619689941e-01 1.949304342269897461e-01
-1.927706003189086914e-01 -5.912595987319946289e-02 7.137616872787475586e-01 -1.844958662986755371e-01 -2.598682045936584473e-01 4.396450519561767578e-02
-2.829750776290893555e-01 -1.475751399993896484e-03 6.198184490203857422e-01 -1.486694812774658203e-01 -4.162687063217163086e-01 1.256926059722900391e-01
-4.026727080345153809e-01 -1.418198943138122559e-01 5.795618295669555664e-01 -3.871786594390869141e-02 -1.808088421821594238e-01 2.612268924713134766e-02
-6.974316835403442383e-01 -2.664850950241088867e-01 1.828690767288208008e-01 8.304979801177978516e-01 -5.856642127037048340e-01 -2.725881338119506836e-02
-2.741885781288146973e-01 -5.406928062438964844e-01 -7.224726676940917969e-02 4.702360630035400391e-01 -4.325295090675354004e-01 -3.743315339088439941e-01
-4.688793420791625977e-01 -5.306470394134521484e-01 1.351464986801147461e-01 1.963411569595336914e-01 -5.291683077812194824e-01 -3.935370445251464844e-01
-3.380886912345886230e-01 -5.891748666763305664e-01 3.124432563781738281e-01 5.846247673034667969e-01 -4.675231575965881348e-01 -3.022387027740478516e-01
-5.555469989776611328e-01 -4.042220115661621094e-01 2.565021514892578125e-01 5.604339838027954102e-01 -6.683616638183593750e-01 -1.043921113014221191e-01
-1.244142055511474609e-01 -7.161673903465270996e-01 2.369344234466552734e-02 2.470015287399291992e-01 -4.150623083114624023e-01 -4.303039908409118652e-01
9.227526187896728516e-02 -7.172704339027404785e-01 -6.580930948257446289e-02 -1.406949758529663086e-02 -3.453605771064758301e-01 -3.316873908042907715e-01
2.463104724884033203e-01 -3.482190966606140137e-01 -3.565061092376708984e-02 -2.903994917869567871e-01 -3.343945145606994629e-01 1.784265041351318359e-02
2.592481374740600586e-01 -4.223816990852355957e-01 -2.575212717056274414e-02 -1.759834885597229004e-01 -3.839733004570007324e-01 7.449698448181152344e-02
1.895776987075805664e-01 -4.220632910728454590e-01 2.654159069061279297e-02 -2.302204966545104980e-01 -3.387942910194396973e-01 3.116714954376220703e-02
2.403292655944824219e-01 -3.989816904067993164e-01 1.317203044891357422e-02 -2.290472984313964844e-01 -3.066191673278808594e-01 6.605410575866699219e-02
7.206809520721435547e-02 -5.763476490974426270e-01 7.997035980224609375e-02 -1.574250459671020508e-01 -2.810693979263305664e-01 -6.292784214019775391e-02
2.127361297607421875e-02 -5.972810387611389160e-01 8.062505722045898438e-02 -2.270639538764953613e-01 -2.579578161239624023e-01 -8.869838714599609375e-02
-6.007313728332519531e-02 -6.428197622299194336e-01 5.854296684265136719e-02 -1.678120493888854980e-01 -2.535688281059265137e-01 -2.545118331909179688e-01
-6.474709510803222656e-02 -7.680805325508117676e-01 8.599388599395751953e-02 2.564049959182739258e-01 -3.222861886024475098e-01 -4.187488555908203125e-01
-1.508793830871582031e-01 -6.876288652420043945e-01 2.093970775604248047e-01 1.124898195266723633e-01 -2.870647907257080078e-01 -4.425739645957946777e-01
-3.123592138290405273e-01 -4.843075871467590332e-01 1.742260456085205078e-01 -3.948634862899780273e-02 -3.002593517303466797e-01 -2.621651291847229004e-01
-1.367508172988891602e-01 -4.221454858779907227e-01 7.512211799621582031e-03 -6.055474281311035156e-03 -3.733758330345153809e-01 -2.535036802291870117e-01
-2.577503919601440430e-01 -2.463393211364746094e-01 2.952635288238525391e-02 -3.137505054473876953e-02 -4.228678345680236816e-01 -3.083133697509765625e-02
-2.349568009376525879e-01 -3.939832448959350586e-01 8.313655853271484375e-02 -2.416855096817016602e-01 -1.583567261695861816e-01 -2.586679458618164062e-01
-2.824552655220031738e-01 -2.654780745506286621e-01 1.112364530563354492e-01 -2.186765670776367188e-01 -3.088802099227905273e-01 -1.354488134384155273e-01
-3.020350933074951172e-01 -1.733216047286987305e-01 2.354348897933959961e-01 -1.717385649681091309e-01 -3.296031355857849121e-01 -7.367122173309326172e-02
-2.398448586463928223e-01 -2.841093540191650391e-01 1.889998912811279297e-01 -1.910294890403747559e-01 -3.542526364326477051e-01 -1.630825400352478027e-01
-1.715517640113830566e-01 -2.219661474227905273e-01 2.052810192108154297e-01 -2.182424068450927734e-01 -4.499120116233825684e-01 -1.080560684204101562e-01
-4.070338606834411621e-01 3.822031021118164062e-01 1.840614080429077148e-01 6.471025943756103516e-02 -3.386632800102233887e-01 2.963186502456665039e-01
-5.368152856826782227e-01 3.190006017684936523e-01 1.250616312026977539e-01 -3.351384401321411133e-02 -1.608508825302124023e-01 7.352864742279052734e-02
-4.356894493103027344e-01 1.403722763061523438e-01 1.279989480972290039e-01 -5.324244499206542969e-03 -1.586152911186218262e-01 -1.276153326034545898e-02
-2.292823195457458496e-01 8.242237567901611328e-02 2.377264499664306641e-01 -1.549335718154907227e-01 -3.719225525856018066e-01 2.044845819473266602e-01
-2.664250135421752930e-02 9.099781513214111328e-02 -2.001233100891113281e-01 1.298369169235229492e-01 -2.901296019554138184e-01 1.544851064682006836e-01
-1.849469542503356934e-01 1.891969442367553711e-01 -1.437906622886657715e-01 1.277371644973754883e-01 -4.438036680221557617e-01 2.852371931076049805e-01
-9.412413835525512695e-02 2.162789106369018555e-01 -2.150181531906127930e-01 2.503316402435302734e-01 -4.947760105133056641e-01 3.644009828567504883e-01
-1.827607750892639160e-01 1.340335607528686523e-01 5.202412605285644531e-03 1.821857690811157227e-01 -4.030659794807434082e-01 3.260990381240844727e-01
-1.407093405723571777e-01 1.611888408660888672e-01 -8.811086416244506836e-02 1.770814657211303711e-01 -3.886634111404418945e-01 2.665854692459106445e-01
-1.070865392684936523e-01 1.253105401992797852e-01 -6.135177612304687500e-02 9.487354755401611328e-02 -3.022501468658447266e-01 2.060450315475463867e-01
-2.894703745841979980e-01 9.353733062744140625e-02 1.044278144836425781e-01 1.024345159530639648e-01 -5.234051942825317383e-01 2.675911188125610352e-01
-2.874755859375000000e-01 2.690827846527099609e-01 2.530885934829711914e-01 -1.960033178329467773e-02 -6.153092384338378906e-01 3.665331602096557617e-01
-3.419596552848815918e-01 9.274399280548095703e-02 1.708707809448242188e-01 7.142806053161621094e-02 -5.545489788055419922e-01 2.488076686859130859e-01
-4.816317558288574219e-01 1.305824518203735352e-01 2.300649881362915039e-01 -1.036033630371093750e-01 -5.914278030395507812e-01 2.002357244491577148e-01
-4.165696501731872559e-01 1.974266767501831055e-01 3.005422353744506836e-01 -4.233896732330322266e-02 -6.178173422813415527e-01 3.439222574234008789e-01
-4.442325830459594727e-01 -1.276671886444091797e-03 2.809653282165527344e-01 -6.810629367828369141e-02 -3.917328715324401855e-01 1.619038581848144531e-01
-3.517109155654907227e-01 -3.922820091247558594e-03 3.358460664749145508e-01 -1.317312717437744141e-01 -4.345872998237609863e-01 2.051497697830200195e-01
-3.608024716377258301e-01 -2.416309118270874023e-01 1.136783361434936523e-01 8.979392051696777344e-02 -1.163064241409301758e-01 -1.674940586090087891e-01
-4.665220975875854492e-01 -7.857006788253784180e-02 1.367923021316528320e-01 -9.575128555297851562e-03 -3.138857483863830566e-01 4.193902015686035156e-02
-4.888295531272888184e-01 2.616775035858154297e-02 2.838151454925537109e-01 1.404654979705810547e-01 -4.952989220619201660e-01 2.684087753295898438e-01
-3.161786794662475586e-01 -1.341640353202819824e-01 1.020574569702148438e-01 2.542287111282348633e-01 -3.988556265830993652e-01 4.824960231781005859e-02
-2.513229846954345703e-03 -3.691437840461730957e-01 -3.276139497756958008e-02 1.216888427734375000e-01 -2.180650830268859863e-01 -1.598650217056274414e-01
-1.695331931114196777e-01 -3.296477198600769043e-01 1.510410308837890625e-01 2.942426204681396484e-01 -2.992576956748962402e-01 -8.354580402374267578e-02
-2.144853472709655762e-01 -4.423459768295288086e-01 2.355017662048339844e-01 4.610826969146728516e-01 -4.461850523948669434e-01 -1.396055817604064941e-01
-3.766154646873474121e-01 -4.866245388984680176e-01 1.614537239074707031e-01 4.445490837097167969e-01 -4.819781780242919922e-01 -2.062152624130249023e-01
-8.404564857482910156e-02 -7.703268527984619141e-01 1.664634943008422852e-01 2.352689504623413086e-01 -2.786971330642700195e-01 -3.876103758811950684e-01
1.686316728591918945e-01 -6.608375310897827148e-01 3.079223632812500000e-02 -7.625007629394531250e-02 -3.111504316329956055e-01 -2.548053264617919922e-01
9.671318531036376953e-02 -6.082825660705566406e-01 1.952824592590332031e-01 -2.909844517707824707e-01 -1.721197366714477539e-01 -1.424224376678466797e-01
3.591740131378173828e-02 -4.908983111381530762e-01 2.088570594787597656e-01 -4.054026603698730469e-01 -2.205733656883239746e-01 -1.905655860900878906e-02
1.502901315689086914e-01 -3.833933472633361816e-01 2.382329702377319336e-01 -3.772099614143371582e-01 -2.578808665275573730e-01 1.771098375320434570e-01
2.523217201232910156e-01 -3.793052434921264648e-01 1.282514333724975586e-01 -3.124057650566101074e-01 -1.916988492012023926e-01 3.884291648864746094e-02
1.178604364395141602e-01 -4.336803555488586426e-01 2.450754642486572266e-01 -2.493678927421569824e-01 -3.441805839538574219e-01 1.336994171142578125e-01
1.284188032150268555e-01 -3.839679956436157227e-01 1.573503017425537109e-01 -3.029000759124755859e-01 -3.019371032714843750e-01 7.929074764251708984e-02
1.041957139968872070e-01 -4.444952607154846191e-01 1.550587415695190430e-01 -3.509783744812011719e-01 -2.705713510513305664e-01 1.633501052856445312e-02
9.987413883209228516e-02 -4.832239747047424316e-01 2.106535434722900391e-02 -3.182256817817687988e-01 -2.968348860740661621e-01 -4.630315303802490234e-02
6.717848777770996094e-02 -5.576533079147338867e-01 6.795513629913330078e-02 -3.574457168579101562e-01 -2.210485339164733887e-01 -6.642591953277587891e-02
-1.396489143371582031e-02 -5.420467853546142578e-01 4.194259643554687500e-02 -4.008787870407104492e-01 -1.434021592140197754e-01 -2.610837817192077637e-01
8.478832244873046875e-02 -5.128879547119140625e-01 2.787339687347412109e-02 -4.153360128402709961e-01 -5.345988273620605469e-02 -2.757064700126647949e-01
-8.051443099975585938e-02 -6.270412206649780273e-01 1.548681259155273438e-01 -2.152718901634216309e-01 -5.906200408935546875e-02 -2.794717550277709961e-01
-5.029714107513427734e-02 -6.592664718627929688e-01 5.568420886993408203e-02 -3.323855996131896973e-01 -9.523981809616088867e-02 -2.888168692588806152e-01
-3.718214035034179688e-01 -3.944894671440124512e-01 9.638416767120361328e-02 -3.401148915290832520e-01 -1.466158628463745117e-01 -2.098132967948913574e-01
