-1.780729889869689941e-01 -5.412043929100036621e-01 4.802823066711425781e-03 -2.024598717689514160e-01 -3.164811730384826660e-01 -2.603978514671325684e-01
-3.925246000289916992e-02 -5.829401016235351562e-01 3.445696830749511719e-02 -4.494829773902893066e-01 -2.505122423171997070e-01 -1.330053210258483887e-01
8.304142951965332031e-02 -3.904472589492797852e-01 -1.881608963012695312e-01 -6.118282675743103027e-01 -3.971589803695678711e-01 -5.804973840713500977e-02
2.200971841812133789e-01 -4.218165874481201172e-01 -1.599803566932678223e-01 -5.457839965820312500e-01 -4.404550194740295410e-01 5.841970443725585938e-02
3.045269250869750977e-01 -4.261282682418823242e-01 -1.843169331550598145e-01 -5.616821050643920898e-01 -3.734899759292602539e-01 2.177894115447998047e-02
1.229832172393798828e-01 -4.677838087081909180e-01 -1.453000307083129883e-02 -5.159972310066223145e-01 -4.022532701492309570e-01 -3.048408031463623047e-02
2.264536619186401367e-01 -4.135521054267883301e-01 -1.389381289482116699e-01 -3.726582527160644531e-01 -3.824743032455444336e-01 -1.690381765365600586e-02
2.759904861450195312e-01 -4.745007157325744629e-01 -3.317296504974365234e-02 -4.577389955520629883e-01 -2.079617977142333984e-01 -1.000062227249145508e-01
2.101603746414184570e-01 -5.921450853347778320e-01 3.765225410461425781e-03 -3.456024527549743652e-01 -2.075656056404113770e-01 -1.584686040878295898e-01
2.539386749267578125e-01 -4.758154749870300293e-01 -9.913891553878784180e-02 -3.317280411720275879e-01 -3.472259640693664551e-01 3.318548202514648438e-03
3.738986253738403320e-01 -4.567149281501770020e-01 -1.525130271911621094e-01 -3.603459596633911133e-01 -3.016723990440368652e-01 2.935719490051269531e-02
1.795828342437744141e-01 -5.034108161926269531e-01 -2.107214927673339844e-02 -2.935099005699157715e-01 -3.746420741081237793e-01 9.379148483276367188e-02
2.580654621124267578e-01 -5.872793197631835938e-01 -1.189184784889221191e-01 -4.480794668197631836e-01 -1.211706995964050293e-01 -1.318852901458740234e-01
2.786104679107666016e-01 -4.734693765640258789e-01 -8.290362358093261719e-02 -2.778232097625732422e-01 -3.104275465011596680e-01 1.054041385650634766e-01
2.687364816665649414e-01 -4.620167016983032227e-01 -1.082589626312255859e-01 -3.751342296600341797e-01 -2.033409476280212402e-01 7.923626899719238281e-02
3.135185241699218750e-01 -3.787208199501037598e-01 -1.290856599807739258e-01 -3.605799078941345215e-01 -2.351761460304260254e-01 1.715695858001708984e-01
2.637715339660644531e-01 -4.279357790946960449e-01 -1.188356280326843262e-01 -3.466031551361083984e-01 -2.085832357406616211e-01 8.673846721649169922e-02
4.711550474166870117e-01 -3.767082691192626953e-01 -2.049524784088134766e-01 -2.423391342163085938e-01 -2.345892786979675293e-01 1.519157886505126953e-01
3.910769224166870117e-01 -4.261231422424316406e-01 -1.874791383743286133e-01 -1.333763599395751953e-01 -3.043639659881591797e-01 1.684943437576293945e-01
2.978276014328002930e-01 -4.279438853263854980e-01 -1.148111820220947266e-01 -1.585493087768554688e-01 -2.645308971405029297e-01 1.196358203887939453e-01
2.135812044143676758e-01 -2.974900007247924805e-01 -2.002902030944824219e-01 -1.718760728836059570e-01 -4.112377166748046875e-01 1.821188926696777344e-01
3.301298618316650391e-01 -2.685938477516174316e-01 -2.640178203582763672e-01 -1.955051422119140625e-01 -3.864487409591674805e-01 2.738009691238403320e-01
2.943818569183349609e-01 -2.716928720474243164e-01 -1.745988726615905762e-01 -3.979666233062744141e-01 -2.367313504219055176e-01 2.874094247817993164e-01
3.483157157897949219e-01 -2.429255843162536621e-01 -1.593714356422424316e-01 -3.910843729972839355e-01 -1.413841843605041504e-01 2.811162471771240234e-01
3.934494256973266602e-01 -3.110309243202209473e-01 -9.917038679122924805e-02 -4.468433260917663574e-01 1.395142078399658203e-02 2.382799386978149414e-01
3.915101289749145508e-01 -4.330610632896423340e-01 -1.123806834220886230e-01 -4.070281982421875000e-01 1.207314729690551758e-01 1.330587863922119141e-01
4.462512731552124023e-01 -3.003764748573303223e-01 -1.127715110778808594e-01 -3.462157845497131348e-01 1.033796072006225586e-01 2.589360475540161133e-01
4.593639373779296875e-01 -2.850870490074157715e-01 -1.201320290565490723e-01 -2.594712376594543457e-01 8.811151981353759766e-02 2.738491296768188477e-01
4.023276567459106445e-01 -2.232153415679931641e-01 -8.840757608413696289e-02 -2.029696106910705566e-01 -3.142929077148437500e-02 3.130035400390625000e-01
2.707461118698120117e-01 -1.523561477661132812e-01 -1.634204387664794922e-02 -1.966583132743835449e-01 -1.313081383705139160e-01 4.544794559478759766e-01
3.071802854537963867e-01 -2.299532294273376465e-01 -3.724414110183715820e-02 -1.786962151527404785e-01 -4.506450891494750977e-02 3.646444082260131836e-01
2.157647609710693359e-01 -2.547916769981384277e-01 1.404374837875366211e-01 -2.395470738410949707e-01 -3.700208663940429688e-02 3.867590427398681641e-01
3.201454877853393555e-01 -1.890330314636230469e-01 4.865050315856933594e-02 -2.440725564956665039e-01 -3.481471538543701172e-02 4.091337919235229492e-01
4.568815231323242188e-03 -9.831726551055908203e-03 2.321351766586303711e-01 -2.124475240707397461e-01 -2.297292351722717285e-01 6.159693002700805664e-01
-2.178442478179931641e-02 4.012572765350341797e-02 2.825381755828857422e-01 -2.415527701377868652e-01 -6.734156608581542969e-02 6.229041814804077148e-01
-1.146573424339294434e-01 9.518384933471679688e-03 4.128503799438476562e-01 -2.738063931465148926e-01 -1.498962640762329102e-01 6.409585475921630859e-01
-2.125318646430969238e-01 -9.699517488479614258e-02 5.201612710952758789e-01 -1.084074378013610840e-01 2.857697010040283203e-02 5.355955362319946289e-01
-3.457283973693847656e-01 -8.753377199172973633e-02 5.251915454864501953e-01 -1.998518109321594238e-01 -9.501254558563232422e-02 5.628788471221923828e-01
-2.659962773323059082e-01 -1.180847287178039551e-01 6.374474763870239258e-01 -2.090574502944946289e-01 -2.692655324935913086e-01 5.627011060714721680e-01
2.139390707015991211e-01 -6.220149993896484375e-02 3.485342264175415039e-01 -7.439035177230834961e-02 2.481409311294555664e-01 4.543851613998413086e-01
1.051950454711914062e-02 -2.392038106918334961e-01 5.736563205718994141e-01 -2.111136913299560547e-01 2.246973514556884766e-01 4.488548040390014648e-01
-9.950053691864013672e-02 -2.302184104919433594e-01 3.829727172851562500e-01 -3.025663495063781738e-01 6.792831420898437500e-02 2.267082929611206055e-01
-1.939269304275512695e-01 -3.540582060813903809e-01 3.930178880691528320e-01 -1.974134445190429688e-01 1.440672874450683594e-01 1.621280908584594727e-01
-2.590502500534057617e-01 -2.597137689590454102e-01 2.669036388397216797e-01 -2.496173977851867676e-01 7.768297195434570312e-02 2.542219161987304688e-01
-3.762262463569641113e-01 -1.446679234504699707e-01 3.173782825469970703e-01 -2.777734398841857910e-01 -1.480040550231933594e-01 3.370505571365356445e-01
-2.852922081947326660e-01 -1.017114520072937012e-01 6.715482473373413086e-01 -2.224420309066772461e-01 -8.616733551025390625e-02 3.698573112487792969e-01
-2.484667897224426270e-01 9.296703338623046875e-02 6.697500944137573242e-01 -2.156120538711547852e-01 -2.804247140884399414e-01 4.458562135696411133e-01
3.206839561462402344e-01 3.100715875625610352e-01 3.416661024093627930e-01 -6.604087352752685547e-02 1.723277568817138672e-01 9.568679332733154297e-02
3.237786293029785156e-01 2.222266197204589844e-01 4.373394250869750977e-01 -1.389349699020385742e-01 2.056211233139038086e-01 9.732151031494140625e-02
5.988042354583740234e-01 4.707143306732177734e-01 2.056577205657958984e-01 -1.159945130348205566e-01 2.847218513488769531e-02 2.841539382934570312e-01
7.189650535583496094e-01 3.520251512527465820e-01 1.213772296905517578e-01 -2.656618356704711914e-01 1.250520944595336914e-01 1.975765228271484375e-01
7.069666385650634766e-01 4.074189662933349609e-01 1.815474033355712891e-02 -2.075257897377014160e-01 4.104888439178466797e-02 2.056313753128051758e-01
8.139877319335937500e-01 4.191759824752807617e-01 -9.097605943679809570e-02 -1.630131006240844727e-01 -1.075297594070434570e-02 2.547534704208374023e-01
7.984989881515502930e-01 3.284024000167846680e-01 1.586675643920898438e-04 -2.109855413436889648e-01 7.720839977264404297e-02 1.968456506729125977e-01
7.671194076538085938e-01 2.987108230590820312e-01 5.600357055664062500e-02 -2.777580022811889648e-01 8.625984191894531250e-02 1.949369907379150391e-01
6.393189430236816406e-01 1.859259605407714844e-01 4.427063465118408203e-02 -2.468987107276916504e-01 1.799218654632568359e-01 4.161596298217773438e-02
6.198496818542480469e-01 1.021947860717773438e-01 9.088408946990966797e-02 -3.862934112548828125e-01 2.418441772460937500e-01 8.394145965576171875e-02
3.884478807449340820e-01 -1.117406487464904785e-01 2.942516803741455078e-01 -5.033863186836242676e-01 3.758805990219116211e-01 -1.495200395584106445e-01
1.114249229431152344e-01 -3.875732421875000000e-02 4.572378396987915039e-01 -4.727048873901367188e-01 3.051285743713378906e-01 -1.443095803260803223e-01
-6.185412406921386719e-03 2.090096473693847656e-01 7.875967025756835938e-01 -4.691603183746337891e-01 4.622709751129150391e-02 2.027509212493896484e-01
2.109488248825073242e-01 8.549463748931884766e-02 5.065816640853881836e-01 -3.532741665840148926e-01 2.127763032913208008e-01 8.258700370788574219e-02
-7.225394248962402344e-03 4.784286022186279297e-02 4.637839794158935547e-01 -2.860404253005981445e-01 2.777802944183349609e-02 6.342661380767822266e-02
-6.595218181610107422e-02 -3.728127479553222656e-02 5.238118171691894531e-01 -2.358716726303100586e-01 4.145085811614990234e-02 -4.868876934051513672e-02
-1.269643902778625488e-01 -3.077864646911621094e-02 3.611979484558105469e-01 -1.680945158004760742e-01 1.075444221496582031e-01 -1.004250645637512207e-01
-3.741092681884765625e-01 -2.286183834075927734e-02 3.654175996780395508e-01 -1.847882270812988281e-01 3.780198097229003906e-02 -9.263771772384643555e-02
-2.782558798789978027e-01 -1.505197286605834961e-01 5.420633554458618164e-01 -3.786616921424865723e-01 2.521370649337768555e-01 -2.465249300003051758e-01
-2.963036298751831055e-01 -1.046295166015625000e-01 4.762054681777954102e-01 -1.426509618759155273e-01 1.276866197586059570e-01 -1.381472349166870117e-01
-6.328308582305908203e-02 -1.775147914886474609e-01 3.995423316955566406e-01 -1.849633455276489258e-02 1.922199726104736328e-01 -4.966639280319213867e-01
-6.172013282775878906e-02 -3.069806694984436035e-01 5.350757837295532227e-01 -6.949245929718017578e-02 2.714920043945312500e-01 -5.437563061714172363e-01
1.190906763076782227e-01 -6.901043653488159180e-02 4.164911508560180664e-01 -2.457718253135681152e-01 1.477533578872680664e-01 -1.329910159111022949e-01
3.624500036239624023e-01 -2.429795265197753906e-02 2.817387580871582031e-01 -3.108677864074707031e-01 3.395720720291137695e-01 -9.924846887588500977e-02
3.441079854965209961e-01 -5.005598068237304688e-04 3.546057939529418945e-01 -3.355218172073364258e-01 3.221691846847534180e-01 -7.151287794113159180e-02
4.810144901275634766e-01 6.504273414611816406e-02 2.892342805862426758e-01 -3.005632162094116211e-01 3.321044445037841797e-01 -3.793793916702270508e-02
4.577991962432861328e-01 1.527987718582153320e-01 3.607062101364135742e-01 -3.643854260444641113e-01 2.905954122543334961e-01 1.117576360702514648e-01
5.425143241882324219e-01 2.932878732681274414e-01 3.972227573394775391e-01 -4.387856721878051758e-01 1.536465883255004883e-01 3.028724193572998047e-01
5.027211904525756836e-01 1.940504312515258789e-01 3.770846128463745117e-01 -4.134518504142761230e-01 2.032597064971923828e-01 1.929187774658203125e-01
3.835870027542114258e-01 1.361891031265258789e-01 3.096528053283691406e-01 -3.697459697723388672e-01 2.577136754989624023e-01 6.074202060699462891e-02
4.078027009963989258e-01 -2.127617597579956055e-02 2.900962829589843750e-01 -2.882349491119384766e-01 3.770488500595092773e-01 -1.005739569664001465e-01
3.209300041198730469e-01 -9.918642044067382812e-02 3.954601287841796875e-01 -3.098788857460021973e-01 3.735344409942626953e-01 -1.375949382781982422e-01
1.707427501678466797e-01 -2.429652810096740723e-01 5.397143363952636719e-01 -4.220160841941833496e-01 4.389697313308715820e-01 -2.537545561790466309e-01
9.869086742401123047e-02 -3.883059620857238770e-01 5.111033916473388672e-01 -3.711172342300415039e-01 5.737854242324829102e-01 -4.676156044006347656e-01
2.908289432525634766e-02 -1.277997493743896484e-01 5.647717714309692383e-01 -4.419605731964111328e-01 2.496513128280639648e-01 -1.424187421798706055e-01
2.809522151947021484e-01 2.262532711029052734e-02 2.695323228836059570e-01 -3.939223885536193848e-01 2.369517087936401367e-01 -1.087887287139892578e-01
1.391859054565429688e-01 6.350755691528320312e-03 3.201189041137695312e-01 -3.506454229354858398e-01 3.567955493927001953e-01 -1.508891582489013672e-02
9.413242340087890625e-02 -9.220898151397705078e-02 4.157017469406127930e-01 -1.669897437095642090e-01 2.600083351135253906e-01 -4.572010040283203125e-02
-1.011826992034912109e-01 -1.493424773216247559e-01 5.023605823516845703e-01 -2.362254261970520020e-01 1.362340450286865234e-01 1.071294546127319336e-01
-1.128913760185241699e-01 -7.075971364974975586e-02 4.668693542480468750e-01 -2.576053738594055176e-01 1.373864412307739258e-01 -8.392810821533203125e-03
-1.816411614418029785e-01 -1.442838311195373535e-01 3.910397291183471680e-01 -2.926223874092102051e-01 2.841681241989135742e-01 -3.249014019966125488e-01
-2.463272213935852051e-01 -2.600829601287841797e-01 4.488365650177001953e-01 -5.199980735778808594e-02 6.053230762481689453e-01 -5.907149314880371094e-01
-2.394252419471740723e-01 -4.190840721130371094e-01 6.431676149368286133e-01 -4.522228240966796875e-02 7.102764844894409180e-01 -6.687357425689697266e-01
-1.118211746215820312e-01 -1.916581392288208008e-02 8.419480323791503906e-01 -5.512583255767822266e-02 -7.269674539566040039e-02 1.294243335723876953e-02
5.900347232818603516e-02 6.217074394226074219e-02 6.704777479171752930e-01 -3.517557978630065918e-01 -2.792744040489196777e-01 1.110317707061767578e-01
3.029049634933471680e-01 2.562341690063476562e-01 5.258471965789794922e-01 -2.379584908485412598e-01 -2.056065201759338379e-01 2.499716281890869141e-01
2.775856256484985352e-01 3.588528633117675781e-01 5.496588945388793945e-01 -3.767509460449218750e-01 -1.718561649322509766e-01 2.724807262420654297e-01
1.303067207336425781e-01 2.200218439102172852e-01 4.146587848663330078e-01 -2.412402033805847168e-01 -8.598774671554565430e-02 3.474986553192138672e-02
2.335096597671508789e-01 4.246708154678344727e-01 3.715146780014038086e-01 -2.599520683288574219e-01 -2.814397215843200684e-01 3.445590734481811523e-01
2.516855001449584961e-01 2.994731664657592773e-01 5.500079393386840820e-01 -3.530846834182739258e-01 -1.094241738319396973e-01 2.946469783782958984e-01
3.002319335937500000e-01 2.720282077789306641e-01 5.533440113067626953e-01 -3.050363659858703613e-01 -9.093374013900756836e-02 2.820615768432617188e-01
2.136406898498535156e-01 3.803349733352661133e-01 4.175332784652709961e-01 -3.897935152053833008e-01 -1.359166502952575684e-01 2.412101030349731445e-01
6.819021701812744141e-02 1.434423923492431641e-01 5.513260364532470703e-01 -2.462472915649414062e-01 -1.511166095733642578e-01 2.674415111541748047e-01
-1.526155471801757812e-01 -1.078260540962219238e-01 6.540828943252563477e-01 -3.264169692993164062e-01 -4.142451286315917969e-02 -1.310580968856811523e-02
-2.230423688888549805e-01 -1.059648990631103516e-01 5.601054430007934570e-01 -3.257029652595520020e-01 -4.780834913253784180e-02 -1.608888506889343262e-01
-4.792929887771606445e-01 -2.241153717041015625e-01 6.821212768554687500e-01 -2.221372127532958984e-01 1.430879831314086914e-01 -2.820211648941040039e-01
-4.904559850692749023e-01 1.595842838287353516e-02 4.698321819305419922e-01 -1.890912652015686035e-01 -2.298288941383361816e-01 -1.808840036392211914e-02
-3.101654052734375000e-01 4.598796367645263672e-02 7.541129589080810547e-01 -1.249800920486450195e-01 -1.767284870147705078e-01 2.372703552246093750e-01
-4.524325728416442871e-01 1.058498620986938477e-01 6.486965417861938477e-01 -2.406927347183227539e-01 -1.953101754188537598e-01 2.818676233291625977e-01
-2.001349329948425293e-01 -7.583498954772949219e-03 7.000972032546997070e-01 -1.616384387016296387e-01 -1.125311255455017090e-01 2.005416154861450195e-01
-3.362897634506225586e-01 -5.495494604110717773e-02 5.874629020690917969e-01 -8.291852474212646484e-02 -1.438098549842834473e-01 4.212820529937744141e-02
-4.707295298576354980e-01 8.661031723022460938e-03 5.606722831726074219e-01 -2.117099761962890625e-01 -1.946447491645812988e-01 1.210796833038330078e-01
-5.952636003494262695e-01 -1.122455000877380371e-01 5.097194910049438477e-01 -3.245453238487243652e-01 -1.561684012413024902e-01 -7.349300384521484375e-02
-2.092723250389099121e-01 -1.329898834228515625e-01 2.208040952682495117e-01 -1.010752916336059570e-01 3.558782339096069336e-01 -4.311158061027526855e-01
-2.738683819770812988e-01 -2.794173359870910645e-01 1.077307462692260742e-01 2.061271667480468750e-02 3.913215398788452148e-01 -7.028661966323852539e-01
-1.322384476661682129e-01 -5.051308274269104004e-01 3.175268173217773438e-01 -1.236596703529357910e-01 5.933881998062133789e-01 -6.701352596282958984e-01
-3.260936141014099121e-01 -5.018020272254943848e-01 6.347438097000122070e-01 -2.355039119720458984e-03 2.717775106430053711e-01 -4.703387618064880371e-01
2.411727905273437500e-01 -6.570582389831542969e-01 3.793278932571411133e-01 -3.174507021903991699e-01 4.587450027465820312e-01 -6.061880588531494141e-01
2.893298864364624023e-01 -5.871733427047729492e-01 1.529548168182373047e-01 -4.660303592681884766e-01 5.298620462417602539e-01 -5.286405086517333984e-01
2.445430755615234375e-01 -5.445171594619750977e-01 1.036974191665649414e-01 -4.460231065750122070e-01 3.890411853790283203e-01 -4.070147871971130371e-01
2.919827699661254883e-01 -4.670180082321166992e-01 1.251471042633056641e-02 -4.194951653480529785e-01 3.133116960525512695e-01 -3.703058958053588867e-01
1.935151815414428711e-01 -3.728736639022827148e-01 -4.955810308456420898e-02 -5.402244329452514648e-01 1.661911010742187500e-01 -2.773705720901489258e-01
2.536429166793823242e-01 -4.504811167716979980e-01 -2.519500255584716797e-02 -4.813662171363830566e-01 3.167898654937744141e-01 -4.470542073249816895e-01
3.890329599380493164e-01 -5.975540876388549805e-01 6.208813190460205078e-02 -4.654341936111450195e-01 4.893968105316162109e-01 -5.786972045898437500e-01
2.198824882507324219e-01 -6.106067895889282227e-01 1.810907125473022461e-01 -5.459172129631042480e-01 3.858337402343750000e-01 -5.516381263732910156e-01
1.595572233200073242e-01 -5.169025063514709473e-01 2.678586244583129883e-01 -5.624849796295166016e-01 2.419047355651855469e-01 -4.930101633071899414e-01
-2.361467480659484863e-01 -4.819344878196716309e-01 4.543521404266357422e-01 -5.349025130271911621e-01 2.296388149261474609e-01 -3.596218824386596680e-01
-3.745574355125427246e-01 -5.631446242332458496e-01 1.571660041809082031e-01 -5.279386043548583984e-01 3.822205066680908203e-01 -5.092494487762451172e-01
-3.158908486366271973e-01 -5.471139550209045410e-01 4.350388050079345703e-02 -3.456342220306396484e-01 3.202439546585083008e-01 -4.517616629600524902e-01
-3.586350679397583008e-01 -4.133072495460510254e-01 1.583563089370727539e-01 -2.761213779449462891e-01 -2.620160579681396484e-03 -3.041381835937500000e-01
-4.704636335372924805e-01 -4.325988292694091797e-01 2.460073232650756836e-01 -8.436334133148193359e-02 1.403248310089111328e-01 -2.783289551734924316e-01
-6.048842668533325195e-01 -4.333335161209106445e-01 1.937867403030395508e-01 -1.942650079727172852e-01 2.935767173767089844e-03 -2.849550247192382812e-01
-3.149521350860595703e-01 -4.894148707389831543e-01 2.969610691070556641e-02 -8.082133531570434570e-02 5.341398715972900391e-02 -3.557571768760681152e-01
-2.688775062561035156e-01 -3.625818490982055664e-01 1.964719295501708984e-01 -1.993098258972167969e-01 -1.776623725891113281e-01 -2.186451554298400879e-01
-3.312817215919494629e-01 -3.315498828887939453e-01 2.922724485397338867e-01 -8.907902240753173828e-02 -1.046121716499328613e-01 -8.893477916717529297e-02
-1.005017757415771484e-02 -3.274399042129516602e-01 5.512386560440063477e-01 -3.561172485351562500e-01 5.384147167205810547e-02 -1.169168353080749512e-01
-5.438512563705444336e-02 -4.006596207618713379e-01 5.641506910324096680e-01 -3.521218299865722656e-01 7.213354110717773438e-02 -2.219423055648803711e-01
-3.400307893753051758e-02 -4.417205452919006348e-01 2.830156087875366211e-01 -4.768705964088439941e-01 1.935601234436035156e-03 -4.240697622299194336e-02
-5.640321969985961914e-02 -2.934611439704895020e-01 2.960758209228515625e-01 -7.489837408065795898e-01 -7.318156957626342773e-02 2.460443973541259766e-01
-5.606293678283691406e-02 -3.149498105049133301e-01 1.948423385620117188e-01 -6.556278467178344727e-01 1.067268848419189453e-02 2.462391853332519531e-01
1.340353488922119141e-02 -2.216209769248962402e-01 2.957067489624023438e-01 -6.442019939422607422e-01 1.066589355468750000e-02 3.755303621292114258e-01
7.725596427917480469e-03 -2.416591644287109375e-01 2.949475049972534180e-01 -5.534092783927917480e-01 2.949762344360351562e-02 3.603986501693725586e-01
2.547240257263183594e-02 -1.588611006736755371e-01 3.018881082534790039e-01 -5.738548040390014648e-01 1.688659191131591797e-02 4.284095764160156250e-01
3.609633445739746094e-02 -9.515124559402465820e-02 2.643755674362182617e-01 -5.297932624816894531e-01 5.077493190765380859e-02 4.940505027770996094e-01
-7.448178529739379883e-02 -2.064232826232910156e-01 3.077872991561889648e-01 -4.393423199653625488e-01 1.379282474517822266e-01 3.883625268936157227e-01
1.026570796966552734e-02 -1.775270700454711914e-01 1.915044784545898438e-01 -4.236513972282409668e-01 1.518507003784179688e-01 3.694262504577636719e-01
-6.941407918930053711e-02 -1.897739171981811523e-01 3.230538368225097656e-01 -4.610389471054077148e-01 1.555417776107788086e-01 4.068467617034912109e-01
6.854653358459472656e-03 -2.285472750663757324e-01 3.940690755844116211e-01 -4.917748570442199707e-01 2.017642259597778320e-01 3.881663084030151367e-01
-1.864982843399047852e-01 -3.349837660789489746e-01 5.130975246429443359e-01 -4.182679057121276855e-01 3.198070526123046875e-01 2.830656766891479492e-01
-1.389578580856323242e-01 -1.816095113754272461e-01 5.593799352645874023e-01 -3.993735313415527344e-01 6.099843978881835938e-02 3.947753906250000000e-01
-1.621302366256713867e-01 -8.652544021606445312e-02 4.889780282974243164e-01 -3.114159703254699707e-01 -2.105838060379028320e-02 5.194208621978759766e-01
