1.968264579772949219e-02 -6.597453951835632324e-01 3.657937049865722656e-03 -4.679235816001892090e-01 -4.985213279724121094e-02 -4.177953600883483887e-01
1.061434745788574219e-01 -5.412802696228027344e-01 -1.362243890762329102e-01 -2.544218301773071289e-01 -2.231128215789794922e-01 -8.411633968353271484e-02
2.135497331619262695e-01 -3.851171731948852539e-01 -2.109087109565734863e-01 -3.609417080879211426e-01 -4.592940807342529297e-01 6.168532371520996094e-02
2.812869548797607422e-01 -4.049623608589172363e-01 -1.350993514060974121e-01 -3.302429318428039551e-01 -4.611438512802124023e-01 -2.903878688812255859e-02
1.853182315826416016e-01 -4.094700813293457031e-01 -1.756699085235595703e-01 -3.850706219673156738e-01 -5.012505054473876953e-01 -1.747882366180419922e-02
1.579385995864868164e-01 -4.960367083549499512e-01 -9.830951690673828125e-02 -3.723061084747314453e-01 -4.711857438087463379e-01 -6.332081556320190430e-02
2.549735307693481445e-01 -4.053845405578613281e-01 -1.525692343711853027e-01 -4.220686554908752441e-01 -4.190636873245239258e-01 -1.094055175781250000e-02
3.805968761444091797e-01 -6.180465221405029297e-01 -2.333863377571105957e-01 -3.987885713577270508e-01 -2.028032541275024414e-01 -2.807008028030395508e-01
2.323830127716064453e-01 -5.353525876998901367e-01 -7.592380046844482422e-02 -5.317602157592773438e-01 -1.949663758277893066e-01 -1.874911785125732422e-01
1.604744195938110352e-01 -4.984959959983825684e-01 -9.463989734649658203e-02 -4.818504452705383301e-01 -2.845247983932495117e-01 -1.065811514854431152e-01
2.505426406860351562e-01 -5.270808935165405273e-01 -9.281539916992187500e-02 -2.799163460731506348e-01 -4.146478176116943359e-01 3.583848476409912109e-02
3.953725099563598633e-01 -5.802565217018127441e-01 -2.318527698516845703e-01 -1.973072290420532227e-01 -2.665651440620422363e-01 -1.213886737823486328e-01
3.460009098052978516e-01 -5.281130075454711914e-01 -1.629711389541625977e-01 -4.158696532249450684e-01 -2.219886779785156250e-01 -1.357786655426025391e-01
3.934859037399291992e-01 -4.802032709121704102e-01 -2.009284496307373047e-01 -3.221555352210998535e-01 -2.772136926651000977e-01 -1.509273052215576172e-02
2.367807626724243164e-01 -5.651548504829406738e-01 -1.056123971939086914e-01 -2.259654998779296875e-01 -2.952595353126525879e-01 8.876919746398925781e-03
3.698588609695434570e-01 -6.007841825485229492e-01 -2.713139653205871582e-01 -2.566375732421875000e-01 -1.838183999061584473e-01 -1.068543791770935059e-01
2.866849899291992188e-01 -4.700182080268859863e-01 -1.553953289985656738e-01 -3.790870904922485352e-01 -1.535044312477111816e-01 -5.941975116729736328e-02
2.310452461242675781e-01 -4.490256309509277344e-01 -1.743306517601013184e-01 -3.068416714668273926e-01 -2.317386865615844727e-01 2.276933193206787109e-02
2.322973012924194336e-01 -5.306088328361511230e-01 -1.088017225265502930e-01 -2.425496578216552734e-01 -2.164678573608398438e-01 2.322471141815185547e-02
2.900973558425903320e-01 -4.313040375709533691e-01 -1.128734350204467773e-01 -3.668240308761596680e-01 -2.597805857658386230e-01 1.140661239624023438e-01
4.059764146804809570e-01 -4.506646990776062012e-01 -9.460306167602539062e-02 -2.556064128875732422e-01 -2.775993347167968750e-01 1.320141553878784180e-01
3.890838623046875000e-01 -4.173723459243774414e-01 -2.515829205513000488e-01 -2.160325646400451660e-01 -2.638525366783142090e-01 6.871640682220458984e-02
2.629482746124267578e-01 -3.101319074630737305e-01 -3.208875656127929688e-01 -3.735097050666809082e-01 -3.514627814292907715e-01 1.757097244262695312e-01
2.960460186004638672e-01 -2.661569714546203613e-01 -1.863147020339965820e-01 -4.488358497619628906e-01 -1.938601732254028320e-01 2.609306573867797852e-01
5.088640451431274414e-01 -2.700070738792419434e-01 -2.448796033859252930e-01 -3.985564112663269043e-01 -9.010016918182373047e-03 2.093628644943237305e-01
4.231668710708618164e-01 -2.175729870796203613e-01 -1.690887212753295898e-01 -4.082731008529663086e-01 -3.204101324081420898e-02 2.920092344284057617e-01
3.627860546112060547e-01 -2.332309484481811523e-01 -9.035152196884155273e-02 -4.854517579078674316e-01 1.281738281250000000e-03 2.968795299530029297e-01
4.564201831817626953e-01 -2.362715601921081543e-01 -1.585606932640075684e-01 -3.777920603752136230e-01 3.755676746368408203e-02 2.604585886001586914e-01
4.911203384399414062e-01 -1.997560262680053711e-01 -9.488862752914428711e-02 -4.244040250778198242e-01 5.935728549957275391e-02 3.342907428741455078e-01
4.656454324722290039e-01 -2.306493520736694336e-01 -2.771723270416259766e-02 -4.071921110153198242e-01 1.094281673431396484e-01 3.110377788543701172e-01
4.086619615554809570e-01 -2.955536842346191406e-01 -3.119653463363647461e-02 -3.644065260887145996e-01 1.061376333236694336e-01 2.281869649887084961e-01
4.363567829132080078e-01 -2.053186893463134766e-01 -1.761299371719360352e-02 -3.438924551010131836e-01 6.506514549255371094e-02 2.997169494628906250e-01
4.255743026733398438e-01 -2.411284446716308594e-01 -7.975137233734130859e-02 -2.002832889556884766e-01 5.224728584289550781e-02 2.777221202850341797e-01
3.426746129989624023e-01 -1.150372028350830078e-01 -3.684759140014648438e-04 -2.443352341651916504e-01 -1.018313169479370117e-01 4.748176336288452148e-01
9.853339195251464844e-02 1.045286655426025391e-02 1.626460552215576172e-01 -2.539321780204772949e-01 -1.579498648643493652e-01 6.213903427124023438e-01
6.756758689880371094e-02 -8.249402046203613281e-03 2.258039712905883789e-01 -2.226862311363220215e-01 2.802038192749023438e-02 6.285632848739624023e-01
5.048704147338867188e-02 -7.705503702163696289e-02 1.336134672164916992e-01 -2.512714862823486328e-01 3.042888641357421875e-02 5.092228651046752930e-01
6.572723388671875000e-03 -7.512879371643066406e-02 2.419556379318237305e-01 -2.874685525894165039e-01 3.385031223297119141e-02 4.676022529602050781e-01
-1.178325414657592773e-01 -8.032876253128051758e-02 4.303115606307983398e-01 -2.376211285591125488e-01 -1.144438385963439941e-01 5.473905801773071289e-01
-2.019612789154052734e-01 -8.690851926803588867e-02 5.252497196197509766e-01 -1.501843929290771484e-01 -2.788984775543212891e-02 5.232381820678710938e-01
-1.725754141807556152e-01 -1.150357127189636230e-01 5.667687654495239258e-01 -1.946649551391601562e-01 6.868004798889160156e-03 4.347969293594360352e-01
-1.597141623497009277e-01 -1.290889978408813477e-01 6.430020332336425781e-01 -1.100149154663085938e-01 9.576594829559326172e-02 4.359134435653686523e-01
-1.058884263038635254e-01 -5.981326103210449219e-02 6.549382209777832031e-01 -2.224214076995849609e-01 -1.618146896362304688e-03 3.915859460830688477e-01
2.434364557266235352e-01 -7.181048393249511719e-03 4.406408071517944336e-01 7.862305641174316406e-02 2.220886945724487305e-01 2.546383142471313477e-01
2.447731494903564453e-01 -1.170176267623901367e-01 7.068827152252197266e-01 1.488082408905029297e-01 3.215918540954589844e-01 2.174355983734130859e-01
3.887515068054199219e-01 1.248011589050292969e-01 3.738391399383544922e-01 1.163148880004882812e-01 2.132548093795776367e-01 1.986078023910522461e-01
4.516856670379638672e-01 1.923305988311767578e-01 3.259150981903076172e-01 -5.663460493087768555e-02 2.057458162307739258e-01 2.474244832992553711e-01
6.821653842926025391e-01 3.096144199371337891e-01 1.236414909362792969e-02 -6.615751981735229492e-02 1.454813480377197266e-01 2.084320783615112305e-01
8.083353042602539062e-01 3.206645250320434570e-01 -3.784704208374023438e-02 -1.213797926902770996e-01 1.880723237991333008e-01 1.591323614120483398e-01
7.086325883865356445e-01 2.592290639877319336e-01 -6.099939346313476562e-02 -1.835951805114746094e-01 2.112051248550415039e-01 3.068351745605468750e-02
7.130552530288696289e-01 4.101941585540771484e-01 -1.315705776214599609e-01 -2.430366277694702148e-01 1.927733421325683594e-03 1.678220033645629883e-01
7.547639608383178711e-01 4.379473924636840820e-01 -1.400201320648193359e-01 -2.457820773124694824e-01 -2.856206893920898438e-02 1.520009040832519531e-01
7.290898561477661133e-01 4.134045839309692383e-01 -1.377056241035461426e-01 -3.146769404411315918e-01 -8.956134319305419922e-03 8.942627906799316406e-02
7.019639015197753906e-01 3.199645280838012695e-01 -1.439958810806274414e-01 -3.131940364837646484e-01 1.186674833297729492e-01 -3.597974777221679688e-02
5.416613817214965820e-01 3.490756750106811523e-01 -5.894970893859863281e-02 -3.379155397415161133e-01 -5.642116069793701172e-03 8.060336112976074219e-02
5.890510082244873047e-01 2.972185611724853516e-01 6.522297859191894531e-02 -3.759202957153320312e-01 6.323719024658203125e-02 9.785783290863037109e-02
2.640146017074584961e-01 1.080467700958251953e-01 1.357722282409667969e-01 -4.165366888046264648e-01 9.248697757720947266e-02 -3.646183013916015625e-02
-1.612025499343872070e-01 -2.800518274307250977e-02 4.853478670120239258e-01 -3.137425184249877930e-01 4.477632045745849609e-02 -1.249433755874633789e-01
-3.041839599609375000e-02 3.708842992782592773e-01 4.929144382476806641e-01 -3.244511485099792480e-01 -2.698882222175598145e-01 3.293597698211669922e-01
6.689774990081787109e-02 3.106862306594848633e-01 2.655342817306518555e-01 -1.749362349510192871e-01 -3.549163937568664551e-01 2.377140522003173828e-01
-8.730876445770263672e-02 7.119345664978027344e-02 5.003528594970703125e-01 -4.085423946380615234e-01 -3.121459484100341797e-02 5.747961997985839844e-02
-3.037730455398559570e-01 -3.052115440368652344e-02 5.981400012969970703e-01 -3.309258222579956055e-01 -4.493737220764160156e-02 1.532447338104248047e-02
-1.148375272750854492e-01 1.000095605850219727e-01 6.545878648757934570e-01 -1.242849230766296387e-01 -2.292108535766601562e-02 9.814798831939697266e-02
-2.694283127784729004e-01 -1.522535085678100586e-02 4.900938272476196289e-01 -1.926708817481994629e-01 -1.098750829696655273e-01 -9.784507751464843750e-02
-2.055186033248901367e-01 2.242469787597656250e-02 4.918392896652221680e-01 -2.915643453598022461e-01 -5.627501010894775391e-02 2.041888236999511719e-02
-4.440881013870239258e-01 -1.548297405242919922e-01 5.692794322967529297e-01 -3.161064386367797852e-01 7.861709594726562500e-02 -2.087642550468444824e-01
-2.688949108123779297e-01 4.507696628570556641e-02 5.057520866394042969e-01 -2.195630669593811035e-01 1.544511318206787109e-01 -3.108984231948852539e-01
-1.564949750900268555e-01 -1.388533711433410645e-01 3.179432153701782227e-01 -2.462236881256103516e-01 3.771483898162841797e-01 -5.640923380851745605e-01
-1.784338951110839844e-01 -2.378780245780944824e-01 5.240072011947631836e-01 -4.063170552253723145e-01 2.381719350814819336e-01 -3.830305933952331543e-01
1.994647979736328125e-01 1.708972454071044922e-01 2.736452817916870117e-01 -3.412914276123046875e-01 2.042578458786010742e-01 4.234588146209716797e-02
4.008470773696899414e-01 2.882922887802124023e-01 1.924960613250732422e-01 -4.291495680809020996e-01 2.650766372680664062e-01 9.052395820617675781e-02
4.181785583496093750e-01 3.700190782546997070e-01 2.080922126770019531e-01 -4.464933872222900391e-01 1.407859325408935547e-01 2.025318145751953125e-01
3.407474756240844727e-01 3.961822986602783203e-01 2.545747756958007812e-01 -4.034958481788635254e-01 5.228567123413085938e-02 2.879568338394165039e-01
3.413382768630981445e-01 4.438598155975341797e-01 2.632145881652832031e-01 -4.582023024559020996e-01 -8.103668689727783203e-03 3.822857141494750977e-01
3.921031951904296875e-01 3.593208789825439453e-01 3.464654684066772461e-01 -4.694595336914062500e-01 1.418799161911010742e-01 2.694692611694335938e-01
4.575444459915161133e-01 3.366733789443969727e-01 2.795832157135009766e-01 -3.632010817527770996e-01 1.354111433029174805e-01 2.039735317230224609e-01
4.207385778427124023e-01 4.038175344467163086e-01 2.571716308593750000e-01 -3.237343430519104004e-01 4.510974884033203125e-02 2.917256355285644531e-01
3.620593547821044922e-01 2.788374423980712891e-01 2.706825733184814453e-01 -3.263267278671264648e-01 1.188193559646606445e-01 1.765198707580566406e-01
3.499348163604736328e-01 7.559835910797119141e-02 3.605487346649169922e-01 -2.680845260620117188e-01 2.457274198532104492e-01 3.833281993865966797e-02
2.925006151199340820e-01 -7.419538497924804688e-02 4.472730159759521484e-01 -3.027216196060180664e-01 3.468188047409057617e-01 -7.639354467391967773e-02
8.233833312988281250e-02 -1.248952746391296387e-01 4.803187847137451172e-01 -5.561130046844482422e-01 3.318855762481689453e-01 -1.947954893112182617e-01
-5.003543496131896973e-01 -8.188074827194213867e-02 5.708448886871337891e-01 -4.297394752502441406e-01 2.169092893600463867e-01 -1.802507638931274414e-01
-4.456173181533813477e-01 -1.604110002517700195e-02 4.491261243820190430e-01 -1.537905931472778320e-01 1.758713722229003906e-01 -6.448900699615478516e-02
-4.295317530632019043e-01 9.270763397216796875e-02 3.778595924377441406e-01 -1.964945793151855469e-01 -6.889033317565917969e-02 3.009629249572753906e-02
-3.265337347984313965e-01 -8.279097080230712891e-02 4.265513420104980469e-01 -9.046244621276855469e-02 -4.415512084960937500e-02 -5.146348476409912109e-02
-4.374253749847412109e-01 5.925512313842773438e-02 5.950058698654174805e-01 -8.846038579940795898e-02 -6.562626361846923828e-02 5.455279350280761719e-02
-2.752116322517395020e-01 3.902864456176757812e-02 5.971924066543579102e-01 -1.646188497543334961e-01 -7.699936628341674805e-02 3.585934638977050781e-02
-3.865948319435119629e-01 8.260929584503173828e-02 6.859782934188842773e-01 -2.465162873268127441e-01 -1.615992784500122070e-01 1.887850761413574219e-01
-4.549471735954284668e-01 -1.386284828186035156e-02 5.365039110183715820e-01 -2.848945260047912598e-01 1.686847209930419922e-02 -2.193737030029296875e-02
-2.583869099617004395e-01 -2.192899584770202637e-01 4.224030971527099609e-01 -1.703627705574035645e-01 4.503296613693237305e-01 -5.031366348266601562e-01
-3.090443611145019531e-01 -2.809982895851135254e-01 5.342200994491577148e-01 -4.604530334472656250e-02 4.162434339523315430e-01 -5.928233861923217773e-01
-2.216376066207885742e-01 -2.228072881698608398e-01 7.859351634979248047e-01 -2.147524952888488770e-01 2.619150876998901367e-01 -1.932192444801330566e-01
-1.200563311576843262e-01 6.646919250488281250e-02 7.326145172119140625e-01 -3.484985232353210449e-01 -2.906107902526855469e-01 1.500996351242065430e-01
6.895518302917480469e-02 1.203699111938476562e-01 6.173614263534545898e-01 -3.034722805023193359e-01 -1.467381119728088379e-01 2.600888013839721680e-01
1.492840051651000977e-01 4.394116401672363281e-01 4.096375703811645508e-01 -4.130000472068786621e-01 -2.494823932647705078e-01 3.215306997299194336e-01
3.071869611740112305e-01 4.226385354995727539e-01 3.828067779541015625e-01 -2.093256711959838867e-01 -2.421680688858032227e-01 3.503149747848510742e-01
4.422698020935058594e-01 2.641870975494384766e-01 3.886514902114868164e-01 -3.137999773025512695e-01 5.202269554138183594e-02 9.921276569366455078e-02
4.529904127120971680e-01 3.486289978027343750e-01 3.719950914382934570e-01 -3.717366456985473633e-01 -1.463359594345092773e-02 1.925752162933349609e-01
4.914975166320800781e-01 3.296996355056762695e-01 3.845287561416625977e-01 -3.989726305007934570e-01 -8.544206619262695312e-03 1.910073757171630859e-01
3.025225400924682617e-01 3.976337909698486328e-01 3.677316904067993164e-01 -4.496624469757080078e-01 -1.709538698196411133e-01 2.490504980087280273e-01
2.150404453277587891e-01 2.234839200973510742e-01 3.286093473434448242e-01 -4.301913380622863770e-01 -1.037174463272094727e-01 2.638185024261474609e-02
-4.238611459732055664e-02 -1.180899739265441895e-01 4.131464958190917969e-01 -3.026413321495056152e-01 7.412230968475341797e-02 -1.759380698204040527e-01
-3.850733637809753418e-01 -1.200157403945922852e-01 6.864658594131469727e-01 -4.275196194648742676e-01 -1.473106741905212402e-01 -4.077064990997314453e-02
-4.156560301780700684e-01 -4.124224185943603516e-02 7.204196453094482422e-01 -3.523656725883483887e-01 -9.843528270721435547e-02 6.102204322814941406e-02
-5.193032026290893555e-01 -4.508268833160400391e-02 4.323476552963256836e-01 -9.552943706512451172e-02 -6.464070081710815430e-02 -8.016216754913330078e-02
-4.044697284698486328e-01 5.304598808288574219e-02 5.676198005676269531e-01 -1.116197705268859863e-01 -2.198368310928344727e-01 1.796686649322509766e-02
-4.380798339843750000e-01 1.773999929428100586e-01 5.236532688140869141e-01 -2.188396453857421875e-01 -3.548390865325927734e-01 1.987814903259277344e-01
-3.932603597640991211e-01 4.409968852996826172e-02 7.079972028732299805e-01 -9.310299158096313477e-02 -2.372369170188903809e-01 5.488514900207519531e-02
-4.699349999427795410e-01 -1.271414756774902344e-02 5.758416652679443359e-01 -1.310399770736694336e-01 -1.929715871810913086e-01 1.909983158111572266e-02
-4.435997009277343750e-01 -4.534590244293212891e-02 3.694971799850463867e-01 -1.481381058692932129e-01 -4.505696296691894531e-01 -3.620064258575439453e-02
-3.288915157318115234e-01 -9.461456537246704102e-02 3.387031555175781250e-01 -1.580560207366943359e-01 -2.755828499794006348e-01 -1.464161872863769531e-01
-2.048826217651367188e-01 -1.394375562667846680e-01 1.638679504394531250e-01 -6.033736467361450195e-02 4.053163528442382812e-01 -5.763434767723083496e-01
-2.793017029762268066e-01 -1.873794198036193848e-01 2.467265129089355469e-01 -2.292618751525878906e-01 2.090650796890258789e-01 -4.394854903221130371e-01
-2.675883769989013672e-01 -3.297147750854492188e-01 3.036620616912841797e-01 6.851160526275634766e-02 1.487883329391479492e-01 -4.087083935737609863e-01
-4.850903749465942383e-01 -6.464435458183288574e-01 6.120277643203735352e-01 -7.590693235397338867e-02 3.357111215591430664e-01 -4.472212791442871094e-01
9.510636329650878906e-03 -6.183189749717712402e-01 4.516501426696777344e-01 -4.137057065963745117e-01 2.368766069412231445e-01 -6.558864116668701172e-01
2.228813171386718750e-01 -5.248024463653564453e-01 1.689116954803466797e-01 -4.793754220008850098e-01 3.913482427597045898e-01 -5.483340024948120117e-01
2.248624563217163086e-01 -5.213904976844787598e-01 2.411079406738281250e-02 -5.405178070068359375e-01 4.180119037628173828e-01 -5.696349740028381348e-01
2.284017801284790039e-01 -6.849298477172851562e-01 1.518156528472900391e-01 -5.938062667846679688e-01 5.575844049453735352e-01 -6.539772748947143555e-01
1.627534627914428711e-01 -5.825794935226440430e-01 4.417645931243896484e-02 -5.125030279159545898e-01 3.556612730026245117e-01 -5.124213695526123047e-01
2.572569847106933594e-01 -5.190951228141784668e-01 1.571798324584960938e-02 -4.828710556030273438e-01 3.397284746170043945e-01 -5.106709599494934082e-01
3.414500951766967773e-01 -5.604261159896850586e-01 1.556241512298583984e-02 -5.293769836425781250e-01 3.909534215927124023e-01 -5.227532386779785156e-01
1.377804279327392578e-01 -5.676045417785644531e-01 1.308535337448120117e-01 -5.412135124206542969e-01 4.026856422424316406e-01 -5.468298196792602539e-01
8.589971065521240234e-02 -5.646440982818603516e-01 2.098681926727294922e-01 -5.267438888549804688e-01 2.694257497787475586e-01 -4.970222115516662598e-01
-2.377082705497741699e-01 -4.438467621803283691e-01 2.567528486251831055e-01 -3.136381506919860840e-01 9.729206562042236328e-02 -3.197160959243774414e-01
-4.356532692909240723e-01 -5.086615085601806641e-01 2.425937652587890625e-01 -1.582602858543395996e-01 1.470805406570434570e-01 -3.208823800086975098e-01
-4.454213976860046387e-01 -4.770001173019409180e-01 1.634311676025390625e-02 -1.389815211296081543e-01 1.937884092330932617e-01 -3.943840861320495605e-01
-3.024919033050537109e-01 -4.796543717384338379e-01 6.868743896484375000e-02 -3.194552659988403320e-01 6.954860687255859375e-02 -4.032385349273681641e-01
-4.743212461471557617e-01 -3.469999432563781738e-01 2.475554943084716797e-01 -1.684413552284240723e-01 -5.006492137908935547e-02 -3.178623318672180176e-01
-3.611065149307250977e-01 -4.841487407684326172e-01 1.331053972244262695e-01 -9.795850515365600586e-02 9.596860408782958984e-02 -4.794119596481323242e-01
-2.907089591026306152e-01 -4.848735928535461426e-01 1.011734008789062500e-01 -2.224150300025939941e-01 1.406265497207641602e-01 -3.741167187690734863e-01
-2.465094923973083496e-01 -3.350440859794616699e-01 3.609267473220825195e-01 -3.380138278007507324e-01 -4.570603370666503906e-02 -2.080384492874145508e-01
-2.462300062179565430e-01 -2.973950505256652832e-01 4.205204248428344727e-01 -2.223528623580932617e-01 -5.690336227416992188e-02 -9.498882293701171875e-02
-3.619647026062011719e-01 -3.709201216697692871e-01 3.502767086029052734e-01 -1.067763566970825195e-01 -2.479821443557739258e-02 -1.480206847190856934e-01
-4.914503097534179688e-01 -3.767459392547607422e-01 3.503580093383789062e-01 5.777871608734130859e-02 -8.353197574615478516e-02 -3.033101558685302734e-03
-4.282757639884948730e-01 -4.693862199783325195e-01 5.030225515365600586e-01 -7.316493988037109375e-02 -3.596079349517822266e-02 -6.488370895385742188e-02
-1.899360418319702148e-01 -3.535367846488952637e-01 3.454931974411010742e-01 -4.536934494972229004e-01 -1.205835342407226562e-01 6.661140918731689453e-02
-3.663998842239379883e-02 -3.058218359947204590e-01 2.404197454452514648e-01 -6.734099388122558594e-01 -1.334961056709289551e-01 2.870422601699829102e-01
-4.807662963867187500e-02 -2.603759765625000000e-01 2.382414340972900391e-01 -7.028759717941284180e-01 -6.029051542282104492e-02 3.338139057159423828e-01
1.118874549865722656e-02 -2.203219532966613770e-01 2.867501974105834961e-01 -6.832128763198852539e-01 -9.386622905731201172e-02 4.009660482406616211e-01
-5.393677949905395508e-02 -2.444085478782653809e-01 3.459484577178955078e-01 -5.894314646720886230e-01 -6.347280740737915039e-02 3.436304330825805664e-01
-1.288485527038574219e-02 -1.930874586105346680e-01 3.069272041320800781e-01 -5.456606149673461914e-01 -9.078150987625122070e-02 4.046064615249633789e-01
4.900097846984863281e-02 -1.012227535247802734e-01 3.538402318954467773e-01 -6.163526773452758789e-01 -7.071429491043090820e-02 5.038557052612304688e-01
4.184794425964355469e-02 -1.651541590690612793e-01 3.215581178665161133e-01 -4.554355144500732422e-01 -5.210506916046142578e-02 4.333022832870483398e-01
1.224088668823242188e-02 -8.768594264984130859e-02 2.942638397216796875e-01 -4.471688270568847656e-01 -1.115852594375610352e-01 4.908349514007568359e-01
1.560747623443603516e-02 -1.195433139801025391e-01 2.400532960891723633e-01 -4.583109617233276367e-01 -1.381921768188476562e-02 3.965424299240112305e-01
-3.828293085098266602e-02 -1.676880717277526855e-01 3.164094686508178711e-01 -4.509165883064270020e-01 3.693914413452148438e-02 4.057925939559936523e-01
-1.721258163452148438e-01 -3.157949447631835938e-01 3.468387126922607422e-01 -4.423193931579589844e-01 1.695817708969116211e-01 3.062796592712402344e-01
-1.579239368438720703e-01 -1.904724240303039551e-01 3.972471952438354492e-01 -4.893211722373962402e-01 9.686386585235595703e-02 3.747057914733886719e-01
-3.216792941093444824e-01 -1.449568867683410645e-01 6.296045780181884766e-01 -4.339982867240905762e-01 7.335913181304931641e-02 4.935903549194335938e-01
-5.183011293411254883e-02 -2.751067876815795898e-01 2.457075119018554688e-01 -1.192252635955810547e-01 1.491947174072265625e-01 2.230764627456665039e-01
