-1.073092222213745117e-01 -4.700987935066223145e-01 2.284003496170043945e-01 -3.546111583709716797e-01 -3.483164310455322266e-01 1.439237594604492188e-02
1.693081855773925781e-02 -2.666149735450744629e-01 -2.102941870689392090e-01 -4.120547771453857422e-01 -4.367768764495849609e-01 1.301233768463134766e-01
-6.628978252410888672e-02 -2.064357399940490723e-01 -2.042028307914733887e-01 -3.705101013183593750e-01 -7.008650302886962891e-01 3.355709314346313477e-01
2.390586137771606445e-01 -2.617803812026977539e-01 -2.697067856788635254e-01 -3.753641247749328613e-01 -5.162098407745361328e-01 1.601866483688354492e-01
2.778319120407104492e-01 -3.364622592926025391e-01 -2.992544770240783691e-01 -3.795530796051025391e-01 -4.942997097969055176e-01 8.751440048217773438e-02
1.333942413330078125e-01 -3.878427147865295410e-01 -3.346683382987976074e-01 -4.233013987541198730e-01 -4.540008306503295898e-01 -4.461848735809326172e-02
3.105108737945556641e-01 -5.617269873619079590e-01 -2.797498106956481934e-01 -3.655533790588378906e-01 -2.514310479164123535e-01 -1.872540116310119629e-01
2.318395376205444336e-01 -5.180963277816772461e-01 -2.181268930435180664e-01 -2.964750528335571289e-01 -3.055078387260437012e-01 -1.577001810073852539e-01
2.975398302078247070e-01 -6.405208110809326172e-01 -7.188016176223754883e-02 -2.613161802291870117e-01 -1.681922078132629395e-01 -2.015429139137268066e-01
2.149500846862792969e-01 -6.517304778099060059e-01 -2.447748184204101562e-02 -3.347962498664855957e-01 -1.972563862800598145e-01 -1.128434538841247559e-01
1.774703264236450195e-01 -4.928249120712280273e-01 -3.730279207229614258e-02 -3.301952481269836426e-01 -3.330810666084289551e-01 -1.138228178024291992e-02
5.463850498199462891e-02 -6.096612215042114258e-01 -4.582935571670532227e-02 -2.156963944435119629e-01 -3.283566236495971680e-01 -8.806902170181274414e-02
2.205303907394409180e-01 -5.582929849624633789e-01 -5.806386470794677734e-02 -3.513912558555603027e-01 -2.124437689781188965e-01 -5.411082506179809570e-02
2.792044878005981445e-01 -5.760575532913208008e-01 -1.563495397567749023e-01 -2.265024781227111816e-01 -1.639780998229980469e-01 -1.876470446586608887e-01
2.310429811477661133e-01 -4.701901674270629883e-01 -1.086584329605102539e-01 -1.634534597396850586e-01 -4.019716978073120117e-01 4.128336906433105469e-02
3.756961822509765625e-01 -5.925471782684326172e-01 -2.067680954933166504e-01 -2.723992466926574707e-01 -1.451120376586914062e-01 -1.453402638435363770e-01
3.516842126846313477e-01 -6.538150906562805176e-01 -8.953362703323364258e-02 -1.576775312423706055e-01 -1.271736025810241699e-01 -1.452578902244567871e-01
3.842935562133789062e-01 -6.782590150833129883e-01 -8.312398195266723633e-02 -9.940320253372192383e-02 -1.403952240943908691e-01 -1.098358631134033203e-01
3.906894922256469727e-01 -6.299527883529663086e-01 -2.836888432502746582e-01 -8.399760723114013672e-02 -2.118290066719055176e-01 -2.368385195732116699e-01
3.707610368728637695e-01 -6.108031272888183594e-01 -2.919579744338989258e-01 -1.141554713249206543e-01 -2.879651188850402832e-01 -1.648249030113220215e-01
2.418669462203979492e-01 -4.542511105537414551e-01 -2.874398231506347656e-01 -1.417866945266723633e-01 -3.225580453872680664e-01 2.180397510528564453e-02
2.348908185958862305e-01 -4.141711592674255371e-01 -2.326113581657409668e-01 -2.584921717643737793e-01 -1.933141946792602539e-01 3.863203525543212891e-02
2.653042078018188477e-01 -3.956428170204162598e-01 -1.719933152198791504e-01 -2.871435880661010742e-01 -1.445307731628417969e-01 1.116099357604980469e-01
2.638871669769287109e-01 -3.876169323921203613e-01 -1.817520260810852051e-01 -2.604052424430847168e-01 -1.043506860733032227e-01 1.225007772445678711e-01
4.683318138122558594e-01 -3.358657956123352051e-01 -2.562166452407836914e-01 -3.354030847549438477e-01 6.874799728393554688e-04 1.438161134719848633e-01
5.266556739807128906e-01 -2.705028653144836426e-01 -2.136753797531127930e-01 -3.620596528053283691e-01 4.750573635101318359e-02 1.961340904235839844e-01
4.530174732208251953e-01 -3.644890785217285156e-01 -1.568359732627868652e-01 -3.557291030883789062e-01 1.285692453384399414e-01 1.246689558029174805e-01
4.156521558761596680e-01 -2.627761363983154297e-01 -1.077289581298828125e-01 -3.356778621673583984e-01 9.209632873535156250e-03 2.346866130828857422e-01
5.211610794067382812e-01 -2.092186808586120605e-01 -1.801833510398864746e-01 -3.454557061195373535e-01 3.377401828765869141e-02 2.671135663986206055e-01
4.949171543121337891e-01 -2.089475989341735840e-01 -6.544685363769531250e-02 -3.470886945724487305e-01 6.320643424987792969e-02 3.132165670394897461e-01
4.994170665740966797e-01 -1.936807632446289062e-01 -8.869487047195434570e-02 -2.844130992889404297e-01 4.566359519958496094e-02 3.387085199356079102e-01
3.431208133697509766e-01 -1.406266093254089355e-01 7.984161376953125000e-03 -2.071927785873413086e-01 -4.041963815689086914e-02 4.330027103424072266e-01
1.587923765182495117e-01 2.783691883087158203e-02 -3.937977552413940430e-02 -1.864897012710571289e-01 -2.485455274581909180e-01 6.591907739639282227e-01
4.124867916107177734e-02 1.529192924499511719e-02 3.231744766235351562e-01 -3.079340457916259766e-01 -9.259921312332153320e-02 7.152962684631347656e-01
1.126598119735717773e-01 -1.857699751853942871e-01 2.059742212295532227e-01 -2.822433710098266602e-01 1.359840631484985352e-01 4.963227510452270508e-01
-1.194589734077453613e-01 -2.191187739372253418e-01 3.530700206756591797e-01 -2.060976624488830566e-01 3.979313373565673828e-02 4.901266098022460938e-01
-1.994061470031738281e-01 -2.825943231582641602e-01 5.550615787506103516e-01 -4.296866059303283691e-01 9.351611137390136719e-02 4.643837213516235352e-01
-5.251240730285644531e-02 -2.136904001235961914e-01 5.100066661834716797e-01 -2.770035266876220703e-01 1.768046617507934570e-01 4.000090360641479492e-01
-2.303281426429748535e-01 -6.975966691970825195e-02 5.173839330673217773e-01 -3.076375722885131836e-01 -8.830797672271728516e-02 4.981468915939331055e-01
-4.018024206161499023e-01 -5.471980571746826172e-02 6.012665033340454102e-01 -2.108878493309020996e-01 3.373801708221435547e-02 5.804972648620605469e-01
-4.707545042037963867e-01 -2.871257066726684570e-02 4.890904426574707031e-01 -3.525164723396301270e-01 -2.396894693374633789e-01 4.540377855300903320e-01
-2.848610281944274902e-01 -2.719878554344177246e-01 4.308781623840332031e-01 -4.394715428352355957e-01 1.499388217926025391e-01 2.489224672317504883e-01
-4.270742535591125488e-01 -2.089537382125854492e-01 5.210115909576416016e-01 -3.602738380432128906e-01 1.479109525680541992e-01 3.695914745330810547e-01
-3.714011907577514648e-01 -2.621685862541198730e-01 4.682637453079223633e-01 -2.833712697029113770e-01 1.237201690673828125e-01 2.086369991302490234e-01
-3.642067909240722656e-01 -8.184438943862915039e-02 5.393484830856323242e-01 -2.780849337577819824e-01 -2.611192464828491211e-01 3.101577758789062500e-01
1.147685050964355469e-01 2.609285116195678711e-01 5.216735601425170898e-01 -1.943299174308776855e-01 -1.606690287590026855e-01 3.969430923461914062e-01
2.479025125503540039e-01 3.217675685882568359e-01 2.187569141387939453e-01 -1.967616677284240723e-01 -5.526185035705566406e-03 2.910941839218139648e-01
5.455424785614013672e-01 2.005964517593383789e-01 -6.968855857849121094e-03 -6.044906377792358398e-02 2.110418081283569336e-01 -3.972685337066650391e-02
6.671195030212402344e-01 2.018899917602539062e-01 -7.235640287399291992e-02 -9.958016872406005859e-02 1.846808195114135742e-01 -3.775572776794433594e-02
6.448681354522705078e-01 2.158455848693847656e-01 -1.966821551322937012e-01 -1.694058775901794434e-01 1.724840402603149414e-01 -6.374526023864746094e-02
6.107923984527587891e-01 1.929471492767333984e-01 -8.618986606597900391e-02 -1.880171895027160645e-01 2.390935420989990234e-01 -8.655238151550292969e-02
5.883479118347167969e-01 2.466005086898803711e-01 -7.459759712219238281e-02 -1.833375096321105957e-01 1.511709690093994141e-01 1.822900772094726562e-02
7.260383367538452148e-01 2.754213809967041016e-01 -1.592452526092529297e-01 -1.914653778076171875e-01 1.412944793701171875e-01 2.859306335449218750e-02
6.355628967285156250e-01 1.251286268234252930e-01 -1.184384822845458984e-01 -8.685338497161865234e-02 2.561619281768798828e-01 -1.431745290756225586e-01
5.247617959976196289e-01 -1.108175516128540039e-02 -4.108530282974243164e-02 -1.849470138549804688e-01 3.157726526260375977e-01 -1.792160272598266602e-01
3.254101276397705078e-01 -1.713178157806396484e-01 -1.851731538772583008e-02 -2.684106826782226562e-01 3.566739559173583984e-01 -3.069052696228027344e-01
7.926869392395019531e-02 -2.379667162895202637e-01 2.077134847640991211e-01 -5.045190453529357910e-01 3.907943964004516602e-01 -3.867130875587463379e-01
-1.680539846420288086e-01 4.340565204620361328e-02 3.810260295867919922e-01 -2.884867191314697266e-01 7.686436176300048828e-02 -7.716518640518188477e-02
-1.104777455329895020e-01 6.760990619659423828e-02 5.981239080429077148e-01 -3.650045990943908691e-01 -1.602292060852050781e-02 1.838496923446655273e-01
-5.862510204315185547e-02 3.005837202072143555e-01 3.027734756469726562e-01 -2.274383306503295898e-01 -1.641011238098144531e-01 3.045635223388671875e-01
-3.968298435211181641e-03 1.218358278274536133e-01 3.485783338546752930e-01 -1.975882649421691895e-01 1.373589038848876953e-02 1.034810543060302734e-01
-4.074466228485107422e-01 7.931721210479736328e-02 5.792868137359619141e-01 -7.969146966934204102e-02 -7.672071456909179688e-02 1.255030632019042969e-01
-2.091765403747558594e-01 5.700719356536865234e-02 4.831346273422241211e-01 -1.422844529151916504e-01 1.325702667236328125e-02 5.706560611724853516e-02
-3.543838858604431152e-01 -4.694515466690063477e-02 4.831447601318359375e-01 1.325196027755737305e-01 6.547260284423828125e-02 1.063084602355957031e-01
-4.441088438034057617e-01 8.399605751037597656e-02 5.526077747344970703e-01 -1.766037940979003906e-01 -6.756424903869628906e-02 1.857706308364868164e-01
-4.446601867675781250e-01 -9.487068653106689453e-02 5.701699256896972656e-01 -1.550802588462829590e-01 8.196640014648437500e-02 -9.188574552536010742e-02
-1.734200119972229004e-01 -3.868490457534790039e-01 2.786700725555419922e-01 3.542423248291015625e-02 2.698057889938354492e-01 -7.012510299682617188e-01
-8.396208286285400391e-02 -2.793350219726562500e-01 3.779277801513671875e-01 4.459464550018310547e-02 2.555942535400390625e-01 -4.599099159240722656e-01
7.136476039886474609e-02 -1.791157126426696777e-01 2.653480768203735352e-01 -1.925963163375854492e-01 2.293479442596435547e-01 -1.482365727424621582e-01
2.330634593963623047e-01 -4.041701555252075195e-02 2.623447179794311523e-01 -1.932275891304016113e-01 3.754246234893798828e-01 -3.995001316070556641e-02
3.476450443267822266e-01 8.601903915405273438e-03 2.417697906494140625e-01 -1.908998489379882812e-01 3.563911914825439453e-01 -4.641366004943847656e-02
4.002017974853515625e-01 2.049326896667480469e-03 2.510802745819091797e-01 -1.484140157699584961e-01 3.930013179779052734e-01 -5.127185583114624023e-02
4.765715599060058594e-01 1.831523180007934570e-01 2.924346923828125000e-01 -3.167086839675903320e-01 2.804840803146362305e-01 1.309040784835815430e-01
4.042216539382934570e-01 1.450126171112060547e-01 3.253248929977416992e-01 -3.366850018501281738e-01 3.134793043136596680e-01 2.884173393249511719e-02
4.062838554382324219e-01 1.979746818542480469e-01 3.454580307006835938e-01 -2.764697074890136719e-01 2.312113046646118164e-01 1.018804311752319336e-01
4.177825450897216797e-01 1.377798318862915039e-01 4.015240669250488281e-01 -3.138319849967956543e-01 2.532891035079956055e-01 5.752396583557128906e-02
4.576550722122192383e-01 1.365993022918701172e-01 3.719418048858642578e-01 -2.528133988380432129e-01 2.600419521331787109e-01 5.064177513122558594e-02
4.511539936065673828e-01 -1.941365003585815430e-02 3.962254524230957031e-01 -9.373462200164794922e-02 2.937324047088623047e-01 -8.649480342864990234e-02
2.555172443389892578e-01 -2.343822121620178223e-01 5.083612203598022461e-01 -3.659572601318359375e-01 3.795621395111083984e-01 -2.974921464920043945e-01
3.388464450836181641e-02 -1.697155237197875977e-01 5.582605600357055664e-01 -4.418324828147888184e-01 8.432650566101074219e-02 -2.131257057189941406e-01
-1.278185248374938965e-01 -3.063958287239074707e-01 5.414676666259765625e-01 -4.055373072624206543e-01 2.223478555679321289e-01 -4.331451654434204102e-01
-1.841604709625244141e-01 -5.058056116104125977e-02 6.229575872421264648e-01 -2.885332107543945312e-01 2.677078247070312500e-01 -1.313431859016418457e-01
-1.736335158348083496e-01 9.937167167663574219e-03 6.760488748550415039e-01 -3.128566145896911621e-01 1.840292215347290039e-01 1.879608631134033203e-02
-2.705245614051818848e-01 -6.771445274353027344e-02 6.875422000885009766e-01 -2.409180998802185059e-01 1.063525676727294922e-01 5.627965927124023438e-02
-2.750493884086608887e-01 -6.482768058776855469e-02 7.533822059631347656e-01 -1.543472409248352051e-01 -9.460687637329101562e-02 1.106863021850585938e-01
-2.842337489128112793e-01 -2.111035585403442383e-02 7.006295919418334961e-01 -1.452980041503906250e-01 6.412386894226074219e-03 1.578969955444335938e-01
-1.881759762763977051e-01 -7.971924543380737305e-02 7.197932004928588867e-01 -5.733376741409301758e-02 -1.052856445312500000e-03 1.285504102706909180e-01
-1.028662919998168945e-01 -5.021923780441284180e-02 4.298725128173828125e-01 -1.543439626693725586e-01 -1.585720181465148926e-01 7.246875762939453125e-02
-2.661017179489135742e-01 -1.578349471092224121e-01 3.102591037750244141e-01 -2.324216365814208984e-01 -2.535670995712280273e-02 -6.882083415985107422e-02
-3.414827585220336914e-02 -4.240021705627441406e-01 3.691372871398925781e-01 1.017365455627441406e-01 1.368381977081298828e-01 -3.368386030197143555e-01
-3.464507460594177246e-01 -3.333474397659301758e-01 3.663598299026489258e-01 1.869548559188842773e-01 -2.737550139427185059e-01 -3.033092617988586426e-01
-2.735700607299804688e-01 -5.841680765151977539e-01 3.633956909179687500e-01 4.149750471115112305e-01 -2.265183925628662109e-01 -3.558114171028137207e-01
-3.443695306777954102e-01 -5.928293466567993164e-01 3.826940059661865234e-02 4.621260166168212891e-01 -4.594109654426574707e-01 -5.113210678100585938e-01
-2.565857172012329102e-01 -3.986671566963195801e-01 2.876408100128173828e-01 8.001605272293090820e-01 -6.056033968925476074e-01 -1.245981454849243164e-01
-5.370304584503173828e-01 -3.682470321655273438e-01 4.183979034423828125e-01 7.779337167739868164e-01 -4.980698227882385254e-01 1.093634366989135742e-01
-5.639010667800903320e-01 -4.800631999969482422e-01 2.814221382141113281e-02 7.233693599700927734e-01 -4.914073944091796875e-01 -1.239982843399047852e-01
-5.027339458465576172e-01 -4.618303775787353516e-01 2.269976139068603516e-01 7.112498283386230469e-01 -5.303726196289062500e-01 -1.259334087371826172e-01
-2.877610325813293457e-01 -5.892691612243652344e-01 1.778014898300170898e-01 5.221406221389770508e-01 -4.048745632171630859e-01 -2.663215994834899902e-01
-3.920834064483642578e-01 -4.723554849624633789e-01 3.532370328903198242e-01 4.791617393493652344e-01 -4.838543534278869629e-01 -1.855565905570983887e-01
-2.440876364707946777e-01 -5.950742363929748535e-01 1.823067665100097656e-01 2.787873744964599609e-01 -4.694472551345825195e-01 -2.567319869995117188e-01
-2.720983028411865234e-01 -7.193130254745483398e-01 4.564416408538818359e-02 1.401532888412475586e-01 -3.068750500679016113e-01 -4.862957596778869629e-01
-1.905743479728698730e-01 -6.873056888580322266e-01 1.104277372360229492e-01 2.242935895919799805e-01 -4.000851511955261230e-01 -4.297146201133728027e-01
-5.070057511329650879e-01 -4.459258913993835449e-01 2.580121755599975586e-01 3.649572134017944336e-01 -4.659509658813476562e-01 -2.905622720718383789e-01
-5.260456204414367676e-01 -3.157889246940612793e-01 4.156855344772338867e-01 6.913328170776367188e-02 -3.593270182609558105e-01 -1.044251918792724609e-01
-3.859491348266601562e-01 -5.077419281005859375e-01 2.140315771102905273e-01 1.166813373565673828e-01 -3.185487389564514160e-01 -3.320580720901489258e-01
-4.455268383026123047e-01 -4.193010330200195312e-01 4.869352579116821289e-01 -1.715227365493774414e-01 -2.158808112144470215e-01 -1.310124397277832031e-01
-6.771612763404846191e-01 -7.247292995452880859e-02 4.221943616867065430e-01 3.841416835784912109e-01 -6.173130869865417480e-01 8.317744731903076172e-02
-6.170864105224609375e-01 -1.565666794776916504e-01 4.059877395629882812e-01 1.992802619934082031e-01 -4.729835987091064453e-01 9.732234477996826172e-02
-4.716648459434509277e-01 -2.421041727066040039e-01 4.286429882049560547e-01 8.753800392150878906e-02 -3.400831818580627441e-01 -8.080565929412841797e-02
-6.161715984344482422e-01 -2.386572360992431641e-01 2.656762599945068359e-01 5.350077152252197266e-02 -2.324762344360351562e-01 -1.649556159973144531e-01
-5.218541622161865234e-01 -2.350761890411376953e-01 5.169630050659179688e-01 -7.391494512557983398e-02 -2.961025834083557129e-01 4.456067085266113281e-02
-4.664548039436340332e-01 -4.914855360984802246e-01 4.548068046569824219e-01 4.424799680709838867e-01 -3.731468319892883301e-01 -7.340443134307861328e-02
-4.449738264083862305e-01 -3.858545422554016113e-01 2.992032766342163086e-01 -7.463037967681884766e-03 -2.993165254592895508e-01 -2.027671933174133301e-01
-1.769696474075317383e-01 -4.899307489395141602e-01 4.345500469207763672e-01 1.999821662902832031e-01 -1.926953196525573730e-01 -1.632127761840820312e-01
-2.814483046531677246e-01 -4.772698879241943359e-01 3.330467939376831055e-01 1.698651313781738281e-01 -1.526395678520202637e-01 -1.778270006179809570e-01
-2.340486049652099609e-01 -6.172207593917846680e-01 2.662376165390014648e-01 1.008368730545043945e-01 -1.937333941459655762e-01 -2.632259130477905273e-01
-5.487948656082153320e-02 -5.726072192192077637e-01 3.056640625000000000e-01 -2.780936956405639648e-01 -3.235054016113281250e-02 -7.303082942962646484e-02
-7.303357124328613281e-04 -5.137015581130981445e-01 3.557235002517700195e-01 -5.104072093963623047e-01 6.093609333038330078e-02 5.663681030273437500e-02
-2.974510192871093750e-02 -4.185780882835388184e-01 3.301584720611572266e-01 -4.519581794738769531e-01 -9.084939956665039062e-03 2.039705514907836914e-01
-7.235395908355712891e-02 -3.730846047401428223e-01 3.740041255950927734e-01 -4.491978883743286133e-01 -5.260825157165527344e-03 2.855004072189331055e-01
-1.267241239547729492e-01 -3.854660391807556152e-01 3.356044292449951172e-01 -4.855865240097045898e-01 1.407843828201293945e-01 1.691445112228393555e-01
-1.367509961128234863e-01 -3.519414067268371582e-01 3.744758367538452148e-01 -4.582814574241638184e-01 1.380357742309570312e-01 2.643195390701293945e-01
-1.891821622848510742e-01 -3.365288972854614258e-01 2.952249050140380859e-01 -3.276135325431823730e-01 1.855385303497314453e-02 2.965469360351562500e-01
-2.143412828445434570e-01 -2.982528805732727051e-01 2.695763111114501953e-01 -3.735031485557556152e-01 7.008314132690429688e-03 2.669832706451416016e-01
-1.253703832626342773e-01 -3.739507794380187988e-01 2.840040922164916992e-01 -3.053771257400512695e-01 1.816844940185546875e-02 2.078474760055541992e-01
-1.747105717658996582e-01 -3.451899886131286621e-01 2.961465120315551758e-01 -2.562096118927001953e-01 6.861364841461181641e-02 2.321047782897949219e-01
-2.182317972183227539e-01 -4.761542677879333496e-01 3.662607669830322266e-01 -4.764802455902099609e-01 1.573444604873657227e-01 6.573247909545898438e-02
-1.846159696578979492e-01 -2.508668303489685059e-01 5.210798978805541992e-01 -4.514632821083068848e-01 -6.001698970794677734e-02 3.512924909591674805e-01
