-1.478058099746704102e-02 -2.019596099853515625e-01 1.690838336944580078e-01 -5.013389587402343750e-01 -3.456916809082031250e-01 -2.368969917297363281e-01
-4.339510202407836914e-02 -2.771861553192138672e-01 7.847988605499267578e-02 -2.064562439918518066e-01 -5.814645290374755859e-01 -1.482208371162414551e-01
-1.690988540649414062e-01 -3.907485604286193848e-01 7.942306995391845703e-02 -3.404741287231445312e-01 -4.018101692199707031e-01 -3.238233923912048340e-01
-8.645039796829223633e-02 -2.504897713661193848e-01 -2.713626623153686523e-02 -3.730651140213012695e-01 -5.101919174194335938e-01 -1.637645959854125977e-01
-6.652593612670898438e-03 -3.742605447769165039e-01 -2.634569406509399414e-01 -5.914455652236938477e-01 -3.158506751060485840e-01 -3.274841904640197754e-01
-1.501026153564453125e-01 -5.435483455657958984e-01 -1.780402660369873047e-01 -4.759749770164489746e-01 -2.939016222953796387e-01 -3.125001192092895508e-01
-3.949999809265136719e-02 -5.484017133712768555e-01 -1.752810478210449219e-01 -3.750365972518920898e-01 -2.294860482215881348e-01 -3.524306416511535645e-01
-1.255361437797546387e-01 -6.346272230148315430e-01 -1.951776742935180664e-01 -3.835974931716918945e-01 -4.240279793739318848e-01 -3.158865571022033691e-01
1.808185577392578125e-01 -5.122970938682556152e-01 -1.838648915290832520e-01 -4.470319747924804688e-01 -1.871032118797302246e-01 -2.404183745384216309e-01
3.530470132827758789e-01 -5.280914306640625000e-01 -4.151898622512817383e-01 -3.282484412193298340e-01 -2.046731114387512207e-01 -2.812893390655517578e-01
2.020010948181152344e-01 -5.219525098800659180e-01 -3.902156949043273926e-01 -4.043927788734436035e-01 -2.121707797050476074e-01 -2.961742281913757324e-01
1.606262922286987305e-01 -4.979700446128845215e-01 -3.725206851959228516e-01 -3.769572377204895020e-01 -2.795014381408691406e-01 -2.760876417160034180e-01
2.387053966522216797e-01 -5.531574487686157227e-01 -2.813969254493713379e-01 -3.496831059455871582e-01 -1.261890530586242676e-01 -2.933112978935241699e-01
1.001111268997192383e-01 -5.130602717399597168e-01 -2.278935909271240234e-01 -2.970186471939086914e-01 -2.975822687149047852e-01 -2.066797018051147461e-01
1.523298025131225586e-01 -5.437420606613159180e-01 -2.119603753089904785e-01 -2.189655900001525879e-01 -3.232302069664001465e-01 -2.070221304893493652e-01
2.452378273010253906e-01 -5.794986486434936523e-01 -2.080727815628051758e-01 -3.189366459846496582e-01 -1.502093672752380371e-01 -2.870386838912963867e-01
1.685358285903930664e-01 -3.386816382408142090e-01 -1.583179235458374023e-01 -4.445452690124511719e-01 -3.418957591056823730e-01 -7.121193408966064453e-02
1.842043399810791016e-01 -5.526205301284790039e-01 -1.111742854118347168e-01 -2.417923808097839355e-01 -3.087369203567504883e-01 -1.488468050956726074e-01
2.898252010345458984e-01 -6.361229419708251953e-01 -9.120380878448486328e-02 -2.560479640960693359e-01 -2.557402849197387695e-01 -2.631782293319702148e-01
5.603332519531250000e-01 -6.256636381149291992e-01 -1.662161946296691895e-01 -1.384420394897460938e-01 -1.942036747932434082e-01 -2.241920232772827148e-01
5.111134052276611328e-01 -6.705088019371032715e-01 -2.575306296348571777e-01 -1.594098210334777832e-01 -2.696359157562255859e-02 -3.810653090476989746e-01
4.205168485641479492e-01 -6.394940614700317383e-01 -3.288221359252929688e-01 -6.197738647460937500e-02 -2.084626555442810059e-01 -2.429252266883850098e-01
3.129339218139648438e-01 -6.022023558616638184e-01 -4.022451639175415039e-01 -2.161784768104553223e-01 -1.585947275161743164e-01 -3.535795211791992188e-01
3.233252763748168945e-01 -6.296361684799194336e-01 -3.803322315216064453e-01 -3.284059762954711914e-01 2.518093585968017578e-02 -3.809636831283569336e-01
4.436681270599365234e-01 -5.552473068237304688e-01 -4.164948463439941406e-01 -2.317198514938354492e-01 -1.282304525375366211e-02 -1.739957928657531738e-01
3.909953832626342773e-01 -5.225361585617065430e-01 -3.029980659484863281e-01 -2.680480480194091797e-01 1.292790174484252930e-01 -1.354606151580810547e-01
3.647490739822387695e-01 -3.617407679557800293e-01 -2.891061902046203613e-01 -3.210497498512268066e-01 1.344287395477294922e-01 -4.665732383728027344e-03
5.200165510177612305e-01 -3.308796286582946777e-01 -2.413564324378967285e-01 -3.537091612815856934e-01 1.493238210678100586e-01 1.312377452850341797e-01
5.358376502990722656e-01 -4.438030123710632324e-01 -2.385132312774658203e-01 -2.654396295547485352e-01 2.915124893188476562e-01 -5.324542522430419922e-03
6.193231344223022461e-01 -3.481870293617248535e-01 -2.530874609947204590e-01 -3.360126018524169922e-01 3.208124637603759766e-01 2.126526832580566406e-02
5.629950761795043945e-01 -2.996342182159423828e-01 -9.793466329574584961e-02 -2.584534883499145508e-01 2.240728139877319336e-01 1.500990390777587891e-01
6.080763339996337891e-01 -3.511809110641479492e-01 -1.353983879089355469e-01 -2.498181462287902832e-01 2.779898643493652344e-01 8.116555213928222656e-02
4.933063983917236328e-01 -2.638379931449890137e-01 -1.068374514579772949e-01 -1.804456114768981934e-01 1.151739358901977539e-01 1.703048944473266602e-01
4.007465839385986328e-01 -4.147102236747741699e-01 -1.815223693847656250e-02 -2.107215523719787598e-01 2.327618598937988281e-01 1.649999618530273438e-02
4.011955261230468750e-01 -2.364896535873413086e-01 6.975769996643066406e-03 -3.141233325004577637e-01 8.919990062713623047e-02 1.673071384429931641e-01
4.787240028381347656e-01 -3.039007186889648438e-01 -7.313489913940429688e-04 -3.039060235023498535e-01 1.396011114120483398e-01 1.456627845764160156e-01
5.227471590042114258e-01 -2.576643228530883789e-01 -5.343896150588989258e-02 -2.455924153327941895e-01 1.663932800292968750e-01 1.451283693313598633e-01
4.051926136016845703e-01 -1.895181536674499512e-01 1.187019348144531250e-01 -1.271342039108276367e-01 1.094052791595458984e-01 3.034306764602661133e-01
1.942112445831298828e-01 -3.828215599060058594e-02 1.970297098159790039e-01 -6.024241447448730469e-02 -3.280228376388549805e-02 6.143146753311157227e-01
1.794835329055786133e-01 -5.255514383316040039e-02 1.149567365646362305e-01 -9.629809856414794922e-02 4.238069057464599609e-02 4.812062978744506836e-01
-8.655667304992675781e-03 -1.138156652450561523e-01 3.482115268707275391e-01 -9.058320522308349609e-02 -3.763020038604736328e-02 4.730544090270996094e-01
-3.064459562301635742e-02 -5.693674087524414062e-02 4.407806396484375000e-01 -1.767658591270446777e-01 1.526411771774291992e-01 4.293737411499023438e-01
1.602717638015747070e-01 -1.713123321533203125e-01 3.459931612014770508e-01 7.506823539733886719e-02 4.046174287796020508e-01 2.754030227661132812e-01
-3.820094466209411621e-01 -1.944209933280944824e-01 5.813015699386596680e-01 -2.415212392807006836e-01 2.152240276336669922e-01 2.323933839797973633e-01
-3.951370716094970703e-01 -5.111199617385864258e-02 3.120646476745605469e-01 -4.158155322074890137e-01 -1.493579745292663574e-01 2.437945604324340820e-01
-1.963525414466857910e-01 -1.698062419891357422e-01 3.913897275924682617e-01 -2.281460762023925781e-01 -3.219109773635864258e-02 6.720912456512451172e-02
-5.297523736953735352e-02 6.907868385314941406e-02 6.411815881729125977e-01 -5.150741338729858398e-02 -7.906341552734375000e-02 2.832427024841308594e-01
2.260379791259765625e-01 1.250348091125488281e-01 5.423710346221923828e-01 1.813218593597412109e-01 9.687614440917968750e-02 2.896585464477539062e-01
2.943458557128906250e-01 2.961391210556030273e-01 4.390596151351928711e-01 -1.310703158378601074e-01 9.236109256744384766e-02 2.929778099060058594e-01
4.362504482269287109e-01 2.424206733703613281e-01 2.679753303527832031e-01 1.401317119598388672e-01 2.704776525497436523e-01 8.646583557128906250e-02
4.922299385070800781e-01 1.534068584442138672e-01 2.255318164825439453e-01 2.340805530548095703e-02 3.929156064987182617e-01 5.205857753753662109e-02
5.917789936065673828e-01 2.206920385360717773e-01 1.122585535049438477e-01 1.844155788421630859e-02 3.113206624984741211e-01 4.854249954223632812e-02
6.744554042816162109e-01 2.186423540115356445e-01 -4.625916481018066406e-02 2.175641059875488281e-02 3.227928876876831055e-01 1.481676101684570312e-02
6.146714687347412109e-01 1.684991121292114258e-01 -8.979618549346923828e-03 -1.459240913391113281e-03 3.159471750259399414e-01 2.079105377197265625e-02
6.723775863647460938e-01 2.687282562255859375e-01 -8.438420295715332031e-02 -1.690729260444641113e-01 2.652791738510131836e-01 6.616210937500000000e-02
5.828883647918701172e-01 1.307890415191650391e-01 -7.142192125320434570e-02 -1.784881353378295898e-01 3.800551891326904297e-01 -7.888573408126831055e-02
7.218660116195678711e-01 2.588689327239990234e-02 -1.729562878608703613e-01 -2.276816368103027344e-01 5.004278421401977539e-01 -2.009918093681335449e-01
2.636551856994628906e-01 -1.448286175727844238e-01 1.260423660278320312e-01 -3.141669631004333496e-01 3.911279439926147461e-01 -2.038428783416748047e-01
7.963657379150390625e-03 -5.961042642593383789e-02 4.379681348800659180e-01 -3.428877592086791992e-01 2.404408454895019531e-01 -3.671520948410034180e-02
-1.344332098960876465e-01 -4.073560237884521484e-03 9.249305725097656250e-01 -3.370852470397949219e-01 3.085323572158813477e-01 1.726529598236083984e-01
7.070183753967285156e-03 8.565628528594970703e-02 7.375417947769165039e-01 -1.539727449417114258e-01 6.197488307952880859e-02 2.038624286651611328e-01
6.328415870666503906e-02 1.857258081436157227e-01 5.857115983963012695e-01 -2.917061448097229004e-01 -1.082491874694824219e-01 1.378617286682128906e-01
1.358720064163208008e-01 1.131752729415893555e-01 5.406304597854614258e-01 -3.057429194450378418e-01 8.448076248168945312e-02 6.164610385894775391e-02
-3.016008734703063965e-01 6.425309181213378906e-02 7.440211772918701172e-01 -2.363035678863525391e-01 3.299665451049804688e-02 6.551027297973632812e-02
-3.737685680389404297e-01 -1.904010772705078125e-02 5.353165864944458008e-01 -3.792459368705749512e-01 1.906403303146362305e-01 -1.524536013603210449e-01
-2.690955400466918945e-01 -1.589673757553100586e-02 4.301521778106689453e-01 -1.778421401977539062e-01 8.649682998657226562e-02 -8.252942562103271484e-02
-3.428676128387451172e-01 5.886626243591308594e-02 4.641004800796508789e-01 -3.251565098762512207e-01 -5.442267656326293945e-02 -9.114563465118408203e-03
-3.757252693176269531e-01 -1.698756217956542969e-02 3.954080343246459961e-01 -2.747779488563537598e-01 -3.412741422653198242e-02 -4.100912809371948242e-02
-1.825283169746398926e-01 -5.700302124023437500e-02 4.514765739440917969e-01 -2.460085153579711914e-01 1.319913864135742188e-01 -1.032133698463439941e-01
-2.559624910354614258e-01 -1.003295183181762695e-02 3.401856422424316406e-01 -2.103205323219299316e-01 2.043677568435668945e-01 -3.769525885581970215e-01
-1.654478907585144043e-01 -2.431621551513671875e-01 2.259684801101684570e-01 -1.943588256835937500e-03 6.776269674301147461e-01 -7.984879612922668457e-01
4.281342029571533203e-02 -1.850736737251281738e-01 3.870155811309814453e-01 -1.343873143196105957e-01 3.359094858169555664e-01 -4.725333452224731445e-01
3.264929056167602539e-01 -3.208893537521362305e-02 7.571530342102050781e-02 -2.584259510040283203e-01 3.619816303253173828e-01 -2.180560827255249023e-01
3.288893699645996094e-01 1.719983816146850586e-01 2.122238874435424805e-01 -2.176541090011596680e-01 2.168129682540893555e-01 2.152788639068603516e-02
5.003679990768432617e-01 2.769910097122192383e-01 1.583969593048095703e-01 -2.792175412178039551e-01 1.789046525955200195e-01 7.376396656036376953e-02
3.962889909744262695e-01 3.049097061157226562e-01 1.536020040512084961e-01 -2.725283503532409668e-01 1.578491926193237305e-01 6.587445735931396484e-02
3.731426000595092773e-01 3.651978969573974609e-01 2.166221141815185547e-01 -2.801458835601806641e-01 5.442130565643310547e-02 2.740167379379272461e-01
4.709991216659545898e-01 3.310861587524414062e-01 2.542123794555664062e-01 -2.658231258392333984e-01 1.604571342468261719e-01 2.096385955810546875e-01
4.334723949432373047e-01 2.992438077926635742e-01 2.237454652786254883e-01 -2.754454612731933594e-01 1.756860017776489258e-01 1.530851125717163086e-01
4.259899854660034180e-01 1.951867341995239258e-01 1.615139245986938477e-01 -2.106094360351562500e-01 2.382864952087402344e-01 1.691007614135742188e-02
4.371026754379272461e-01 1.936646699905395508e-01 2.796696424484252930e-01 -3.178805112838745117e-01 2.109580039978027344e-01 1.076467037200927734e-01
4.152938127517700195e-01 1.344945430755615234e-01 2.835123538970947266e-01 -4.319704174995422363e-01 2.863223552703857422e-01 1.556611061096191406e-02
2.478647232055664062e-01 -2.709323167800903320e-02 2.594864368438720703e-01 -5.237454175949096680e-01 3.433569669723510742e-01 -1.464994549751281738e-01
6.656813621520996094e-02 -2.758908867835998535e-01 3.411666154861450195e-01 -5.404893159866333008e-01 4.972975254058837891e-01 -3.753206133842468262e-01
-2.476269006729125977e-01 -2.264151573181152344e-01 1.904835700988769531e-01 -2.975973486900329590e-01 2.794852256774902344e-01 -3.448589444160461426e-01
-4.623690843582153320e-01 3.574490547180175781e-03 4.728455543518066406e-01 -2.561179399490356445e-01 -8.004248142242431641e-03 -1.627904176712036133e-02
-9.335196018218994141e-02 7.816064357757568359e-02 1.511040925979614258e-01 -1.646709442138671875e-01 -1.389092206954956055e-02 -4.553675651550292969e-03
-1.674054265022277832e-01 9.017062187194824219e-02 2.287323474884033203e-01 -3.750431537628173828e-01 1.613056659698486328e-02 -8.330821990966796875e-02
-1.905918717384338379e-01 3.319025039672851562e-02 1.847093105316162109e-01 -3.036299943923950195e-01 -5.431312322616577148e-02 -4.493492841720581055e-02
-4.225695133209228516e-01 3.060173988342285156e-02 3.110909461975097656e-01 -4.666221141815185547e-02 -1.918574571609497070e-01 1.011979579925537109e-02
-6.401145458221435547e-02 1.117196083068847656e-01 4.577130079269409180e-01 -4.731677174568176270e-01 -3.905737400054931641e-02 4.727995395660400391e-02
-1.828938722610473633e-01 -9.894514083862304688e-02 2.797696590423583984e-01 -2.887582778930664062e-01 -7.836049795150756836e-02 -2.678049802780151367e-01
-2.642710804939270020e-01 -1.015519499778747559e-01 4.458017349243164062e-01 -3.685762882232666016e-01 -6.161761283874511719e-02 -1.185156702995300293e-01
4.579436779022216797e-02 -8.275747299194335938e-02 2.321710586547851562e-01 -2.732504010200500488e-01 -1.748484969139099121e-01 -1.133937835693359375e-01
-1.563829779624938965e-01 -1.215624809265136719e-01 3.478521108627319336e-01 -2.711632847785949707e-01 4.561845064163208008e-01 -4.877172112464904785e-01
-6.660479307174682617e-02 -2.516794800758361816e-01 1.619569063186645508e-01 -1.725021600723266602e-01 5.148373842239379883e-01 -6.132482290267944336e-01
-2.314291596412658691e-01 -5.347974300384521484e-01 3.742982149124145508e-01 -2.499467134475708008e-02 4.230382442474365234e-01 -6.661165952682495117e-01
-3.095074295997619629e-01 -6.105874776840209961e-01 4.937505722045898438e-01 6.532847881317138672e-02 3.187086582183837891e-01 -5.951048135757446289e-01
-2.730292677879333496e-01 -6.191883087158203125e-01 5.975397825241088867e-01 -1.604703664779663086e-01 3.256698846817016602e-01 -5.810567140579223633e-01
9.762406349182128906e-03 -6.577919125556945801e-01 5.052179098129272461e-01 -1.907108426094055176e-01 3.226950168609619141e-01 -6.658180952072143555e-01
4.067218303680419922e-01 -4.472865462303161621e-01 1.504814624786376953e-01 -3.819703459739685059e-01 2.665619850158691406e-01 -4.336495399475097656e-01
3.774681091308593750e-01 -5.481775403022766113e-01 -1.001751422882080078e-02 -4.104402065277099609e-01 4.985257387161254883e-01 -6.781851053237915039e-01
3.554844856262207031e-01 -4.045731425285339355e-01 -1.569709777832031250e-01 -4.460094571113586426e-01 4.258552789688110352e-01 -5.239335298538208008e-01
2.092289924621582031e-01 -3.770760893821716309e-01 -1.231790781021118164e-01 -5.711305141448974609e-01 4.294836521148681641e-01 -4.858031868934631348e-01
2.407854795455932617e-01 -4.009831547737121582e-01 -1.813141703605651855e-01 -5.644617080688476562e-01 4.142756462097167969e-01 -5.204080939292907715e-01
1.251266002655029297e-01 -2.541241645812988281e-01 -2.698478102684020996e-01 -4.443349838256835938e-01 1.036046743392944336e-01 -2.844914793968200684e-01
-2.411683201789855957e-01 -2.249216437339782715e-01 8.808612823486328125e-03 -2.877811789512634277e-01 3.218150138854980469e-02 -2.374075055122375488e-01
-4.163305759429931641e-01 -1.435858011245727539e-02 1.441917419433593750e-01 -2.555094361305236816e-01 -3.181634545326232910e-01 -1.439564824104309082e-01
-3.206984400749206543e-01 -9.659367799758911133e-02 3.936624526977539062e-01 -4.479950666427612305e-01 -2.344362735748291016e-01 -4.512143135070800781e-02
-7.931584119796752930e-02 -2.172135710716247559e-01 3.507837057113647461e-01 -5.231934189796447754e-01 2.674400806427001953e-02 -8.926671743392944336e-02
-2.001645565032958984e-01 -1.131924986839294434e-01 4.000257253646850586e-01 -4.691181182861328125e-01 -4.780489206314086914e-02 9.232151508331298828e-02
-2.034004926681518555e-01 -2.728715538978576660e-01 9.700381755828857422e-02 -3.916330933570861816e-01 -1.384772062301635742e-01 -3.387703895568847656e-01
-1.927211284637451172e-01 -2.249730229377746582e-01 5.472230911254882812e-02 -1.553224921226501465e-01 -1.373608708381652832e-01 -1.893416047096252441e-01
-4.067480564117431641e-02 -3.127479553222656250e-01 4.701709747314453125e-02 -2.753777503967285156e-01 8.610391616821289062e-02 -2.494655847549438477e-01
-3.576986193656921387e-01 -3.048257827758789062e-01 1.694818735122680664e-01 -3.360728025436401367e-01 -2.257639169692993164e-02 -3.258963227272033691e-01
-3.070369362831115723e-01 -9.350317716598510742e-02 2.151497602462768555e-01 -3.463840484619140625e-01 -2.253930568695068359e-01 -1.187325119972229004e-01
-3.657642006874084473e-01 1.120036840438842773e-01 3.971132040023803711e-01 -1.213871240615844727e-01 -2.046612501144409180e-01 1.879519224166870117e-01
-4.326193928718566895e-01 3.983916044235229492e-01 1.228096485137939453e-01 1.492618322372436523e-01 -3.017274737358093262e-01 2.895594835281372070e-01
-5.778619647026062012e-01 3.432861566543579102e-01 1.753746271133422852e-01 1.336789131164550781e-01 -1.214879155158996582e-01 1.993302106857299805e-01
-4.087615013122558594e-02 8.827292919158935547e-02 -1.079353690147399902e-01 1.144814491271972656e-01 -2.837767004966735840e-01 1.396871805191040039e-01
-2.889722585678100586e-02 2.585735321044921875e-01 -2.246374487876892090e-01 2.638969421386718750e-01 -4.510912299156188965e-01 4.119566679000854492e-01
5.690562725067138672e-02 4.401619434356689453e-01 -3.640379309654235840e-01 3.957319259643554688e-01 -5.397216081619262695e-01 5.717480182647705078e-01
3.615009784698486328e-02 4.186266660690307617e-01 -3.186098933219909668e-01 3.924447298049926758e-01 -4.433017969131469727e-01 5.884251594543457031e-01
1.001976728439331055e-01 5.041711330413818359e-01 -2.882749438285827637e-01 4.162243604660034180e-01 -5.503113865852355957e-01 7.771263122558593750e-01
1.256049871444702148e-01 3.938106298446655273e-01 -2.163259387016296387e-01 3.843741416931152344e-01 -3.433479070663452148e-01 6.390985250473022461e-01
1.199783086776733398e-01 4.574863910675048828e-01 -1.734290122985839844e-01 2.739968299865722656e-01 -3.305464982986450195e-01 6.665492057800292969e-01
3.053748607635498047e-02 4.051690101623535156e-01 -1.829645037651062012e-01 2.555624246597290039e-01 -3.043205738067626953e-01 5.964093208312988281e-01
2.374053001403808594e-02 2.811108827590942383e-01 -1.196014881134033203e-01 1.958813667297363281e-01 -2.198675274848937988e-01 4.698791503906250000e-01
-8.560955524444580078e-03 4.225426912307739258e-01 -2.514490485191345215e-01 5.690101385116577148e-01 -4.986862540245056152e-01 7.494391202926635742e-01
-1.523884534835815430e-01 3.188691139221191406e-01 -3.836089372634887695e-02 1.342719793319702148e-01 -4.054132699966430664e-01 6.118950843811035156e-01
3.744804859161376953e-02 4.937011003494262695e-01 -1.573077440261840820e-01 4.599976539611816406e-01 -4.238188862800598145e-01 7.482491731643676758e-01
-5.913770198822021484e-01 2.636413574218750000e-01 3.168293237686157227e-01 3.358508348464965820e-01 -3.053178787231445312e-01 6.269882917404174805e-01
-2.400382757186889648e-01 2.225333452224731445e-01 4.719151258468627930e-01 1.581227779388427734e-02 -2.167045474052429199e-01 5.086843967437744141e-01
-1.329142451286315918e-01 3.868033885955810547e-01 3.260167837142944336e-01 -8.265346288681030273e-02 -4.059949517250061035e-01 6.438494920730590820e-01
-2.695760726928710938e-01 6.741893291473388672e-02 4.717246294021606445e-01 -6.407660245895385742e-02 -1.186283230781555176e-01 4.848375320434570312e-01
-1.294339299201965332e-01 1.131688356399536133e-01 5.146307945251464844e-01 3.187108039855957031e-02 -1.384378671646118164e-01 4.604021310806274414e-01
-5.520697832107543945e-01 2.067809104919433594e-01 3.385462760925292969e-01 1.096338033676147461e-01 -3.288669586181640625e-01 3.962376117706298828e-01
