-1.371615529060363770e-01 -4.820150136947631836e-01 6.791388988494873047e-02 -4.435681104660034180e-01 -1.673488616943359375e-01 -3.347489237785339355e-01
-7.688450813293457031e-02 -3.848254084587097168e-01 1.998932361602783203e-01 -3.846689462661743164e-01 -1.394863724708557129e-01 -2.358763217926025391e-01
-1.021326780319213867e-01 -4.621399641036987305e-01 1.050705909729003906e-01 -4.873321056365966797e-01 -1.551425457000732422e-01 -3.046204447746276855e-01
-7.221901416778564453e-02 -5.037728548049926758e-01 1.452710628509521484e-01 -4.526631832122802734e-01 -2.569521665573120117e-01 -1.311357021331787109e-01
4.129290580749511719e-03 -5.637476444244384766e-01 8.288621902465820312e-03 -4.836362004280090332e-01 -1.889560222625732422e-01 -2.633507251739501953e-01
2.229241132736206055e-01 -4.792039394378662109e-01 -1.029968261718750000e-03 -4.903968572616577148e-01 -1.436938643455505371e-01 -4.027014970779418945e-02
1.821701526641845703e-01 -3.604761362075805664e-01 -1.196542978286743164e-01 -3.909994363784790039e-01 -3.277882337570190430e-01 5.760037899017333984e-02
1.769660711288452148e-01 -3.318338394165039062e-01 -1.464884281158447266e-01 -3.938000202178955078e-01 -4.917392134666442871e-01 9.571135044097900391e-02
1.870963573455810547e-01 -2.403957247734069824e-01 -2.460952401161193848e-01 -4.056775569915771484e-01 -6.315854787826538086e-01 1.433105468750000000e-01
1.858384609222412109e-01 -3.405350446701049805e-01 -2.119892835617065430e-01 -2.832608819007873535e-01 -5.417966842651367188e-01 1.930677890777587891e-02
1.140228509902954102e-01 -5.757310390472412109e-01 -2.678133249282836914e-01 9.542584419250488281e-03 -5.937163829803466797e-01 -7.610207796096801758e-02
1.647499799728393555e-01 -5.471485257148742676e-01 6.499421596527099609e-02 -2.311340570449829102e-01 -4.205493330955505371e-01 1.361336708068847656e-01
3.307213783264160156e-01 -4.605500102043151855e-01 -1.700388193130493164e-01 -3.238378763198852539e-01 -3.236597776412963867e-01 5.352663993835449219e-02
8.445775508880615234e-02 -5.379859805107116699e-01 -9.728956222534179688e-02 -3.672111034393310547e-02 -4.507543444633483887e-01 -6.650775671005249023e-02
1.951086521148681641e-01 -3.134629130363464355e-01 -2.950823307037353516e-01 -7.764178514480590820e-02 -5.857081413269042969e-01 1.044393777847290039e-01
3.317960500717163086e-01 -4.046381115913391113e-01 -2.267122268676757812e-01 -1.763349771499633789e-01 -3.486840724945068359e-01 -5.669915676116943359e-02
2.925034761428833008e-01 -4.128170609474182129e-01 -2.260686755180358887e-01 -1.479035019874572754e-01 -3.680840730667114258e-01 2.724158763885498047e-02
1.697750091552734375e-01 -2.752225995063781738e-01 -1.984988451004028320e-01 -2.722251415252685547e-01 -5.437784194946289062e-01 1.708977222442626953e-01
2.969975471496582031e-01 -3.581508994102478027e-01 -1.381889581680297852e-01 -1.581385731697082520e-01 -4.840928912162780762e-01 1.237521171569824219e-01
5.204608440399169922e-01 -3.414015769958496094e-01 -2.382416725158691406e-01 -2.063785195350646973e-01 -4.199920296669006348e-01 1.217119693756103516e-01
4.586702585220336914e-01 -4.871758222579956055e-01 -1.398519873619079590e-01 -1.876669526100158691e-01 -2.726403474807739258e-01 -5.209356546401977539e-02
4.181628227233886719e-01 -4.456555843353271484e-01 -3.256961703300476074e-01 -1.273798346519470215e-01 -3.829120397567749023e-01 -6.927907466888427734e-02
3.639600276947021484e-01 -4.188236594200134277e-01 -4.283436536788940430e-01 -8.651679754257202148e-02 -5.058777928352355957e-01 6.275773048400878906e-03
3.440591096878051758e-01 -3.967513442039489746e-01 -2.996251583099365234e-01 -2.589969038963317871e-01 -3.262584209442138672e-01 9.033036231994628906e-02
3.963582515716552734e-01 -3.855460882186889648e-01 -3.445999622344970703e-01 -2.266497611999511719e-01 -2.543577551841735840e-01 7.818162441253662109e-02
4.246519804000854492e-01 -2.915486097335815430e-01 -4.643340706825256348e-01 -2.365617156028747559e-01 -1.943334937095642090e-01 1.262029409408569336e-01
4.321469068527221680e-01 -1.705767512321472168e-01 -4.272671937942504883e-01 -2.891064882278442383e-01 -1.601858735084533691e-01 2.372629642486572266e-01
4.619410037994384766e-01 -2.303111553192138672e-01 -3.565804362297058105e-01 -3.215686082839965820e-01 2.601945400238037109e-02 2.030780315399169922e-01
4.528725147247314453e-01 -2.153663635253906250e-01 -2.402863502502441406e-01 -3.743680119514465332e-01 4.960441589355468750e-02 2.299575805664062500e-01
4.979823827743530273e-01 -2.459139227867126465e-01 -2.373917698860168457e-01 -3.150621056556701660e-01 1.045132875442504883e-01 1.836855411529541016e-01
5.417903661727905273e-01 -2.255797386169433594e-01 -2.125610709190368652e-01 -2.872711420059204102e-01 9.811079502105712891e-02 2.449363470077514648e-01
4.282392263412475586e-01 -2.386565208435058594e-01 -2.999269962310791016e-02 -2.110313773155212402e-01 9.780251979827880859e-02 3.183730840682983398e-01
5.461745262145996094e-01 -2.363494038581848145e-01 -1.407530903816223145e-01 -7.110345363616943359e-02 8.755052089691162109e-02 2.865780591964721680e-01
4.587756395339965820e-01 -2.213351726531982422e-01 -5.878174304962158203e-02 -7.628250122070312500e-02 5.570590496063232422e-02 2.909296751022338867e-01
4.744021892547607422e-01 -1.459703445434570312e-01 -3.379368782043457031e-02 -8.252578973770141602e-02 -2.232003211975097656e-02 4.087585210800170898e-01
4.941141605377197266e-01 -1.897963881492614746e-01 -6.803679466247558594e-02 -7.801830768585205078e-02 2.168440818786621094e-02 3.548388481140136719e-01
5.803894996643066406e-01 -1.625070571899414062e-01 -7.475882768630981445e-02 -4.450559616088867188e-03 3.338623046875000000e-02 3.623049259185791016e-01
5.344145298004150391e-01 -1.469996571540832520e-01 4.234814643859863281e-02 -4.857748746871948242e-02 1.203321218490600586e-01 3.423573970794677734e-01
2.515147924423217773e-01 -4.230910539627075195e-02 9.817087650299072266e-02 5.441319942474365234e-02 -5.751645565032958984e-02 5.471135377883911133e-01
8.543539047241210938e-02 2.875208854675292969e-03 1.772794723510742188e-01 3.774058818817138672e-02 3.816306591033935547e-02 5.395283699035644531e-01
1.431787014007568359e-02 -1.321202516555786133e-02 3.436969518661499023e-01 -1.823490858078002930e-02 -5.467414855957031250e-03 5.163611173629760742e-01
-2.397578954696655273e-01 -1.031284332275390625e-01 5.742241144180297852e-01 7.435917854309082031e-03 5.266511440277099609e-02 5.678920745849609375e-01
8.326995372772216797e-02 -1.744866371154785156e-01 4.218354225158691406e-01 -1.896482706069946289e-02 1.374468803405761719e-01 3.588525056838989258e-01
3.579413890838623047e-02 -2.748847603797912598e-01 5.940589904785156250e-01 1.066021919250488281e-01 3.045570850372314453e-01 3.082001209259033203e-01
1.923342943191528320e-01 -1.316776275634765625e-01 4.570716619491577148e-01 1.151103973388671875e-01 2.096629142761230469e-02 2.238017320632934570e-01
1.554052829742431641e-01 -7.016825675964355469e-02 7.045086622238159180e-01 1.370943784713745117e-01 1.480610370635986328e-01 4.418507814407348633e-01
-4.596155881881713867e-02 -1.381457448005676270e-01 4.265754222869873047e-01 -1.331295967102050781e-01 7.082474231719970703e-02 3.504636287689208984e-01
-1.989235877990722656e-01 -4.364162683486938477e-02 6.535333395004272461e-01 -2.301068305969238281e-01 -1.299761533737182617e-01 4.238404035568237305e-01
6.173098087310791016e-02 1.112279891967773438e-01 5.674365758895874023e-01 3.026211261749267578e-02 -6.774604320526123047e-02 2.566559314727783203e-01
1.892899274826049805e-01 6.141483783721923828e-02 4.125553369522094727e-01 1.023249626159667969e-01 5.834174156188964844e-02 1.707007884979248047e-01
2.359620332717895508e-01 1.571108102798461914e-01 5.298705101013183594e-01 -6.464123725891113281e-04 1.665146350860595703e-01 1.914805173873901367e-01
3.993486166000366211e-01 1.788563728332519531e-01 3.565250635147094727e-01 7.593619823455810547e-02 2.330511808395385742e-01 6.215429306030273438e-02
5.589393377304077148e-01 2.472990751266479492e-01 1.752401590347290039e-01 1.353311538696289062e-02 2.609875202178955078e-01 6.670832633972167969e-02
7.882699966430664062e-01 2.491465806961059570e-01 -2.215179800987243652e-01 5.001771450042724609e-02 2.662816047668457031e-01 -9.624677896499633789e-02
7.267889976501464844e-01 2.546356916427612305e-01 -2.583906054496765137e-01 -5.719989538192749023e-02 3.215324878692626953e-01 -1.236410737037658691e-01
7.019538879394531250e-01 4.382464885711669922e-01 -1.507475376129150391e-01 -6.165921688079833984e-02 9.456861019134521484e-02 1.468904018402099609e-01
7.117956876754760742e-01 3.612004518508911133e-01 -1.539815068244934082e-01 -1.769314408302307129e-01 2.050120830535888672e-01 4.363214969635009766e-02
6.750767230987548828e-01 5.357034206390380859e-01 -1.490718126296997070e-01 -2.202644348144531250e-01 3.401112556457519531e-02 2.116633653640747070e-01
7.776970863342285156e-01 5.482987165451049805e-01 -2.645905613899230957e-01 -1.081838607788085938e-01 -1.932507753372192383e-02 2.163267135620117188e-01
7.598927021026611328e-01 3.869738578796386719e-01 -2.052848339080810547e-01 -1.296247243881225586e-01 7.834148406982421875e-02 1.218149662017822266e-01
6.016479730606079102e-01 2.182459831237792969e-01 -2.033518552780151367e-01 -2.146357893943786621e-01 1.735938787460327148e-01 -2.002108097076416016e-02
5.017187595367431641e-01 -5.997627973556518555e-02 -6.577646732330322266e-02 -2.929293513298034668e-01 4.485059976577758789e-01 -3.450555205345153809e-01
3.322327136993408203e-02 -5.907648801803588867e-02 2.397402524948120117e-01 -5.031301975250244141e-01 3.594603538513183594e-01 -2.444173097610473633e-01
-1.110767722129821777e-01 1.934942007064819336e-01 5.618704557418823242e-01 -2.322633862495422363e-01 4.936146736145019531e-02 3.282380104064941406e-02
2.014174461364746094e-01 2.909765243530273438e-01 3.748114109039306641e-01 -2.086954116821289062e-01 3.910434246063232422e-02 6.574213504791259766e-02
1.204311847686767578e-02 4.534196853637695312e-02 4.011470079421997070e-01 -2.421240210533142090e-01 1.366733312606811523e-01 -2.550166845321655273e-02
-1.659030914306640625e-01 1.261913776397705078e-01 4.436480998992919922e-01 -2.015697956085205078e-01 7.988774776458740234e-02 4.832768440246582031e-02
-4.225324988365173340e-01 8.598756790161132812e-02 5.053458213806152344e-01 1.112360954284667969e-01 -1.409079432487487793e-01 5.058765411376953125e-02
-4.721525311470031738e-01 2.576303482055664062e-02 5.121309757232666016e-01 -1.115077137947082520e-01 7.148849964141845703e-02 4.189348220825195312e-02
-1.771736741065979004e-01 -4.978489875793457031e-02 1.381026506423950195e-01 -2.219549417495727539e-01 2.153929471969604492e-01 -1.518101096153259277e-01
-3.205677270889282227e-01 -1.469045877456665039e-02 4.548867940902709961e-01 -2.297905683517456055e-01 7.854950428009033203e-02 -6.049901247024536133e-02
-4.838780164718627930e-01 1.241445541381835938e-01 6.901142597198486328e-01 -2.520067691802978516e-01 6.684768199920654297e-02 1.296932697296142578e-01
-2.152653932571411133e-01 -1.116400957107543945e-02 4.065436124801635742e-01 -8.624118566513061523e-02 2.082033157348632812e-01 -2.844751477241516113e-01
2.731490135192871094e-02 -3.099108934402465820e-01 5.097911357879638672e-01 -5.646371841430664062e-02 5.281282663345336914e-01 -5.589958429336547852e-01
5.613923072814941406e-02 -3.064174056053161621e-01 5.180815458297729492e-01 -9.302359819412231445e-02 3.632385730743408203e-01 -3.158038258552551270e-01
3.631365299224853516e-01 -1.130476593971252441e-01 2.424088716506958008e-01 -1.532944440841674805e-01 4.384527206420898438e-01 -1.645739674568176270e-01
3.467879295349121094e-01 2.316951751708984375e-02 2.232964038848876953e-01 -2.796082496643066406e-01 3.454115390777587891e-01 -1.015207171440124512e-01
4.779994487762451172e-01 1.728160381317138672e-01 1.841828823089599609e-01 -1.886663436889648438e-01 2.168675661087036133e-01 6.427860260009765625e-02
4.216123819351196289e-01 2.554214000701904297e-01 2.809500694274902344e-01 -2.334696054458618164e-01 1.563493013381958008e-01 1.938911676406860352e-01
4.896738529205322266e-01 2.642604112625122070e-01 2.242239713668823242e-01 -2.234139442443847656e-01 2.097945213317871094e-01 1.545349359512329102e-01
4.382730722427368164e-01 2.845734357833862305e-01 2.989054918289184570e-01 -2.479925751686096191e-01 1.857650279998779297e-01 1.648726463317871094e-01
4.031594991683959961e-01 2.616127729415893555e-01 2.173606157302856445e-01 -1.595155000686645508e-01 8.100187778472900391e-02 1.700732707977294922e-01
3.991532325744628906e-01 1.496177911758422852e-01 2.058744430541992188e-01 -2.059760093688964844e-01 1.693813800811767578e-01 -9.457647800445556641e-03
4.299243688583374023e-01 1.874339580535888672e-01 2.121245861053466797e-01 -2.276102304458618164e-01 1.322906017303466797e-01 6.825613975524902344e-02
3.470425605773925781e-01 -8.729159832000732422e-03 2.965900897979736328e-01 -2.799614667892456055e-01 2.698593139648437500e-01 -1.092952489852905273e-01
6.731426715850830078e-02 -8.716988563537597656e-02 3.753043413162231445e-01 -4.692216515541076660e-01 2.625097036361694336e-01 -2.617678046226501465e-01
-2.116107940673828125e-01 -1.116363406181335449e-01 5.667051076889038086e-01 -3.007863163948059082e-01 1.284586191177368164e-01 -1.617743372917175293e-01
-1.636362075805664062e-01 4.467153549194335938e-02 6.730802059173583984e-01 -4.421600103378295898e-01 1.706318855285644531e-01 6.583201885223388672e-02
-3.017835617065429688e-01 -3.192704916000366211e-02 5.487111806869506836e-01 -1.954285502433776855e-01 2.200698852539062500e-01 -2.143496274948120117e-02
-1.750158667564392090e-01 1.081824302673339844e-03 5.805634260177612305e-01 -4.997855424880981445e-02 1.668181419372558594e-01 4.383850097656250000e-02
-1.207804083824157715e-01 -2.214909195899963379e-01 6.857178211212158203e-01 -1.969604492187500000e-01 2.712562084197998047e-01 -8.801400661468505859e-02
-1.285772919654846191e-01 -9.492182731628417969e-02 7.123308181762695312e-01 -3.504755496978759766e-01 2.575931549072265625e-01 2.832746505737304688e-02
-1.762861013412475586e-01 -1.927191615104675293e-01 5.590854883193969727e-01 -2.154487967491149902e-01 1.197323799133300781e-01 -1.453578472137451172e-01
-2.527381777763366699e-01 -3.220425844192504883e-01 7.367603778839111328e-01 -2.234571576118469238e-01 3.038928508758544922e-01 -2.299820184707641602e-01
-4.508928656578063965e-01 -1.377696990966796875e-01 5.267174243927001953e-01 -1.475663185119628906e-01 -1.464349031448364258e-02 -1.504705548286437988e-01
-1.987122893333435059e-01 -2.060101628303527832e-01 4.425420761108398438e-01 -2.000116705894470215e-01 3.315004110336303711e-01 -2.730111479759216309e-01
-6.703048944473266602e-02 -3.962498307228088379e-01 3.448231220245361328e-01 5.366945266723632812e-02 6.254310607910156250e-01 -7.500214576721191406e-01
-1.121863126754760742e-01 -5.370700359344482422e-01 3.517668247222900391e-01 -1.614524126052856445e-01 6.045216321945190430e-01 -8.892751932144165039e-01
-3.714987039566040039e-01 -5.500853061676025391e-01 3.576701879501342773e-01 4.626703262329101562e-02 1.155343055725097656e-01 -6.588574647903442383e-01
1.172835826873779297e-01 -5.931310057640075684e-01 4.451795816421508789e-01 -3.488028049468994141e-02 1.307518482208251953e-01 -5.097779035568237305e-01
3.533880710601806641e-01 -7.008329629898071289e-01 2.915861606597900391e-01 -3.712781667709350586e-01 4.595732688903808594e-01 -6.310906410217285156e-01
2.266830205917358398e-01 -5.481487512588500977e-01 -1.637938022613525391e-01 -4.406421780586242676e-01 3.590269088745117188e-01 -6.389669179916381836e-01
2.222846746444702148e-01 -5.384082794189453125e-01 -1.514028906822204590e-01 -3.196162581443786621e-01 2.162787914276123047e-01 -5.845998525619506836e-01
3.068281412124633789e-01 -5.624642968177795410e-01 -1.721037626266479492e-01 -4.672991037368774414e-01 3.425490856170654297e-01 -6.857998371124267578e-01
1.887522935867309570e-01 -6.393164396286010742e-01 -7.017433643341064453e-03 -4.582197666168212891e-01 2.887567281723022461e-01 -6.910142898559570312e-01
2.691984176635742188e-02 -4.016914367675781250e-01 2.060401439666748047e-02 -5.598096847534179688e-01 2.711796760559082031e-01 -5.847630500793457031e-01
-2.189204096794128418e-01 -3.897265791893005371e-01 3.276836872100830078e-01 -4.301449060440063477e-01 2.110481262207031250e-01 -4.288704991340637207e-01
-1.011651158332824707e-01 -2.633260488510131836e-01 1.379579305648803711e-01 -3.331418037414550781e-01 3.205549716949462891e-02 -4.441531896591186523e-01
-2.796836495399475098e-01 -3.325220942497253418e-01 3.920207023620605469e-01 -4.021661281585693359e-01 1.571937799453735352e-01 -3.517597317695617676e-01
-2.088550925254821777e-01 -4.207031726837158203e-01 3.600614070892333984e-01 -4.761062860488891602e-01 2.127833366394042969e-01 -2.941498756408691406e-01
-1.701849699020385742e-01 -3.915472626686096191e-01 1.953154802322387695e-01 -2.908777594566345215e-01 9.330391883850097656e-02 -2.544526457786560059e-01
-2.919843792915344238e-01 -2.851153016090393066e-01 2.065547704696655273e-01 -2.129240036010742188e-01 -1.323979496955871582e-01 -1.947163343429565430e-01
-1.513356566429138184e-01 -2.977614998817443848e-01 2.997081279754638672e-01 -2.232356071472167969e-01 -2.036775350570678711e-01 -1.490026712417602539e-01
-3.501410484313964844e-01 -4.230180382728576660e-01 2.528972625732421875e-01 -2.659693360328674316e-01 1.547623872756958008e-01 -4.087757468223571777e-01
-5.444191694259643555e-01 -2.233757972717285156e-01 4.824526309967041016e-01 -3.262757658958435059e-01 -1.071555018424987793e-01 -6.765282154083251953e-02
-3.331985473632812500e-01 2.191163301467895508e-01 2.237784862518310547e-01 6.164431571960449219e-02 -3.274364471435546875e-01 2.732186317443847656e-01
-3.035880327224731445e-01 3.415827751159667969e-01 -2.161306142807006836e-02 1.808460950851440430e-01 -1.438800692558288574e-01 1.345341205596923828e-01
-2.938343882560729980e-01 2.712441682815551758e-01 4.379844665527343750e-02 3.654828071594238281e-01 -1.162505149841308594e-01 1.055870056152343750e-01
-2.403665781021118164e-01 8.893859386444091797e-02 -3.458184003829956055e-02 1.033351421356201172e-01 -2.372982501983642578e-01 2.385175228118896484e-02
-2.893964648246765137e-01 1.371517181396484375e-01 -2.330963015556335449e-01 1.710443496704101562e-01 -3.504281044006347656e-01 1.870042085647583008e-01
-1.235536336898803711e-01 2.319459915161132812e-01 -2.364737987518310547e-01 3.124452829360961914e-01 -3.690255284309387207e-01 3.306990861892700195e-01
-5.228042602539062500e-03 3.361302614212036133e-01 -2.523018121719360352e-01 2.648741006851196289e-01 -3.891956210136413574e-01 4.304643869400024414e-01
-7.957172393798828125e-02 2.873476743698120117e-01 -2.779631018638610840e-01 2.716380357742309570e-01 -4.556787014007568359e-01 4.774808883666992188e-01
-8.699101209640502930e-02 2.916121482849121094e-01 -2.725831866264343262e-01 2.941774129867553711e-01 -4.088361263275146484e-01 4.971021413803100586e-01
-1.038563251495361328e-01 3.494566679000854492e-01 -1.878517866134643555e-01 2.873299121856689453e-01 -4.349800348281860352e-01 5.770282745361328125e-01
-1.397078037261962891e-01 3.860219717025756836e-01 -1.785215139389038086e-01 3.228874206542968750e-01 -5.135171413421630859e-01 6.832185983657836914e-01
-2.856319546699523926e-01 1.344414949417114258e-01 -7.468277215957641602e-02 1.897600889205932617e-01 -3.905032277107238770e-01 4.382672309875488281e-01
-1.027444601058959961e-01 2.613080739974975586e-01 -1.797777414321899414e-01 1.938352584838867188e-01 -2.544682025909423828e-01 4.537947177886962891e-01
-1.705375313758850098e-01 1.857756376266479492e-01 1.342953443527221680e-01 7.143580913543701172e-02 -3.343921303749084473e-01 5.720633268356323242e-01
-2.862197160720825195e-02 1.757521629333496094e-01 -6.013023853302001953e-02 1.791807413101196289e-01 -4.555965065956115723e-01 5.639073848724365234e-01
-4.717555046081542969e-01 2.119373083114624023e-01 2.323125600814819336e-01 7.362079620361328125e-02 -4.420163631439208984e-01 6.564246416091918945e-01
-1.867511868476867676e-01 1.926250457763671875e-01 4.547718763351440430e-01 4.196357727050781250e-02 -5.645762085914611816e-01 6.739089488983154297e-01
-2.754691243171691895e-01 1.338124275207519531e-01 5.228314399719238281e-01 9.634459018707275391e-02 -5.096690654754638672e-01 5.945080518722534180e-01
-1.796774268150329590e-01 3.412652015686035156e-01 3.609377145767211914e-01 2.335017919540405273e-01 -6.234717369079589844e-01 7.746859788894653320e-01
