2.277936935424804688e-01 -2.780427932739257812e-01 -1.410550475120544434e-01 -5.495647788047790527e-01 4.713243246078491211e-01 -3.789567947387695312e-01
2.512129545211791992e-01 -3.555225133895874023e-01 -2.319309711456298828e-01 -5.316205024719238281e-01 3.643187284469604492e-01 -4.739289879798889160e-01
3.384289741516113281e-01 -3.868461847305297852e-01 -2.158170938491821289e-01 -5.116947889328002930e-01 3.269823789596557617e-01 -5.062749981880187988e-01
3.418221473693847656e-01 -4.268880486488342285e-01 -1.454225182533264160e-01 -5.359312891960144043e-01 3.685768842697143555e-01 -5.742397308349609375e-01
2.425204515457153320e-01 -4.399145245552062988e-01 -6.072646379470825195e-02 -4.718724489212036133e-01 2.736773490905761719e-01 -4.225198626518249512e-01
4.546341896057128906e-01 -4.661226272583007812e-01 -1.556466221809387207e-01 -3.471960425376892090e-01 4.411442279815673828e-01 -5.240507721900939941e-01
2.957894802093505859e-01 -5.100915431976318359e-01 -1.701123714447021484e-01 -3.544065356254577637e-01 3.796288967132568359e-01 -5.148590803146362305e-01
3.787516355514526367e-01 -4.098841547966003418e-01 -1.529177427291870117e-01 -3.230233788490295410e-01 2.372322082519531250e-01 -3.668081760406494141e-01
4.212790727615356445e-01 -5.996971130371093750e-01 -6.589829921722412109e-02 -3.855873346328735352e-01 4.834122657775878906e-01 -6.152086257934570312e-01
2.486226558685302734e-01 -5.998019576072692871e-01 -3.964662551879882812e-03 -4.077260494232177734e-01 3.071759939193725586e-01 -5.802943110466003418e-01
1.250594854354858398e-01 -5.341467857360839844e-01 -2.915138006210327148e-02 -4.432899951934814453e-01 1.828858852386474609e-01 -5.174525380134582520e-01
2.096062898635864258e-01 -4.747462272644042969e-01 -7.370620965957641602e-02 -3.755654692649841309e-01 1.594090461730957031e-01 -4.606177210807800293e-01
3.060336112976074219e-01 -5.430743694305419922e-01 -1.546296477317810059e-01 -3.099945783615112305e-01 1.908298730850219727e-01 -5.341758728027343750e-01
3.077895641326904297e-01 -5.674798488616943359e-01 -2.626972794532775879e-01 -2.898577451705932617e-01 3.175039291381835938e-01 -6.522077322006225586e-01
2.951036691665649414e-01 -5.140661597251892090e-01 -2.445876598358154297e-01 -3.686816692352294922e-01 3.020913600921630859e-01 -6.345930099487304688e-01
1.428995132446289062e-01 -5.017708539962768555e-01 -2.574707269668579102e-01 -4.647247195243835449e-01 2.932063341140747070e-01 -6.828671097755432129e-01
2.206059694290161133e-01 -4.436233043670654297e-01 -2.523623704910278320e-01 -5.554877519607543945e-01 3.835515975952148438e-01 -6.581615209579467773e-01
3.079360723495483398e-01 -4.472668170928955078e-01 -2.143068313598632812e-01 -7.712926864624023438e-01 5.685893297195434570e-01 -6.965265274047851562e-01
5.110511779785156250e-01 -2.824842333793640137e-01 -5.749160051345825195e-01 -7.154834270477294922e-01 4.757170677185058594e-01 -6.139361858367919922e-01
2.415171861648559570e-01 -1.024383306503295898e-01 -3.679347634315490723e-01 -6.980870962142944336e-01 2.116614580154418945e-01 -3.562968969345092773e-01
2.128953933715820312e-01 3.546023368835449219e-02 -4.934061169624328613e-01 -6.791611313819885254e-01 2.091860771179199219e-01 -2.847937345504760742e-01
2.450492382049560547e-01 1.384217739105224609e-01 -5.980126857757568359e-01 -3.674938082695007324e-01 9.436750411987304688e-02 -1.893162727355957031e-01
1.521464586257934570e-01 2.423561811447143555e-01 -6.058744192123413086e-01 -2.908487915992736816e-01 3.480732440948486328e-02 -9.008938074111938477e-02
3.320388793945312500e-01 3.461428880691528320e-01 -7.355405092239379883e-01 -1.301239132881164551e-01 -4.034793376922607422e-02 5.212628841400146484e-02
3.857268095016479492e-01 4.073823690414428711e-01 -8.357394933700561523e-01 -9.665489196777343750e-04 -1.133919954299926758e-01 1.444382667541503906e-01
3.064191341400146484e-01 5.052140951156616211e-01 -8.157213330268859863e-01 1.055685281753540039e-01 -2.893095612525939941e-01 3.027975559234619141e-01
3.749371767044067383e-01 5.867414474487304688e-01 -8.027549982070922852e-01 2.221847772598266602e-01 -3.773711323738098145e-01 4.134019613265991211e-01
4.354889392852783203e-01 6.063926219940185547e-01 -6.974315643310546875e-01 2.885559797286987305e-01 -3.557066917419433594e-01 4.438468217849731445e-01
4.976464509963989258e-01 7.342250347137451172e-01 -8.017389774322509766e-01 3.241356611251831055e-01 -5.015069842338562012e-01 5.494836568832397461e-01
4.961677789688110352e-01 6.914168596267700195e-01 -7.227325439453125000e-01 3.301126956939697266e-01 -4.790850281715393066e-01 5.677063465118408203e-01
4.873378276824951172e-01 7.050660848617553711e-01 -7.709649801254272461e-01 3.937568664550781250e-01 -4.970565438270568848e-01 4.976488351821899414e-01
4.563282728195190430e-01 6.727850437164306641e-01 -7.079052925109863281e-01 4.134443998336791992e-01 -4.474756717681884766e-01 4.770442247390747070e-01
4.389759302139282227e-01 6.983903646469116211e-01 -8.822829127311706543e-01 3.546227216720581055e-01 -4.449070692062377930e-01 4.411692619323730469e-01
4.737422466278076172e-01 7.393988370895385742e-01 -8.449497222900390625e-01 3.224494457244873047e-01 -4.790583252906799316e-01 4.905512332916259766e-01
4.039974212646484375e-01 6.371059417724609375e-01 -9.453397989273071289e-01 5.341159105300903320e-01 -4.772313237190246582e-01 4.093670845031738281e-01
3.908952474594116211e-01 6.446880102157592773e-01 -8.596332073211669922e-01 5.100195407867431641e-01 -4.788827896118164062e-01 4.362962245941162109e-01
4.348894357681274414e-01 5.844423770904541016e-01 -7.915258407592773438e-01 4.887527227401733398e-01 -4.058656096458435059e-01 4.386626482009887695e-01
4.863826036453247070e-01 6.266849040985107422e-01 -8.117840886116027832e-01 5.310007333755493164e-01 -4.309650063514709473e-01 4.895298480987548828e-01
2.882652282714843750e-01 6.831279993057250977e-01 -7.860924005508422852e-01 6.352849006652832031e-01 -5.815014839172363281e-01 6.182035207748413086e-01
2.082270383834838867e-01 6.704795360565185547e-01 -6.491970419883728027e-01 6.133486032485961914e-01 -4.796886444091796875e-01 6.087579727172851562e-01
2.977379560470581055e-01 6.949362754821777344e-01 -7.941502332687377930e-01 5.934402942657470703e-01 -2.960066795349121094e-01 4.482654333114624023e-01
2.294423580169677734e-01 7.435717582702636719e-01 -6.217064857482910156e-01 5.383194684982299805e-01 -3.740084767341613770e-01 6.104795932769775391e-01
2.435212135314941406e-01 6.308323144912719727e-01 -6.665202379226684570e-01 4.812332391738891602e-01 -2.177570462226867676e-01 3.516783714294433594e-01
3.243602514266967773e-01 7.358756065368652344e-01 -5.191204547882080078e-01 3.141421079635620117e-01 -1.752185225486755371e-01 3.637268543243408203e-01
2.672386169433593750e-01 6.763767004013061523e-01 -4.071840643882751465e-01 3.332251310348510742e-01 -1.482246518135070801e-01 3.099609613418579102e-01
2.633260488510131836e-01 4.783031940460205078e-01 -3.134158849716186523e-01 2.651823759078979492e-01 -3.525537252426147461e-02 1.517370939254760742e-01
2.371519804000854492e-01 5.105612277984619141e-01 -2.792893648147583008e-01 1.156219244003295898e-01 2.539145946502685547e-02 1.391526460647583008e-01
3.862493038177490234e-01 4.982390403747558594e-01 -2.630667090415954590e-01 1.264847517013549805e-01 1.267774105072021484e-01 1.004631519317626953e-01
3.837798833847045898e-01 5.187778472900390625e-01 -3.277433514595031738e-01 1.635501384735107422e-01 6.070053577423095703e-02 1.368159055709838867e-01
5.820401906967163086e-01 5.721364021301269531e-01 -3.774046301841735840e-01 5.273640155792236328e-02 6.147170066833496094e-02 1.142836809158325195e-01
6.258859634399414062e-01 5.140492916107177734e-01 -3.751924037933349609e-01 4.464626312255859375e-02 1.154286861419677734e-01 7.922577857971191406e-02
6.792805194854736328e-01 5.541497468948364258e-01 -4.528165459632873535e-01 4.153490066528320312e-03 2.179634571075439453e-02 1.767859458923339844e-01
6.793149709701538086e-01 4.844487905502319336e-01 -4.364859461784362793e-01 -1.499295234680175781e-02 -2.714747190475463867e-02 1.155047416687011719e-01
6.033062934875488281e-01 4.430701732635498047e-01 -3.319951891899108887e-01 -7.753610610961914062e-03 1.261222362518310547e-02 6.445574760437011719e-02
6.477252244949340820e-01 3.968591690063476562e-01 -3.944664597511291504e-01 -2.516567707061767578e-02 5.377376079559326172e-02 -1.155942678451538086e-02
7.405860424041748047e-01 3.896976709365844727e-01 -2.522016763687133789e-01 -8.853572607040405273e-02 8.473050594329833984e-02 4.346179962158203125e-02
6.922281980514526367e-01 2.175472974777221680e-01 -3.007725477218627930e-01 -1.579606533050537109e-02 1.271152496337890625e-01 -1.032273769378662109e-01
3.857709169387817383e-01 -1.820860505104064941e-01 -1.946294307708740234e-02 -1.102322340011596680e-01 4.019805192947387695e-01 -4.169511795043945312e-01
1.356459856033325195e-01 -3.258335590362548828e-02 8.101475238800048828e-02 -1.769372820854187012e-01 2.343931198120117188e-01 -3.157111406326293945e-01
1.881134510040283203e-02 5.219628810882568359e-01 4.031523466110229492e-01 -3.536536097526550293e-01 1.433173418045043945e-01 2.831552028656005859e-01
2.376763820648193359e-01 3.936331272125244141e-01 2.612636089324951172e-01 -3.431548476219177246e-01 1.492160558700561523e-01 1.136957406997680664e-01
-6.327176094055175781e-02 3.620514869689941406e-01 3.745385408401489258e-01 -2.288655042648315430e-01 -6.068331003189086914e-02 1.919656991958618164e-01
2.381162643432617188e-01 3.275091648101806641e-01 3.426926136016845703e-01 -2.914025187492370605e-01 2.123963832855224609e-01 1.472649574279785156e-01
9.648990631103515625e-02 3.829327821731567383e-01 3.005985021591186523e-01 -2.757930755615234375e-01 1.499173641204833984e-01 1.396036148071289062e-01
1.524639129638671875e-02 2.307283878326416016e-01 1.449302434921264648e-01 -1.721525192260742188e-01 2.291691303253173828e-02 5.990576744079589844e-02
-3.430572748184204102e-01 2.606498003005981445e-01 5.121994018554687500e-01 -1.561232209205627441e-01 -1.360860466957092285e-01 1.796345710754394531e-01
-3.380867838859558105e-01 2.698040008544921875e-01 6.723399162292480469e-01 -3.044111132621765137e-01 -2.393431663513183594e-01 3.063143491744995117e-01
-3.636984825134277344e-01 2.111008167266845703e-01 6.148705482482910156e-01 -1.901098489761352539e-01 -1.642277240753173828e-01 2.141605615615844727e-01
-2.963164448738098145e-01 -2.699676752090454102e-01 2.342537641525268555e-01 1.932706832885742188e-01 4.389623403549194336e-01 -6.358921527862548828e-01
-2.201122045516967773e-02 -3.838937878608703613e-01 2.347018718719482422e-01 8.272826671600341797e-02 5.086315870285034180e-01 -7.093607187271118164e-01
5.526196956634521484e-02 -3.081295490264892578e-01 3.264935016632080078e-01 -5.867993831634521484e-02 5.085849761962890625e-01 -3.222255706787109375e-01
1.710467338562011719e-01 -2.110236287117004395e-01 1.691071987152099609e-01 1.561832427978515625e-02 4.256398677825927734e-01 -2.333022356033325195e-01
3.362323045730590820e-01 -6.565988063812255859e-02 -2.001821994781494141e-03 1.217690706253051758e-01 3.098149299621582031e-01 -1.488240361213684082e-01
3.966997861862182617e-01 5.070316791534423828e-02 -5.606126785278320312e-02 6.602406501770019531e-02 2.610660791397094727e-01 -9.415578842163085938e-02
3.823311328887939453e-01 7.280588150024414062e-02 3.052783012390136719e-02 2.087891101837158203e-02 2.592104673385620117e-01 -6.460011005401611328e-02
3.038306236267089844e-01 1.131207942962646484e-01 4.410171508789062500e-02 -2.807325124740600586e-02 1.893329620361328125e-01 -4.330515861511230469e-03
4.075459241867065430e-01 1.334420442581176758e-01 5.867099761962890625e-02 -3.417885303497314453e-02 2.502541542053222656e-01 3.313934803009033203e-02
3.620587587356567383e-01 5.638587474822998047e-02 -7.236659526824951172e-03 1.844859123229980469e-02 2.491190433502197266e-01 -3.961002826690673828e-02
3.861998319625854492e-01 2.068114280700683594e-02 2.043247222900390625e-03 3.233277797698974609e-02 2.561722993850708008e-01 -9.116369485855102539e-02
3.812661170959472656e-01 -6.595939397811889648e-02 2.498519420623779297e-02 3.060698509216308594e-02 2.526717185974121094e-01 -1.748232841491699219e-01
2.239757776260375977e-01 -2.712735533714294434e-01 1.321517229080200195e-01 2.304303646087646484e-02 3.709579706192016602e-01 -3.874666094779968262e-01
1.536947488784790039e-01 -3.973575830459594727e-01 2.352050542831420898e-01 -9.604990482330322266e-03 4.116443395614624023e-01 -5.455707907676696777e-01
-1.812130808830261230e-01 -5.897694826126098633e-02 5.497539043426513672e-01 -9.473937749862670898e-02 2.807018756866455078e-01 -6.338328123092651367e-02
1.150759458541870117e-01 2.972745895385742188e-02 7.330670356750488281e-01 -7.683151960372924805e-02 3.670438528060913086e-01 1.078460216522216797e-01
4.100239276885986328e-02 2.272388935089111328e-01 4.745845794677734375e-01 -9.229385852813720703e-02 1.268700361251831055e-01 2.425419092178344727e-01
1.702936887741088867e-01 1.500078439712524414e-01 4.638518095016479492e-01 -2.107766270637512207e-01 3.279622793197631836e-01 1.315745115280151367e-01
8.124792575836181641e-02 2.175960540771484375e-01 2.675336599349975586e-01 -2.814570069313049316e-01 1.222449541091918945e-01 1.293358802795410156e-01
-1.504666805267333984e-01 1.783218383789062500e-01 2.746008634567260742e-01 -2.133549451828002930e-01 2.437007427215576172e-02 1.212835311889648438e-01
-2.220630645751953125e-03 2.239242792129516602e-01 3.939743041992187500e-01 -2.882266044616699219e-01 -2.692234516143798828e-02 1.571705341339111328e-01
-1.475790739059448242e-01 9.152054786682128906e-03 6.808217763900756836e-01 -1.439051628112792969e-01 -4.046899080276489258e-02 1.739053726196289062e-01
-1.756430864334106445e-01 -4.329259991645812988e-01 2.280482053756713867e-01 1.883046627044677734e-01 5.873492956161499023e-01 -8.396144509315490723e-01
3.149652481079101562e-02 -5.599378943443298340e-01 3.835971355438232422e-01 3.162777423858642578e-01 5.885640382766723633e-01 -9.676398038864135742e-01
3.007020950317382812e-01 -4.536866545677185059e-01 3.054254055023193359e-01 3.928720951080322266e-02 5.620157718658447266e-02 -6.301433444023132324e-01
1.256825923919677734e-01 2.433061599731445312e-03 4.495086669921875000e-01 -2.075672149658203125e-02 -1.535995602607727051e-01 -9.086394309997558594e-02
2.805151939392089844e-01 9.160327911376953125e-02 3.804792165756225586e-01 -1.812492012977600098e-01 -6.139910221099853516e-02 -1.139932870864868164e-02
2.645496129989624023e-01 1.772868633270263672e-01 3.879876136779785156e-01 -5.186879634857177734e-02 -1.413863897323608398e-01 9.328866004943847656e-02
2.213960886001586914e-01 3.173681497573852539e-01 1.753867864608764648e-01 -1.807463169097900391e-02 -3.362559676170349121e-01 1.344931125640869141e-01
3.902705907821655273e-01 3.384714126586914062e-01 2.733801603317260742e-01 -2.322193980216979980e-01 -8.214527368545532227e-02 8.409285545349121094e-02
3.945060968399047852e-01 2.341244220733642578e-01 3.004548549652099609e-01 4.338705539703369141e-02 -1.500236988067626953e-01 1.547250747680664062e-01
3.716127872467041016e-01 1.671519279479980469e-01 3.349994421005249023e-01 -9.116542339324951172e-02 -7.406425476074218750e-02 7.543051242828369141e-02
4.429048299789428711e-01 1.307384967803955078e-01 3.221714496612548828e-01 -7.681953907012939453e-02 -9.193348884582519531e-02 8.417797088623046875e-02
2.011619806289672852e-01 -3.009755611419677734e-01 4.672443866729736328e-01 -1.676213145256042480e-01 1.013481616973876953e-01 -2.425518035888671875e-01
1.258651018142700195e-01 -2.017484903335571289e-01 4.821355342864990234e-01 -1.213746666908264160e-01 7.470095157623291016e-02 -1.204396486282348633e-01
-2.752805352210998535e-01 1.114357709884643555e-01 7.218037843704223633e-01 -2.062073349952697754e-01 -1.573067903518676758e-01 1.561211347579956055e-01
-3.908169269561767578e-01 1.597725152969360352e-01 6.674187183380126953e-01 -2.072933912277221680e-01 -5.712193250656127930e-02 2.907605171203613281e-01
-1.717271804809570312e-01 1.911175251007080078e-02 6.749019622802734375e-01 -2.157489061355590820e-01 -1.230496168136596680e-02 1.459256410598754883e-01
-1.525504589080810547e-01 8.793592453002929688e-03 7.980436086654663086e-01 -2.537232041358947754e-01 -1.032114028930664062e-01 1.358388662338256836e-01
-1.522808074951171875e-01 2.045738697052001953e-02 7.423044443130493164e-01 -2.402002811431884766e-01 -1.270475983619689941e-01 2.068831920623779297e-01
-1.042747497558593750e-01 -1.209465265274047852e-01 6.335343122482299805e-01 -2.493143677711486816e-01 -8.778393268585205078e-03 5.108225345611572266e-02
-2.874829769134521484e-01 -1.793965697288513184e-01 4.641529321670532227e-01 -1.890646815299987793e-01 -2.720016241073608398e-01 -2.219382524490356445e-01
-4.639021158218383789e-01 -5.027141571044921875e-01 4.590070247650146484e-02 3.412714004516601562e-01 -1.153441667556762695e-01 -3.366590738296508789e-01
-3.136487603187561035e-01 -5.173074007034301758e-01 6.961464881896972656e-02 1.430102586746215820e-01 -2.166986465454101562e-01 -3.240964412689208984e-01
-3.175694346427917480e-01 -4.073582291603088379e-01 1.189467906951904297e-01 1.125351190567016602e-01 -4.382420778274536133e-01 -2.459517717361450195e-01
-3.172143697738647461e-01 -4.941968321800231934e-01 -2.740085124969482422e-03 2.708525657653808594e-01 -4.575060606002807617e-01 -3.760171532630920410e-01
-5.811939835548400879e-01 -3.859058618545532227e-01 2.225204706192016602e-01 4.178339242935180664e-01 -4.870194196701049805e-01 -2.310472726821899414e-01
-4.417632222175598145e-01 -4.633031487464904785e-01 7.107043266296386719e-02 4.980226755142211914e-01 -6.024763584136962891e-01 -1.881990432739257812e-01
-3.602617383003234863e-01 -5.616318583488464355e-01 9.926903247833251953e-02 2.667185068130493164e-01 -2.854214310646057129e-01 -3.141723275184631348e-01
-5.972775220870971680e-01 -6.643627882003784180e-01 -2.057319879531860352e-02 4.039225578308105469e-01 -2.055705785751342773e-01 -4.305953979492187500e-01
-6.253234744071960449e-01 -5.109253525733947754e-01 1.104235649108886719e-03 4.309196472167968750e-01 -3.877162933349609375e-01 -3.182435035705566406e-01
-6.543619632720947266e-01 -4.833332300186157227e-01 1.863325834274291992e-01 4.778819084167480469e-01 -4.218043088912963867e-01 -2.550778388977050781e-01
-5.185318589210510254e-01 -5.694220066070556641e-01 -3.063893318176269531e-02 5.332485437393188477e-01 -5.621591210365295410e-01 -3.526810407638549805e-01
-6.310697793960571289e-01 -7.092124223709106445e-01 -1.875221133232116699e-01 7.111126184463500977e-01 -5.429574251174926758e-01 -5.827769041061401367e-01
-4.887538552284240723e-01 -5.813392400741577148e-01 1.173731088638305664e-01 7.347931861877441406e-01 -3.982905149459838867e-01 -4.051507115364074707e-01
-3.925044536590576172e-01 -6.110638976097106934e-01 -3.431928157806396484e-02 7.510033845901489258e-01 -2.473360300064086914e-01 -5.051596164703369141e-01
-6.287134885787963867e-01 -2.417235970497131348e-01 2.980653047561645508e-01 3.059496879577636719e-01 -4.508563280105590820e-01 -1.284279227256774902e-01
-6.140916347503662109e-01 -1.729664802551269531e-01 2.939647436141967773e-01 2.230257987976074219e-01 -3.723508715629577637e-01 -4.087120294570922852e-02
-4.028813242912292480e-01 -3.254817128181457520e-01 3.352544307708740234e-01 -4.765814542770385742e-02 -2.853016257286071777e-01 -2.486207485198974609e-01
-3.670783638954162598e-01 -1.764787435531616211e-01 2.647883892059326172e-01 -8.240371942520141602e-02 -3.053907752037048340e-01 -3.532898426055908203e-02
-2.751320004463195801e-01 -2.433834671974182129e-01 3.674665689468383789e-01 -2.468515634536743164e-01 -1.890953183174133301e-01 -1.336004734039306641e-01
-3.985410332679748535e-01 -2.125328183174133301e-01 3.616422414779663086e-01 -6.638103723526000977e-02 -4.152382016181945801e-01 -1.512284278869628906e-01
-5.408374071121215820e-01 -2.156474590301513672e-01 2.520339488983154297e-01 -1.839235424995422363e-01 -3.176615834236145020e-01 -1.353470087051391602e-01
-4.363736510276794434e-01 -9.195005893707275391e-02 2.002892494201660156e-01 -6.622093915939331055e-02 -3.328348398208618164e-01 -1.440523862838745117e-01
-5.051894187927246094e-01 -2.137026190757751465e-01 1.922507286071777344e-01 -1.747856140136718750e-01 -2.882513999938964844e-01 -1.342300772666931152e-01
-3.443166613578796387e-01 3.480460643768310547e-01 3.236687183380126953e-02 5.080962181091308594e-02 -2.622804045677185059e-01 1.862732172012329102e-01
-4.881120920181274414e-01 3.856414556503295898e-01 -9.433460235595703125e-02 2.024471759796142578e-01 -1.887497901916503906e-01 -1.380450129508972168e-01
-3.425266742706298828e-01 1.689416170120239258e-01 -1.212956309318542480e-01 8.989608287811279297e-02 -2.165199518203735352e-01 -1.124699711799621582e-01
-3.179122805595397949e-01 4.184246063232421875e-05 -2.669675350189208984e-01 2.326138019561767578e-01 -1.649031043052673340e-01 -2.214318513870239258e-02
-2.873307466506958008e-02 2.942154407501220703e-01 -5.568536520004272461e-01 3.029060363769531250e-01 -2.960903048515319824e-01 2.459146976470947266e-01
8.589327335357666016e-02 3.001937866210937500e-01 -6.385405063629150391e-01 3.477293252944946289e-01 -2.586024403572082520e-01 2.440427541732788086e-01
1.105022430419921875e-01 3.001543283462524414e-01 -5.686984062194824219e-01 3.959871530532836914e-01 -3.410421013832092285e-01 2.695475816726684570e-01
1.745554208755493164e-01 2.941540479660034180e-01 -5.974742174148559570e-01 4.250205755233764648e-01 -3.817563056945800781e-01 2.887488603591918945e-01
1.453881263732910156e-01 3.041716814041137695e-01 -5.209260582923889160e-01 3.900839090347290039e-01 -4.842441082000732422e-01 3.622548580169677734e-01
-3.798955678939819336e-02 2.245465517044067383e-01 -3.036734461784362793e-01 4.395623207092285156e-01 -5.113486051559448242e-01 3.043241500854492188e-01
-2.007677555084228516e-01 1.961779594421386719e-02 -1.060455441474914551e-01 3.184739351272583008e-01 -4.925785660743713379e-01 2.059652805328369141e-01
-2.162056565284729004e-01 8.272492885589599609e-02 8.312821388244628906e-03 2.411581277847290039e-01 -3.910638689994812012e-01 1.463357210159301758e-01
-2.188308238983154297e-01 8.978796005249023438e-02 2.465544939041137695e-01 -4.365658760070800781e-02 -3.855628371238708496e-01 2.014590501785278320e-01
-3.732457160949707031e-01 4.594588279724121094e-02 1.504006385803222656e-01 -1.768155097961425781e-01 -3.564532399177551270e-01 5.280280113220214844e-02
-1.663176417350769043e-01 -3.219211101531982422e-02 1.254698038101196289e-01 -1.937185525894165039e-01 -2.322564125061035156e-01 5.764698982238769531e-02
-3.185268640518188477e-01 -4.414790868759155273e-02 1.184134483337402344e-01 -3.799182176589965820e-02 -2.979657053947448730e-01 7.242894172668457031e-02
-3.716436624526977539e-01 6.153357028961181641e-02 2.272312641143798828e-01 1.191442012786865234e-01 -3.310160040855407715e-01 2.051173448562622070e-01
-5.385812520980834961e-01 -1.365375518798828125e-02 1.507586240768432617e-01 -1.047390699386596680e-01 -3.348078131675720215e-01 1.490638256072998047e-01
-3.535140156745910645e-01 -1.169388890266418457e-01 1.000099182128906250e-01 -2.082943916320800781e-01 -1.883495450019836426e-01 -6.490945816040039062e-04
-3.819364905357360840e-01 -8.153295516967773438e-02 1.337006092071533203e-01 -1.641612052917480469e-01 -2.206115126609802246e-01 3.154444694519042969e-02
-3.343757987022399902e-01 -2.572027444839477539e-01 -4.256892204284667969e-02 2.417778968811035156e-02 -3.034833073616027832e-01 -1.010827422142028809e-01
-3.421667814254760742e-01 -3.019410371780395508e-01 3.331637382507324219e-02 5.666888952255249023e-01 -4.556161165237426758e-01 5.235433578491210938e-02
-3.868770599365234375e-01 -4.371104836463928223e-01 -1.639979481697082520e-01 5.699071884155273438e-01 -4.748318195343017578e-01 -2.619202136993408203e-01
-2.607955932617187500e-01 -6.188986897468566895e-01 -3.265285491943359375e-01 5.727064609527587891e-01 -4.666089415550231934e-01 -4.871920347213745117e-01
-3.840307593345642090e-01 -5.186239480972290039e-01 -7.567387819290161133e-02 8.575960397720336914e-01 -6.130769252777099609e-01 -3.195922374725341797e-01
-4.081982374191284180e-02 -7.608528137207031250e-01 -2.242147922515869141e-02 4.834260940551757812e-01 -4.645504951477050781e-01 -3.796598911285400391e-01
2.366707324981689453e-01 -8.030589222908020020e-01 -6.353580951690673828e-02 -1.379103660583496094e-01 -2.090462446212768555e-01 -3.863240480422973633e-01
1.761246919631958008e-01 -5.637660026550292969e-01 9.679925441741943359e-02 -2.311844825744628906e-01 -3.754597902297973633e-01 -1.190648078918457031e-01
3.226653337478637695e-01 -5.289499163627624512e-01 -7.212311029434204102e-02 -2.603310346603393555e-01 -3.962050080299377441e-01 -1.473445892333984375e-01
1.614634990692138672e-01 -5.434293746948242188e-01 4.933488368988037109e-02 -2.734314203262329102e-01 -4.337705373764038086e-01 -1.142334938049316406e-02
3.265885114669799805e-01 -6.224615573883056641e-01 -3.461205959320068359e-02 -1.772477030754089355e-01 -2.956907749176025391e-01 -1.085780858993530273e-01
3.507530689239501953e-01 -6.314222812652587891e-01 -8.732491731643676758e-02 -2.193964719772338867e-01 -2.515724897384643555e-01 -1.476209163665771484e-01
2.907656431198120117e-01 -6.084384918212890625e-01 -7.074880599975585938e-02 -2.647712230682373047e-01 -2.440744638442993164e-01 -1.456884145736694336e-01
2.588245868682861328e-01 -5.052410364151000977e-01 -5.909615755081176758e-02 -3.720790743827819824e-01 -2.751814723014831543e-01 -6.476765871047973633e-02
1.998829841613769531e-01 -7.148972153663635254e-01 -9.332644939422607422e-02 -2.843419313430786133e-01 -1.309782862663269043e-01 -2.301834225654602051e-01
3.095380067825317383e-01 -6.812149286270141602e-01 -1.661795973777770996e-01 -3.149768114089965820e-01 -1.178831458091735840e-01 -2.712258696556091309e-01
1.779794692993164062e-01 -7.546331882476806641e-01 -5.992710590362548828e-03 -3.166667222976684570e-01 -1.311832070350646973e-01 -2.200045585632324219e-01
7.631385326385498047e-02 -6.482851505279541016e-01 9.062409400939941406e-02 -3.329558968544006348e-01 -2.113563418388366699e-01 -6.558287143707275391e-02
2.691662311553955078e-02 -4.527397155761718750e-01 -1.090478301048278809e-01 -2.373835444450378418e-01 -1.965228915214538574e-01 -2.214969992637634277e-01
5.333065986633300781e-03 -5.173848867416381836e-01 -1.611784696578979492e-01 -2.973578572273254395e-01 -1.697961688041687012e-01 -2.672065496444702148e-01
-1.175708174705505371e-01 -4.119144082069396973e-01 3.613507747650146484e-02 -2.715854048728942871e-01 -2.424156665802001953e-01 -7.611912488937377930e-02
1.055598258972167969e-01 -5.893425941467285156e-01 -1.293787956237792969e-01 -3.977549672126770020e-01 6.280648708343505859e-02 -4.838283658027648926e-01
