8.825898170471191406e-02 -2.835708856582641602e-01 1.764909029006958008e-01 -5.852774977684020996e-01 2.411483526229858398e-01 -1.997005343437194824e-01
2.376629114151000977e-01 -3.242791891098022461e-01 -9.046345949172973633e-02 -5.916175246238708496e-01 2.956923246383666992e-01 -3.799095749855041504e-01
2.423856258392333984e-01 -4.404097199440002441e-01 -6.327122449874877930e-02 -5.569720268249511719e-01 2.642186880111694336e-01 -4.963701367378234863e-01
3.167421817779541016e-01 -4.652233123779296875e-01 -5.482393503189086914e-02 -5.172457098960876465e-01 4.346635341644287109e-01 -5.332713127136230469e-01
2.552492618560791016e-01 -4.924013018608093262e-01 1.616799831390380859e-02 -5.016577243804931641e-01 4.911381006240844727e-01 -5.014568567276000977e-01
3.031511306762695312e-01 -5.761358737945556641e-01 2.148461341857910156e-02 -5.481749773025512695e-01 5.625654458999633789e-01 -5.147430896759033203e-01
2.960468530654907227e-01 -5.675520896911621094e-01 5.467879772186279297e-02 -5.615374445915222168e-01 5.811188220977783203e-01 -5.007487535476684570e-01
1.963758468627929688e-01 -5.018577575683593750e-01 -6.407684087753295898e-02 -4.483897089958190918e-01 3.971891403198242188e-01 -4.800339341163635254e-01
2.124904394149780273e-01 -6.036584973335266113e-01 -4.575318098068237305e-02 -4.141479730606079102e-01 4.642006158828735352e-01 -5.497243404388427734e-01
3.176960945129394531e-01 -4.491561651229858398e-01 6.662130355834960938e-03 -4.427495002746582031e-01 3.954674005508422852e-01 -4.553226828575134277e-01
2.566974163055419922e-01 -4.951225519180297852e-01 -3.296196460723876953e-03 -4.635914564132690430e-01 3.876940011978149414e-01 -4.868071079254150391e-01
7.740986347198486328e-02 -4.285458326339721680e-01 6.846070289611816406e-03 -5.046059489250183105e-01 2.800767421722412109e-01 -4.695624709129333496e-01
2.061666250228881836e-01 -3.734455704689025879e-01 -9.433048963546752930e-02 -4.899444580078125000e-01 2.180254459381103516e-01 -4.624265432357788086e-01
2.024463415145874023e-01 -3.793774843215942383e-01 -1.468240022659301758e-01 -5.389636754989624023e-01 2.676762342453002930e-01 -5.586053133010864258e-01
1.433143615722656250e-01 -3.725261092185974121e-01 -3.329241275787353516e-02 -5.466573238372802734e-01 2.156069278717041016e-01 -5.249197483062744141e-01
4.034161567687988281e-02 -2.994703054428100586e-01 -2.928757667541503906e-02 -6.693954467773437500e-01 1.499241590499877930e-01 -4.881905913352966309e-01
1.137434244155883789e-01 -1.974602341651916504e-01 -1.609827876091003418e-01 -6.672774553298950195e-01 6.072688102722167969e-02 -4.089273810386657715e-01
1.104903221130371094e-01 -6.859660148620605469e-02 -3.487668633460998535e-01 -5.596119165420532227e-01 -7.961839437484741211e-02 -3.791021704673767090e-01
1.074243783950805664e-01 -6.648218631744384766e-02 -5.151481032371520996e-01 -5.132970213890075684e-01 -9.511476755142211914e-02 -3.909467458724975586e-01
1.609207391738891602e-01 1.293265819549560547e-02 -4.373053908348083496e-01 -5.820157527923583984e-01 6.399118900299072266e-02 -2.534026503562927246e-01
2.276650667190551758e-01 -1.726138591766357422e-02 -6.709371805191040039e-01 -4.067561626434326172e-01 2.201669216156005859e-01 -4.164394140243530273e-01
2.412291765213012695e-01 1.293808221817016602e-01 -7.309860587120056152e-01 -3.627880215644836426e-01 1.441053152084350586e-01 -2.798845171928405762e-01
3.934276103973388672e-01 8.344924449920654297e-02 -7.457582950592041016e-01 -1.543955802917480469e-01 1.290355920791625977e-01 -1.990527510643005371e-01
4.349858760833740234e-01 1.293354034423828125e-01 -7.555602192878723145e-01 3.142654895782470703e-02 1.058260202407836914e-01 -1.076714992523193359e-01
4.773131608963012695e-01 2.184121608734130859e-01 -8.197596073150634766e-01 1.191824674606323242e-01 -9.701150655746459961e-02 6.230640411376953125e-02
3.759109973907470703e-01 2.832678556442260742e-01 -6.733657121658325195e-01 1.551033258438110352e-01 -2.182480692863464355e-01 2.237476110458374023e-01
4.427577257156372070e-01 2.524706125259399414e-01 -6.395487785339355469e-01 2.425529956817626953e-01 -1.651170849800109863e-01 2.276149988174438477e-01
4.088206291198730469e-01 3.590012788772583008e-01 -6.193659305572509766e-01 1.919528245925903320e-01 -2.825636267662048340e-01 3.466368913650512695e-01
5.057051181793212891e-01 3.699116706848144531e-01 -6.205247640609741211e-01 2.815928459167480469e-01 -3.145961165428161621e-01 3.947589397430419922e-01
5.573608875274658203e-01 4.398951530456542969e-01 -6.794686317443847656e-01 3.731631040573120117e-01 -3.377332091331481934e-01 3.858290910720825195e-01
6.176446676254272461e-01 4.377471208572387695e-01 -6.803671121597290039e-01 4.367043972015380859e-01 -3.255679011344909668e-01 3.932321071624755859e-01
5.244123935699462891e-01 4.017983675003051758e-01 -5.756591558456420898e-01 4.540836811065673828e-01 -2.882379293441772461e-01 3.509342670440673828e-01
5.700727701187133789e-01 4.189193248748779297e-01 -5.727539062500000000e-01 5.049180984497070312e-01 -3.231012225151062012e-01 4.119110107421875000e-01
7.076123952865600586e-01 4.041674137115478516e-01 -6.848225593566894531e-01 5.296871662139892578e-01 -2.086207270622253418e-01 3.299392461776733398e-01
5.825313329696655273e-01 5.198687314987182617e-01 -6.601600646972656250e-01 5.366810560226440430e-01 -3.973248004913330078e-01 4.667484760284423828e-01
5.589392185211181641e-01 5.706142187118530273e-01 -6.474002003669738770e-01 4.654701948165893555e-01 -4.435995221138000488e-01 5.136752128601074219e-01
4.844529628753662109e-01 7.224525213241577148e-01 -5.852850675582885742e-01 5.066920518875122070e-01 -6.318230628967285156e-01 6.645119190216064453e-01
3.565893173217773438e-01 7.678488492965698242e-01 -5.929675698280334473e-01 5.332564115524291992e-01 -6.509493589401245117e-01 6.260012388229370117e-01
2.847763299942016602e-01 8.031098842620849609e-01 -5.866614580154418945e-01 4.948114156723022461e-01 -5.712773203849792480e-01 6.208339929580688477e-01
3.306657075881958008e-01 7.655715942382812500e-01 -4.127305150032043457e-01 4.959893226623535156e-01 -5.194595456123352051e-01 6.359624862670898438e-01
3.530957698822021484e-01 8.115369081497192383e-01 -3.407973647117614746e-01 2.615290880203247070e-01 -4.262016415596008301e-01 5.704302787780761719e-01
5.450445413589477539e-01 7.414450645446777344e-01 -4.096751213073730469e-01 1.035940647125244141e-01 -2.272045612335205078e-01 4.730089902877807617e-01
4.791793823242187500e-01 6.785668134689331055e-01 -1.705036759376525879e-01 6.888997554779052734e-02 -7.385164499282836914e-02 4.354317188262939453e-01
7.654660940170288086e-01 6.263349056243896484e-01 -3.718792796134948730e-01 5.072653293609619141e-02 6.351470947265625000e-02 3.026977777481079102e-01
6.439257860183715820e-01 6.590313911437988281e-01 -2.411748766899108887e-01 4.729747772216796875e-02 8.633565902709960938e-02 3.025009632110595703e-01
6.927723884582519531e-01 4.369494915008544922e-01 -2.270442247390747070e-01 -4.821169376373291016e-02 2.022323608398437500e-01 1.265760660171508789e-01
6.685190200805664062e-01 3.592051267623901367e-01 -1.924638748168945312e-01 -1.381905674934387207e-01 2.296856641769409180e-01 1.026887893676757812e-01
6.881028413772583008e-01 4.409589767456054688e-01 -2.616918683052062988e-01 -1.996684670448303223e-01 1.648092269897460938e-01 1.366403102874755859e-01
6.347038745880126953e-01 4.376134872436523438e-01 -1.743223071098327637e-01 -1.813600659370422363e-01 1.259415149688720703e-01 1.118367910385131836e-01
7.577292919158935547e-01 3.297541141510009766e-01 -3.854035735130310059e-01 -1.797577142715454102e-01 2.356787919998168945e-01 -1.154050230979919434e-01
5.927056074142456055e-01 1.160180568695068359e-02 -1.871989369392395020e-01 -2.179081439971923828e-01 4.562290906906127930e-01 -3.081861734390258789e-01
4.403674602508544922e-01 -5.084925889968872070e-02 -8.204072713851928711e-02 -3.091762661933898926e-01 4.802201986312866211e-01 -3.611079454421997070e-01
5.854356288909912109e-02 -2.903524041175842285e-01 3.758230209350585938e-01 -4.894304871559143066e-01 5.129663944244384766e-01 -3.817383646965026855e-01
-3.982205986976623535e-01 4.511749744415283203e-02 4.106121063232421875e-01 -4.923944473266601562e-01 2.092838287353515625e-01 -1.729960441589355469e-01
2.798390388488769531e-02 2.008786201477050781e-01 2.381894588470458984e-01 -3.164216876029968262e-01 1.046452522277832031e-01 -3.173041343688964844e-02
-7.576227188110351562e-02 1.038762331008911133e-01 2.763679027557373047e-01 -2.568665742874145508e-01 2.311823368072509766e-01 -7.244551181793212891e-02
2.253818511962890625e-02 8.067643642425537109e-02 2.711894512176513672e-01 -4.254469871520996094e-01 2.715466022491455078e-01 -8.913242816925048828e-02
-3.336133360862731934e-01 2.492974996566772461e-01 4.523143768310546875e-01 -2.834177017211914062e-01 7.137525081634521484e-02 1.589562892913818359e-01
-4.250135421752929688e-01 2.921546697616577148e-01 4.529045820236206055e-01 -4.575952291488647461e-01 -7.904279232025146484e-02 1.359053850173950195e-01
-4.182375073432922363e-01 -1.234782934188842773e-01 3.120368719100952148e-01 -3.508810997009277344e-01 1.424018144607543945e-01 -2.736778259277343750e-01
-5.327491760253906250e-01 -1.179358959197998047e-01 2.350033521652221680e-01 -1.088746786117553711e-01 1.671829223632812500e-01 -3.240372538566589355e-01
-5.053039789199829102e-01 8.227825164794921875e-03 3.416177034378051758e-01 -1.869201660156250000e-01 -2.445507049560546875e-02 -2.434957027435302734e-02
-4.244228601455688477e-01 -6.885242462158203125e-02 2.806996107101440430e-01 -2.394487857818603516e-01 1.577696800231933594e-01 -1.393209695816040039e-01
-3.575152158737182617e-02 -2.096025943756103516e-01 4.641709327697753906e-01 7.413542270660400391e-02 5.274829864501953125e-01 -4.978485703468322754e-01
3.177165985107421875e-03 -3.568595647811889648e-01 2.847168445587158203e-01 1.601272821426391602e-01 5.096609592437744141e-01 -7.991694808006286621e-01
5.777156352996826172e-02 -3.203939199447631836e-01 3.725134134292602539e-01 -1.795856952667236328e-01 5.660378932952880859e-01 -4.173616170883178711e-01
2.674001455307006836e-01 -2.631378173828125000e-01 1.608904600143432617e-01 -1.581751704216003418e-01 6.142488718032836914e-01 -3.766441345214843750e-01
3.577523231506347656e-01 -8.192735910415649414e-02 8.064723014831542969e-02 -6.372559070587158203e-02 3.869180679321289062e-01 -1.777512431144714355e-01
4.261072874069213867e-01 1.119073629379272461e-01 4.763388633728027344e-02 -2.153452634811401367e-01 2.867456674575805664e-01 -4.263383150100708008e-02
4.527171850204467773e-01 1.047414541244506836e-01 1.234558820724487305e-01 -2.426627874374389648e-01 3.894759416580200195e-01 -1.029288768768310547e-01
4.247462749481201172e-01 1.876618862152099609e-01 1.948460340499877930e-01 -2.853118777275085449e-01 3.020476102828979492e-01 3.419041633605957031e-02
3.992253541946411133e-01 2.170320749282836914e-01 1.327420473098754883e-01 -1.912023425102233887e-01 2.230952978134155273e-01 6.709992885589599609e-02
3.989651203155517578e-01 2.238513231277465820e-01 1.876440048217773438e-01 -2.610030174255371094e-01 2.377934455871582031e-01 1.620746850967407227e-01
3.627910614013671875e-01 -2.768516540527343750e-03 1.459288597106933594e-01 -1.601690649986267090e-01 3.754649162292480469e-01 -6.562691926956176758e-02
1.476849317550659180e-01 -1.543881893157958984e-01 1.885701417922973633e-01 -2.194424271583557129e-01 4.202611446380615234e-01 -2.472150921821594238e-01
4.995870590209960938e-02 -2.453454136848449707e-01 3.570169210433959961e-01 -3.076766729354858398e-01 4.448423385620117188e-01 -3.621318340301513672e-01
-2.879675030708312988e-01 -1.750797629356384277e-01 4.637360572814941406e-01 -3.273486495018005371e-01 2.813882827758789062e-01 -2.729655504226684570e-01
-1.524844765663146973e-01 -1.517481207847595215e-01 5.888564586639404297e-01 -4.856143593788146973e-01 4.436154365539550781e-01 -8.475482463836669922e-02
-3.310751914978027344e-02 1.009602546691894531e-01 4.977434873580932617e-01 -3.797659277915954590e-01 3.605090379714965820e-01 -9.866553544998168945e-02
1.049220561981201172e-02 3.159403800964355469e-02 5.001965761184692383e-01 -3.596774339675903320e-01 2.765849828720092773e-01 -1.097533702850341797e-01
-2.030915021896362305e-01 -3.862905502319335938e-02 3.454178571701049805e-01 -3.031011223793029785e-01 1.303889751434326172e-01 -1.514251828193664551e-01
-2.368755936622619629e-01 -1.183968186378479004e-01 3.797900676727294922e-01 -1.800764799118041992e-01 2.794799804687500000e-01 -1.495531797409057617e-01
-2.440881729125976562e-01 -1.883275508880615234e-01 3.621101379394531250e-01 -1.153905987739562988e-01 1.637903451919555664e-01 -1.242154240608215332e-01
-1.075052618980407715e-01 -1.680736541748046875e-01 4.377590417861938477e-01 -1.972957849502563477e-01 1.883233785629272461e-01 -7.619416713714599609e-02
-9.325385093688964844e-02 -2.350168824195861816e-01 2.541424036026000977e-01 9.385335445404052734e-02 3.102030754089355469e-01 -5.414741635322570801e-01
-3.999850153923034668e-01 -2.423252463340759277e-01 3.734779357910156250e-01 3.774851560592651367e-01 1.859632730484008789e-01 -5.382167100906372070e-01
-3.155090212821960449e-01 -2.873578071594238281e-01 4.664697647094726562e-01 1.845688819885253906e-01 1.587975025177001953e-02 -4.710749983787536621e-01
-1.812263131141662598e-01 -2.831813693046569824e-01 4.360505342483520508e-01 -8.506572246551513672e-02 -1.622366905212402344e-01 -3.796111345291137695e-01
5.172252655029296875e-03 -3.782898187637329102e-02 6.133238077163696289e-01 -4.885033965110778809e-01 -1.386135816574096680e-01 -1.089417934417724609e-01
3.861849308013916016e-01 2.450909614562988281e-01 4.928742647171020508e-01 -3.021448850631713867e-01 -2.714571356773376465e-01 1.699367761611938477e-01
3.263181447982788086e-01 1.024072170257568359e-01 4.737318754196166992e-01 -6.120972633361816406e-01 -3.810085654258728027e-01 6.487953662872314453e-02
3.540925979614257812e-01 3.005101680755615234e-01 4.276626110076904297e-01 -5.247675180435180664e-01 -1.221554279327392578e-01 1.753042936325073242e-01
4.370011091232299805e-01 3.982622623443603516e-01 4.574133157730102539e-01 -3.343176245689392090e-01 -2.232914566993713379e-01 3.866884708404541016e-01
5.410264730453491211e-01 3.125458955764770508e-01 3.715589046478271484e-01 -2.090338468551635742e-01 -7.441568374633789062e-02 1.895977258682250977e-01
5.092949867248535156e-01 2.109059095382690430e-01 3.814952373504638672e-01 -8.290040493011474609e-02 -1.047794222831726074e-01 1.954132318496704102e-01
3.492535352706909180e-01 1.450939178466796875e-01 4.567414522171020508e-01 -1.298238039016723633e-01 -1.611148118972778320e-01 2.318040132522583008e-01
2.234787940979003906e-01 -2.115327119827270508e-01 4.590049982070922852e-01 -1.810329556465148926e-01 1.526424884796142578e-01 -1.440840959548950195e-01
6.514847278594970703e-02 -3.390314579010009766e-01 3.636434078216552734e-01 -1.030284762382507324e-01 2.005512714385986328e-01 -2.651820182800292969e-01
-1.941993832588195801e-01 -1.354764699935913086e-01 7.313833236694335938e-01 -3.816850781440734863e-01 9.543693065643310547e-02 1.091206073760986328e-02
-1.300778985023498535e-01 -4.951208829879760742e-02 6.526149511337280273e-01 -2.562877535820007324e-01 -1.036079525947570801e-01 6.773686408996582031e-02
-1.825199723243713379e-01 -5.808931589126586914e-02 4.971036911010742188e-01 -3.229760527610778809e-01 -1.819013357162475586e-01 4.301965236663818359e-02
-3.965448737144470215e-01 7.561278343200683594e-02 5.490685701370239258e-01 -7.114857435226440430e-02 -2.655685544013977051e-01 2.605664730072021484e-01
-5.421801805496215820e-01 -5.851268768310546875e-03 4.659613370895385742e-01 -3.736163973808288574e-01 -2.448518276214599609e-01 4.863238334655761719e-02
-3.269295096397399902e-01 -8.830302953720092773e-02 5.711520910263061523e-01 -1.970152854919433594e-01 -8.988821506500244141e-02 3.956925868988037109e-02
-2.404939532279968262e-01 4.607701301574707031e-02 5.227925777435302734e-01 -7.389909029006958008e-02 -3.509728312492370605e-01 2.931904792785644531e-01
-2.541809082031250000e-01 -3.292083740234375000e-01 2.416740655899047852e-01 1.974147558212280273e-01 -2.689327001571655273e-01 -1.255136132240295410e-01
-3.596019744873046875e-01 -5.620951652526855469e-01 1.112341880798339844e-01 3.044641017913818359e-01 -2.432124018669128418e-01 -4.205951690673828125e-01
-4.496390819549560547e-01 -4.545539617538452148e-01 1.638264656066894531e-01 4.172534942626953125e-01 -3.548858165740966797e-01 -2.625724673271179199e-01
-3.992453217506408691e-01 -4.495357871055603027e-01 2.626287937164306641e-01 4.019744396209716797e-01 -5.735272169113159180e-01 -1.757849454879760742e-01
-3.565294146537780762e-01 -5.209322571754455566e-01 4.173141717910766602e-01 2.683349847793579102e-01 -4.039855003356933594e-01 -2.727005481719970703e-01
-4.796876907348632812e-01 -6.279944181442260742e-01 2.224268913269042969e-01 5.974421501159667969e-01 -2.145709991455078125e-01 -3.726370930671691895e-01
-4.720684885978698730e-01 -5.808825492858886719e-01 1.472902297973632812e-01 3.813059329986572266e-01 -3.931866288185119629e-01 -4.210159778594970703e-01
-3.379026651382446289e-01 -5.139191746711730957e-01 2.014667987823486328e-01 5.659848451614379883e-01 -4.654706120491027832e-01 -2.207198739051818848e-01
-7.472198605537414551e-01 -4.841797351837158203e-01 2.178894281387329102e-01 7.096658945083618164e-01 -5.978004932403564453e-01 -1.763706207275390625e-01
-4.194692373275756836e-01 -5.016455650329589844e-01 1.066679954528808594e-01 7.542769908905029297e-01 -7.216601371765136719e-01 -2.244327664375305176e-01
-7.528031468391418457e-01 -4.635365605354309082e-01 -1.223862171173095703e-03 7.570362091064453125e-01 -6.329491138458251953e-01 -2.405532002449035645e-01
-5.299012660980224609e-01 -5.191900730133056641e-01 2.997287511825561523e-01 7.120671272277832031e-01 -4.495610594749450684e-01 -1.022678613662719727e-01
-5.615036487579345703e-01 -5.872556567192077637e-01 1.125618219375610352e-01 7.372623682022094727e-01 -3.552057147026062012e-01 -2.830920219421386719e-01
-3.241668939590454102e-01 -7.947614192962646484e-01 1.777224540710449219e-01 5.429514646530151367e-01 -2.438414096832275391e-02 -4.880164265632629395e-01
-4.120843410491943359e-01 -4.207704663276672363e-01 2.758380174636840820e-01 5.257977247238159180e-01 -3.012872934341430664e-01 -8.932501077651977539e-02
-7.258738279342651367e-01 -3.071763515472412109e-01 1.923440694808959961e-01 3.960373401641845703e-01 -4.325699210166931152e-01 -2.151141166687011719e-01
-7.100062370300292969e-01 -1.996898651123046875e-01 3.629798889160156250e-01 3.290263414382934570e-01 -5.403475761413574219e-01 4.518508911132812500e-02
-5.504610538482666016e-01 -1.855473518371582031e-01 4.017255306243896484e-01 4.888178110122680664e-01 -5.787479877471923828e-01 9.891760349273681641e-02
-6.223137378692626953e-01 -2.663453817367553711e-01 2.484698295593261719e-01 2.442946434020996094e-01 -3.343525528907775879e-01 -1.969203352928161621e-01
-8.434412479400634766e-01 -1.498878002166748047e-03 4.292691946029663086e-01 4.145432710647583008e-01 -6.753344535827636719e-01 2.796018123626708984e-01
-6.369626522064208984e-01 -1.722121834754943848e-01 2.744699716567993164e-01 2.867414951324462891e-01 -5.254250764846801758e-01 5.303621292114257812e-04
-3.737158775329589844e-01 -2.719203233718872070e-01 3.037333488464355469e-01 3.641344308853149414e-01 -3.423633575439453125e-01 -1.072909235954284668e-01
-6.790510416030883789e-01 -1.313841342926025391e-01 4.007709026336669922e-01 6.492853164672851562e-02 -4.175490736961364746e-01 6.456744670867919922e-02
-5.541944503784179688e-01 2.695277929306030273e-01 1.765969991683959961e-01 -6.750106811523437500e-02 -1.600594520568847656e-01 1.511085033416748047e-02
-3.630417585372924805e-01 1.845444440841674805e-01 -2.745348811149597168e-01 2.133642435073852539e-01 -4.773175716400146484e-02 -3.999272584915161133e-01
-4.903897047042846680e-01 1.326007843017578125e-01 -1.910369992256164551e-01 1.301587820053100586e-01 -1.591218113899230957e-01 -2.588998079299926758e-01
-2.385597229003906250e-01 -1.800298690795898438e-03 5.805933475494384766e-02 -1.131799221038818359e-01 -7.863330841064453125e-02 -2.054218053817749023e-01
3.785598278045654297e-02 -5.102765560150146484e-02 -2.694387435913085938e-01 2.466368675231933594e-01 -1.086151599884033203e-01 -9.835088253021240234e-02
7.170319557189941406e-02 1.758953332901000977e-01 -4.460427761077880859e-01 3.173073530197143555e-01 -2.769184708595275879e-01 1.618231534957885742e-01
1.231267452239990234e-01 2.146726846694946289e-01 -5.234652757644653320e-01 4.316415786743164062e-01 -4.252435564994812012e-01 2.176506519317626953e-01
4.185032844543457031e-02 3.141505718231201172e-01 -5.434072017669677734e-01 3.461760282516479492e-01 -4.951066970825195312e-01 2.606179714202880859e-01
2.596545219421386719e-02 2.859764099121093750e-01 -4.758802652359008789e-01 3.659837245941162109e-01 -5.447775125503540039e-01 3.167910575866699219e-01
6.209993362426757812e-02 2.173777818679809570e-01 -3.990378379821777344e-01 4.067814350128173828e-01 -4.730915427207946777e-01 2.829335927963256836e-01
-1.140536665916442871e-01 2.903349399566650391e-01 -3.088833689689636230e-01 3.554222583770751953e-01 -6.305645704269409180e-01 4.074214696884155273e-01
-1.469653844833374023e-02 1.585448980331420898e-01 -3.115960359573364258e-01 4.016517400741577148e-01 -5.265793800354003906e-01 2.381509542465209961e-01
-1.454657316207885742e-01 1.669948101043701172e-01 -1.442826390266418457e-01 1.544399261474609375e-01 -5.575714111328125000e-01 2.653439044952392578e-01
-1.991013288497924805e-01 8.276224136352539062e-02 -4.508376121520996094e-02 1.242460012435913086e-01 -5.356513261795043945e-01 2.103490829467773438e-01
-3.270106315612792969e-01 1.262621879577636719e-01 4.386675357818603516e-02 7.601249217987060547e-02 -5.371406674385070801e-01 2.521246671676635742e-01
-4.323616027832031250e-01 2.879536151885986328e-02 1.503604650497436523e-01 8.672523498535156250e-02 -4.368966817855834961e-01 1.523494720458984375e-01
-6.785266995429992676e-01 1.428934335708618164e-01 1.012827157974243164e-01 -5.929136276245117188e-02 -3.871443271636962891e-01 1.027739048004150391e-01
-7.392206192016601562e-01 1.738563776016235352e-01 3.531577587127685547e-01 1.207637786865234375e-01 -3.092032670974731445e-01 2.131810188293457031e-01
-6.687036752700805664e-01 1.237668991088867188e-01 4.935051202774047852e-01 8.670032024383544922e-02 -3.590567708015441895e-01 3.538768291473388672e-01
-4.995257854461669922e-01 9.904658794403076172e-02 3.880321979522705078e-01 6.289410591125488281e-02 -4.635999798774719238e-01 2.960702180862426758e-01
-4.510663747787475586e-01 -3.310847282409667969e-02 3.031880855560302734e-01 3.527438640594482422e-02 -3.808300495147705078e-01 2.315794229507446289e-01
-4.627448320388793945e-01 -1.202989816665649414e-01 2.910166978836059570e-01 -5.808061361312866211e-02 -3.804096579551696777e-01 6.616306304931640625e-02
-5.119337439537048340e-01 -8.508288860321044922e-02 2.250359058380126953e-01 -1.575912237167358398e-01 -4.251611232757568359e-01 2.896428108215332031e-02
-2.616795897483825684e-01 -5.754760503768920898e-01 -1.244580745697021484e-02 3.304868936538696289e-01 -2.370612621307373047e-01 -4.922544956207275391e-01
-5.557537078857421875e-01 -6.184746026992797852e-01 3.769409656524658203e-02 4.509056806564331055e-01 -1.792989373207092285e-01 -4.706255793571472168e-01
-2.710604071617126465e-01 -5.512115359306335449e-01 3.938949108123779297e-02 5.344238281250000000e-01 -5.074200630187988281e-01 -3.622857928276062012e-01
-1.890414953231811523e-01 -6.591773033142089844e-01 8.139109611511230469e-02 5.988583564758300781e-01 -5.140364170074462891e-01 -3.488583564758300781e-01
-4.467540979385375977e-01 -5.876551866531372070e-01 6.914341449737548828e-02 6.820505857467651367e-01 -5.349339246749877930e-01 -3.725759387016296387e-01
-4.762439131736755371e-01 -6.509758234024047852e-01 1.400088071823120117e-01 6.518822908401489258e-01 -3.198860883712768555e-01 -3.698315024375915527e-01
-1.927161216735839844e-01 -6.698094010353088379e-01 8.395802974700927734e-02 1.317315101623535156e-01 -4.088803529739379883e-01 -3.759375810623168945e-01
-1.020604372024536133e-01 -7.026789188385009766e-01 -6.255370378494262695e-02 -1.872557401657104492e-02 -4.522849321365356445e-01 -1.999619007110595703e-01
5.467045307159423828e-02 -6.984982490539550781e-01 -5.891698598861694336e-02 -6.730616092681884766e-02 -3.277484178543090820e-01 -1.900407075881958008e-01
8.225560188293457031e-02 -5.695798397064208984e-01 1.479208469390869141e-02 -2.281319499015808105e-01 -4.575332403182983398e-01 -2.201890945434570312e-02
1.337671279907226562e-01 -6.110574007034301758e-01 6.765079498291015625e-02 -1.828392744064331055e-01 -4.030781984329223633e-01 -2.833223342895507812e-02
1.780259609222412109e-01 -4.977971911430358887e-01 9.763264656066894531e-02 -2.492190599441528320e-01 -3.825824856758117676e-01 1.609814167022705078e-02
8.045661449432373047e-02 -5.506483316421508789e-01 1.003378629684448242e-01 -1.965156793594360352e-01 -4.550395607948303223e-01 -2.730607986450195312e-03
1.064517498016357422e-01 -5.118467211723327637e-01 3.749561309814453125e-02 -2.160608172416687012e-01 -5.160495042800903320e-01 4.055380821228027344e-03
2.270807027816772461e-01 -5.410807132720947266e-01 2.286624908447265625e-02 -2.645813226699829102e-01 -3.714064955711364746e-01 -3.706520795822143555e-02
4.750490188598632812e-02 -5.186177492141723633e-01 5.469417572021484375e-02 -4.462257623672485352e-01 -3.767004609107971191e-01 4.575753211975097656e-02
1.097157001495361328e-01 -5.583260059356689453e-01 5.733060836791992188e-02 -4.066768884658813477e-01 -2.211356759071350098e-01 -7.895469665527343750e-02
1.335396766662597656e-01 -5.055466294288635254e-01 -5.620479583740234375e-03 -5.171757936477661133e-01 -2.814885377883911133e-01 -1.072246432304382324e-01
-9.981572628021240234e-03 -5.234718918800354004e-01 7.278704643249511719e-02 -3.649637103080749512e-01 -2.151038050651550293e-01 -1.967517733573913574e-01
9.249770641326904297e-02 -7.257980108261108398e-01 3.180562257766723633e-01 -3.162706494331359863e-01 -1.773274540901184082e-01 -2.110816836357116699e-01
-1.097351312637329102e-02 -5.773056745529174805e-01 1.341735124588012695e-01 -3.020404577255249023e-01 -8.391088247299194336e-02 -1.547130346298217773e-01
-3.167852163314819336e-01 -4.408929347991943359e-01 1.423933506011962891e-01 -1.807039976119995117e-01 -6.637436151504516602e-02 -1.672814488410949707e-01
