2.238684892654418945e-01 -2.346482872962951660e-01 -2.037442922592163086e-01 -5.980008840560913086e-01 1.818792819976806641e-01 -3.621881604194641113e-01
3.051674365997314453e-01 -2.424190044403076172e-01 -5.190623998641967773e-01 -6.410471200942993164e-01 2.363789081573486328e-01 -5.163974761962890625e-01
3.025836944580078125e-01 -3.756313323974609375e-01 -5.712964534759521484e-01 -5.010185241699218750e-01 2.718778848648071289e-01 -7.146143317222595215e-01
3.470467329025268555e-01 -2.973067760467529297e-01 -4.757956266403198242e-01 -6.415630578994750977e-01 2.055218219757080078e-01 -6.568953990936279297e-01
3.574776649475097656e-01 -2.647997736930847168e-01 -4.484621286392211914e-01 -5.785652399063110352e-01 2.422207593917846680e-01 -5.454771518707275391e-01
4.247943162918090820e-01 -2.657662630081176758e-01 -3.496398925781250000e-01 -3.866010308265686035e-01 2.389802932739257812e-01 -4.547618627548217773e-01
3.301748037338256836e-01 -3.050617575645446777e-01 -3.290808796882629395e-01 -3.741697072982788086e-01 2.148261070251464844e-01 -4.967474341392517090e-01
2.269788980484008789e-01 -4.085122346878051758e-01 -2.480987906455993652e-01 -4.442115426063537598e-01 1.892746686935424805e-01 -5.690792202949523926e-01
2.036138772964477539e-01 -5.069947242736816406e-01 -3.818085789680480957e-01 -4.276071786880493164e-01 1.211553812026977539e-01 -7.274586558341979980e-01
2.610275745391845703e-01 -5.116738677024841309e-01 -3.582038879394531250e-01 -5.458249449729919434e-01 1.789066791534423828e-01 -7.580569982528686523e-01
2.317594289779663086e-01 -5.186009407043457031e-01 -3.571977019309997559e-01 -4.482194185256958008e-01 1.076178550720214844e-01 -7.862018942832946777e-01
2.306820154190063477e-01 -4.294113516807556152e-01 -2.915061116218566895e-01 -5.218788385391235352e-01 4.559540748596191406e-02 -6.238201260566711426e-01
2.951709032058715820e-01 -4.214221835136413574e-01 -3.859303593635559082e-01 -5.697843432426452637e-01 1.648555994033813477e-01 -6.975851058959960938e-01
2.507251501083374023e-01 -3.611863851547241211e-01 -3.894963860511779785e-01 -5.432230234146118164e-01 5.925858020782470703e-02 -6.020270586013793945e-01
1.923173666000366211e-01 -2.977657318115234375e-01 -3.951851129531860352e-01 -4.755066037178039551e-01 -1.581312417984008789e-01 -5.289857387542724609e-01
2.401106357574462891e-01 -2.343761324882507324e-01 -5.228689312934875488e-01 -5.061018466949462891e-01 -9.469991922378540039e-02 -5.734527707099914551e-01
2.773299217224121094e-01 -2.585797905921936035e-01 -6.232056617736816406e-01 -5.711224079132080078e-01 3.339123725891113281e-02 -6.314612627029418945e-01
2.759759426116943359e-01 -9.728127717971801758e-02 -6.937519311904907227e-01 -5.080486536026000977e-01 -1.212914586067199707e-01 -4.329363107681274414e-01
2.481329441070556641e-01 3.472578525543212891e-02 -6.337555050849914551e-01 -5.013475418090820312e-01 -1.175076961517333984e-01 -3.260737657546997070e-01
2.876309156417846680e-01 6.950831413269042969e-02 -8.223190903663635254e-01 -4.287117719650268555e-01 -7.292360067367553711e-02 -3.005128502845764160e-01
1.402653455734252930e-01 1.260811090469360352e-01 -6.525743007659912109e-01 -3.651601076126098633e-01 -1.402814388275146484e-01 -1.663734316825866699e-01
2.726666927337646484e-01 2.242834568023681641e-01 -7.600104212760925293e-01 -2.694820761680603027e-01 -1.795558929443359375e-01 -6.429690122604370117e-02
2.897644042968750000e-01 2.207807302474975586e-01 -6.570737361907958984e-01 -5.371123552322387695e-02 -1.240579485893249512e-01 6.389617919921875000e-03
3.065066337585449219e-01 3.679143190383911133e-01 -7.324408292770385742e-01 7.300126552581787109e-02 -1.907892823219299316e-01 1.842300891876220703e-01
4.146032333374023438e-01 4.320975542068481445e-01 -8.089962601661682129e-01 2.723299264907836914e-01 -3.410010337829589844e-01 3.409669399261474609e-01
4.734061956405639648e-01 5.093580484390258789e-01 -8.876587152481079102e-01 2.719094753265380859e-01 -3.372558951377868652e-01 4.104322195053100586e-01
4.464904069900512695e-01 4.379718303680419922e-01 -7.965347766876220703e-01 3.811776638031005859e-01 -2.874760627746582031e-01 3.824495077133178711e-01
4.250744581222534180e-01 4.555151462554931641e-01 -8.264569044113159180e-01 4.779690504074096680e-01 -2.780276536941528320e-01 3.218131065368652344e-01
4.153873920440673828e-01 5.536235570907592773e-01 -7.062323093414306641e-01 4.782530069351196289e-01 -4.006256461143493652e-01 4.541522264480590820e-01
4.559836387634277344e-01 5.343468189239501953e-01 -7.582108378410339355e-01 4.835473299026489258e-01 -3.577664494514465332e-01 4.045087099075317383e-01
5.430591106414794922e-01 4.746698141098022461e-01 -7.523993253707885742e-01 5.824339389801025391e-01 -3.124662637710571289e-01 4.251385927200317383e-01
5.931240320205688477e-01 4.409217834472656250e-01 -7.965177297592163086e-01 5.528808832168579102e-01 -2.892484664916992188e-01 4.085378646850585938e-01
6.462206840515136719e-01 4.239048957824707031e-01 -8.585334420204162598e-01 5.509654283523559570e-01 -2.436916828155517578e-01 3.527463674545288086e-01
7.699933052062988281e-01 5.521692037582397461e-01 -8.321394324302673340e-01 5.106290578842163086e-01 -3.008828163146972656e-01 5.411783456802368164e-01
7.799444198608398438e-01 4.701435565948486328e-01 -8.136529326438903809e-01 7.043716907501220703e-01 -2.740460038185119629e-01 5.515785217285156250e-01
6.297379732131958008e-01 6.587058305740356445e-01 -1.000000000000000000e+00 8.296490907669067383e-01 -5.058367252349853516e-01 6.678357124328613281e-01
4.718065261840820312e-01 8.617999553680419922e-01 -8.278093934059143066e-01 8.294949531555175781e-01 -6.190304160118103027e-01 8.804585933685302734e-01
3.402150869369506836e-01 8.372861146926879883e-01 -7.075181007385253906e-01 7.700440883636474609e-01 -6.040457487106323242e-01 9.170770645141601562e-01
2.852976322174072266e-01 8.303115367889404297e-01 -5.983352661132812500e-01 7.591019868850708008e-01 -6.510896682739257812e-01 8.525830507278442383e-01
-6.381255388259887695e-02 7.648769617080688477e-01 -3.960189819335937500e-01 6.992866992950439453e-01 -6.118576526641845703e-01 8.023983240127563477e-01
-1.104205250740051270e-01 8.074243068695068359e-01 -2.720534205436706543e-01 4.420264959335327148e-01 -6.750906705856323242e-01 7.644017934799194336e-01
1.723902225494384766e-01 8.123841285705566406e-01 -4.370138049125671387e-01 6.247515678405761719e-01 -4.570966362953186035e-01 5.606838464736938477e-01
-2.277684211730957031e-02 8.124815225601196289e-01 -3.868509531021118164e-01 4.842535257339477539e-01 -5.096931457519531250e-01 6.414780616760253906e-01
-3.298053145408630371e-01 6.680045127868652344e-01 -6.028234958648681641e-03 1.021370887756347656e-01 -5.397278070449829102e-01 7.027086019515991211e-01
2.525706291198730469e-01 4.572933912277221680e-01 8.397042751312255859e-02 2.278411388397216797e-02 -1.376561522483825684e-01 3.797557353973388672e-01
3.494260311126708984e-01 5.602576732635498047e-01 -2.338083386421203613e-01 1.726809740066528320e-01 -1.237451434135437012e-01 1.866345405578613281e-01
3.553391695022583008e-01 5.387685298919677734e-01 -1.906808018684387207e-01 2.242721319198608398e-01 -3.956860303878784180e-02 1.093828678131103516e-01
3.161500692367553711e-01 3.598483800888061523e-01 -2.378304600715637207e-01 2.275546789169311523e-01 1.374899148941040039e-01 -4.881465435028076172e-02
3.800415992736816406e-01 3.641334772109985352e-01 -2.342251539230346680e-01 1.504600048065185547e-01 1.282290220260620117e-01 -5.291420221328735352e-02
6.288719177246093750e-01 2.718037366867065430e-01 -5.229231119155883789e-01 1.912577152252197266e-01 2.198534011840820312e-01 -2.126693725585937500e-01
5.804213285446166992e-01 4.107712507247924805e-01 -4.073232412338256836e-01 5.690133571624755859e-02 7.908225059509277344e-03 -2.043390274047851562e-02
5.429456233978271484e-01 3.540290594100952148e-01 -3.586270809173583984e-01 1.181840896606445312e-03 -4.443186521530151367e-02 3.863477706909179688e-02
6.747775077819824219e-01 3.451244831085205078e-01 -3.845597505569458008e-01 2.020084857940673828e-02 5.093228816986083984e-02 4.866242408752441406e-03
7.374737262725830078e-01 3.165906667709350586e-01 -3.364159464836120605e-01 9.394741058349609375e-02 6.238734722137451172e-02 5.435156822204589844e-02
6.874135732650756836e-01 2.652390003204345703e-01 -2.687844038009643555e-01 4.056358337402343750e-02 8.721411228179931641e-02 5.242657661437988281e-02
6.075935363769531250e-01 4.390954971313476562e-03 -1.737382411956787109e-01 1.064859628677368164e-01 2.318140268325805664e-01 -7.468879222869873047e-02
3.238546848297119141e-01 -2.199165225028991699e-01 -8.356827497482299805e-02 -4.090541601181030273e-02 3.854587078094482422e-01 -4.185618162155151367e-01
3.502023220062255859e-02 1.765298843383789062e-01 1.060421466827392578e-01 -1.643852591514587402e-01 7.442939281463623047e-02 -1.846581697463989258e-02
6.793856620788574219e-02 1.757483482360839844e-01 1.488748788833618164e-01 -1.337942481040954590e-01 9.390664100646972656e-02 -1.369576454162597656e-01
3.833341598510742188e-02 2.763273715972900391e-01 2.493116855621337891e-01 -2.016597986221313477e-02 -5.976855754852294922e-03 9.331178665161132812e-02
1.673200130462646484e-01 2.055239677429199219e-01 1.782674789428710938e-01 -1.944142580032348633e-01 2.006094455718994141e-01 -3.340411186218261719e-02
-2.312086224555969238e-01 9.223425388336181641e-02 2.904382944107055664e-01 -1.479386091232299805e-01 7.559335231781005859e-02 -1.098014116287231445e-01
-3.035722970962524414e-01 6.738209724426269531e-02 4.920183420181274414e-01 4.208099842071533203e-02 1.317416429519653320e-01 6.216180324554443359e-02
-1.660130620002746582e-01 1.573480367660522461e-01 4.531121253967285156e-01 -3.023988008499145508e-02 -4.375076293945312500e-02 1.076649427413940430e-01
-3.529642820358276367e-01 -1.025899052619934082e-01 3.357949256896972656e-01 -1.181814670562744141e-01 -5.709767341613769531e-03 -2.509878873825073242e-01
-2.768406867980957031e-01 4.179859161376953125e-02 5.892230272293090820e-01 -8.450889587402343750e-02 1.463413238525390625e-03 1.038968563079833984e-02
-3.640384078025817871e-01 2.083462476730346680e-01 6.295404434204101562e-01 -1.433143019676208496e-01 -1.271923780441284180e-01 2.496383190155029297e-01
-6.938159465789794922e-03 -3.746299743652343750e-01 5.576421022415161133e-01 -2.897077798843383789e-01 3.953230381011962891e-01 -7.133034467697143555e-01
8.375048637390136719e-02 -4.858452081680297852e-01 3.626884222030639648e-01 -1.260344982147216797e-01 5.707924365997314453e-01 -7.214690446853637695e-01
2.933315038681030273e-01 -7.865703105926513672e-02 1.287174224853515625e-01 1.416145563125610352e-01 2.506780624389648438e-01 -7.537442445755004883e-02
4.568287134170532227e-01 -3.623658418655395508e-02 2.008676528930664062e-04 1.791690587997436523e-01 4.029195308685302734e-01 -1.914115548133850098e-01
4.761952161788940430e-01 1.518348455429077148e-01 -1.712113618850708008e-02 1.956580877304077148e-01 2.180707454681396484e-01 5.815029144287109375e-04
6.122981309890747070e-01 3.373231887817382812e-01 1.798868179321289062e-04 5.190622806549072266e-02 2.026283740997314453e-01 8.469080924987792969e-02
5.020526647567749023e-01 3.546528816223144531e-01 -9.168887138366699219e-02 1.378120183944702148e-01 9.627521038055419922e-02 5.843806266784667969e-02
5.296869277954101562e-01 3.594772815704345703e-01 -7.423239946365356445e-02 1.286399364471435547e-01 9.205806255340576172e-02 7.946920394897460938e-02
5.228642225265502930e-01 3.173614740371704102e-01 -2.410560846328735352e-02 1.580333709716796875e-01 1.332150697708129883e-01 6.542730331420898438e-02
5.671864748001098633e-01 3.462953567504882812e-01 -2.359002828598022461e-02 1.282607316970825195e-01 1.157232522964477539e-01 1.178888082504272461e-01
4.734083414077758789e-01 2.239747047424316406e-01 -4.403144121170043945e-02 4.446184635162353516e-02 1.874238252639770508e-01 9.503841400146484375e-03
4.567024707794189453e-01 1.207463741302490234e-01 1.634979248046875000e-02 -1.151056885719299316e-01 2.021340131759643555e-01 -5.580377578735351562e-02
3.884603977203369141e-01 -3.543335199356079102e-02 8.658289909362792969e-03 -8.904159069061279297e-02 1.685891151428222656e-01 -2.108427286148071289e-01
2.777541875839233398e-01 -2.161980271339416504e-01 5.110265016555786133e-01 -1.553052067756652832e-01 3.156173229217529297e-01 -1.574115753173828125e-01
-3.291093111038208008e-01 3.441822528839111328e-02 4.748231172561645508e-01 -1.789019107818603516e-01 -1.793044805526733398e-02 -7.725167274475097656e-02
-3.297704458236694336e-01 1.085156202316284180e-01 6.065468788146972656e-01 -6.509631872177124023e-02 5.247700214385986328e-02 8.781719207763671875e-02
-5.789531469345092773e-01 4.380714893341064453e-02 4.429104328155517578e-01 -7.376056909561157227e-02 2.734887599945068359e-02 -7.034170627593994141e-02
-3.994064927101135254e-01 1.040406227111816406e-01 5.380467176437377930e-01 8.682858943939208984e-02 6.490647792816162109e-02 1.681007146835327148e-01
-1.837019920349121094e-01 2.091146707534790039e-01 8.259680271148681641e-01 -8.920937776565551758e-02 -7.177537679672241211e-02 3.972805738449096680e-01
-3.837907910346984863e-01 1.719892024993896484e-02 6.811587810516357422e-01 -6.974053382873535156e-02 3.122079372406005859e-02 7.710981369018554688e-02
-4.142798781394958496e-01 2.198663949966430664e-01 7.800220251083374023e-01 7.844221591949462891e-02 -1.198295950889587402e-01 3.125846385955810547e-01
-4.537199735641479492e-01 7.193613052368164062e-02 5.897326469421386719e-01 1.146193742752075195e-01 -2.809441089630126953e-01 8.964669704437255859e-02
-8.127546310424804688e-02 -1.505635380744934082e-01 7.134982347488403320e-01 2.735412120819091797e-02 6.236779689788818359e-02 -9.825962781906127930e-02
-5.252420902252197266e-03 -3.482004404067993164e-01 4.428899288177490234e-01 1.785809993743896484e-01 2.289208173751831055e-01 -6.429425477981567383e-01
-2.717053890228271484e-02 -2.959454655647277832e-01 6.224223375320434570e-01 2.110062837600708008e-01 6.759190559387207031e-02 -4.626912474632263184e-01
1.516506671905517578e-01 -1.315598487854003906e-01 5.200283527374267578e-01 -1.392436027526855469e-02 -2.169278264045715332e-01 -7.777154445648193359e-03
2.605665922164916992e-01 1.379010677337646484e-01 3.981336355209350586e-01 -1.006231904029846191e-01 -1.119157075881958008e-01 1.961520910263061523e-01
4.429672956466674805e-01 2.038120031356811523e-01 1.544333696365356445e-01 -1.007390618324279785e-01 -3.989022970199584961e-02 3.872835636138916016e-02
5.124611854553222656e-01 4.335091114044189453e-01 9.573543071746826172e-02 -2.336850762367248535e-01 -1.781538724899291992e-01 2.178623676300048828e-01
4.979183673858642578e-01 3.958725929260253906e-01 1.656701564788818359e-01 -3.278899192810058594e-01 -6.248146295547485352e-02 2.076452970504760742e-01
5.981532335281372070e-01 3.170609474182128906e-01 1.458209753036499023e-01 -2.016484737396240234e-01 3.702604770660400391e-02 2.053012847900390625e-01
4.993038177490234375e-01 1.559731960296630859e-01 1.207897663116455078e-01 -1.161618828773498535e-01 1.504788398742675781e-01 1.388684511184692383e-01
4.659743309020996094e-01 -3.319883346557617188e-02 1.296478509902954102e-01 -1.556714177131652832e-01 3.489776849746704102e-01 -8.677643537521362305e-02
3.263918161392211914e-01 -2.131530046463012695e-01 1.968611478805541992e-01 -1.632841825485229492e-01 2.668347358703613281e-01 -2.172309756278991699e-01
-1.006640195846557617e-01 -2.218219041824340820e-01 4.084562063217163086e-01 -3.195029497146606445e-01 2.768861055374145508e-01 -2.783931493759155273e-01
4.555737972259521484e-02 -4.640936851501464844e-02 5.205488204956054688e-01 -2.413462996482849121e-01 1.486434936523437500e-01 -9.375566244125366211e-02
1.114519834518432617e-01 6.834971904754638672e-02 5.739164352416992188e-01 -2.999703288078308105e-01 2.597229480743408203e-01 2.810573577880859375e-02
-2.694347500801086426e-01 -3.096657991409301758e-02 3.590756654739379883e-01 -2.013477087020874023e-01 1.073889732360839844e-01 -1.174349784851074219e-01
8.235406875610351562e-02 -1.124642491340637207e-01 2.445325851440429688e-01 -1.527273058891296387e-01 2.404817342758178711e-01 -1.176524162292480469e-01
-3.984419703483581543e-01 -1.701273918151855469e-01 3.824405670166015625e-01 -2.371662259101867676e-01 1.962836980819702148e-01 -1.496194005012512207e-01
-1.813987493515014648e-01 -6.553030014038085938e-02 6.343662738800048828e-01 -3.780367970466613770e-01 1.528882980346679688e-01 -3.069001436233520508e-02
-2.587665319442749023e-01 -2.404439449310302734e-01 5.301697254180908203e-01 -2.042795419692993164e-01 3.413110971450805664e-01 -1.760715842247009277e-01
-3.328936696052551270e-01 -6.459134817123413086e-02 2.373846769332885742e-01 -1.567135453224182129e-01 -3.274786472320556641e-02 8.969461917877197266e-02
-2.908821702003479004e-01 -9.172648191452026367e-02 2.564619779586791992e-01 2.649426460266113281e-02 1.168453693389892578e-02 5.089497566223144531e-02
-1.921232342720031738e-01 -3.777014017105102539e-01 4.535940885543823242e-01 -1.378239989280700684e-01 2.386494874954223633e-01 -2.252058982849121094e-01
-4.043807387351989746e-01 2.604397535324096680e-01 6.431801319122314453e-01 4.529857635498046875e-02 -4.404252767562866211e-02 4.622191190719604492e-01
-1.566986441612243652e-01 4.702007770538330078e-01 6.292625665664672852e-01 3.003752231597900391e-01 -2.417722344398498535e-01 5.739641189575195312e-01
-9.984374046325683594e-02 4.921746253967285156e-02 5.119440555572509766e-01 1.935874223709106445e-01 -2.562876343727111816e-01 4.572032690048217773e-01
-1.795649528503417969e-03 6.259822845458984375e-02 2.271684408187866211e-01 1.369689702987670898e-01 -2.907049655914306641e-01 4.255276918411254883e-01
-1.546281576156616211e-02 4.505121707916259766e-02 1.264109611511230469e-01 2.460565567016601562e-01 -2.992862462997436523e-01 5.332047939300537109e-01
1.140415668487548828e-02 1.615794897079467773e-01 4.173052310943603516e-02 1.406995058059692383e-01 -2.547784447669982910e-01 4.895358085632324219e-01
6.680142879486083984e-02 1.224659681320190430e-01 3.129708766937255859e-02 2.361057996749877930e-01 -2.771105766296386719e-01 5.205953121185302734e-01
1.133180856704711914e-01 2.227396965026855469e-01 -8.415013551712036133e-02 2.723150253295898438e-01 -2.472155094146728516e-01 5.759717226028442383e-01
-6.569069623947143555e-02 1.181025505065917969e-01 6.312751770019531250e-02 3.214191198348999023e-01 -3.604038953781127930e-01 5.851604938507080078e-01
5.677604675292968750e-02 2.111346721649169922e-01 -1.941699981689453125e-01 3.354432582855224609e-01 -1.916912198066711426e-01 5.880491733551025391e-01
-5.245631933212280273e-02 1.326423883438110352e-01 9.338641166687011719e-02 2.161402702331542969e-01 -2.822105884552001953e-01 6.164798736572265625e-01
8.062517642974853516e-02 2.324534654617309570e-01 -1.956074833869934082e-01 4.114993810653686523e-01 -1.401205658912658691e-01 6.891132593154907227e-01
9.907531738281250000e-02 1.620267629623413086e-01 1.930656433105468750e-01 1.512979269027709961e-01 -1.466409564018249512e-01 6.365251541137695312e-01
9.613037109375000000e-03 2.968431711196899414e-01 -9.844541549682617188e-02 2.895933389663696289e-01 -2.591767907142639160e-01 6.329261064529418945e-01
