-8.134698867797851562e-02 -2.473349571228027344e-01 -5.949944257736206055e-02 -5.919035673141479492e-01 4.830837249755859375e-03 -2.085105180740356445e-01
2.189586162567138672e-01 -3.736572861671447754e-01 -3.760884404182434082e-01 -5.178754329681396484e-01 1.677738428115844727e-01 -5.076208114624023438e-01
3.115578889846801758e-01 -4.018588066101074219e-01 -4.399955272674560547e-01 -4.890321493148803711e-01 7.741236686706542969e-02 -5.722489356994628906e-01
1.430854797363281250e-01 -2.988778948783874512e-01 -3.466637730598449707e-01 -3.471878170967102051e-01 7.269763946533203125e-02 -4.399385452270507812e-01
1.143832206726074219e-01 -3.899112343788146973e-01 -2.972949147224426270e-01 -3.657839298248291016e-01 1.076077222824096680e-01 -4.791920185089111328e-01
3.396053314208984375e-01 -4.668044447898864746e-01 -3.770460486412048340e-01 -3.823167085647583008e-01 3.027971982955932617e-01 -6.183329224586486816e-01
2.981941699981689453e-01 -4.193415641784667969e-01 -3.757865428924560547e-01 -3.481036424636840820e-01 1.834543943405151367e-01 -5.330723524093627930e-01
2.704713344573974609e-01 -4.067229628562927246e-01 -4.378595352172851562e-01 -3.348333835601806641e-01 1.692142486572265625e-01 -6.149703264236450195e-01
3.868862390518188477e-01 -5.052582621574401855e-01 -4.801240563392639160e-01 -2.570657730102539062e-01 1.613237857818603516e-01 -6.904723644256591797e-01
3.294712305068969727e-01 -6.614226102828979492e-01 -3.574506640434265137e-01 -4.422467947006225586e-01 3.499748706817626953e-01 -8.705956339836120605e-01
4.243094921112060547e-01 -6.579887866973876953e-01 -4.545375704765319824e-01 -4.982582926750183105e-01 3.763346672058105469e-01 -8.949086666107177734e-01
4.195041656494140625e-01 -6.955268979072570801e-01 -4.664244651794433594e-01 -5.046928524971008301e-01 4.300017356872558594e-01 -9.430289268493652344e-01
3.423978090286254883e-01 -6.692893505096435547e-01 -3.891055583953857422e-01 -5.326519012451171875e-01 3.601396083831787109e-01 -9.246779084205627441e-01
3.275648355484008789e-01 -6.262570619583129883e-01 -3.261921405792236328e-01 -6.111719608306884766e-01 4.581987857818603516e-01 -9.004219770431518555e-01
3.091090917587280273e-01 -6.939666271209716797e-01 -3.482982516288757324e-01 -5.352134704589843750e-01 4.490444660186767578e-01 -9.687911868095397949e-01
3.014969825744628906e-01 -4.714062809944152832e-01 -3.081828355789184570e-01 -5.928231477737426758e-01 3.069350719451904297e-01 -7.040152549743652344e-01
3.775132894515991211e-01 -5.610687732696533203e-01 -4.490577578544616699e-01 -4.361858963966369629e-01 2.637484073638916016e-01 -8.214513063430786133e-01
1.523472070693969727e-01 -5.399714112281799316e-01 -3.707447052001953125e-01 -5.439592003822326660e-01 2.328854799270629883e-01 -7.738730907440185547e-01
3.495308160781860352e-01 -5.450052022933959961e-01 -4.550181627273559570e-01 -4.880778193473815918e-01 3.787356615066528320e-01 -8.687997460365295410e-01
3.633569478988647461e-01 -5.001653432846069336e-01 -4.442603588104248047e-01 -5.532560348510742188e-01 4.301929473876953125e-01 -8.234177827835083008e-01
2.088364362716674805e-01 -2.905062437057495117e-01 -4.476894140243530273e-01 -4.241892695426940918e-01 1.267625093460083008e-01 -5.500432252883911133e-01
6.280827522277832031e-02 -1.268472671508789062e-01 -5.258816480636596680e-01 -5.087707042694091797e-01 -4.584789276123046875e-02 -4.408711791038513184e-01
1.998304128646850586e-01 -1.596409082412719727e-01 -5.984047651290893555e-01 -4.591904282569885254e-01 6.437957286834716797e-02 -5.409709215164184570e-01
5.008351802825927734e-02 -4.300844669342041016e-02 -8.206359148025512695e-01 -3.373653292655944824e-01 -2.128954529762268066e-01 -4.840575456619262695e-01
4.177093505859375000e-04 4.069566726684570312e-02 -7.062224149703979492e-01 -2.359476089477539062e-01 -1.101356744766235352e-01 -2.639470696449279785e-01
9.310114383697509766e-02 1.175334453582763672e-01 -7.217800617218017578e-01 -8.886772394180297852e-02 -6.997275352478027344e-02 -7.624381780624389648e-02
2.122623920440673828e-01 2.318230867385864258e-01 -8.290091156959533691e-01 1.482373476028442383e-01 -1.632041931152343750e-01 7.984232902526855469e-02
2.107802629470825195e-01 3.789796829223632812e-01 -7.076840996742248535e-01 2.557541131973266602e-01 -2.741516828536987305e-01 3.311607837677001953e-01
2.755788564682006836e-01 3.279827833175659180e-01 -6.384906768798828125e-01 2.962884902954101562e-01 -1.278070807456970215e-01 2.802687883377075195e-01
3.437058925628662109e-01 2.940602302551269531e-01 -5.796298980712890625e-01 4.417762756347656250e-01 -9.787255525588989258e-02 2.490522861480712891e-01
3.573805093765258789e-01 3.365972042083740234e-01 -5.759241580963134766e-01 5.412603616714477539e-01 -1.492472290992736816e-01 2.946327924728393555e-01
3.841065168380737305e-01 4.036175012588500977e-01 -6.244961023330688477e-01 6.557364463806152344e-01 -2.611291408538818359e-01 3.525507450103759766e-01
4.083271026611328125e-01 3.578122854232788086e-01 -5.712159872055053711e-01 6.729468107223510742e-01 -2.287455201148986816e-01 3.171449899673461914e-01
3.439961671829223633e-01 3.598855733871459961e-01 -5.293768644332885742e-01 7.102094888687133789e-01 -2.622730135917663574e-01 2.998256683349609375e-01
3.677563667297363281e-01 3.891375064849853516e-01 -5.170656442642211914e-01 7.902653217315673828e-01 -2.856512069702148438e-01 3.731154203414916992e-01
3.459258079528808594e-01 4.392881393432617188e-01 -6.293376684188842773e-01 7.809230089187622070e-01 -3.097541928291320801e-01 4.542765617370605469e-01
3.028147220611572266e-01 4.814711809158325195e-01 -6.214699745178222656e-01 8.385305404663085938e-01 -3.619536757469177246e-01 4.463537931442260742e-01
2.022093534469604492e-01 4.860782623291015625e-01 -5.340982675552368164e-01 7.500355243682861328e-01 -3.292172551155090332e-01 5.204900503158569336e-01
6.606125831604003906e-02 6.037685871124267578e-01 -3.808122873306274414e-01 7.184976339340209961e-01 -5.340236425399780273e-01 6.901432275772094727e-01
1.076788902282714844e-01 7.649164199829101562e-01 -4.304139614105224609e-01 6.829378604888916016e-01 -5.141230821609497070e-01 7.075281143188476562e-01
-2.365010380744934082e-01 6.396548748016357422e-01 1.830661296844482422e-02 4.003909826278686523e-01 -4.651418924331665039e-01 7.843153476715087891e-01
-4.586340188980102539e-01 4.429059028625488281e-01 1.978676319122314453e-01 3.739225864410400391e-01 -5.265363454818725586e-01 7.031217813491821289e-01
-3.166019320487976074e-01 3.239433765411376953e-01 1.189682483673095703e-01 3.376021385192871094e-01 -3.485917448997497559e-01 5.624363422393798828e-01
-3.636094331741333008e-01 1.797356605529785156e-01 7.069242000579833984e-02 3.481273651123046875e-01 -4.564632177352905273e-01 3.864871263504028320e-01
-2.120919227600097656e-01 2.496826648712158203e-01 4.895321130752563477e-01 -1.066511869430541992e-02 -2.835900783538818359e-01 5.516947507858276367e-01
-1.083940863609313965e-01 2.816299200057983398e-01 5.399596691131591797e-01 3.380584716796875000e-02 -3.074329495429992676e-01 7.176978588104248047e-01
-5.146861076354980469e-02 4.995535612106323242e-01 2.171831130981445312e-01 4.985737800598144531e-02 -1.653835773468017578e-01 3.418982028961181641e-01
1.664932966232299805e-01 6.081012487411499023e-01 -2.112305164337158203e-02 1.891102790832519531e-01 -3.697758913040161133e-02 1.734669208526611328e-01
3.206464052200317383e-01 4.914916753768920898e-01 3.082740306854248047e-02 -8.242350816726684570e-02 -1.865951418876647949e-01 1.473891735076904297e-01
4.892556667327880859e-01 5.739953517913818359e-01 -2.041774988174438477e-01 5.743741989135742188e-03 -6.727159023284912109e-02 1.613632440567016602e-01
6.443785429000854492e-01 6.434272527694702148e-01 -3.130381107330322266e-01 -4.910945892333984375e-02 -1.522803306579589844e-01 2.328151464462280273e-01
6.022744178771972656e-01 6.010469198226928711e-01 -3.697077631950378418e-01 -8.591467142105102539e-02 -1.514725685119628906e-01 1.579194068908691406e-01
5.876599550247192383e-01 5.147994756698608398e-01 -2.722176909446716309e-01 -1.381013989448547363e-01 -1.396530270576477051e-01 1.786550283432006836e-01
6.263724565505981445e-01 5.420385599136352539e-01 -3.022925853729248047e-01 -1.846575140953063965e-01 -1.093545556068420410e-01 2.005615234375000000e-01
6.999086141586303711e-01 4.767310619354248047e-01 -2.877399325370788574e-01 -1.638020873069763184e-01 2.555072307586669922e-02 5.578327178955078125e-02
6.413857936859130859e-01 5.165591239929199219e-01 -2.182204723358154297e-01 -2.317162752151489258e-01 5.743861198425292969e-03 1.211644411087036133e-01
6.709045171737670898e-01 3.526092767715454102e-01 -1.414098143577575684e-01 -2.426424026489257812e-01 1.784961223602294922e-01 -2.115774154663085938e-02
6.548053026199340820e-01 1.986625194549560547e-01 -2.415104508399963379e-01 -9.913045167922973633e-02 2.567105293273925781e-01 -1.664658784866333008e-01
5.226696729660034180e-01 2.073669433593750000e-02 -8.802479505538940430e-02 -1.070166230201721191e-01 3.413432836532592773e-01 -2.206686735153198242e-01
2.815017700195312500e-01 4.895532131195068359e-02 -1.311593651771545410e-01 -2.322685122489929199e-01 1.972373723983764648e-01 -3.105379939079284668e-01
-2.382341623306274414e-01 1.482778787612915039e-01 3.462918996810913086e-01 5.575001239776611328e-02 8.605802059173583984e-02 -3.844857215881347656e-02
-2.143567800521850586e-02 2.005743980407714844e-01 2.318612337112426758e-01 -1.477615833282470703e-01 9.884178638458251953e-02 -6.364297866821289062e-02
2.318716049194335938e-02 3.387459516525268555e-01 4.510688781738281250e-01 -3.207484483718872070e-01 7.716774940490722656e-02 1.207370758056640625e-01
3.442835807800292969e-02 3.328635692596435547e-01 4.187817573547363281e-01 -2.732489109039306641e-01 1.400965452194213867e-01 1.436299085617065430e-01
-1.598252058029174805e-01 3.109829425811767578e-01 4.697160720825195312e-01 -3.208916187286376953e-01 7.285451889038085938e-02 1.304906606674194336e-01
-6.138330698013305664e-02 2.181867361068725586e-01 4.752670526504516602e-01 -3.373110294342041016e-01 4.636597633361816406e-02 -2.326858043670654297e-02
-2.932868003845214844e-01 1.855164766311645508e-01 3.104014396667480469e-01 -8.864909410476684570e-02 -1.086905002593994141e-01 -2.716833353042602539e-02
-2.995811700820922852e-01 5.591440200805664062e-02 4.052481651306152344e-01 -1.159377098083496094e-01 -5.143129825592041016e-02 -1.897551417350769043e-01
-3.838328719139099121e-01 1.128458976745605469e-01 4.622222185134887695e-01 6.023597717285156250e-02 -2.292332649230957031e-01 1.545184850692749023e-01
-4.587582349777221680e-01 2.369117736816406250e-01 4.163291454315185547e-01 8.028829097747802734e-02 -3.519675731658935547e-01 2.607349157333374023e-01
-2.912583351135253906e-01 5.403614044189453125e-02 4.397871494293212891e-01 1.218962669372558594e-02 -9.344595670700073242e-02 -5.073171854019165039e-02
-6.924039125442504883e-02 -2.147572636604309082e-01 2.071318626403808594e-01 1.542892456054687500e-01 1.646270751953125000e-01 -6.242529153823852539e-01
7.499456405639648438e-03 -4.877549409866333008e-01 1.552556753158569336e-01 1.320157051086425781e-01 4.431267976760864258e-01 -8.258199095726013184e-01
1.251881122589111328e-01 -3.635598421096801758e-01 2.056988477706909180e-01 -3.967344760894775391e-02 5.399771928787231445e-01 -4.533491134643554688e-01
3.136231899261474609e-01 -1.828368902206420898e-01 7.539331912994384766e-02 6.928515434265136719e-02 4.925236701965332031e-01 -3.466838598251342773e-01
3.875938653945922852e-01 -3.538960218429565430e-02 5.016052722930908203e-02 5.772662162780761719e-02 3.569471836090087891e-01 -1.655182838439941406e-01
3.777348995208740234e-01 2.995777130126953125e-02 6.174921989440917969e-02 7.176256179809570312e-02 2.792658805847167969e-01 -9.094113111495971680e-02
4.014041423797607422e-01 1.458560228347778320e-01 6.150090694427490234e-02 -9.408831596374511719e-03 1.823321580886840820e-01 2.129387855529785156e-02
3.305844068527221680e-01 1.031000614166259766e-01 4.403400421142578125e-02 3.488063812255859375e-04 2.802077531814575195e-01 -5.858492851257324219e-02
3.001217842102050781e-01 1.137934923171997070e-01 6.773698329925537109e-02 -9.178853034973144531e-02 2.572922706604003906e-01 -4.447734355926513672e-02
3.835121393203735352e-01 1.075989007949829102e-01 4.277646541595458984e-02 -6.191790103912353516e-02 3.344434499740600586e-01 -7.498395442962646484e-02
3.298634290695190430e-01 1.003801822662353516e-02 6.084525585174560547e-02 -8.353972434997558594e-02 4.175745248794555664e-01 -1.530187129974365234e-01
2.087854146957397461e-01 -2.178716659545898438e-01 8.203852176666259766e-02 -1.468476057052612305e-01 5.575283765792846680e-01 -3.997429609298706055e-01
1.789294481277465820e-01 -2.997621893882751465e-01 2.248967885971069336e-01 -2.190427780151367188e-01 5.628160238265991211e-01 -4.143067002296447754e-01
-7.798439264297485352e-02 -7.543265819549560547e-02 5.034070014953613281e-01 -3.516643643379211426e-01 2.724640369415283203e-01 -1.372431516647338867e-01
-4.499349594116210938e-01 1.762381792068481445e-01 7.048923969268798828e-01 -1.040076613426208496e-01 5.807363986968994141e-02 2.474509477615356445e-01
1.078236103057861328e-01 1.508814096450805664e-01 4.841108322143554688e-01 -1.861117482185363770e-01 3.372213840484619141e-01 1.488076448440551758e-01
1.850856542587280273e-01 2.234555482864379883e-01 4.367377758026123047e-01 -1.808868050575256348e-01 1.560003757476806641e-01 2.000899314880371094e-01
-1.630137562751770020e-01 2.154709100723266602e-01 5.687083005905151367e-01 -1.254553198814392090e-01 8.931124210357666016e-02 2.113397121429443359e-01
3.183960914611816406e-03 1.396511793136596680e-01 5.488272905349731445e-01 -2.911275625228881836e-01 3.001393079757690430e-01 1.049659252166748047e-01
-7.342159748077392578e-02 -9.265601634979248047e-03 4.560608863830566406e-01 -2.854520678520202637e-01 3.124369382858276367e-01 -2.908182144165039062e-02
-3.303592801094055176e-01 -1.774382591247558594e-01 5.456700325012207031e-01 -4.333084821701049805e-02 1.221946477890014648e-01 -7.910400629043579102e-02
-2.899169921875000000e-01 5.786967277526855469e-02 5.706443786621093750e-01 -5.477446317672729492e-02 -1.314641237258911133e-01 1.798446178436279297e-01
-1.575837731361389160e-01 -3.409349322319030762e-01 2.366479635238647461e-01 -5.975484848022460938e-02 5.827429294586181641e-01 -7.409803867340087891e-01
-1.568894982337951660e-01 -4.500721693038940430e-01 3.948359489440917969e-01 -4.082143306732177734e-03 4.463000297546386719e-01 -8.335390090942382812e-01
4.762053489685058594e-03 -2.044373750686645508e-02 5.797516107559204102e-01 -2.678152918815612793e-01 -2.137786149978637695e-02 -4.048037528991699219e-02
2.082771062850952148e-01 6.943821907043457031e-02 1.937630176544189453e-01 -2.140300273895263672e-01 4.479336738586425781e-02 -7.447504997253417969e-02
1.757503747940063477e-01 2.034033536911010742e-01 2.345408201217651367e-01 -1.682000756263732910e-01 -8.261716365814208984e-02 8.686470985412597656e-02
2.235543727874755859e-01 1.285884380340576172e-01 2.092696428298950195e-01 -2.064950466156005859e-01 6.691563129425048828e-02 -5.547583103179931641e-02
2.441867589950561523e-01 1.994777917861938477e-01 1.905031204223632812e-01 -3.325625061988830566e-01 -6.801539659500122070e-02 8.701050281524658203e-02
3.516902923583984375e-01 2.343958616256713867e-01 1.688179969787597656e-01 -3.862060904502868652e-01 8.988106250762939453e-02 7.633006572723388672e-02
4.241012334823608398e-01 2.727844715118408203e-01 1.413744688034057617e-01 -2.752429246902465820e-01 5.836105346679687500e-02 1.258265972137451172e-01
3.535418510437011719e-01 1.557754278182983398e-01 1.808214187622070312e-01 -2.711009383201599121e-01 1.571611166000366211e-01 4.861867427825927734e-02
3.376682996749877930e-01 1.354742050170898438e-01 1.864138841629028320e-01 -2.786837816238403320e-01 1.105802059173583984e-01 1.007494926452636719e-01
8.887207508087158203e-02 -2.923810482025146484e-02 4.240580797195434570e-01 -3.816080093383789062e-01 1.452133655548095703e-01 -7.632851600646972656e-03
-9.580224752426147461e-02 -2.163704633712768555e-01 5.136581659317016602e-01 -4.700001478195190430e-01 3.050972223281860352e-01 -3.067007660865783691e-01
-1.196563839912414551e-01 -2.845615148544311523e-02 6.305729150772094727e-01 -5.190408229827880859e-01 2.192623615264892578e-01 -1.031098961830139160e-01
1.735522747039794922e-01 2.031028270721435547e-02 4.304164648056030273e-01 -4.217628836631774902e-01 2.856079339981079102e-01 -8.088195323944091797e-02
-2.328473329544067383e-01 -8.926910161972045898e-02 4.366559982299804688e-01 -2.665372490882873535e-01 1.716374158859252930e-01 -1.280710697174072266e-01
7.328331470489501953e-02 1.038186550140380859e-01 1.656308174133300781e-01 -4.848842620849609375e-01 9.057521820068359375e-02 -7.501244544982910156e-02
-1.762635111808776855e-01 -2.886933088302612305e-02 4.990072250366210938e-01 -4.981536865234375000e-01 2.228347063064575195e-01 -4.699969291687011719e-02
-2.782187461853027344e-01 9.400093555450439453e-02 7.526005506515502930e-01 -4.472764730453491211e-01 -5.186718702316284180e-02 2.159131765365600586e-01
-2.010644078254699707e-01 4.636049270629882812e-03 4.591161012649536133e-01 -3.077406287193298340e-01 -4.138350486755371094e-04 -1.576906442642211914e-02
-3.655396699905395508e-01 -9.518343210220336914e-02 3.277304172515869141e-01 -2.099500894546508789e-01 -3.353953361511230469e-04 -1.363402605056762695e-02
-1.895984411239624023e-01 -1.878589987754821777e-01 4.514007568359375000e-01 -2.489159107208251953e-01 5.152344703674316406e-02 -5.198520421981811523e-02
-1.496151089668273926e-01 -3.008254766464233398e-01 3.555147647857666016e-01 -3.148237466812133789e-01 1.348040103912353516e-01 -2.625560164451599121e-01
-2.613348364830017090e-01 2.449195384979248047e-01 3.317042589187622070e-01 1.120434999465942383e-01 -1.324939131736755371e-01 3.809480667114257812e-01
-2.979300022125244141e-01 4.143394231796264648e-01 2.927781343460083008e-01 2.745218276977539062e-01 -1.405638456344604492e-01 3.996649980545043945e-01
-2.357893586158752441e-01 2.767709493637084961e-01 4.649310111999511719e-01 1.636792421340942383e-01 -5.485467910766601562e-01 4.887380599975585938e-01
-1.072301864624023438e-01 8.774495124816894531e-02 2.774924039840698242e-01 1.951566934585571289e-01 -4.761779904365539551e-01 4.087435007095336914e-01
1.495584249496459961e-01 3.514695167541503906e-02 -2.090525627136230469e-02 4.718472957611083984e-01 -2.228432893753051758e-01 3.051571846008300781e-01
7.162010669708251953e-02 1.114401817321777344e-01 -5.154556035995483398e-02 2.839360237121582031e-01 -1.732938289642333984e-01 3.258153200149536133e-01
1.686215400695800781e-02 2.830711603164672852e-01 -8.945095539093017578e-02 3.683794736862182617e-01 -4.241150021553039551e-01 6.167756319046020508e-01
3.735232353210449219e-02 2.820060253143310547e-01 -1.331768631935119629e-01 3.029520511627197266e-01 -3.551155328750610352e-01 5.962958335876464844e-01
-8.391261100769042969e-03 1.048946380615234375e-01 3.231287002563476562e-02 2.662822008132934570e-01 -2.792540192604064941e-01 5.540766716003417969e-01
-2.045810222625732422e-02 2.070833444595336914e-01 -1.182917952537536621e-01 3.990006446838378906e-01 -2.363259792327880859e-01 5.835986137390136719e-01
3.221762180328369141e-02 7.288193702697753906e-02 1.738574504852294922e-01 9.099769592285156250e-02 -2.371908426284790039e-01 4.831849336624145508e-01
-1.325309276580810547e-03 1.951801776885986328e-01 -1.431652307510375977e-01 3.573780059814453125e-01 -2.114170193672180176e-01 4.566428661346435547e-01
-3.220186829566955566e-01 3.273202180862426758e-01 1.177660226821899414e-01 3.402302265167236328e-01 -3.745216727256774902e-01 7.547659873962402344e-01
-2.873301506042480469e-01 1.639020442962646484e-01 2.196384668350219727e-01 2.920877933502197266e-02 -3.274914622306823730e-01 5.840342044830322266e-01
-1.502338051795959473e-01 1.268438100814819336e-01 3.258439302444458008e-01 1.580369472503662109e-01 -2.301038503646850586e-01 5.614464282989501953e-01
