1.107072830200195312e-01 -1.149935722351074219e-01 8.525657653808593750e-02 -5.213099718093872070e-01 2.219202518463134766e-01 -1.033987402915954590e-01
3.100627660751342773e-01 -7.317280769348144531e-02 -4.600596427917480469e-02 -6.423214077949523926e-01 2.460496425628662109e-01 -9.254223108291625977e-02
4.755014181137084961e-01 -2.304905652999877930e-02 -1.419804692268371582e-01 -6.369081139564514160e-01 1.076673269271850586e-01 -8.057010173797607422e-02
4.435706138610839844e-01 -1.715197563171386719e-01 -1.649364233016967773e-01 -6.103011369705200195e-01 2.910792827606201172e-01 -2.684159278869628906e-01
4.388151168823242188e-01 -2.739735841751098633e-01 -1.233390569686889648e-01 -5.444957017898559570e-01 3.983904123306274414e-01 -3.334909677505493164e-01
5.526301860809326172e-01 -3.046038746833801270e-01 -1.929402351379394531e-01 -4.764583706855773926e-01 4.175149202346801758e-01 -3.701885342597961426e-01
3.821411132812500000e-01 -2.074761986732482910e-01 -1.372593641281127930e-02 -4.869610667228698730e-01 2.422533035278320312e-01 -1.957413554191589355e-01
3.449866771697998047e-01 -3.423026800155639648e-01 1.045668125152587891e-02 -4.814718961715698242e-01 3.641841411590576172e-01 -3.577697873115539551e-01
4.357591867446899414e-01 -3.532733917236328125e-01 -4.428058862686157227e-02 -5.334063768386840820e-01 4.293099641799926758e-01 -3.936331272125244141e-01
4.797816276550292969e-01 -3.971256613731384277e-01 -1.617055535316467285e-01 -4.585617780685424805e-01 4.627623558044433594e-01 -4.895464181900024414e-01
3.891007900238037109e-01 -4.163657426834106445e-01 -6.492000818252563477e-02 -5.386087894439697266e-01 4.378927946090698242e-01 -4.809963107109069824e-01
4.082971811294555664e-01 -3.219246268272399902e-01 -1.997954249382019043e-01 -5.024321079254150391e-01 2.413659095764160156e-01 -3.798977732658386230e-01
4.103697538375854492e-01 -3.556866049766540527e-01 -2.398790717124938965e-01 -3.689723014831542969e-01 2.317385673522949219e-01 -3.767248988151550293e-01
2.969522476196289062e-01 -2.621635794639587402e-01 -1.503905653953552246e-01 -5.024775862693786621e-01 2.108498811721801758e-01 -2.766924500465393066e-01
3.369622230529785156e-01 -1.686463356018066406e-01 -2.806417942047119141e-01 -6.282522082328796387e-01 1.445244550704956055e-01 -2.523798942565917969e-01
3.065243959426879883e-01 -1.373091340065002441e-01 -1.566298007965087891e-01 -7.247967720031738281e-01 2.143423557281494141e-01 -2.279235124588012695e-01
3.569242954254150391e-01 -7.315033674240112305e-02 -2.322945594787597656e-01 -6.564139127731323242e-01 1.139646768569946289e-01 -1.875603795051574707e-01
3.127207756042480469e-01 1.249492168426513672e-02 -2.062572836875915527e-01 -5.831924080848693848e-01 1.703433990478515625e-01 -2.348641157150268555e-01
3.293310403823852539e-01 1.497578620910644531e-01 -2.357373237609863281e-01 -6.451413631439208984e-01 -2.399975061416625977e-02 -9.333866834640502930e-02
2.986075878143310547e-01 2.174456119537353516e-01 -2.835999131202697754e-01 -5.864236354827880859e-01 -6.923228502273559570e-02 -2.399688959121704102e-02
3.045797348022460938e-01 2.666140794754028320e-01 -4.415379762649536133e-01 -4.972604513168334961e-01 -2.277029156684875488e-01 2.049839496612548828e-02
9.066176414489746094e-02 3.033249378204345703e-01 -4.556104540824890137e-01 -5.151149034500122070e-01 -4.204327464103698730e-01 1.378320455551147461e-01
2.065285444259643555e-01 3.073536157608032227e-01 -5.173730850219726562e-01 -3.834362626075744629e-01 -2.433162927627563477e-01 1.076551675796508789e-01
3.831099271774291992e-01 3.534212112426757812e-01 -7.084861397743225098e-01 -2.769716978073120117e-01 -1.923075318336486816e-01 1.200916767120361328e-01
2.036190032958984375e-01 2.915524244308471680e-01 -6.121835708618164062e-01 -2.797502279281616211e-02 -2.382965683937072754e-01 1.252983808517456055e-01
2.106475830078125000e-01 3.105957508087158203e-01 -6.875290870666503906e-01 1.262789964675903320e-01 -2.783244252204895020e-01 2.327198982238769531e-01
2.361397743225097656e-01 3.707398176193237305e-01 -5.497736930847167969e-01 2.294468879699707031e-02 -2.695463299751281738e-01 3.757697343826293945e-01
2.747499942779541016e-01 4.316679239273071289e-01 -6.098272800445556641e-01 1.151099205017089844e-01 -3.719419240951538086e-01 4.469835758209228516e-01
3.484686613082885742e-01 4.215136766433715820e-01 -5.413097143173217773e-01 1.418745517730712891e-01 -3.404378890991210938e-01 4.438199996948242188e-01
4.342497587203979492e-01 4.322277307510375977e-01 -7.099845409393310547e-01 2.840970754623413086e-01 -4.158383011817932129e-01 4.894219636917114258e-01
4.377309083938598633e-01 4.864364862442016602e-01 -6.626623868942260742e-01 3.159269094467163086e-01 -4.453941583633422852e-01 5.572437047958374023e-01
4.464217424392700195e-01 4.712502956390380859e-01 -5.744674205780029297e-01 4.043269157409667969e-01 -4.388883113861083984e-01 5.775110721588134766e-01
5.007642507553100586e-01 5.375412702560424805e-01 -5.836526751518249512e-01 4.478775262832641602e-01 -4.803013205528259277e-01 6.363221406936645508e-01
6.013929843902587891e-01 4.857407808303833008e-01 -5.472761392593383789e-01 4.651616811752319336e-01 -3.877490758895874023e-01 5.475536584854125977e-01
5.169661045074462891e-01 4.412024021148681641e-01 -5.662974119186401367e-01 4.169811010360717773e-01 -3.922307491302490234e-01 5.220619440078735352e-01
5.717489719390869141e-01 3.972873687744140625e-01 -4.158254861831665039e-01 3.897746801376342773e-01 -2.830366492271423340e-01 5.177793502807617188e-01
5.282413959503173828e-01 5.679578781127929688e-01 -5.783191919326782227e-01 5.226564407348632812e-01 -4.765152335166931152e-01 6.214244365692138672e-01
3.786306381225585938e-01 7.065093517303466797e-01 -4.141945838928222656e-01 5.047627687454223633e-01 -6.237777471542358398e-01 7.720600366592407227e-01
2.431519031524658203e-01 7.417604923248291016e-01 -3.538113832473754883e-01 4.943178892135620117e-01 -6.589635610580444336e-01 8.323335647583007812e-01
2.554879188537597656e-01 9.248545169830322266e-01 -4.302670359611511230e-01 5.041049718856811523e-01 -5.995872020721435547e-01 9.677923917770385742e-01
3.189080953598022461e-01 8.739415407180786133e-01 -5.144107341766357422e-01 4.115045070648193359e-01 -4.612139463424682617e-01 7.912186384201049805e-01
2.637503147125244141e-01 7.407552003860473633e-01 -5.074474811553955078e-01 4.476970434188842773e-01 -4.525505304336547852e-01 6.996066570281982422e-01
3.782846927642822266e-01 7.059988975524902344e-01 -6.208845376968383789e-01 3.438031673431396484e-01 -3.310237526893615723e-01 4.838925600051879883e-01
4.314854145050048828e-01 6.770100593566894531e-01 -6.133095026016235352e-01 3.491207361221313477e-01 -2.610607147216796875e-01 3.680521249771118164e-01
4.136486053466796875e-01 7.772376537322998047e-01 -6.500607728958129883e-01 1.525279283523559570e-01 -2.978866696357727051e-01 4.381016492843627930e-01
3.950629234313964844e-01 6.913639307022094727e-01 -4.378600120544433594e-01 2.265536785125732422e-02 -1.859116554260253906e-01 3.218156099319458008e-01
5.013002157211303711e-01 5.921075344085693359e-01 -4.147529006004333496e-01 -4.199564456939697266e-03 -1.117015480995178223e-01 2.521991729736328125e-01
4.808973073959350586e-01 4.983001947402954102e-01 -2.801215052604675293e-01 -2.364802360534667969e-02 -1.537507772445678711e-02 2.132427692413330078e-01
6.285455226898193359e-01 4.168684482574462891e-01 -3.528887629508972168e-01 -1.074146032333374023e-01 9.600841999053955078e-02 1.114565134048461914e-01
5.294392108917236328e-01 4.476932287216186523e-01 -2.006072402000427246e-01 -2.032406330108642578e-01 3.905808925628662109e-02 1.791549921035766602e-01
5.872130393981933594e-01 4.000712633132934570e-01 -2.930784225463867188e-01 -2.190960645675659180e-01 6.321668624877929688e-02 1.144940853118896484e-01
5.204626321792602539e-01 3.606069087982177734e-01 -1.617407798767089844e-01 -2.965666055679321289e-01 5.552625656127929688e-02 9.219062328338623047e-02
5.786341428756713867e-01 3.070096969604492188e-01 -1.875292062759399414e-01 -3.155397176742553711e-01 7.839751243591308594e-02 7.594060897827148438e-02
3.536927700042724609e-01 2.108381986618041992e-01 4.811525344848632812e-02 -4.337584972381591797e-01 7.280576229095458984e-02 2.264344692230224609e-02
2.991597652435302734e-01 8.991491794586181641e-02 -3.715318441390991211e-02 -5.691329240798950195e-01 1.681971549987792969e-01 -1.950739622116088867e-01
-1.140633225440979004e-01 4.304766654968261719e-03 5.287542343139648438e-01 -4.237087965011596680e-01 7.315909862518310547e-02 5.116987228393554688e-02
-4.000276327133178711e-02 9.710168838500976562e-02 3.788936138153076172e-01 -2.484686970710754395e-01 2.156149148941040039e-01 6.952762603759765625e-02
-6.213665008544921875e-02 1.818032264709472656e-01 3.704638481140136719e-01 -3.227752447128295898e-01 -8.387923240661621094e-03 6.875765323638916016e-02
4.918205738067626953e-02 2.243553400039672852e-01 2.639454603195190430e-01 -3.416635394096374512e-01 3.433358669281005859e-02 1.944041252136230469e-02
-6.154817342758178711e-02 2.179497480392456055e-01 2.144409418106079102e-01 -2.313388586044311523e-01 1.543022394180297852e-01 7.436096668243408203e-02
-2.676331996917724609e-01 2.927970886230468750e-02 4.347524642944335938e-01 -2.607939243316650391e-01 1.007268428802490234e-01 5.933129787445068359e-02
-5.860153436660766602e-01 1.332864761352539062e-01 5.507254600524902344e-01 -7.611203193664550781e-02 -2.462208271026611328e-02 2.108085155487060547e-01
-4.187318086624145508e-01 1.469068527221679688e-01 4.743210077285766602e-01 1.102817058563232422e-02 -1.350319981575012207e-01 1.540073156356811523e-01
4.973769187927246094e-03 1.989164352416992188e-01 4.110596179962158203e-01 -2.349812388420104980e-01 1.639688014984130859e-02 8.860278129577636719e-02
-4.165795445442199707e-01 1.041682958602905273e-01 3.769983053207397461e-01 -1.303513050079345703e-01 -3.060383200645446777e-01 7.371068000793457031e-02
-3.423249721527099609e-01 -2.615039348602294922e-01 5.916872024536132812e-01 -1.926332712173461914e-02 5.915176868438720703e-02 -2.395868301391601562e-01
-8.006936311721801758e-02 -4.089096188545227051e-01 2.001743316650390625e-01 -2.433941364288330078e-01 3.010102510452270508e-01 -8.077286481857299805e-01
1.203858852386474609e-02 -1.326187849044799805e-01 4.787290096282958984e-01 -2.838285565376281738e-01 1.954966783523559570e-01 -1.966353058815002441e-01
2.278984785079956055e-01 -1.695108413696289062e-02 3.034739494323730469e-01 -3.630989193916320801e-01 3.892806768417358398e-01 -1.239634156227111816e-01
2.949364185333251953e-01 9.913563728332519531e-02 3.798167705535888672e-01 -3.247526884078979492e-01 3.707144260406494141e-01 5.748546123504638672e-02
3.448542356491088867e-01 2.041823863983154297e-01 2.825642824172973633e-01 -3.276529312133789062e-01 3.371765613555908203e-01 7.844650745391845703e-02
2.789756059646606445e-01 3.136068582534790039e-01 3.108462095260620117e-01 -3.945329785346984863e-01 2.398076057434082031e-01 1.200395822525024414e-01
2.751682996749877930e-01 3.294063806533813477e-01 3.439511060714721680e-01 -4.047381281852722168e-01 2.516207695007324219e-01 1.496909856796264648e-01
2.954567670822143555e-01 3.275102376937866211e-01 3.465986251831054688e-01 -4.153548479080200195e-01 2.667368650436401367e-01 1.523408889770507812e-01
3.159098625183105469e-01 3.295795917510986328e-01 3.364598751068115234e-01 -4.629058241844177246e-01 2.556643486022949219e-01 1.565303802490234375e-01
3.414523601531982422e-01 2.481137514114379883e-01 1.884548664093017578e-01 -3.217660784721374512e-01 2.236784696578979492e-01 6.632959842681884766e-02
3.518788814544677734e-01 1.422755718231201172e-01 2.302879095077514648e-01 -3.657112121582031250e-01 3.329381942749023438e-01 -6.752073764801025391e-02
3.770411014556884766e-01 -3.628236055374145508e-02 3.511364459991455078e-01 -4.304429888725280762e-01 4.387226104736328125e-01 -2.021837830543518066e-01
-3.329014778137207031e-02 -9.402781724929809570e-02 5.420883893966674805e-01 -6.593829393386840820e-01 2.854658365249633789e-01 -2.265281081199645996e-01
-4.520124197006225586e-01 8.794558048248291016e-02 6.723761558532714844e-01 -4.229276180267333984e-01 -9.107720851898193359e-02 2.611374855041503906e-02
-4.138190150260925293e-01 3.629374504089355469e-02 5.782271623611450195e-01 -3.049532175064086914e-01 4.910671710968017578e-02 5.013585090637207031e-02
-4.218804836273193359e-01 1.142802238464355469e-01 5.973689556121826172e-01 5.398392677307128906e-03 -8.919358253479003906e-03 2.067611217498779297e-01
-1.938936114311218262e-01 4.754316806793212891e-02 8.120557069778442383e-01 -2.028089761734008789e-01 1.335772275924682617e-01 1.837004423141479492e-01
-2.958593368530273438e-01 -4.427701234817504883e-02 6.726293563842773438e-01 -3.914769291877746582e-01 1.447792053222656250e-01 7.583224773406982422e-02
-3.825587034225463867e-01 4.930853843688964844e-03 5.373241901397705078e-01 -3.688953518867492676e-01 3.996729850769042969e-03 8.919119834899902344e-02
-3.379387855529785156e-01 -2.063462138175964355e-01 4.182267189025878906e-01 -2.562549710273742676e-01 2.667999267578125000e-01 -2.246538996696472168e-01
-3.179412484169006348e-01 -2.337817549705505371e-01 4.635287523269653320e-01 -3.119363784790039062e-01 3.321448564529418945e-01 -2.237758040428161621e-01
2.580130100250244141e-02 -4.426605105400085449e-01 4.786776304244995117e-01 -1.368746161460876465e-01 4.704442024230957031e-01 -7.868069410324096680e-01
-3.024816513061523438e-01 -2.472452521324157715e-01 6.814399957656860352e-01 7.057547569274902344e-03 4.709771871566772461e-01 -5.108528137207031250e-01
-3.005396127700805664e-01 -1.334811449050903320e-01 6.784561872482299805e-01 1.647245883941650391e-02 -2.841389179229736328e-02 -2.265623807907104492e-01
-4.241824746131896973e-01 1.311409473419189453e-02 9.372632503509521484e-01 9.370625019073486328e-02 -1.614447236061096191e-01 4.529953002929687500e-02
-4.004893898963928223e-01 1.835765838623046875e-01 7.081785202026367188e-01 -3.601253032684326172e-02 -3.279269933700561523e-01 1.709976196289062500e-01
1.296393871307373047e-01 2.873179912567138672e-01 5.546349287033081055e-01 -4.443350434303283691e-01 -3.205935359001159668e-01 1.155173778533935547e-01
2.236907482147216797e-01 3.346493244171142578e-01 3.161411285400390625e-01 -2.330606579780578613e-01 -3.434137701988220215e-01 2.289191484451293945e-01
2.867258787155151367e-01 3.152041435241699219e-01 3.563122749328613281e-01 -2.164652347564697266e-01 -1.414479613304138184e-01 1.908172369003295898e-01
4.721834659576416016e-01 3.664946556091308594e-01 3.637179136276245117e-01 -2.969635725021362305e-01 5.759477615356445312e-03 1.557184457778930664e-01
4.276242256164550781e-01 2.897120714187622070e-01 3.390140533447265625e-01 -2.962389588356018066e-01 -1.591575145721435547e-02 1.159229278564453125e-01
4.092313051223754883e-01 1.957608461380004883e-01 4.455214738845825195e-01 -3.634707331657409668e-01 1.068265438079833984e-01 2.825534343719482422e-02
3.201558589935302734e-01 1.471219062805175781e-01 4.053936004638671875e-01 -2.899444103240966797e-01 8.887100219726562500e-02 3.909862041473388672e-02
1.756426095962524414e-01 4.862809181213378906e-02 5.176794528961181641e-01 -2.356564998626708984e-01 -7.754027843475341797e-03 -3.394919633865356445e-02
-2.561012506484985352e-01 -7.169258594512939453e-02 4.462443590164184570e-01 -2.845231294631958008e-01 -1.316034197807312012e-01 -1.866441965103149414e-02
-3.260477185249328613e-01 -1.217014789581298828e-01 5.188124179840087891e-01 -2.843945026397705078e-01 -4.759651422500610352e-02 -1.959408521652221680e-01
-3.327602744102478027e-01 4.901659488677978516e-02 6.836163997650146484e-01 -2.014077901840209961e-01 -1.643632650375366211e-01 -7.974988222122192383e-02
-4.028230905532836914e-01 7.105672359466552734e-02 5.180159807205200195e-01 -2.329543232917785645e-01 -2.571488022804260254e-01 -2.297013998031616211e-02
-4.044447541236877441e-01 -3.492432832717895508e-02 5.046811103820800781e-01 -6.675922870635986328e-02 -1.252560615539550781e-01 1.272729635238647461e-01
-5.497398376464843750e-01 6.909608840942382812e-03 5.222615003585815430e-01 -4.260623455047607422e-02 -3.365542888641357422e-01 1.098744869232177734e-01
-2.931845784187316895e-01 -1.372209787368774414e-01 6.206921339035034180e-01 -3.154242038726806641e-02 -7.824903726577758789e-02 -4.220843315124511719e-03
-4.269198179244995117e-01 1.463766098022460938e-01 6.651787757873535156e-01 -7.000976800918579102e-02 -3.895816802978515625e-01 2.587436437606811523e-01
-4.365698099136352539e-01 3.332734107971191406e-02 6.612482070922851562e-01 -3.828133344650268555e-01 -1.311628818511962891e-01 1.226557493209838867e-01
-2.469359040260314941e-01 -1.024572849273681641e-01 4.609150886535644531e-01 -2.255410552024841309e-01 -1.122380495071411133e-01 -1.387679576873779297e-01
-2.568539977073669434e-01 -1.264951825141906738e-01 1.409291028976440430e-01 8.946287631988525391e-02 3.450883626937866211e-01 -5.857206583023071289e-01
-5.456588864326477051e-01 -1.221265196800231934e-01 2.743090391159057617e-01 -1.549631357192993164e-01 1.118324995040893555e-01 -3.949398994445800781e-01
-3.673120141029357910e-01 -2.119742631912231445e-01 4.549332857131958008e-01 -2.268533706665039062e-01 4.990875720977783203e-02 -2.925623655319213867e-01
-3.322202563285827637e-01 -3.235104680061340332e-01 1.787813901901245117e-01 1.809358596801757812e-02 2.562998533248901367e-01 -4.368126392364501953e-01
-3.815910816192626953e-01 -3.635547757148742676e-01 2.807127237319946289e-01 2.007207870483398438e-01 2.222049236297607422e-01 -4.387004971504211426e-01
-4.674940109252929688e-01 -4.648357629776000977e-01 4.535944461822509766e-01 8.295953273773193359e-02 3.006029129028320312e-01 -5.468720793724060059e-01
-1.884169578552246094e-01 -5.572301149368286133e-01 1.991405487060546875e-01 1.795887947082519531e-02 4.201205968856811523e-01 -6.496538519859313965e-01
-4.319057464599609375e-01 -1.252287626266479492e-01 4.226670265197753906e-01 -2.632802724838256836e-02 -5.779188871383666992e-02 -2.541822195053100586e-01
-4.624711275100708008e-01 -2.001388072967529297e-01 3.409583568572998047e-01 -2.841836214065551758e-02 -2.956259250640869141e-02 -4.162520766258239746e-01
-4.313963055610656738e-01 -1.714612841606140137e-01 3.962661027908325195e-01 -1.239486932754516602e-01 -1.223956942558288574e-01 -2.336606979370117188e-01
-4.119761586189270020e-01 -1.785312891006469727e-01 4.235204458236694336e-01 -3.064870834350585938e-02 -2.547029256820678711e-01 -1.727520823478698730e-01
-7.688297629356384277e-01 -5.650311708450317383e-02 3.104697465896606445e-01 7.997512817382812500e-02 -4.012537002563476562e-01 -1.765525341033935547e-02
-5.155934095382690430e-01 -9.880638122558593750e-02 4.833017587661743164e-01 -1.954348683357238770e-01 -2.434868812561035156e-01 -6.288921833038330078e-02
-4.453608393669128418e-01 -1.084733009338378906e-02 4.535499811172485352e-01 9.542727470397949219e-02 -3.335162401199340820e-01 -1.540994644165039062e-02
-4.429888725280761719e-01 -4.609638452529907227e-02 6.414334774017333984e-01 -1.897875070571899414e-01 -3.671177625656127930e-01 1.223535537719726562e-01
-2.631831765174865723e-01 -1.532829999923706055e-01 4.196248054504394531e-01 -3.442800045013427734e-01 -2.521820068359375000e-01 -2.085136175155639648e-01
-2.549730539321899414e-01 -2.238066792488098145e-01 5.372751951217651367e-01 -2.166362404823303223e-01 -2.437849640846252441e-01 -2.497339248657226562e-01
-3.423648476600646973e-01 -1.859143972396850586e-01 4.955159425735473633e-01 -3.009942770004272461e-01 -1.511532068252563477e-01 -1.065629720687866211e-01
-5.973802804946899414e-01 -1.416140198707580566e-01 3.763213157653808594e-01 -1.496987938880920410e-01 -2.340360879898071289e-01 -1.552276015281677246e-01
-6.006523370742797852e-01 -1.036444306373596191e-01 4.213083982467651367e-01 -2.267671227455139160e-01 -3.578763604164123535e-01 -1.092591881752014160e-01
-7.012457847595214844e-01 5.881500244140625000e-02 5.280587673187255859e-01 -5.593740940093994141e-02 -3.440319895744323730e-01 1.045966148376464844e-01
-3.643706440925598145e-01 -1.882725954055786133e-01 3.639125823974609375e-01 9.314739704132080078e-02 -2.835586667060852051e-01 1.458275318145751953e-02
-2.504366040229797363e-01 -3.254776000976562500e-01 5.395561456680297852e-01 8.538269996643066406e-02 -5.432486534118652344e-03 3.855729103088378906e-02
-3.353291153907775879e-01 -5.702449083328247070e-01 5.096549987792968750e-01 9.796524047851562500e-02 5.697333812713623047e-02 -9.474754333496093750e-02
-2.144690752029418945e-01 -4.620506167411804199e-01 3.845667839050292969e-01 -2.096164226531982422e-01 -3.265754580497741699e-01 -6.207090616226196289e-02
4.252195358276367188e-02 -3.902057409286499023e-01 2.955331802368164062e-01 -4.731974601745605469e-01 -1.649743318557739258e-01 1.481169462203979492e-01
5.112695693969726562e-02 -2.972969412803649902e-01 5.030345916748046875e-02 -5.765265226364135742e-01 -1.297686100006103516e-01 2.598627805709838867e-01
-4.619091749191284180e-02 -1.587883830070495605e-01 4.331386089324951172e-02 -6.156976222991943359e-01 -1.767781972885131836e-01 3.943839073181152344e-01
1.216089725494384766e-02 -2.147588729858398438e-01 8.114337921142578125e-02 -5.176832675933837891e-01 -3.432595729827880859e-02 3.428549766540527344e-01
7.910501956939697266e-02 -1.825605034828186035e-01 1.155185699462890625e-01 -5.217080116271972656e-01 -2.703094482421875000e-02 3.914731740951538086e-01
6.453633308410644531e-03 -1.775949597358703613e-01 1.164829730987548828e-01 -4.310944676399230957e-01 -4.463434219360351562e-02 4.003540277481079102e-01
-5.164599418640136719e-02 -1.123848557472229004e-01 1.280227899551391602e-01 -4.710939526557922363e-01 -7.317650318145751953e-02 4.706751108169555664e-01
-3.228712081909179688e-02 -7.150518894195556641e-02 1.518633365631103516e-01 -5.033255815505981445e-01 -6.662088632583618164e-02 5.100305080413818359e-01
-4.157370328903198242e-02 -6.099295616149902344e-02 1.087584495544433594e-01 -4.834747314453125000e-01 -8.531135320663452148e-02 5.313074588775634766e-01
-1.516579985618591309e-01 -1.315923333168029785e-01 1.467671394348144531e-01 -3.994206190109252930e-01 -7.346045970916748047e-02 4.881739616394042969e-01
-1.952326297760009766e-01 -2.608121037483215332e-01 2.653464078903198242e-01 -4.253180027008056641e-01 5.731606483459472656e-02 4.117463827133178711e-01
-2.282631397247314453e-01 -3.069769144058227539e-01 2.853827476501464844e-01 -4.306228160858154297e-01 9.294486045837402344e-02 3.115329742431640625e-01
-1.316691637039184570e-01 -1.580942273139953613e-01 1.188018321990966797e-01 -3.987498879432678223e-01 8.584880828857421875e-02 3.347022533416748047e-01
-1.743948459625244141e-01 -1.381380558013916016e-01 5.212417840957641602e-01 -4.533830881118774414e-01 2.492010593414306641e-02 4.884332418441772461e-01
5.145871639251708984e-02 -1.514235138893127441e-01 2.986545562744140625e-01 -3.355537056922912598e-01 6.206655502319335938e-02 4.301021099090576172e-01
-4.413257837295532227e-01 -2.816866040229797363e-01 3.580781221389770508e-01 -4.673569202423095703e-01 2.321779727935791016e-01 2.626971006393432617e-01
-4.835729002952575684e-01 -3.857172727584838867e-01 1.191934347152709961e-01 -4.547306299209594727e-01 6.904864311218261719e-02 1.651096343994140625e-01
-5.452984571456909180e-01 -2.548342943191528320e-01 3.359663486480712891e-01 -3.829916715621948242e-01 3.956174850463867188e-02 2.737638950347900391e-01
