1.805858612060546875e-01 -2.426726818084716797e-01 1.167142391204833984e-01 -3.421812653541564941e-01 -2.045949697494506836e-01 -4.548633098602294922e-02
-6.800061464309692383e-02 -2.864373326301574707e-01 2.064046859741210938e-01 -4.614927768707275391e-01 -2.511280775070190430e-02 -1.428065299987792969e-01
-3.159648180007934570e-02 -3.330071568489074707e-01 1.505703926086425781e-01 -4.864543080329895020e-01 4.557526111602783203e-02 -1.245207786560058594e-01
2.328710556030273438e-01 -3.291168212890625000e-01 -3.724342584609985352e-02 -5.055494904518127441e-01 3.165428638458251953e-01 -3.584567904472351074e-01
2.592009305953979492e-01 -3.340781331062316895e-01 -1.403506994247436523e-01 -5.027288198471069336e-01 3.504879474639892578e-01 -4.325422048568725586e-01
4.110376834869384766e-01 -4.348894357681274414e-01 -3.557730317115783691e-01 -5.337365865707397461e-01 4.438139200210571289e-01 -5.686886310577392578e-01
2.663424015045166016e-01 -5.679380893707275391e-01 -3.128684163093566895e-01 -3.778286576271057129e-01 4.220499992370605469e-01 -6.792185306549072266e-01
2.512201070785522461e-01 -4.073162078857421875e-01 -2.731711268424987793e-01 -5.064034461975097656e-01 2.708175182342529297e-01 -5.319819450378417969e-01
1.838171482086181641e-01 -4.170119166374206543e-01 -1.852069497108459473e-01 -4.391642212867736816e-01 2.513536214828491211e-01 -5.140460133552551270e-01
3.042687177658081055e-01 -4.643380045890808105e-01 -2.565293312072753906e-01 -4.711945652961730957e-01 3.372881412506103516e-01 -5.319718122482299805e-01
3.250560760498046875e-01 -3.567537665367126465e-01 -2.494347095489501953e-01 -5.385014414787292480e-01 2.481472492218017578e-01 -3.852734565734863281e-01
2.043657302856445312e-01 -3.902535438537597656e-01 -1.002085208892822266e-01 -6.298668384552001953e-01 2.816690206527709961e-01 -3.567594289779663086e-01
2.161114215850830078e-01 -4.898515343666076660e-01 -7.629370689392089844e-02 -5.202383995056152344e-01 3.332985639572143555e-01 -4.289548397064208984e-01
2.963548898696899414e-01 -5.272135734558105469e-01 -1.454126238822937012e-01 -5.226011872291564941e-01 4.418650865554809570e-01 -4.816794991493225098e-01
3.661183118820190430e-01 -5.309767723083496094e-01 -1.258495450019836426e-01 -6.179032325744628906e-01 5.070208311080932617e-01 -5.093402266502380371e-01
2.881063222885131836e-01 -4.170165061950683594e-01 -6.731116771697998047e-02 -6.877743005752563477e-01 4.501265287399291992e-01 -4.523383975028991699e-01
3.371281623840332031e-01 -4.594551920890808105e-01 -1.359127163887023926e-01 -6.804742813110351562e-01 4.460947513580322266e-01 -5.323905348777770996e-01
3.553748130798339844e-01 -5.032521486282348633e-01 -1.714445948600769043e-01 -6.849926710128784180e-01 5.584741830825805664e-01 -6.851979494094848633e-01
2.966579198837280273e-01 -4.487230777740478516e-01 -1.202018260955810547e-01 -7.042834758758544922e-01 4.680573940277099609e-01 -6.202091574668884277e-01
4.227986335754394531e-01 -2.665568590164184570e-01 -2.268682718276977539e-01 -7.369068861007690430e-01 3.510807752609252930e-01 -4.910902976989746094e-01
2.218838930130004883e-01 -2.239423394203186035e-01 -8.056247234344482422e-02 -7.193998098373413086e-01 2.210886478424072266e-01 -3.527752161026000977e-01
2.435352802276611328e-01 -1.881306171417236328e-01 -1.545008420944213867e-01 -7.697223424911499023e-01 2.660256624221801758e-01 -3.531895875930786133e-01
2.241137027740478516e-01 -1.068496704101562500e-02 -3.393462300300598145e-01 -6.044940948486328125e-01 1.067869663238525391e-01 -2.742279171943664551e-01
1.610946655273437500e-01 1.717293262481689453e-02 -3.964974284172058105e-01 -6.607270240783691406e-01 5.783402919769287109e-02 -1.858183741569519043e-01
2.424715757369995117e-01 7.809507846832275391e-02 -5.095355510711669922e-01 -5.430347919464111328e-01 1.400010585784912109e-01 -2.174029946327209473e-01
4.120267629623413086e-01 1.851919889450073242e-01 -7.177383899688720703e-01 -4.190028905868530273e-01 1.202512979507446289e-01 -1.759878396987915039e-01
3.608897924423217773e-01 1.977500915527343750e-01 -5.958327054977416992e-01 -1.584550738334655762e-01 -8.526492118835449219e-02 1.234906911849975586e-01
4.159632921218872070e-01 3.113443851470947266e-01 -7.465357780456542969e-01 -4.194140434265136719e-03 -1.755861639976501465e-01 2.100151777267456055e-01
1.851154565811157227e-01 4.933538436889648438e-01 -7.486127018928527832e-01 7.102537155151367188e-02 -4.362663626670837402e-01 3.902964591979980469e-01
1.928865909576416016e-01 4.657456874847412109e-01 -6.124260425567626953e-01 9.402692317962646484e-02 -3.363175392150878906e-01 4.129998683929443359e-01
4.430553913116455078e-01 4.206937551498413086e-01 -6.527220606803894043e-01 1.253784894943237305e-01 -8.222228288650512695e-02 3.363716602325439453e-01
4.425693750381469727e-01 3.435878753662109375e-01 -6.461824178695678711e-01 6.723403930664062500e-02 5.327713489532470703e-02 2.968124151229858398e-01
4.337067604064941406e-01 2.803466320037841797e-01 -5.769511461257934570e-01 8.803892135620117188e-02 1.062183380126953125e-01 2.462415695190429688e-01
3.306188583374023438e-01 4.156596660614013672e-01 -4.230665564537048340e-01 4.646956920623779297e-02 -6.878173351287841797e-02 4.428339004516601562e-01
3.964967727661132812e-01 3.915214538574218750e-01 -4.869649410247802734e-01 1.407608985900878906e-01 -7.103061676025390625e-02 3.475759029388427734e-01
3.946591615676879883e-01 3.038564920425415039e-01 -4.001476168632507324e-01 7.335782051086425781e-02 -1.744514703750610352e-02 3.094019889831542969e-01
3.137067556381225586e-01 4.309821128845214844e-01 -5.594979524612426758e-01 2.951749563217163086e-01 -2.945414781570434570e-01 4.452004432678222656e-01
2.692875862121582031e-01 5.378869771957397461e-01 -5.732978582382202148e-01 4.758419990539550781e-01 -5.436548590660095215e-01 5.775499343872070312e-01
3.853775262832641602e-01 5.376464128494262695e-01 -6.149103641510009766e-01 5.783237218856811523e-01 -4.867327809333801270e-01 5.276849269866943359e-01
5.473885536193847656e-01 5.297013521194458008e-01 -7.354545593261718750e-01 5.377432107925415039e-01 -3.195851445198059082e-01 4.793925285339355469e-01
2.963304519653320312e-01 5.747622251510620117e-01 -5.192799568176269531e-01 4.777413606643676758e-01 -2.893649935722351074e-01 4.856657981872558594e-01
5.510902404785156250e-02 5.898813009262084961e-01 -1.083023548126220703e-01 3.033399581909179688e-01 -3.366357684135437012e-01 7.123692035675048828e-01
-9.988600015640258789e-02 6.575012207031250000e-01 -7.437109947204589844e-03 2.512729167938232422e-01 -3.485057950019836426e-01 6.680513620376586914e-01
-2.475054264068603516e-01 6.140264272689819336e-01 5.751764774322509766e-02 3.276084661483764648e-01 -4.830129146575927734e-01 6.514751911163330078e-01
5.820822715759277344e-02 7.041842937469482422e-01 -9.596347808837890625e-06 2.485916614532470703e-01 -3.371611833572387695e-01 5.853886604309082031e-01
-1.357198953628540039e-01 5.993586778640747070e-01 1.409902572631835938e-01 -1.193720102310180664e-02 -3.803339004516601562e-01 4.642454385757446289e-01
3.963617086410522461e-01 6.143256425857543945e-01 -1.073681116104125977e-01 8.824658393859863281e-02 -1.152396202087402344e-01 3.737941980361938477e-01
1.854872703552246094e-01 6.493126153945922852e-01 4.226338863372802734e-02 -3.313088417053222656e-02 -1.461627483367919922e-01 4.226506948471069336e-01
4.592815637588500977e-01 6.463121175765991211e-01 -1.571996808052062988e-01 -6.497299671173095703e-02 -4.320597648620605469e-02 3.966499567031860352e-01
6.242808103561401367e-01 6.394823789596557617e-01 -3.094427585601806641e-01 -6.098836660385131836e-02 6.290912628173828125e-03 3.354588747024536133e-01
5.964076519012451172e-01 6.481097936630249023e-01 -2.495498061180114746e-01 -1.546890139579772949e-01 -7.838129997253417969e-02 3.311955928802490234e-01
4.725135564804077148e-01 5.824230909347534180e-01 -2.695512771606445312e-01 -2.065925598144531250e-01 -1.110447049140930176e-01 2.078197002410888672e-01
5.862195491790771484e-01 4.219675064086914062e-01 -2.993245124816894531e-01 -1.187798976898193359e-01 2.646565437316894531e-02 1.889550685882568359e-02
4.529842138290405273e-01 3.286825418472290039e-01 -1.099318265914916992e-01 -2.203131318092346191e-01 4.124402999877929688e-03 1.399701833724975586e-01
3.697907924652099609e-01 2.526586055755615234e-01 9.357333183288574219e-03 -4.579085111618041992e-01 2.006435394287109375e-02 1.575392484664916992e-01
-8.773362636566162109e-02 2.349594831466674805e-01 2.061456441879272461e-01 -4.978253245353698730e-01 -1.681751012802124023e-02 -9.533882141113281250e-03
-1.917384266853332520e-01 2.701348066329956055e-01 5.170434713363647461e-01 -3.186329007148742676e-01 -9.487843513488769531e-02 1.473886966705322266e-01
-1.386311054229736328e-01 3.154834508895874023e-01 4.437563419342041016e-01 -5.064308047294616699e-01 -7.400184869766235352e-02 2.187235355377197266e-01
-2.372360229492187500e-01 3.758481740951538086e-01 3.602730035781860352e-01 -4.149088263511657715e-01 -2.399786710739135742e-01 3.328260183334350586e-01
-8.654057979583740234e-03 2.792010307312011719e-01 4.429173469543457031e-02 -1.344838142395019531e-01 -1.558281779289245605e-01 1.938810348510742188e-01
-3.409635424613952637e-01 2.452262639999389648e-01 5.576444864273071289e-01 -3.571715950965881348e-01 -1.880223155021667480e-01 2.687777280807495117e-01
-4.998025298118591309e-01 5.007696151733398438e-02 5.674122571945190430e-01 -2.894359230995178223e-01 -1.315612196922302246e-01 6.028997898101806641e-02
-5.292459130287170410e-01 9.514212608337402344e-02 3.553615808486938477e-01 -4.648596048355102539e-02 -1.364747285842895508e-01 6.431913375854492188e-02
-3.577552437782287598e-01 2.246576547622680664e-01 1.984642744064331055e-01 -1.500261425971984863e-01 -7.633894681930541992e-02 1.482564210891723633e-01
-4.256290197372436523e-01 1.382672786712646484e-01 3.981385231018066406e-01 -2.310028672218322754e-01 -3.122296333312988281e-01 1.211110353469848633e-01
-4.662617444992065430e-01 1.372616291046142578e-01 3.173111677169799805e-01 -2.642105817794799805e-01 -2.418202161788940430e-01 3.798127174377441406e-02
-3.314197659492492676e-01 -1.791344285011291504e-01 4.935225248336791992e-01 -5.161231756210327148e-02 4.052275419235229492e-01 -5.107164382934570312e-01
-1.160285472869873047e-01 -4.067816734313964844e-01 3.851187229156494141e-01 7.021141052246093750e-02 4.152252674102783203e-01 -6.858396530151367188e-01
8.154487609863281250e-02 -2.641604542732238770e-01 4.870939254760742188e-01 -8.738756179809570312e-02 4.295350313186645508e-01 -3.332751989364624023e-01
2.663146257400512695e-01 -1.007190346717834473e-01 2.848848104476928711e-01 -3.057105541229248047e-01 4.531832933425903320e-01 -1.688727140426635742e-01
3.464844226837158203e-01 -4.182338714599609375e-02 2.145979404449462891e-01 -2.026177048683166504e-01 4.835474491119384766e-01 -2.018217444419860840e-01
3.708120584487915039e-01 1.925454139709472656e-01 1.588065624237060547e-01 -9.993076324462890625e-02 2.071187496185302734e-01 9.260559082031250000e-02
3.241183757781982422e-01 1.697719097137451172e-01 2.888925075531005859e-01 -2.339312434196472168e-01 3.045054674148559570e-01 8.254063129425048828e-02
4.023509025573730469e-01 2.338000535964965820e-01 1.809557676315307617e-01 -2.062658667564392090e-01 3.466027975082397461e-01 3.684413433074951172e-02
3.459488153457641602e-01 2.402412891387939453e-01 2.610512971878051758e-01 -2.090045213699340820e-01 2.528743743896484375e-01 1.045392751693725586e-01
3.337523937225341797e-01 1.296887397766113281e-01 3.639615774154663086e-01 -2.618801593780517578e-01 3.454784154891967773e-01 3.232204914093017578e-02
3.645507097244262695e-01 1.690661907196044922e-02 3.954186439514160156e-01 -3.496323227882385254e-01 3.891458511352539062e-01 -9.270709753036499023e-02
2.540844678878784180e-01 -2.601302862167358398e-01 4.999561309814453125e-01 -3.200532793998718262e-01 4.808394908905029297e-01 -3.321201801300048828e-01
5.244469642639160156e-02 -2.896117568016052246e-01 5.231680870056152344e-01 -2.674276232719421387e-01 4.746783971786499023e-01 -3.837929964065551758e-01
-1.819027662277221680e-01 -4.934787750244140625e-03 7.781206369400024414e-01 -2.511042952537536621e-01 2.803500890731811523e-01 5.687284469604492188e-02
-4.263866543769836426e-01 -4.680693149566650391e-03 4.991049766540527344e-01 -2.114548683166503906e-01 1.734734773635864258e-01 -8.980447053909301758e-02
-7.957094907760620117e-02 4.472613334655761719e-02 3.576115369796752930e-01 -1.306620240211486816e-01 2.176071405410766602e-01 -5.036646127700805664e-02
-4.458360075950622559e-01 1.395764350891113281e-01 5.498812198638916016e-01 2.026057243347167969e-02 1.146316528320312500e-02 1.918060779571533203e-01
-4.373989701271057129e-01 1.355135440826416016e-01 6.004928350448608398e-01 -9.744435548782348633e-02 -1.834523677825927734e-01 2.751240730285644531e-01
-2.351631522178649902e-01 1.289006471633911133e-01 7.115886211395263672e-01 5.478024482727050781e-02 -1.989471316337585449e-01 3.191663026809692383e-01
-2.384054064750671387e-01 -2.002090215682983398e-02 6.172991991043090820e-01 1.715898513793945312e-02 -9.608262777328491211e-02 1.193954944610595703e-01
-3.340433239936828613e-01 -8.149403333663940430e-02 3.268367052078247070e-01 1.727535724639892578e-01 -1.726932525634765625e-01 1.642000675201416016e-02
-3.524957895278930664e-01 -2.708946466445922852e-01 3.109574317932128906e-02 6.204202175140380859e-01 -4.217895269393920898e-01 -6.454145908355712891e-02
-5.004760026931762695e-01 -5.558896064758300781e-01 -2.522155642509460449e-01 6.144624948501586914e-01 -6.776958703994750977e-02 -4.537355899810791016e-01
-5.125117301940917969e-01 -5.292688012123107910e-01 8.161818981170654297e-02 3.706692457199096680e-01 -2.673147320747375488e-01 -3.951228857040405273e-01
-4.396775960922241211e-01 -5.449495315551757812e-01 8.728659152984619141e-02 4.889595508575439453e-01 -5.874361991882324219e-01 -3.263885378837585449e-01
-4.875603914260864258e-01 -5.706592202186584473e-01 2.325363159179687500e-01 5.533487796783447266e-01 -4.457420706748962402e-01 -3.103646636009216309e-01
-1.932994723320007324e-01 -7.355741262435913086e-01 2.772750854492187500e-01 8.427751064300537109e-01 -1.838524341583251953e-01 -4.583702087402343750e-01
-4.226458668708801270e-01 -6.579599380493164062e-01 1.958752870559692383e-01 6.901617050170898438e-01 -2.878165841102600098e-01 -2.711226940155029297e-01
-2.064434885978698730e-01 -5.113140344619750977e-01 2.072832584381103516e-01 2.872645854949951172e-01 -4.663317203521728516e-01 -3.484201431274414062e-01
-3.145460486412048340e-01 -6.144061088562011719e-01 9.747421741485595703e-02 3.332289457321166992e-01 -4.614762663841247559e-01 -4.548694491386413574e-01
-4.108895659446716309e-01 -6.049442291259765625e-01 7.179403305053710938e-02 5.004857778549194336e-01 -4.250753521919250488e-01 -3.611153960227966309e-01
-3.857915401458740234e-01 -5.771232843399047852e-01 4.394578933715820312e-02 6.143958568572998047e-01 -5.065702199935913086e-01 -4.482735395431518555e-01
-5.301409363746643066e-01 -2.614854574203491211e-01 1.725513935089111328e-01 5.127487182617187500e-01 -6.786577701568603516e-01 -8.218514919281005859e-02
-1.000000000000000000e+00 -2.645393013954162598e-01 2.265700101852416992e-01 2.564779520034790039e-01 -5.752375125885009766e-01 -1.676020622253417969e-01
-8.757879137992858887e-01 -3.681321740150451660e-01 2.417274713516235352e-01 3.417882919311523438e-01 -4.345313906669616699e-01 -1.710041165351867676e-01
-7.221384048461914062e-01 -3.330265879631042480e-01 2.476607561111450195e-01 1.936367750167846680e-01 -2.954157590866088867e-01 -2.782969474792480469e-01
-6.366285085678100586e-01 -1.613082289695739746e-01 3.434453010559082031e-01 2.899382114410400391e-01 -3.751260638236999512e-01 7.509005069732666016e-02
-3.618454933166503906e-01 -4.723727703094482422e-01 3.349786996841430664e-01 8.488285541534423828e-02 -6.615942716598510742e-02 -2.333328723907470703e-01
-4.080215692520141602e-01 -2.607354521751403809e-01 3.470295667648315430e-01 5.174374580383300781e-02 -1.129397749900817871e-01 -1.334651112556457520e-01
-5.811228156089782715e-01 -2.774893045425415039e-01 1.235108375549316406e-01 1.583608388900756836e-01 -1.858047842979431152e-01 -2.333706617355346680e-01
-5.054677724838256836e-01 -1.894683837890625000e-01 1.262019872665405273e-01 3.893274068832397461e-01 -3.906947374343872070e-01 -1.881686449050903320e-01
-5.926760435104370117e-01 -2.024803161621093750e-01 3.360397815704345703e-01 2.952409982681274414e-01 -1.538801789283752441e-01 2.188241481781005859e-02
-4.287589192390441895e-01 -3.432831168174743652e-01 7.101798057556152344e-02 2.311482429504394531e-01 -2.570827603340148926e-01 -2.445591092109680176e-01
-2.301291227340698242e-01 -6.523034572601318359e-01 2.357577085494995117e-01 2.979590892791748047e-01 -1.952816843986511230e-01 -3.340006470680236816e-01
-1.143234372138977051e-01 -8.195125460624694824e-01 3.388464450836181641e-02 2.608119249343872070e-01 -1.300234198570251465e-01 -5.424963235855102539e-01
-1.403771638870239258e-01 -6.902976036071777344e-01 1.966049671173095703e-01 1.565068960189819336e-01 -2.726706862449645996e-01 -3.694750070571899414e-01
-2.506726980209350586e-02 -3.804505467414855957e-01 2.541639804840087891e-01 -4.913415908813476562e-01 -3.266906738281250000e-01 2.839834690093994141e-01
9.711945056915283203e-02 -3.158619403839111328e-01 6.557428836822509766e-02 -6.050077676773071289e-01 -4.892694950103759766e-02 2.239584922790527344e-01
-6.145310401916503906e-02 -1.865474581718444824e-01 1.069167852401733398e-01 -5.875802040100097656e-01 -1.223725080490112305e-01 3.166525363922119141e-01
-1.569670438766479492e-02 -2.385188937187194824e-01 2.325342893600463867e-01 -5.529825091361999512e-01 -1.893854141235351562e-02 3.748261928558349609e-01
-5.655992031097412109e-02 -2.623652219772338867e-01 2.955983877182006836e-01 -5.079357028007507324e-01 7.871353626251220703e-02 3.648008108139038086e-01
-1.259174942970275879e-01 -1.949991583824157715e-01 3.424826860427856445e-01 -4.988468289375305176e-01 6.344985961914062500e-02 3.964492082595825195e-01
-1.808895468711853027e-01 -2.523196339607238770e-01 3.294554948806762695e-01 -3.397421240806579590e-01 1.214888095855712891e-01 3.790246248245239258e-01
-1.921075582504272461e-02 -1.233499646186828613e-01 3.068674802780151367e-01 -3.818884491920471191e-01 -3.231376409530639648e-02 4.537178277969360352e-01
-3.443234562873840332e-01 -1.796587109565734863e-01 3.944771289825439453e-01 -3.890610933303833008e-01 7.331907749176025391e-02 3.819872140884399414e-01
-1.279723644256591797e-01 -2.900393009185791016e-01 4.799293279647827148e-01 -3.545559644699096680e-01 1.048154830932617188e-01 2.822499275207519531e-01
-1.751921176910400391e-01 -1.831772327423095703e-01 4.537407159805297852e-01 -3.706765770912170410e-01 1.128714084625244141e-01 3.728190660476684570e-01
-3.290893435478210449e-01 -3.358806967735290527e-01 5.015183687210083008e-01 -4.750596284866333008e-01 9.407794475555419922e-02 2.197477817535400391e-01
4.100632667541503906e-02 -3.655893206596374512e-01 4.107052087783813477e-01 -5.826807618141174316e-01 1.321065425872802734e-01 1.037136316299438477e-01
-1.543402671813964844e-03 -3.665958046913146973e-01 3.636075258255004883e-01 -4.769464731216430664e-01 3.597927093505859375e-02 7.161903381347656250e-02
-1.247525215148925781e-04 -2.369171380996704102e-01 7.056158781051635742e-01 -4.429602622985839844e-01 -1.710482835769653320e-01 3.721902370452880859e-01
-2.417982816696166992e-01 -2.041864395141601562e-01 5.550961494445800781e-01 -5.335634946823120117e-01 -2.530514597892761230e-01 2.806773185729980469e-01
