9.986925125122070312e-02 -2.319698929786682129e-01 -3.784114122390747070e-02 -6.688084602355957031e-01 3.540139198303222656e-01 -2.755882740020751953e-01
1.840536594390869141e-01 -3.202871680259704590e-01 -1.782634854316711426e-01 -5.843356251716613770e-01 4.332128763198852539e-01 -3.545027375221252441e-01
3.055324554443359375e-01 -3.100409507751464844e-01 -3.896209001541137695e-01 -3.825136423110961914e-01 3.990188837051391602e-01 -4.215991497039794922e-01
3.487881422042846680e-01 -2.834160923957824707e-01 -3.567125201225280762e-01 -4.508559107780456543e-01 3.573907613754272461e-01 -3.992271423339843750e-01
3.864741325378417969e-01 -3.178203105926513672e-01 -3.834645152091979980e-01 -3.565257191658020020e-01 3.176624774932861328e-01 -4.669336676597595215e-01
3.632003068923950195e-01 -3.321549892425537109e-01 -3.390938043594360352e-01 -3.303923010826110840e-01 2.659834623336791992e-01 -4.651929140090942383e-01
5.021622180938720703e-01 -3.804105520248413086e-01 -4.334753751754760742e-01 -2.948088049888610840e-01 3.371732234954833984e-01 -5.546443462371826172e-01
4.741698503494262695e-01 -4.138110280036926270e-01 -3.242686390876770020e-01 -2.627450823783874512e-01 3.140494823455810547e-01 -5.366840958595275879e-01
3.818219900131225586e-01 -4.190081954002380371e-01 -2.878597378730773926e-01 -2.873589992523193359e-01 2.093439102172851562e-01 -4.785336852073669434e-01
3.649035692214965820e-01 -3.846082687377929688e-01 -2.752309441566467285e-01 -3.010843992233276367e-01 1.777181625366210938e-01 -4.621030688285827637e-01
2.665401697158813477e-01 -5.114934444427490234e-01 -2.663512825965881348e-01 -3.556936383247375488e-01 2.341300249099731445e-01 -6.097169518470764160e-01
2.729729413986206055e-01 -4.622775316238403320e-01 -2.512205243110656738e-01 -4.302408695220947266e-01 2.440893650054931641e-01 -5.670431852340698242e-01
2.982575893402099609e-01 -3.370729088783264160e-01 -3.024835586547851562e-01 -4.334006309509277344e-01 8.853220939636230469e-02 -4.107577800750732422e-01
2.628865242004394531e-01 -4.464511275291442871e-01 -2.255961894989013672e-01 -5.701906681060791016e-01 3.274002075195312500e-01 -5.237449407577514648e-01
2.125717401504516602e-01 -3.682605028152465820e-01 -1.969974040985107422e-01 -5.979043841361999512e-01 2.264029979705810547e-01 -4.305308461189270020e-01
3.524974584579467773e-01 -2.062090635299682617e-01 -1.626042127609252930e-01 -5.793967247009277344e-01 1.691327095031738281e-01 -2.297803163528442383e-01
2.919154167175292969e-01 -2.196115255355834961e-01 -2.329295277595520020e-01 -5.471801161766052246e-01 1.502795219421386719e-01 -2.911102175712585449e-01
2.574405670166015625e-01 -1.440826654434204102e-01 -2.015651464462280273e-01 -5.744596719741821289e-01 2.185583114624023438e-01 -3.004357218742370605e-01
1.514648199081420898e-01 5.887997150421142578e-02 -3.210786581039428711e-01 -6.712158918380737305e-01 -3.224855661392211914e-02 -1.783813238143920898e-01
1.179980039596557617e-01 1.132978200912475586e-01 -3.326790928840637207e-01 -6.040208339691162109e-01 -9.120792150497436523e-02 -1.580646634101867676e-01
1.830835342407226562e-01 2.106769084930419922e-01 -3.873203396797180176e-01 -4.758594632148742676e-01 -1.777657866477966309e-01 -3.082334995269775391e-02
3.820621967315673828e-02 3.194726705551147461e-01 -5.130493640899658203e-01 -2.658696770668029785e-01 -4.472278356552124023e-01 7.917118072509765625e-02
1.122506856918334961e-01 3.758164644241333008e-01 -5.882617235183715820e-01 -2.789997458457946777e-01 -4.202117919921875000e-01 1.473443508148193359e-01
3.077274560928344727e-01 3.630402088165283203e-01 -5.431267023086547852e-01 -2.250382900238037109e-01 -2.794714570045471191e-01 1.723760366439819336e-01
4.441831111907958984e-01 3.792929649353027344e-01 -6.839094161987304688e-01 -2.900165319442749023e-02 -2.142249941825866699e-01 9.332370758056640625e-02
4.228239059448242188e-01 4.259490966796875000e-01 -6.667722463607788086e-01 1.064729690551757812e-01 -3.289429545402526855e-01 2.545603513717651367e-01
3.651993274688720703e-01 3.825914859771728516e-01 -6.444833874702453613e-01 1.331105232238769531e-01 -3.454816341400146484e-01 3.093441724777221680e-01
4.191431999206542969e-01 3.780318498611450195e-01 -5.224649310111999512e-01 1.050658226013183594e-01 -2.879080176353454590e-01 3.958138227462768555e-01
5.861505270004272461e-01 3.243120908737182617e-01 -5.609868764877319336e-01 9.743130207061767578e-02 -1.625543236732482910e-01 3.215914964675903320e-01
4.671119451522827148e-01 3.647729158401489258e-01 -5.715334415435791016e-01 1.160876750946044922e-01 -2.771659493446350098e-01 3.324784040451049805e-01
5.269639492034912109e-01 3.925040960311889648e-01 -6.078963279724121094e-01 2.178343534469604492e-01 -2.890903949737548828e-01 4.069650173187255859e-01
5.171298980712890625e-01 4.103486537933349609e-01 -6.606605052947998047e-01 2.072181701660156250e-01 -3.884896636009216309e-01 4.488623142242431641e-01
3.960856199264526367e-01 3.468569517135620117e-01 -6.022610664367675781e-01 2.903079986572265625e-01 -3.882692456245422363e-01 3.628387451171875000e-01
5.664861202239990234e-01 2.844408750534057617e-01 -5.212607383728027344e-01 3.111693859100341797e-01 -2.399380803108215332e-01 3.404098749160766602e-01
5.951950550079345703e-01 2.739164829254150391e-01 -4.060685634613037109e-01 3.887810707092285156e-01 -2.262758016586303711e-01 3.833018541336059570e-01
5.242023468017578125e-01 3.938832283020019531e-01 -5.679992437362670898e-01 4.206265211105346680e-01 -3.326476812362670898e-01 4.315938949584960938e-01
4.268206357955932617e-01 4.883006811141967773e-01 -5.284874439239501953e-01 5.181968212127685547e-01 -4.772938489913940430e-01 5.568287372589111328e-01
4.509880542755126953e-01 5.356291532516479492e-01 -5.117018222808837891e-01 5.866961479187011719e-01 -4.528912901878356934e-01 5.443571805953979492e-01
3.119906187057495117e-01 6.739825010299682617e-01 -5.503528118133544922e-01 5.290757417678833008e-01 -6.076614856719970703e-01 6.827051639556884766e-01
2.855632305145263672e-01 7.045274972915649414e-01 -4.291299581527709961e-01 5.586329698562622070e-01 -4.462377429008483887e-01 7.426171302795410156e-01
2.010208368301391602e-01 7.318799495697021484e-01 -3.357781767845153809e-01 5.324934720993041992e-01 -4.752978086471557617e-01 7.898019552230834961e-01
1.889783143997192383e-01 6.479251384735107422e-01 -3.954248428344726562e-01 4.074249267578125000e-01 -3.760236501693725586e-01 5.836951732635498047e-01
5.772590637207031250e-02 6.267160177230834961e-01 -2.993463873863220215e-01 3.577165603637695312e-01 -4.340520501136779785e-01 5.753002166748046875e-01
1.484953165054321289e-01 7.959359884262084961e-01 -1.529718637466430664e-01 1.820063591003417969e-01 -4.592152833938598633e-01 6.992236375808715820e-01
3.128095865249633789e-01 7.509697675704956055e-01 -5.686601400375366211e-01 2.586518526077270508e-01 -3.882882595062255859e-01 4.707789421081542969e-01
5.038594007492065430e-01 7.735654115676879883e-01 -7.288911938667297363e-01 2.396942377090454102e-01 -2.910703420639038086e-01 3.350718021392822266e-01
4.208984375000000000e-01 7.150127887725830078e-01 -3.399874567985534668e-01 -5.285143852233886719e-04 -1.587343811988830566e-01 4.246141910552978516e-01
6.823226213455200195e-01 6.564708948135375977e-01 -4.637622833251953125e-01 -5.243408679962158203e-02 -2.316319942474365234e-02 3.254433870315551758e-01
6.135758161544799805e-01 5.925016403198242188e-01 -3.149225711822509766e-01 -7.849013805389404297e-02 -2.196729183197021484e-03 2.713360786437988281e-01
6.045148372650146484e-01 5.854858160018920898e-01 -1.476673483848571777e-01 -2.497258186340332031e-01 -8.597242832183837891e-02 3.637533187866210938e-01
6.499845981597900391e-01 5.684082508087158203e-01 -3.600056171417236328e-01 -5.024886131286621094e-02 -1.552892327308654785e-01 2.232666015625000000e-01
4.830423593521118164e-01 4.581491947174072266e-01 -2.022598981857299805e-01 -1.423500180244445801e-01 -1.045697927474975586e-01 1.058520078659057617e-01
5.636385679244995117e-01 4.476116895675659180e-01 -2.667409777641296387e-01 -2.308517694473266602e-01 -1.050274372100830078e-01 9.445822238922119141e-02
4.565626382827758789e-01 4.122921228408813477e-01 -2.456944584846496582e-01 -2.502331733703613281e-01 -9.281891584396362305e-02 6.154978275299072266e-02
3.934926986694335938e-01 1.322190761566162109e-01 -5.652958154678344727e-02 -2.273811101913452148e-01 1.148824691772460938e-01 -1.570086479187011719e-01
1.269630193710327148e-01 5.416607856750488281e-02 1.643434762954711914e-01 -3.150663375854492188e-01 1.255654096603393555e-01 -2.020855545997619629e-01
-4.587445855140686035e-01 2.924770116806030273e-01 5.116302967071533203e-01 -3.235691785812377930e-01 -2.684525251388549805e-01 1.232974529266357422e-01
-3.985398411750793457e-01 2.657973766326904297e-01 2.609152793884277344e-01 -3.701127767562866211e-01 -1.448742747306823730e-01 9.393346309661865234e-02
-3.670675158500671387e-01 2.375822067260742188e-01 2.416414022445678711e-01 -2.662219405174255371e-01 -1.645296216011047363e-01 3.442072868347167969e-02
-3.931974172592163086e-01 2.527128458023071289e-01 2.856756448745727539e-01 -8.735179901123046875e-03 -1.403188109397888184e-01 1.477330923080444336e-01
-3.572037220001220703e-01 1.485878229141235352e-01 1.196594238281250000e-01 -2.374615073204040527e-01 -4.293137788772583008e-02 -3.147023916244506836e-02
-4.364593029022216797e-01 -3.211075067520141602e-02 1.591261625289916992e-01 -3.011615872383117676e-01 2.012741565704345703e-02 -1.817135810852050781e-01
-3.552847504615783691e-01 1.531662940979003906e-01 3.332365751266479492e-01 -1.283335089683532715e-01 -2.554222941398620605e-01 5.723845958709716797e-02
-4.659670591354370117e-01 5.854797363281250000e-02 3.299095630645751953e-01 -2.944469451904296875e-02 1.272356510162353516e-02 -1.402091979980468750e-02
-6.134632229804992676e-01 1.244901418685913086e-01 3.799598217010498047e-01 -1.127547621726989746e-01 -1.046920418739318848e-01 -1.562035083770751953e-02
-3.440121412277221680e-01 2.145504951477050781e-02 3.338817358016967773e-01 3.082746267318725586e-01 -4.718869924545288086e-02 -2.269039750099182129e-01
-2.853417396545410156e-01 -7.802516222000122070e-02 5.797976255416870117e-01 2.305074930191040039e-01 1.628758907318115234e-01 -2.678641080856323242e-01
-6.006735563278198242e-02 -2.756440043449401855e-01 4.754065275192260742e-01 -1.291110515594482422e-01 2.447276115417480469e-01 -2.773306369781494141e-01
2.541862726211547852e-01 -1.519457697868347168e-01 2.926108837127685547e-01 -2.738741040229797363e-01 3.645678758621215820e-01 -1.455426216125488281e-01
4.120092391967773438e-01 -1.191469430923461914e-01 3.800487518310546875e-01 -2.026111483573913574e-01 4.475781917572021484e-01 -1.177480816841125488e-01
3.358432054519653320e-01 1.085865497589111328e-02 3.139969110488891602e-01 -1.816565394401550293e-01 1.960573196411132812e-01 1.212406158447265625e-02
4.511111974716186523e-01 7.718956470489501953e-02 3.017131090164184570e-01 -1.576713323593139648e-01 1.690337657928466797e-01 4.778003692626953125e-02
5.261371135711669922e-01 1.142095327377319336e-01 3.150159120559692383e-01 -2.236824035644531250e-01 2.355444431304931641e-01 7.424283027648925781e-02
4.849983453750610352e-01 1.826540231704711914e-01 3.132725954055786133e-01 -2.577571272850036621e-01 2.368061542510986328e-01 7.330465316772460938e-02
4.928777217864990234e-01 2.603952884674072266e-01 3.724659681320190430e-01 -3.275595903396606445e-01 1.562824249267578125e-01 1.667238473892211914e-01
4.813423156738281250e-01 1.676425933837890625e-01 3.302311897277832031e-01 -2.417043447494506836e-01 1.885529756546020508e-01 1.225262880325317383e-01
4.188340902328491211e-01 -5.239892005920410156e-02 3.192116022109985352e-01 -2.400423288345336914e-01 2.702521085739135742e-01 -7.549262046813964844e-02
1.712510585784912109e-01 -2.844902873039245605e-01 4.804809093475341797e-01 -2.032079696655273438e-01 2.899862527847290039e-01 -2.303351759910583496e-01
1.038820743560791016e-01 -4.704450964927673340e-01 3.733508586883544922e-01 -2.702662944793701172e-01 4.733188152313232422e-01 -4.577655792236328125e-01
-3.424926996231079102e-01 -2.649086713790893555e-01 6.863243579864501953e-01 -3.890249729156494141e-01 3.444403409957885742e-01 -2.876716852188110352e-01
-1.099522113800048828e-01 -1.799988746643066406e-02 6.239871978759765625e-01 -3.534015417098999023e-01 1.318726539611816406e-01 -8.997505903244018555e-02
-1.798198223114013672e-01 -5.110275745391845703e-02 5.220242738723754883e-01 -1.630777716636657715e-01 1.442674398422241211e-01 9.225964546203613281e-02
-2.520176768302917480e-01 -3.054565191268920898e-01 5.469813346862792969e-01 1.052026748657226562e-01 5.389273166656494141e-02 -2.401936054229736328e-01
-2.776198983192443848e-01 -1.960077881813049316e-01 4.890471696853637695e-01 1.434845924377441406e-01 -1.757712960243225098e-01 -1.556756496429443359e-01
-2.206411957740783691e-01 -3.578752279281616211e-02 5.304125547409057617e-01 -1.665970087051391602e-01 5.842220783233642578e-02 5.414056777954101562e-02
-1.490852236747741699e-01 -9.159743785858154297e-03 4.945462942123413086e-01 -2.719020843505859375e-01 -7.155436277389526367e-02 5.988264083862304688e-02
-2.923628091812133789e-01 -2.829523682594299316e-01 2.593712806701660156e-01 -1.889577507972717285e-01 6.696903705596923828e-02 -3.972415924072265625e-01
-2.350863814353942871e-01 -4.729995131492614746e-01 8.266091346740722656e-02 2.462717294692993164e-01 -1.793259978294372559e-01 -3.225840926170349121e-01
-2.655366063117980957e-01 -5.197497010231018066e-01 -9.447336196899414062e-03 3.015320301055908203e-01 -1.733269095420837402e-01 -4.597618579864501953e-01
-3.254684805870056152e-01 -5.235902070999145508e-01 6.118011474609375000e-02 3.591662645339965820e-01 -2.975977659225463867e-01 -3.896150588989257812e-01
-3.456197381019592285e-01 -5.996598601341247559e-01 6.234228610992431641e-02 1.919348239898681641e-01 -3.899359107017517090e-01 -4.195324778556823730e-01
-4.841289520263671875e-01 -5.049290060997009277e-01 1.281230449676513672e-01 3.566942214965820312e-01 -4.151444435119628906e-01 -2.590668797492980957e-01
-3.846467137336730957e-01 -8.599815368652343750e-01 -2.291938662528991699e-01 4.773617982864379883e-01 -2.462464570999145508e-02 -8.537870645523071289e-01
-5.154548287391662598e-01 -5.547216534614562988e-01 2.200520038604736328e-02 5.608969926834106445e-01 -4.846102595329284668e-01 -3.443638682365417480e-01
-4.582649469375610352e-01 -5.103722810745239258e-01 6.922423839569091797e-02 5.614145994186401367e-01 -5.031495094299316406e-01 -3.611225485801696777e-01
-3.352904915809631348e-01 -4.317067265510559082e-01 8.035588264465332031e-02 4.175121784210205078e-01 -6.475039720535278320e-01 -2.029426097869873047e-01
-5.257886648178100586e-01 -4.739198684692382812e-01 -3.977715969085693359e-03 3.565266132354736328e-01 -4.886946678161621094e-01 -3.357997536659240723e-01
-5.602836608886718750e-01 -5.115983486175537109e-01 9.077775478363037109e-02 2.967517375946044922e-01 -3.443668484687805176e-01 -4.274252057075500488e-01
-5.659165978431701660e-01 -4.863893985748291016e-01 1.245743036270141602e-01 4.416263103485107422e-01 -2.308695316314697266e-01 -3.798143267631530762e-01
-5.489121675491333008e-01 -2.102474570274353027e-01 2.524193525314331055e-01 2.170714139938354492e-01 -4.372287392616271973e-01 -1.516053080558776855e-01
-5.188199281692504883e-01 -3.719941377639770508e-01 3.306688070297241211e-01 -2.531697750091552734e-01 -3.316479921340942383e-02 -3.462020754814147949e-01
-5.056241750717163086e-01 -2.141188383102416992e-01 2.429854869842529297e-01 1.310383081436157227e-01 -4.048211574554443359e-01 -2.183461785316467285e-01
-3.685570359230041504e-01 -1.954504251480102539e-01 3.866964578628540039e-01 5.144822597503662109e-02 -3.287904262542724609e-01 -9.198224544525146484e-02
-3.418566584587097168e-01 -1.893203854560852051e-01 3.453209400177001953e-01 4.650032520294189453e-02 -2.046172618865966797e-01 -8.250266313552856445e-02
-3.803884983062744141e-01 -1.776940226554870605e-01 3.508794307708740234e-01 1.526799201965332031e-01 -1.896238327026367188e-01 -5.888527631759643555e-02
-3.732587099075317383e-01 -1.596297025680541992e-01 3.988693952560424805e-01 -4.023587703704833984e-02 -2.721480727195739746e-01 2.083754539489746094e-02
-3.984889984130859375e-01 -7.470667362213134766e-02 2.717392444610595703e-01 -6.026053428649902344e-02 -4.763064384460449219e-01 -5.616205930709838867e-02
-3.839199542999267578e-01 5.022525787353515625e-03 3.683384656906127930e-01 3.861618041992187500e-02 -4.124341011047363281e-01 6.001687049865722656e-02
-4.955000877380371094e-01 -3.742313385009765625e-02 3.066320419311523438e-01 5.460786819458007812e-02 -2.857921719551086426e-01 1.158144474029541016e-01
-2.023249268531799316e-01 -4.475983381271362305e-01 4.333506822586059570e-01 1.864646673202514648e-01 -3.804636001586914062e-01 -1.245540976524353027e-01
-1.962394118309020996e-01 -5.229929685592651367e-01 4.103173017501831055e-01 1.914374828338623047e-01 -4.394093155860900879e-01 2.355086803436279297e-02
-2.015092968940734863e-01 -4.703235030174255371e-01 3.537982702255249023e-01 1.507811546325683594e-01 -3.527011275291442871e-01 -7.005810737609863281e-02
-2.867275476455688477e-01 -5.475837588310241699e-01 5.664907693862915039e-01 9.585607051849365234e-02 -3.669347763061523438e-01 -7.955855131149291992e-02
-1.736392974853515625e-01 -3.909946680068969727e-01 5.158737897872924805e-01 -4.627439975738525391e-01 -1.744397878646850586e-01 2.040896415710449219e-01
-5.883580446243286133e-02 -2.587951421737670898e-01 3.256841897964477539e-01 -5.943470001220703125e-01 -2.252697348594665527e-01 3.860180377960205078e-01
-3.207761049270629883e-02 -1.926414370536804199e-01 2.989276647567749023e-01 -5.187809467315673828e-01 -1.659424304962158203e-01 3.830484151840209961e-01
-6.852525472640991211e-02 -2.536345124244689941e-01 3.796498775482177734e-01 -4.770650863647460938e-01 -1.142456531524658203e-01 4.460164308547973633e-01
-8.533966541290283203e-02 -1.896079182624816895e-01 3.282492160797119141e-01 -4.925588965415954590e-01 -5.469763278961181641e-02 4.318209886550903320e-01
-1.818377375602722168e-01 -1.757330894470214844e-01 2.633751630783081055e-01 -3.867046236991882324e-01 -8.153969049453735352e-02 4.199686050415039062e-01
-1.284277439117431641e-01 -2.378323078155517578e-01 3.523480892181396484e-01 -3.423377871513366699e-01 -2.130872011184692383e-02 3.998160362243652344e-01
-1.076819300651550293e-01 -2.266272902488708496e-01 2.918685674667358398e-01 -4.459529519081115723e-01 -8.522570133209228516e-03 3.325839042663574219e-01
-1.745166182518005371e-01 -1.396666169166564941e-01 3.142402172088623047e-01 -3.656365275382995605e-01 -9.439218044281005859e-02 4.399836063385009766e-01
-2.074523568153381348e-01 -3.366448283195495605e-01 3.233650922775268555e-01 -3.357989192008972168e-01 1.001124382019042969e-01 2.476956844329833984e-01
-1.410075426101684570e-01 -3.151032328605651855e-01 1.934802532196044922e-01 -3.554462790489196777e-01 2.811539173126220703e-02 1.776638031005859375e-01
-3.573590517044067383e-01 -2.539648413658142090e-01 4.082703590393066406e-01 -3.282504677772521973e-01 8.749723434448242188e-02 2.477211952209472656e-01
-1.797752976417541504e-01 -2.640042901039123535e-01 2.679957151412963867e-01 -2.348299622535705566e-01 -7.674884796142578125e-02 2.938687801361083984e-01
-3.403834104537963867e-01 -2.377726435661315918e-01 5.825004577636718750e-01 -2.760221958160400391e-01 -2.761527895927429199e-01 3.897995948791503906e-01
-4.042482376098632812e-02 -1.364666819572448730e-01 3.778165578842163086e-01 -3.552659153938293457e-01 -1.775828599929809570e-01 3.893005847930908203e-01
