9.986627101898193359e-02 -1.261085867881774902e-01 -6.326133012771606445e-02 -5.129417777061462402e-01 2.380195856094360352e-01 -1.013820767402648926e-01
3.698842525482177734e-01 -2.057840824127197266e-01 -2.532414793968200684e-01 -6.005120277404785156e-01 5.349322557449340820e-01 -3.463888764381408691e-01
4.207775592803955078e-01 -2.026240229606628418e-01 -2.467116117477416992e-01 -5.668783783912658691e-01 4.136538505554199219e-01 -2.434555888175964355e-01
2.473387718200683594e-01 -1.956458091735839844e-01 -8.202964067459106445e-02 -5.584881305694580078e-01 2.687643766403198242e-01 -1.676958799362182617e-01
2.824013233184814453e-01 -3.139976263046264648e-01 -2.463285326957702637e-01 -5.582908391952514648e-01 2.198628187179565430e-01 -2.852976918220520020e-01
2.675007581710815430e-01 -3.089516162872314453e-01 -1.657056212425231934e-01 -5.908171534538269043e-01 1.956328153610229492e-01 -2.899089455604553223e-01
3.235090970993041992e-01 -4.343150258064270020e-01 -1.355400085449218750e-01 -6.924461126327514648e-01 3.307720422744750977e-01 -4.605301618576049805e-01
3.316738605499267578e-01 -4.355671405792236328e-01 -9.441822767257690430e-02 -7.667538523674011230e-01 3.052232265472412109e-01 -4.667901396751403809e-01
2.559835910797119141e-01 -5.288586616516113281e-01 -6.096541881561279297e-02 -6.738375425338745117e-01 2.985948324203491211e-01 -5.134506821632385254e-01
4.297945499420166016e-01 -5.510823726654052734e-01 -8.361494541168212891e-02 -7.424991130828857422e-01 3.819960355758666992e-01 -5.201748013496398926e-01
2.754986286163330078e-01 -4.519242048263549805e-01 -1.080806851387023926e-01 -7.201706767082214355e-01 2.605504989624023438e-01 -4.452431201934814453e-01
3.721489906311035156e-01 -4.158776998519897461e-01 -1.296610236167907715e-01 -8.137186765670776367e-01 3.187861442565917969e-01 -4.664283990859985352e-01
2.593011856079101562e-01 -4.233416914939880371e-01 -8.422517776489257812e-02 -7.928651571273803711e-01 3.343765735626220703e-01 -4.634687304496765137e-01
3.503204584121704102e-01 -4.813521504402160645e-01 -1.405465006828308105e-01 -5.967711210250854492e-01 3.662674427032470703e-01 -5.245116949081420898e-01
2.524650096893310547e-01 -3.361230492591857910e-01 -1.111865043640136719e-03 -6.576596498489379883e-01 2.248742580413818359e-01 -2.926623821258544922e-01
3.749021291732788086e-01 -2.872585654258728027e-01 -1.915190219879150391e-01 -7.096782922744750977e-01 3.141622543334960938e-01 -4.306393265724182129e-01
2.698621749877929688e-01 -1.231498122215270996e-01 -1.538039445877075195e-01 -7.203189134597778320e-01 1.610788106918334961e-01 -3.126354217529296875e-01
3.344451189041137695e-01 -1.257801055908203125e-01 -1.937114000320434570e-01 -7.262299656867980957e-01 2.033526897430419922e-01 -3.256472945213317871e-01
3.125663995742797852e-01 -6.096899509429931641e-02 -1.745637059211730957e-01 -7.003517746925354004e-01 8.958184719085693359e-02 -2.716764211654663086e-01
1.967525482177734375e-01 -7.651364803314208984e-02 -2.111780643463134766e-01 -7.336263060569763184e-01 1.480560302734375000e-01 -3.470998406410217285e-01
1.459367275238037109e-01 -7.464981079101562500e-02 -2.681931257247924805e-01 -5.009236335754394531e-01 8.562374114990234375e-02 -3.600908517837524414e-01
1.247442960739135742e-01 1.841688156127929688e-01 -4.285860061645507812e-01 -4.796290993690490723e-01 -2.637787461280822754e-01 -1.509962677955627441e-01
3.205621242523193359e-02 1.673083305358886719e-01 -4.877242445945739746e-01 -4.193176031112670898e-01 -3.224471211433410645e-01 -1.322633624076843262e-01
1.715769767761230469e-01 2.113046646118164062e-01 -5.117275714874267578e-01 -3.548191785812377930e-01 -2.795615196228027344e-01 1.982748508453369141e-02
1.659916639328002930e-01 2.246465682983398438e-01 -4.840702414512634277e-01 -2.478485107421875000e-01 -2.435555458068847656e-01 3.778123855590820312e-02
3.228214979171752930e-01 2.978373765945434570e-01 -6.329944133758544922e-01 1.041936874389648438e-02 -3.369483351707458496e-01 1.075663566589355469e-01
3.813701868057250977e-01 2.712761163711547852e-01 -6.509087085723876953e-01 6.673681735992431641e-02 -2.685737609863281250e-01 9.676301479339599609e-02
4.661589860916137695e-01 1.650280952453613281e-01 -4.943926334381103516e-01 6.321954727172851562e-02 -8.130115270614624023e-02 1.871660947799682617e-01
4.257115125656127930e-01 5.232107639312744141e-02 -3.277890682220458984e-01 1.689774990081787109e-01 -8.754527568817138672e-02 1.898379325866699219e-01
3.303090333938598633e-01 2.298303842544555664e-01 -4.083214998245239258e-01 1.262586116790771484e-01 -3.573231101036071777e-01 3.612779378890991211e-01
2.849942445755004883e-01 1.348098516464233398e-01 -3.889810442924499512e-01 7.293367385864257812e-02 -1.713567972183227539e-01 2.304141521453857422e-01
2.238422632217407227e-01 8.820259571075439453e-02 -2.665205001831054688e-01 4.674017429351806641e-02 -1.913881897926330566e-01 2.356895208358764648e-01
1.774030923843383789e-01 3.650367259979248047e-02 -3.286738991737365723e-01 2.057502269744873047e-01 -2.746782302856445312e-01 1.966474056243896484e-01
2.547798156738281250e-01 -1.353198289871215820e-02 -2.971738576889038086e-01 9.095478057861328125e-02 -7.017940282821655273e-02 1.251850128173828125e-01
2.662905454635620117e-01 -4.043674468994140625e-02 -1.811061501502990723e-01 2.421672344207763672e-01 -1.164616942405700684e-01 1.846098899841308594e-01
1.675074100494384766e-01 1.099990606307983398e-01 -2.338148355484008789e-01 2.302561998367309570e-01 -2.658954262733459473e-01 2.885125875473022461e-01
3.610880374908447266e-01 2.642728090286254883e-01 -2.477583885192871094e-01 3.016535043716430664e-01 -2.824257016181945801e-01 4.238359928131103516e-01
3.479938507080078125e-01 4.637073278427124023e-01 -4.257617592811584473e-01 5.025198459625244141e-01 -4.451468586921691895e-01 6.032735109329223633e-01
1.766732931137084961e-01 6.247776746749877930e-01 -3.202042579650878906e-01 5.031012296676635742e-01 -5.609493255615234375e-01 7.464932203292846680e-01
1.255668401718139648e-01 6.212077140808105469e-01 -3.831186890602111816e-01 3.866643905639648438e-01 -4.249624013900756836e-01 6.801396608352661133e-01
-1.149260997772216797e-01 7.199860811233520508e-01 -2.539185881614685059e-01 2.489213943481445312e-01 -5.855159759521484375e-01 7.683987617492675781e-01
1.477488279342651367e-01 6.410161256790161133e-01 -3.100701570510864258e-01 4.482861757278442383e-01 -4.566902518272399902e-01 6.029235124588012695e-01
2.237936258316040039e-01 7.223381996154785156e-01 -1.097733974456787109e-01 1.469242572784423828e-01 -5.006868839263916016e-01 5.994478464126586914e-01
2.089256048202514648e-01 6.658333539962768555e-01 -1.771149039268493652e-01 1.383610963821411133e-01 -1.890275478363037109e-01 5.115195512771606445e-01
4.388217926025390625e-01 6.925319433212280273e-01 -2.042517066001892090e-01 -6.215256452560424805e-02 -7.697874307632446289e-02 4.799246788024902344e-01
3.499819040298461914e-01 6.810128688812255859e-01 -1.333574652671813965e-01 -3.458964824676513672e-02 -1.711863279342651367e-01 4.367725849151611328e-01
5.218971967697143555e-01 7.140984535217285156e-01 -2.555220127105712891e-01 -2.061856985092163086e-01 -8.028507232666015625e-02 4.363155364990234375e-01
5.977835655212402344e-01 6.542286872863769531e-01 -1.679964065551757812e-01 -2.149475216865539551e-01 6.505680084228515625e-02 3.363252878189086914e-01
5.575155019760131836e-01 6.484041213989257812e-01 -1.565010547637939453e-01 -2.844869494438171387e-01 -5.575716495513916016e-02 3.476713895797729492e-01
5.738363265991210938e-01 6.278606653213500977e-01 -1.541289687156677246e-01 -1.852408647537231445e-01 -1.081813573837280273e-01 3.668907880783081055e-01
7.426915168762207031e-01 5.605293512344360352e-01 -2.662999629974365234e-01 -1.357258558273315430e-01 -5.137562751770019531e-02 2.827731370925903320e-01
5.954242944717407227e-01 3.804409503936767578e-01 -6.982076168060302734e-02 -3.278168439865112305e-01 2.056598663330078125e-02 1.668549776077270508e-01
5.025609731674194336e-01 3.061193227767944336e-01 8.673906326293945312e-03 -4.029577970504760742e-01 7.325744628906250000e-02 9.505856037139892578e-02
4.146515130996704102e-01 7.949697971343994141e-02 3.545868396759033203e-02 -2.570758461952209473e-01 1.786568164825439453e-01 -1.462988853454589844e-01
8.237791061401367188e-02 -1.177068948745727539e-01 2.329045534133911133e-01 -5.178020000457763672e-01 2.471084594726562500e-01 -3.485330343246459961e-01
-3.941873908042907715e-01 2.021807432174682617e-01 6.156828403472900391e-01 -2.127698063850402832e-01 -1.012013554573059082e-01 1.216895580291748047e-01
-2.037609815597534180e-01 3.143730163574218750e-01 5.174894332885742188e-01 -4.318110942840576172e-01 -1.486423611640930176e-01 2.750933170318603516e-01
-3.277420997619628906e-02 1.588015556335449219e-01 2.936496734619140625e-01 -4.911123514175415039e-01 1.628686189651489258e-01 3.338897228240966797e-02
-1.631108522415161133e-01 2.701671123504638672e-01 2.852884531021118164e-01 -3.665466308593750000e-01 -7.620543241500854492e-02 8.154022693634033203e-02
-2.781028151512145996e-01 1.310874223709106445e-01 4.665886163711547852e-01 -2.461169958114624023e-01 1.216351985931396484e-02 1.030564308166503906e-02
-3.612833023071289062e-01 1.800465583801269531e-01 4.081155061721801758e-01 -3.754989504814147949e-01 -9.718298912048339844e-03 1.291850805282592773e-01
-1.109616160392761230e-01 1.206929683685302734e-01 3.323739767074584961e-01 -3.817013502120971680e-01 -1.744735240936279297e-02 -1.500725746154785156e-03
-5.561604499816894531e-01 6.523644924163818359e-02 5.721687078475952148e-01 -3.015055060386657715e-01 -7.099646329879760742e-02 7.241690158843994141e-02
-3.388574719429016113e-01 2.464926242828369141e-02 5.118701457977294922e-01 -4.202427268028259277e-01 9.828805923461914062e-04 1.051497459411621094e-02
-5.199477672576904297e-01 1.193889379501342773e-01 4.471955299377441406e-01 1.688063144683837891e-02 -2.652682065963745117e-01 4.267179965972900391e-02
-8.840823173522949219e-02 -3.418250679969787598e-01 3.480060100555419922e-01 5.755054950714111328e-02 4.485394954681396484e-01 -7.458605766296386719e-01
-1.995172500610351562e-01 -2.469397783279418945e-01 5.468841791152954102e-01 -5.391794443130493164e-02 4.994021654129028320e-01 -4.815852642059326172e-01
4.065728187561035156e-02 -1.451206803321838379e-01 6.049091815948486328e-01 -4.434463381767272949e-01 1.734467744827270508e-01 -1.738867163658142090e-01
1.309570074081420898e-01 9.533059597015380859e-02 3.006228208541870117e-01 -4.646784663200378418e-01 1.076061725616455078e-01 1.586306095123291016e-02
2.232573032379150391e-01 1.781220436096191406e-01 3.711268901824951172e-01 -5.037500858306884766e-01 1.730847358703613281e-01 8.583176136016845703e-02
3.805247545242309570e-01 3.025989532470703125e-01 3.815741539001464844e-01 -4.419596195220947266e-01 1.010388135910034180e-01 2.512788772583007812e-01
4.218811988830566406e-01 3.558380603790283203e-01 4.224102497100830078e-01 -5.567769408226013184e-01 1.714003086090087891e-01 2.755007743835449219e-01
5.119107961654663086e-01 3.684747219085693359e-01 3.492044210433959961e-01 -4.786855578422546387e-01 9.431636333465576172e-02 3.159329891204833984e-01
4.220256805419921875e-01 3.446038961410522461e-01 4.306799173355102539e-01 -4.555537104606628418e-01 7.577633857727050781e-02 2.947348356246948242e-01
3.038623332977294922e-01 3.897128105163574219e-01 4.365736246109008789e-01 -5.278573632240295410e-01 1.410245895385742188e-04 3.601325750350952148e-01
3.256957530975341797e-01 2.831782102584838867e-01 4.546074867248535156e-01 -4.867259263992309570e-01 1.030572652816772461e-01 2.897448539733886719e-01
4.184410572052001953e-01 9.264361858367919922e-02 3.924196958541870117e-01 -3.387742042541503906e-01 3.281288146972656250e-01 -4.649758338928222656e-03
2.989954948425292969e-01 5.724704265594482422e-02 4.344744682312011719e-01 -5.093415379524230957e-01 2.848954200744628906e-01 -4.871058464050292969e-02
1.142039299011230469e-01 -5.808496475219726562e-02 5.188139677047729492e-01 -5.458354949951171875e-01 1.146147251129150391e-01 -1.436206102371215820e-01
-2.592347860336303711e-01 -2.670823335647583008e-01 6.117943525314331055e-01 -5.569066405296325684e-01 2.482981681823730469e-01 -3.162887692451477051e-01
-2.807518839836120605e-01 -4.934787750244140625e-02 8.010928630828857422e-01 -4.089356660842895508e-01 1.305947303771972656e-01 -3.297209739685058594e-03
-4.171815514564514160e-01 1.179007291793823242e-01 6.798926591873168945e-01 -2.893606424331665039e-01 -5.749231576919555664e-02 8.820319175720214844e-02
-1.895717978477478027e-01 2.278089523315429688e-02 4.750860929489135742e-01 -2.921172976493835449e-01 6.039190292358398438e-02 -1.699346303939819336e-02
-2.459950447082519531e-01 -7.398015260696411133e-02 5.065147876739501953e-01 -1.693904399871826172e-01 -1.608848571777343750e-03 2.734673023223876953e-02
-2.466660737991333008e-01 3.992772102355957031e-02 6.621127128601074219e-01 -1.629965901374816895e-01 -5.857586860656738281e-02 1.245191097259521484e-01
-1.257826089859008789e-01 8.084297180175781250e-03 7.609982490539550781e-01 -3.173691034317016602e-01 -3.755450248718261719e-02 1.247285604476928711e-01
-1.892739534378051758e-01 -2.724316120147705078e-01 6.759444475173950195e-01 -2.788666486740112305e-01 2.748552560806274414e-01 -3.024854660034179688e-01
-2.330439686775207520e-01 -1.216000318527221680e-01 5.046300888061523438e-01 -3.200132250785827637e-01 3.994858264923095703e-02 -1.651803255081176758e-01
9.250509738922119141e-02 -2.863724231719970703e-01 2.624522447586059570e-01 -2.090238332748413086e-01 5.146068334579467773e-01 -6.703442335128784180e-01
-7.229894399642944336e-02 -4.206432104110717773e-01 6.019449234008789062e-02 8.608996868133544922e-02 5.456466674804687500e-01 -8.046677708625793457e-01
-1.238727569580078125e-01 -5.150686502456665039e-01 1.463299989700317383e-01 2.603186368942260742e-01 3.664432764053344727e-01 -6.604394912719726562e-01
-2.329639196395874023e-01 -6.589105129241943359e-01 5.415688753128051758e-01 2.832988500595092773e-01 3.474398851394653320e-01 -6.176196336746215820e-01
-2.232891917228698730e-01 -6.211324930191040039e-01 7.023062705993652344e-01 1.134021282196044922e-01 3.786313533782958984e-01 -4.653972983360290527e-01
-2.222030162811279297e-01 -7.356479167938232422e-01 6.969844102859497070e-01 2.007904052734375000e-01 5.295457839965820312e-01 -5.925753116607666016e-01
1.839081048965454102e-01 -8.425312042236328125e-01 5.061478614807128906e-01 -4.231953620910644531e-01 4.595109224319458008e-01 -8.416392207145690918e-01
3.356652259826660156e-01 -5.215058326721191406e-01 1.607071161270141602e-01 -4.171881675720214844e-01 4.055211544036865234e-01 -5.944319963455200195e-01
3.887338638305664062e-01 -5.353788137435913086e-01 1.622277498245239258e-01 -5.685127973556518555e-01 5.553702116012573242e-01 -5.242062807083129883e-01
3.781635761260986328e-01 -4.041710495948791504e-01 -9.858280420303344727e-02 -4.096107482910156250e-01 3.778942823410034180e-01 -5.031145811080932617e-01
1.986300945281982422e-01 -2.894264459609985352e-01 -1.022695899009704590e-01 -4.496569037437438965e-01 1.221457719802856445e-01 -3.369914889335632324e-01
1.536786556243896484e-01 -4.115270972251892090e-01 3.658437728881835938e-02 -4.617179632186889648e-01 1.753939390182495117e-01 -4.676695466041564941e-01
1.466441154479980469e-02 -3.885065317153930664e-01 2.554265260696411133e-01 -3.679572939872741699e-01 1.235741376876831055e-01 -2.870564460754394531e-01
-8.385384082794189453e-02 -3.402188420295715332e-01 4.548279047012329102e-01 -3.467926979064941406e-01 4.647815227508544922e-02 -2.311729788780212402e-01
-2.219145298004150391e-01 -4.619526863098144531e-01 9.175431728363037109e-02 -3.602365255355834961e-01 1.275126934051513672e-01 -5.840724706649780273e-01
-2.705244421958923340e-01 -3.908973932266235352e-01 5.796308517456054688e-01 -2.103146910667419434e-01 5.183470249176025391e-02 -2.639735937118530273e-01
-3.692187070846557617e-01 -2.584674954414367676e-01 4.645855426788330078e-01 -3.220151662826538086e-01 2.817320823669433594e-02 -1.683005094528198242e-01
-4.233074188232421875e-01 -2.713983058929443359e-01 1.362017393112182617e-01 -1.234340071678161621e-01 -5.035728216171264648e-02 -3.363304734230041504e-01
-4.295668601989746094e-01 -3.336926698684692383e-01 1.154128313064575195e-01 -2.961868643760681152e-01 -8.719170093536376953e-02 -3.771648406982421875e-01
-4.476414918899536133e-01 -6.730842590332031250e-02 4.347622394561767578e-01 -2.210704684257507324e-01 -2.495596408843994141e-01 3.864312171936035156e-02
-4.585577845573425293e-01 -9.174209833145141602e-02 4.527400732040405273e-01 -1.868984699249267578e-01 -1.988067030906677246e-01 1.512193679809570312e-02
-2.073610424995422363e-01 -1.469610333442687988e-01 5.417219400405883789e-01 -2.761258482933044434e-01 -2.706001996994018555e-01 -4.379802942276000977e-02
-4.482169151306152344e-01 6.898057460784912109e-02 1.482844352722167969e-01 -1.657302975654602051e-01 -1.560271978378295898e-01 6.022703647613525391e-02
-3.537974357604980469e-01 4.834196567535400391e-01 5.462564229965209961e-01 -8.035242557525634766e-03 -3.008752465248107910e-01 4.946310520172119141e-01
-3.308368921279907227e-01 3.498142957687377930e-01 2.578235864639282227e-01 4.850232601165771484e-02 -4.284390807151794434e-01 2.688380479812622070e-01
-3.217799663543701172e-01 1.205229759216308594e-01 5.598199367523193359e-02 2.518820762634277344e-02 -2.345073223114013672e-01 1.115013360977172852e-01
-1.263577342033386230e-01 3.090853691101074219e-01 -7.578670978546142578e-03 1.238507032394409180e-01 -5.745519399642944336e-01 5.312600135803222656e-01
-4.451572895050048828e-03 3.907055854797363281e-01 -2.530956268310546875e-02 1.663072109222412109e-01 -5.240604281425476074e-01 6.041752099990844727e-01
7.756471633911132812e-03 4.305093288421630859e-01 -8.884710073471069336e-02 2.021644115447998047e-01 -5.007669925689697266e-01 6.332962512969970703e-01
1.549460887908935547e-01 5.313814878463745117e-01 -2.330919504165649414e-01 2.554259300231933594e-01 -4.626406431198120117e-01 6.356878280639648438e-01
4.141533374786376953e-02 5.148272514343261719e-01 -2.294314503669738770e-01 3.039675951004028320e-01 -4.725861549377441406e-01 6.353299617767333984e-01
9.584057331085205078e-02 6.603586673736572266e-01 -1.482298970222473145e-01 2.356964349746704102e-01 -5.758720636367797852e-01 8.457382917404174805e-01
-4.360675811767578125e-03 5.221079587936401367e-01 -1.242580413818359375e-01 2.529995441436767578e-01 -5.372300744056701660e-01 7.657852172851562500e-01
-8.347690105438232422e-02 4.548305273056030273e-01 -9.117466211318969727e-02 1.868139505386352539e-01 -5.495789647102355957e-01 7.188701629638671875e-01
-1.308745741844177246e-01 5.765030384063720703e-01 -1.649896502494812012e-01 2.832787036895751953e-01 -7.343049049377441406e-01 9.217678308486938477e-01
-1.674376726150512695e-01 3.742421865463256836e-01 9.258115291595458984e-02 1.376456022262573242e-01 -4.790443778038024902e-01 6.582540273666381836e-01
-1.949177980422973633e-01 3.319760560989379883e-01 9.030663967132568359e-02 3.920024633407592773e-01 -5.275130867958068848e-01 7.427988052368164062e-01
-2.760070562362670898e-02 4.518024921417236328e-01 1.495934724807739258e-01 1.891511678695678711e-01 -6.814329624176025391e-01 8.028645515441894531e-01
2.923011779785156250e-03 2.725362777709960938e-01 1.054286956787109375e-03 2.309703826904296875e-01 -3.117076754570007324e-01 5.511299371719360352e-01
-2.434195280075073242e-01 2.155311107635498047e-01 2.950171232223510742e-01 4.499638080596923828e-02 -1.294373869895935059e-01 5.347861051559448242e-01
1.978143453598022461e-01 2.996047735214233398e-01 1.705725193023681641e-01 8.049321174621582031e-02 -5.451818704605102539e-01 5.582352876663208008e-01
