1.611648797988891602e-01 3.057572841644287109e-01 -5.274158716201782227e-02 6.977689266204833984e-02 -2.966139316558837891e-01 1.810986995697021484e-01
4.324933290481567383e-01 5.714975595474243164e-01 -2.457000613212585449e-01 1.304947137832641602e-01 -1.285336613655090332e-01 2.227270603179931641e-01
5.687646865844726562e-01 5.472656488418579102e-01 -4.404041171073913574e-01 2.264981269836425781e-01 1.930701732635498047e-02 1.018803119659423828e-01
6.192343235015869141e-01 4.895939826965332031e-01 -5.956366062164306641e-01 2.183481454849243164e-01 7.544302940368652344e-02 -1.858478784561157227e-02
7.776063680648803711e-01 5.060559511184692383e-01 -7.957245111465454102e-01 2.700989246368408203e-01 6.414139270782470703e-02 -4.350984096527099609e-02
7.588798999786376953e-01 5.135016441345214844e-01 -6.573057174682617188e-01 1.939600706100463867e-01 5.026173591613769531e-02 2.590930461883544922e-02
6.813035011291503906e-01 4.366379976272583008e-01 -5.728303194046020508e-01 1.568424701690673828e-01 1.709210872650146484e-02 6.217598915100097656e-03
6.455291509628295898e-01 5.023603439331054688e-01 -5.582777261734008789e-01 1.248975992202758789e-01 -8.587062358856201172e-03 6.500577926635742188e-02
6.857397556304931641e-01 4.549416303634643555e-01 -5.948168635368347168e-01 1.547497510910034180e-01 9.485316276550292969e-02 1.700782775878906250e-02
5.651907920837402344e-01 5.115762948989868164e-01 -5.468173623085021973e-01 2.873623371124267578e-02 1.575720310211181641e-02 6.415462493896484375e-02
5.941421985626220703e-01 4.801963567733764648e-01 -5.525603890419006348e-01 1.061145067214965820e-01 4.843795299530029297e-02 4.590058326721191406e-02
6.918449401855468750e-01 4.361269474029541016e-01 -4.573016762733459473e-01 3.118586540222167969e-02 1.389586925506591797e-01 4.124844074249267578e-02
6.908484697341918945e-01 4.004715681076049805e-01 -4.570617079734802246e-01 -2.133983373641967773e-02 2.552917003631591797e-01 -2.937501668930053711e-02
6.917954683303833008e-01 2.633653879165649414e-01 -4.085941910743713379e-01 -7.492959499359130859e-03 4.098757505416870117e-01 -1.345348954200744629e-01
8.202804327011108398e-01 2.915614843368530273e-01 -4.163463711738586426e-01 1.937246322631835938e-02 4.416226148605346680e-01 -1.319863796234130859e-01
8.413189649581909180e-01 1.595559120178222656e-01 -3.931903839111328125e-01 3.102374076843261719e-02 5.650821924209594727e-01 -2.442603111267089844e-01
8.407063484191894531e-01 2.146158218383789062e-01 -2.271611094474792480e-01 -7.923281192779541016e-02 5.188907384872436523e-01 -7.520508766174316406e-02
9.022362232208251953e-01 8.302390575408935547e-02 -2.013356685638427734e-01 -6.702536344528198242e-02 6.006608009338378906e-01 -9.599786996841430664e-02
7.757314443588256836e-01 -6.649333238601684570e-02 -5.761879682540893555e-02 -1.430177092552185059e-01 6.868513822555541992e-01 -1.319815516471862793e-01
6.647380590438842773e-01 -2.322097420692443848e-01 2.155303955078125000e-03 -9.150087833404541016e-02 7.152041196823120117e-01 -1.405897140502929688e-01
5.117672681808471680e-01 -2.145971655845642090e-01 -5.355322360992431641e-02 2.388966083526611328e-02 4.360201358795166016e-01 6.334257125854492188e-02
2.369550466537475586e-01 -2.521944046020507812e-01 -3.763985633850097656e-02 9.804558753967285156e-02 1.759424209594726562e-01 2.325956821441650391e-01
4.536746740341186523e-01 -2.769973874092102051e-01 -3.900822401046752930e-01 -1.472718119621276855e-01 2.004249095916748047e-01 8.394134044647216797e-02
2.478598356246948242e-01 -3.550425767898559570e-01 -2.724587917327880859e-03 -2.416324615478515625e-01 1.494402885437011719e-01 1.581701040267944336e-01
3.748288154602050781e-01 -3.955024480819702148e-01 6.920242309570312500e-02 -3.545802831649780273e-01 1.874387264251708984e-01 1.929986476898193359e-01
4.060306549072265625e-01 -3.116495609283447266e-01 -7.590305805206298828e-02 -3.944465517997741699e-01 1.026880741119384766e-01 7.610130310058593750e-02
3.440439701080322266e-01 -2.871154546737670898e-01 -4.384636878967285156e-03 -4.499322175979614258e-01 -6.658554077148437500e-03 1.389514207839965820e-01
4.668103456497192383e-01 -2.011877298355102539e-01 -5.949407815933227539e-02 -4.553954601287841797e-01 4.632520675659179688e-02 1.395868062973022461e-01
4.454100131988525391e-01 -3.655579686164855957e-01 6.092751026153564453e-02 -3.869512081146240234e-01 1.763677597045898438e-01 4.468286037445068359e-02
4.963945150375366211e-01 -3.493479490280151367e-01 -8.948719501495361328e-02 -3.618097305297851562e-01 4.386997222900390625e-02 7.114386558532714844e-02
3.575171232223510742e-01 -2.928285598754882812e-01 -8.565688133239746094e-02 -2.519156932830810547e-01 -1.603174805641174316e-01 1.609691381454467773e-01
5.097242593765258789e-01 -4.342974424362182617e-01 -4.995751380920410156e-02 -2.386006712913513184e-01 4.066765308380126953e-02 -6.137412786483764648e-02
6.504175662994384766e-01 -4.767808914184570312e-01 -9.516513347625732422e-02 -3.050171732902526855e-01 1.644303798675537109e-01 -1.557157635688781738e-01
5.309344530105590820e-01 -5.055772066116333008e-01 -2.367156744003295898e-02 -3.905594348907470703e-01 2.183500528335571289e-01 -1.229301691055297852e-01
5.907526016235351562e-01 -4.881383180618286133e-01 -8.280968666076660156e-02 -2.656230926513671875e-01 1.040943861007690430e-01 -5.917066335678100586e-02
5.505501031875610352e-01 -4.934703111648559570e-01 -6.308430433273315430e-02 -2.550877928733825684e-01 -3.918713331222534180e-02 -1.257640123367309570e-02
5.992720127105712891e-01 -4.966869950294494629e-01 -6.347477436065673828e-02 -1.527306437492370605e-01 -2.400901317596435547e-01 3.388798236846923828e-02
5.108464956283569336e-01 -5.512477755546569824e-01 7.847011089324951172e-02 -2.865906357765197754e-01 1.233577728271484375e-03 -9.701633453369140625e-02
4.872727394104003906e-01 -5.291516780853271484e-01 -3.272300958633422852e-02 -2.383015751838684082e-01 -4.585295915603637695e-02 -5.147528648376464844e-02
3.868038654327392578e-01 -4.738443493843078613e-01 9.298968315124511719e-02 -2.537496089935302734e-01 -6.520360708236694336e-02 -2.550369501113891602e-02
4.426300525665283203e-01 -5.378365516662597656e-01 -4.598975181579589844e-03 -1.705960631370544434e-01 -9.400445222854614258e-02 -7.964020967483520508e-02
4.761633872985839844e-01 -4.744682908058166504e-01 4.382133483886718750e-02 -2.025170326232910156e-01 -2.744065523147583008e-01 -4.828494787216186523e-02
4.209854602813720703e-01 -5.321679115295410156e-01 8.091831207275390625e-02 -2.933837175369262695e-01 -1.950423121452331543e-01 -1.352071762084960938e-02
3.169370889663696289e-01 -5.957536101341247559e-01 1.240997314453125000e-01 -3.641718029975891113e-01 7.348895072937011719e-03 -1.166187524795532227e-01
4.718441963195800781e-01 -5.657863616943359375e-01 8.763027191162109375e-02 -4.794046878814697266e-01 1.615316867828369141e-01 -7.756543159484863281e-02
3.341464996337890625e-01 -5.004140138626098633e-01 2.062159776687622070e-01 -4.968880414962768555e-01 9.467124938964843750e-02 1.276867389678955078e-01
3.652089834213256836e-01 -4.866470694541931152e-01 1.623547077178955078e-01 -4.816348552703857422e-01 2.797837257385253906e-01 1.178848743438720703e-02
5.769020318984985352e-01 -4.941319823265075684e-01 -1.254558563232421875e-03 -4.057165980339050293e-01 5.356562137603759766e-01 -2.043936252593994141e-01
6.089996099472045898e-01 -4.462898969650268555e-01 -5.000770092010498047e-02 -5.113560557365417480e-01 7.642335891723632812e-01 -3.720076084136962891e-01
4.699387550354003906e-01 -2.430638670921325684e-01 -1.169513463973999023e-01 -5.442863702774047852e-01 6.424612998962402344e-01 -2.867876887321472168e-01
3.862733840942382812e-01 -1.774493455886840820e-01 -3.316074609756469727e-01 -4.366819858551025391e-01 5.892152786254882812e-01 -3.439142107963562012e-01
2.330477237701416016e-01 -1.619982719421386719e-02 -4.145626425743103027e-01 -2.858207225799560547e-01 3.424214124679565430e-01 -1.778906583786010742e-01
4.781651496887207031e-02 1.186734437942504883e-01 -4.011390209197998047e-01 -1.414221525192260742e-01 7.494437694549560547e-02 5.503559112548828125e-02
1.883713006973266602e-01 2.455840110778808594e-01 -5.312222242355346680e-01 -3.695952892303466797e-02 -3.142511844635009766e-02 1.662453413009643555e-01
1.156427860260009766e-01 3.423978090286254883e-01 -5.273867845535278320e-01 -4.872357845306396484e-02 -1.234666705131530762e-01 2.569228410720825195e-01
3.222069740295410156e-01 3.105018138885498047e-01 -7.500455975532531738e-01 3.370523452758789062e-02 -1.243321895599365234e-01 2.086702585220336914e-01
1.803790330886840820e-01 3.548158407211303711e-01 -5.942723155021667480e-01 1.360623836517333984e-01 -2.636552453041076660e-01 3.551183938980102539e-01
1.531579494476318359e-01 3.015414476394653320e-01 -6.072047948837280273e-01 1.767079830169677734e-01 -2.701863646507263184e-01 3.074456453323364258e-01
1.733454465866088867e-01 2.733019590377807617e-01 -6.103717684745788574e-01 7.142567634582519531e-02 -1.317209601402282715e-01 1.498342752456665039e-01
1.414306163787841797e-01 3.440641164779663086e-01 -5.949739217758178711e-01 -1.097185611724853516e-01 -1.402437686920166016e-01 1.698377132415771484e-01
1.344188451766967773e-01 3.231780529022216797e-01 -4.358013272285461426e-01 -3.143168091773986816e-01 -2.594614028930664062e-02 1.631352901458740234e-01
3.169898986816406250e-01 2.414849996566772461e-01 -5.312850475311279297e-01 -3.721660375595092773e-01 1.896420717239379883e-01 -4.285460710525512695e-02
4.618916511535644531e-01 4.775774478912353516e-02 -5.001669526100158691e-01 -4.741681814193725586e-01 4.844313859939575195e-01 -2.945490479469299316e-01
5.475842952728271484e-01 -2.316148877143859863e-01 -2.179483175277709961e-01 -3.969294428825378418e-01 7.274045944213867188e-01 -4.260543584823608398e-01
6.234378814697265625e-01 -4.286476373672485352e-01 -1.638776063919067383e-01 -2.799685597419738770e-01 7.066521644592285156e-01 -3.898290395736694336e-01
3.660174608230590820e-01 -4.579325318336486816e-01 6.533372402191162109e-02 -4.091192483901977539e-01 4.123222827911376953e-01 -9.026211500167846680e-02
2.137172222137451172e-01 -3.118033409118652344e-01 -5.739277601242065430e-02 -5.443789362907409668e-01 8.384251594543457031e-02 8.708739280700683594e-02
2.482298612594604492e-01 -2.659493684768676758e-01 -1.905482411384582520e-01 -5.868790745735168457e-01 -3.746867179870605469e-03 8.357548713684082031e-02
2.495169639587402344e-01 -2.528305053710937500e-01 -1.325871348381042480e-01 -5.393044352531433105e-01 -8.391928672790527344e-02 1.575708389282226562e-01
2.476779222488403320e-01 -2.193822264671325684e-01 -1.462209820747375488e-01 -5.989508628845214844e-01 -1.504025459289550781e-01 2.121785879135131836e-01
3.009169101715087891e-01 -3.728299140930175781e-01 -8.722430467605590820e-02 -4.888048768043518066e-01 -5.322307348251342773e-02 1.059095859527587891e-01
3.621716499328613281e-01 -3.031752705574035645e-01 -2.258722782135009766e-01 -4.345992803573608398e-01 -1.671714186668395996e-01 1.639745235443115234e-01
2.644958496093750000e-01 -2.383297085762023926e-01 -1.214460134506225586e-01 -4.078960418701171875e-01 -2.699354290962219238e-01 2.512825727462768555e-01
3.674910068511962891e-01 -3.277465701103210449e-01 -1.182674765586853027e-01 -2.756912112236022949e-01 -1.775178313255310059e-01 1.706126928329467773e-01
3.131124973297119141e-01 -2.937095165252685547e-01 -7.893049716949462891e-02 -3.596754074096679688e-01 -1.994253993034362793e-01 1.921973228454589844e-01
2.603566646575927734e-01 -2.968215346336364746e-01 -1.112531423568725586e-01 -3.381263017654418945e-01 -2.345199584960937500e-01 1.652628183364868164e-01
1.616864204406738281e-01 -3.471032381057739258e-01 -1.171817779541015625e-01 -3.275790810585021973e-01 -2.934535741806030273e-01 1.766853332519531250e-01
2.223515510559082031e-01 -3.941270709037780762e-01 -7.215774059295654297e-02 -3.559887409210205078e-01 -1.504309773445129395e-01 6.755661964416503906e-02
2.446655035018920898e-01 -3.835284113883972168e-01 -8.251577615737915039e-02 -3.902567028999328613e-01 -1.468748450279235840e-01 1.083323955535888672e-01
2.600194215774536133e-01 -3.891147971153259277e-01 -1.008953452110290527e-01 -2.503334879875183105e-01 -1.805970072746276855e-01 8.644342422485351562e-02
2.081147432327270508e-01 -4.466291666030883789e-01 -1.432583332061767578e-01 -3.586553931236267090e-01 -1.493800878524780273e-01 1.467561721801757812e-02
2.416174411773681641e-01 -5.502756237983703613e-01 -2.548601031303405762e-01 -3.887035846710205078e-01 1.668071746826171875e-02 -1.860352754592895508e-01
2.928291559219360352e-01 -5.725687742233276367e-01 -3.149216771125793457e-01 -3.039621710777282715e-01 -1.639693975448608398e-02 -2.423774600028991699e-01
2.785969972610473633e-01 -4.459064602851867676e-01 -2.547284960746765137e-01 -2.834516167640686035e-01 -1.692476272583007812e-01 -1.241147518157958984e-02
3.752293586730957031e-01 -5.342525243759155273e-01 -1.966232061386108398e-01 -2.746018171310424805e-01 -1.112735271453857422e-02 -8.285254240036010742e-02
3.010907173156738281e-01 -4.506310224533081055e-01 -2.704637050628662109e-01 -3.558512330055236816e-01 -2.362672686576843262e-01 -5.879569053649902344e-02
2.489405870437622070e-01 -4.278655648231506348e-01 -2.024291753768920898e-01 -3.321463465690612793e-01 -3.017573356628417969e-01 -9.292191267013549805e-02
1.531423330307006836e-01 -3.647539615631103516e-01 -1.559806466102600098e-01 -3.833948969841003418e-01 -2.767675518989562988e-01 1.209497451782226562e-02
-1.026527285575866699e-01 -6.527415513992309570e-01 -1.818858385086059570e-01 -2.614116072654724121e-01 -3.070834875106811523e-01 -3.403038978576660156e-01
-1.213133335113525391e-03 -7.043095827102661133e-01 -1.045773625373840332e-01 -2.596737742424011230e-01 -2.305703759193420410e-01 -3.273165822029113770e-01
1.232366561889648438e-01 -7.189723253250122070e-01 1.716113090515136719e-02 -2.992166280746459961e-01 -1.420433521270751953e-01 -3.303807973861694336e-01
2.374029159545898438e-02 -7.015355229377746582e-01 -4.024738073348999023e-02 -1.607612967491149902e-01 -1.623225212097167969e-01 -2.993187904357910156e-01
2.267963886260986328e-01 -6.716564297676086426e-01 5.690062046051025391e-02 -4.137600064277648926e-01 -1.225739717483520508e-01 -2.083424329757690430e-01
3.273472785949707031e-01 -6.312571763992309570e-01 8.548295497894287109e-02 -2.442716956138610840e-01 -1.405700445175170898e-01 -1.002764701843261719e-02
3.554332256317138672e-01 -6.755350828170776367e-01 -1.427733898162841797e-02 -3.709213733673095703e-01 -1.188524365425109863e-01 -2.089088559150695801e-01
3.171902894973754883e-01 -7.245619297027587891e-01 2.519893646240234375e-02 -4.483226537704467773e-01 -6.283801794052124023e-02 -1.262772083282470703e-01
3.679989576339721680e-01 -5.035662651062011719e-01 -5.556064844131469727e-02 -3.098371028900146484e-01 -3.494638800621032715e-01 -5.985140800476074219e-03
4.441051483154296875e-01 -5.284610986709594727e-01 -1.441941261291503906e-01 -3.786366581916809082e-01 -2.807571291923522949e-01 -1.427851915359497070e-01
2.648395299911499023e-01 -5.577492117881774902e-01 -6.026417016983032227e-02 -1.063376069068908691e-01 -3.656805157661437988e-01 -1.247994899749755859e-01
2.661248445510864258e-01 -5.045028924942016602e-01 -1.947420835494995117e-02 -2.103412151336669922e-01 -3.366416096687316895e-01 -9.263032674789428711e-02
8.116161823272705078e-02 -6.778497099876403809e-01 5.882942676544189453e-02 -1.649803519248962402e-01 -3.607067465782165527e-01 -2.692015767097473145e-01
-8.987820148468017578e-02 -5.653725862503051758e-01 1.906759738922119141e-01 1.301938295364379883e-01 -3.767632842063903809e-01 -2.465538978576660156e-01
-2.839599847793579102e-01 -5.607250928878784180e-01 1.759420633316040039e-01 2.559750080108642578e-01 -4.124123454093933105e-01 -2.676325440406799316e-01
-2.009015679359436035e-01 -4.896661639213562012e-01 2.875416278839111328e-01 -1.124771833419799805e-01 -4.294452667236328125e-01 -2.304669618606567383e-01
-1.322299242019653320e-01 -5.388411283493041992e-01 2.560431957244873047e-01 -7.776492834091186523e-02 -2.253604531288146973e-01 -2.579513788223266602e-01
8.332014083862304688e-03 -6.404806375503540039e-01 1.514103412628173828e-01 4.268383979797363281e-02 -2.466800212860107422e-01 -4.124029278755187988e-01
-3.878116607666015625e-02 -5.144019126892089844e-01 -6.734067201614379883e-02 -6.357437372207641602e-02 -2.076060771942138672e-01 -3.581861853599548340e-01
-2.882294654846191406e-01 -7.072277069091796875e-01 -1.012331247329711914e-02 -2.317690849304199219e-02 7.781052589416503906e-02 -5.593775510787963867e-01
-2.715508937835693359e-01 -5.037453174591064453e-01 7.386410236358642578e-02 1.266933679580688477e-01 -1.210070252418518066e-01 -3.347347378730773926e-01
-3.507718443870544434e-01 -3.843849301338195801e-01 -2.131907343864440918e-01 -1.117601990699768066e-01 -3.414716124534606934e-01 -3.950017690658569336e-01
-3.787203431129455566e-01 -2.702311277389526367e-01 4.122413396835327148e-01 -1.222085356712341309e-01 -4.653519988059997559e-01 5.080485343933105469e-02
-3.965471386909484863e-01 -3.775694370269775391e-01 2.655100822448730469e-01 3.596782684326171875e-02 -5.118552446365356445e-01 -5.898535251617431641e-02
-3.190502524375915527e-01 -6.715453267097473145e-01 1.514977216720581055e-01 1.471729278564453125e-01 -3.099913597106933594e-01 -2.263423800468444824e-01
-4.011877775192260742e-01 -5.593004226684570312e-01 3.391356468200683594e-01 3.305287361145019531e-01 -4.692484736442565918e-01 -2.002638578414916992e-01
-4.421919584274291992e-02 -6.588358879089355469e-01 2.224128246307373047e-01 1.707698106765747070e-01 -4.719010591506958008e-01 -3.412076830863952637e-01
1.732145547866821289e-01 -5.823120474815368652e-01 7.630836963653564453e-02 -2.108909487724304199e-01 -5.005767345428466797e-01 -2.054123282432556152e-01
3.734345436096191406e-01 -5.858956575393676758e-01 -1.550983190536499023e-01 -2.696226239204406738e-01 -4.836529493331909180e-01 -2.115617990493774414e-01
4.638714790344238281e-01 -5.447829961776733398e-01 -2.171791791915893555e-01 -2.753526568412780762e-01 -4.572054147720336914e-01 -2.898222208023071289e-01
4.722805023193359375e-01 -5.524622797966003418e-01 -1.829450130462646484e-01 -2.975280880928039551e-01 -4.873462319374084473e-01 -2.096126079559326172e-01
4.432018995285034180e-01 -5.161822438240051270e-01 -1.410966515541076660e-01 -3.413413166999816895e-01 -4.543083310127258301e-01 -1.416429281234741211e-01
3.773337602615356445e-01 -5.110602974891662598e-01 -1.915314793586730957e-01 -1.697984337806701660e-01 -5.791045427322387695e-01 -1.126857995986938477e-01
3.546948432922363281e-01 -5.424441695213317871e-01 -4.745900630950927734e-02 -1.551469564437866211e-01 -6.120769977569580078e-01 -2.106928825378417969e-02
3.788830041885375977e-01 -5.050150156021118164e-01 -4.326373338699340820e-02 -2.816991209983825684e-01 -3.839326500892639160e-01 -1.079680323600769043e-01
3.519933223724365234e-01 -4.689903855323791504e-01 6.810975074768066406e-02 -3.557468652725219727e-01 -3.959783315658569336e-01 -3.112238645553588867e-02
2.693896293640136719e-01 -5.173219442367553711e-01 1.118606328964233398e-01 -2.812191843986511230e-01 -4.192110300064086914e-01 -2.944588661193847656e-02
2.937099933624267578e-01 -6.312153339385986328e-01 3.344931602478027344e-01 -2.892519235610961914e-01 -2.380002737045288086e-01 5.522847175598144531e-03
1.741538047790527344e-01 -6.067982316017150879e-01 4.796251058578491211e-01 -5.386202335357666016e-01 -6.730985641479492188e-02 -1.177482008934020996e-01
-3.173093795776367188e-01 -4.498779773712158203e-01 3.269131183624267578e-01 -2.201423048973083496e-01 -1.153635382652282715e-01 -1.806131005287170410e-01
3.413045406341552734e-02 -4.749661684036254883e-01 2.202391624450683594e-01 -3.318583965301513672e-01 -1.247755289077758789e-01 -2.979725003242492676e-01
3.773593902587890625e-02 -4.887754917144775391e-01 2.690676450729370117e-01 -3.770604133605957031e-01 -1.253914833068847656e-01 -2.629181146621704102e-01
-3.726066350936889648e-01 -3.068014979362487793e-01 3.142981529235839844e-01 -1.923472881317138672e-01 -1.918927431106567383e-01 5.211794376373291016e-02
-2.580776810646057129e-01 -3.930355906486511230e-01 1.436295509338378906e-01 -3.671472668647766113e-01 -2.624107599258422852e-01 -1.642891764640808105e-01
-6.137430667877197266e-02 -4.890497922897338867e-01 2.383229732513427734e-01 -2.600989937782287598e-01 -1.478347182273864746e-01 -1.874753832817077637e-01
1.568000316619873047e-01 -3.568332791328430176e-01 2.729849815368652344e-01 -2.645377516746520996e-01 -2.786831855773925781e-01 -3.125447034835815430e-02
-2.055339217185974121e-01 -1.358290314674377441e-01 5.663375854492187500e-01 -1.948505043983459473e-01 -7.709628343582153320e-02 9.113931655883789062e-02
-1.201176643371582031e-01 -7.914042472839355469e-02 5.226300954818725586e-01 6.519556045532226562e-04 -5.704301595687866211e-02 -3.444969654083251953e-02
-2.705942988395690918e-01 -2.386861443519592285e-01 6.622487306594848633e-01 2.028534412384033203e-01 1.948207616806030273e-01 -1.501985788345336914e-01
-3.856253623962402344e-02 -4.150015115737915039e-01 5.962709188461303711e-01 -8.183586597442626953e-02 1.831326484680175781e-01 -3.166586756706237793e-01
1.715304851531982422e-01 -2.551627159118652344e-02 8.023153543472290039e-01 -1.652832031250000000e-01 -7.981634140014648438e-02 1.602096557617187500e-01
4.542326927185058594e-01 1.451979875564575195e-01 5.679981708526611328e-01 -9.054809808731079102e-02 -5.496948957443237305e-02 2.248728275299072266e-01
2.195976972579956055e-01 2.787821292877197266e-01 4.842835664749145508e-01 -2.296900749206542969e-01 -2.659269571304321289e-01 1.328336000442504883e-01
4.059971570968627930e-01 1.586815118789672852e-01 2.103058099746704102e-01 -1.483163833618164062e-01 -3.255585432052612305e-01 9.498107433319091797e-02
1.929250955581665039e-01 8.734464645385742188e-02 4.492735862731933594e-01 -2.604429721832275391e-01 -1.751582622528076172e-01 2.813518047332763672e-02
4.824994802474975586e-01 2.398829460144042969e-01 5.314947366714477539e-01 -3.017883300781250000e-01 -1.499136090278625488e-01 1.929466724395751953e-01
5.487042665481567383e-01 3.801760673522949219e-01 3.844563961029052734e-01 -1.699615120887756348e-01 -2.801703810691833496e-01 3.448567390441894531e-01
4.600857496261596680e-01 2.980241775512695312e-01 4.521727561950683594e-01 -2.424818873405456543e-01 -2.877565026283264160e-01 3.903161287307739258e-01
4.654003381729125977e-01 5.463373661041259766e-02 4.667869806289672852e-01 -2.214704155921936035e-01 -1.603446602821350098e-01 1.652839183807373047e-01
7.668852806091308594e-02 -2.527945041656494141e-01 6.431590318679809570e-01 -3.717424273490905762e-01 -9.868621826171875000e-02 -1.408154964447021484e-01
-2.018743753433227539e-01 -2.555962204933166504e-01 6.024557352066040039e-01 -3.501133918762207031e-01 2.874088287353515625e-02 -2.334579825401306152e-01
-2.341443300247192383e-01 -8.105772733688354492e-02 6.674811840057373047e-01 -2.647579312324523926e-01 -1.429156064987182617e-01 -4.828298091888427734e-02
-4.240118861198425293e-01 -7.848495244979858398e-02 6.488944292068481445e-01 -6.604552268981933594e-03 -1.256438493728637695e-01 1.720870733261108398e-01
-8.685714006423950195e-02 -9.572792053222656250e-02 6.873610019683837891e-01 2.767574787139892578e-02 -2.550382018089294434e-01 1.054527759552001953e-01
-2.113879323005676270e-01 -1.720343828201293945e-01 6.877064704895019531e-01 -3.906559944152832031e-02 -5.030608177185058594e-02 -4.206472635269165039e-02
-2.812747359275817871e-01 -2.193601131439208984e-01 6.630115509033203125e-01 9.288048744201660156e-02 -2.027373909950256348e-01 5.377602577209472656e-02
-3.811107873916625977e-01 -9.441351890563964844e-02 6.118346452713012695e-01 4.522979259490966797e-02 -2.119007706642150879e-01 6.470096111297607422e-02
-4.456093311309814453e-01 -2.314799427986145020e-01 5.511190891265869141e-01 -1.539943814277648926e-01 -1.441385149955749512e-01 -5.661082267761230469e-02
-2.808858752250671387e-01 -4.411267638206481934e-01 4.046999216079711914e-01 5.101883411407470703e-02 -2.672634720802307129e-01 -2.236195206642150879e-01
-4.186288118362426758e-01 -6.076126098632812500e-01 4.983930587768554688e-01 1.625182628631591797e-01 -2.827780842781066895e-01 -3.317430615425109863e-01
-3.504061102867126465e-01 -5.037473440170288086e-01 4.385658502578735352e-01 1.420711278915405273e-01 -5.515129566192626953e-01 -1.931388378143310547e-01
-3.183952569961547852e-01 -4.715220332145690918e-01 2.539005279541015625e-01 3.823109865188598633e-01 -4.631567001342773438e-01 -1.856918931007385254e-01
-4.202343225479125977e-01 -3.480450510978698730e-01 3.003705739974975586e-01 5.138822793960571289e-01 -7.065873742103576660e-01 8.660447597503662109e-02
-6.113787293434143066e-01 -3.562163114547729492e-01 2.502266168594360352e-01 3.719205856323242188e-01 -6.415993571281433105e-01 4.433810710906982422e-02
-2.960301041603088379e-01 -4.857795834541320801e-01 3.858609199523925781e-01 8.364486694335937500e-02 -4.688591361045837402e-01 -1.095001697540283203e-01
-9.048366546630859375e-02 -5.995569825172424316e-01 3.228939771652221680e-01 -7.625555992126464844e-02 -5.402282476425170898e-01 -2.267212867736816406e-01
-1.384421586990356445e-01 -7.547415494918823242e-01 6.029975414276123047e-02 -2.419674396514892578e-02 -5.320867300033569336e-01 -4.041699171066284180e-01
9.051430225372314453e-02 -7.593256831169128418e-01 2.550890445709228516e-01 2.757072448730468750e-03 -3.959867954254150391e-01 -3.369452953338623047e-01
-2.476996183395385742e-02 -6.971516609191894531e-01 2.210377454757690430e-01 8.818852901458740234e-02 -4.463078975677490234e-01 -2.202288508415222168e-01
-3.035491704940795898e-02 -6.893963813781738281e-01 1.288655996322631836e-01 1.930313110351562500e-01 -5.807014703750610352e-01 -2.928045988082885742e-01
-2.820614576339721680e-01 -5.567595958709716797e-01 2.305326461791992188e-01 1.565219163894653320e-01 -7.017135620117187500e-01 -2.646868228912353516e-01
-3.631982803344726562e-01 -5.638673305511474609e-01 -7.672607898712158203e-03 1.996338367462158203e-01 -2.854977250099182129e-01 -4.046715497970581055e-01
-4.771317243576049805e-01 -3.057618141174316406e-01 3.611559867858886719e-01 1.916265487670898438e-02 -3.834473490715026855e-01 -5.424022674560546875e-05
-3.706868886947631836e-01 -3.895691633224487305e-01 1.260529756546020508e-01 -3.356486558914184570e-02 -1.678947210311889648e-01 -2.794448137283325195e-01
-2.703124284744262695e-01 -3.241041898727416992e-01 2.080472707748413086e-01 8.085095882415771484e-02 -3.201549649238586426e-01 -1.780093908309936523e-01
-1.602608561515808105e-01 -2.719669938087463379e-01 3.029724359512329102e-01 2.521753311157226562e-02 -2.676711678504943848e-01 -2.634632587432861328e-02
-2.684468626976013184e-01 -3.736227750778198242e-01 2.486265897750854492e-01 1.575731039047241211e-01 -2.133618593215942383e-01 -2.060611248016357422e-01
-5.860624313354492188e-01 -1.413858532905578613e-01 4.476706981658935547e-01 5.175375938415527344e-02 -3.066042661666870117e-01 1.786828041076660156e-02
-4.075253009796142578e-01 -3.453824520111083984e-01 4.494714736938476562e-01 -1.398915648460388184e-01 -7.185077667236328125e-02 -1.377838850021362305e-01
-3.582065105438232422e-01 -1.781298518180847168e-01 3.844163417816162109e-01 -5.558484792709350586e-02 -3.205485939979553223e-01 -8.401155471801757812e-02
-4.035899043083190918e-01 2.796107530593872070e-01 1.987526416778564453e-01 5.848455429077148438e-02 -4.764832854270935059e-01 4.310230016708374023e-01
-3.629490733146667480e-01 4.004641771316528320e-01 1.859092712402343750e-02 1.494003534317016602e-01 -3.758878111839294434e-01 2.851698398590087891e-01
-4.872103929519653320e-01 6.060827970504760742e-01 -5.374944210052490234e-02 2.356618642807006836e-01 -2.373799681663513184e-01 3.268885612487792969e-01
-5.071727633476257324e-01 3.023705482482910156e-01 1.639845371246337891e-01 -1.142136454582214355e-01 -4.081999659538269043e-01 1.588586568832397461e-01
-1.818438172340393066e-01 1.341775655746459961e-01 -8.119946718215942383e-02 1.100578308105468750e-01 -5.567128658294677734e-01 2.210717201232910156e-01
-8.615320920944213867e-02 2.425926923751831055e-01 -1.197202205657958984e-01 1.290562152862548828e-01 -4.766855835914611816e-01 4.198789596557617188e-01
-8.332097530364990234e-02 3.306103944778442383e-01 -2.016890645027160645e-01 2.049752473831176758e-01 -5.522898435592651367e-01 4.365448951721191406e-01
-8.259189128875732422e-02 4.355504512786865234e-01 -1.791114211082458496e-01 2.304967641830444336e-01 -6.454817652702331543e-01 5.526279211044311523e-01
-2.368718385696411133e-02 3.685888051986694336e-01 -1.700366735458374023e-01 1.618273258209228516e-01 -4.964678287506103516e-01 3.870371580123901367e-01
-1.682282090187072754e-01 2.930624485015869141e-01 -3.215593099594116211e-02 1.030123233795166016e-01 -5.344622135162353516e-01 4.234195947647094727e-01
-2.540832757949829102e-01 2.719862461090087891e-01 6.674289703369140625e-03 2.755653858184814453e-02 -5.651521682739257812e-01 4.239456653594970703e-01
-2.579200267791748047e-01 1.156004667282104492e-01 1.256740093231201172e-01 -1.100849509239196777e-01 -4.325936436653137207e-01 2.184008359909057617e-01
-2.413038015365600586e-01 1.894104480743408203e-01 2.313934564590454102e-01 -5.772089958190917969e-02 -7.090159654617309570e-01 3.727349042892456055e-01
-3.598932027816772461e-01 1.316194534301757812e-01 3.937941789627075195e-01 -1.233339309692382812e-03 -5.813997387886047363e-01 2.697725296020507812e-01
-7.038445472717285156e-01 1.233704090118408203e-01 2.441042661666870117e-01 -2.238554954528808594e-01 -4.787527322769165039e-01 1.434907913208007812e-01
-5.113012194633483887e-01 -4.740411043167114258e-02 4.263747930526733398e-01 7.541179656982421875e-03 -2.619523406028747559e-01 4.853761196136474609e-02
-4.603034853935241699e-01 1.043927669525146484e-02 3.399782180786132812e-01 6.110239028930664062e-02 -4.197438359260559082e-01 2.124297618865966797e-02
-6.671023368835449219e-01 1.354107856750488281e-01 4.326503276824951172e-01 1.740944385528564453e-02 -4.384969472885131836e-01 3.534808158874511719e-01
-4.732978940010070801e-01 5.376780033111572266e-02 4.410525560379028320e-01 -1.692891120910644531e-03 -3.248028159141540527e-01 1.925566196441650391e-01
-3.450200557708740234e-01 1.758027076721191406e-02 2.815948724746704102e-01 7.066369056701660156e-03 -4.962118864059448242e-01 1.307123899459838867e-01
-3.951891064643859863e-01 1.281721591949462891e-01 2.282526493072509766e-01 -1.038205623626708984e-02 -6.315515637397766113e-01 2.031170129776000977e-01
-4.151002764701843262e-01 -6.351584196090698242e-02 3.935663700103759766e-01 -1.021949052810668945e-01 -3.660298585891723633e-01 1.874438524246215820e-01
-4.150465130805969238e-01 -2.530660033226013184e-01 2.535765171051025391e-01 -6.430709362030029297e-02 -5.605506896972656250e-01 -1.158272027969360352e-01
-5.102474689483642578e-01 -3.351730704307556152e-01 2.871586084365844727e-01 1.511406898498535156e-01 -4.985541701316833496e-01 -1.300192475318908691e-01
-5.095131397247314453e-01 -4.653798341751098633e-01 2.829138040542602539e-01 4.819397926330566406e-01 -5.057054162025451660e-01 -1.531102657318115234e-01
-5.238678455352783203e-01 -5.091773271560668945e-01 1.129355430603027344e-01 2.894748449325561523e-01 -4.876092672348022461e-01 -1.411685943603515625e-01
-3.645413517951965332e-01 -3.740646839141845703e-01 4.384511709213256836e-01 1.030946969985961914e-01 -7.446300983428955078e-01 7.102000713348388672e-02
-1.481180191040039062e-01 -6.879254579544067383e-01 2.536398172378540039e-01 -1.493926644325256348e-01 -4.386919140815734863e-01 -3.530553579330444336e-01
-2.457731962203979492e-02 -5.256279706954956055e-01 3.884768486022949219e-02 -2.041723728179931641e-01 -4.633386731147766113e-01 -2.138943672180175781e-01
1.344976425170898438e-01 -3.309568762779235840e-01 2.250576019287109375e-01 -4.420968294143676758e-01 -3.710258603096008301e-01 4.239821434020996094e-02
4.002225399017333984e-02 -3.054100871086120605e-01 3.042204380035400391e-01 -4.602664113044738770e-01 -4.311881661415100098e-01 2.217681407928466797e-01
1.904507875442504883e-01 -3.637627363204956055e-01 2.177987098693847656e-01 -3.079989552497863770e-01 -3.675355315208435059e-01 1.691983938217163086e-01
1.249232292175292969e-01 -3.982221484184265137e-01 2.823953628540039062e-01 -4.290136694908142090e-01 -3.429231643676757812e-01 1.220704317092895508e-01
3.068029880523681641e-02 -4.663063287734985352e-01 2.164752483367919922e-01 -3.629584908485412598e-01 -4.206859469413757324e-01 3.430473804473876953e-02
4.801034927368164062e-03 -3.547895550727844238e-01 1.287125349044799805e-01 -3.959565162658691406e-01 -4.822648763656616211e-01 1.193372011184692383e-01
2.119934558868408203e-01 -3.343213200569152832e-01 2.089200019836425781e-01 -1.528957486152648926e-01 -3.622545599937438965e-01 9.063041210174560547e-02
-5.069494247436523438e-03 -3.473159670829772949e-01 2.466288805007934570e-01 -3.123186230659484863e-01 -4.649542570114135742e-01 5.069351196289062500e-02
2.250523567199707031e-01 -3.019884824752807617e-01 2.641713619232177734e-01 -3.249856233596801758e-01 -4.793149232864379883e-01 1.306463479995727539e-01
-4.914182424545288086e-02 -4.924046993255615234e-01 5.868494510650634766e-02 -1.812093257904052734e-01 -5.476008057594299316e-01 -9.219837188720703125e-02
1.343297958374023438e-02 -4.743975996971130371e-01 2.562867403030395508e-01 -3.253540396690368652e-01 -3.723975419998168945e-01 -2.032292485237121582e-01
2.938616275787353516e-02 -7.744193077087402344e-01 2.556101083755493164e-01 -4.027703404426574707e-01 -1.905813217163085938e-01 -4.224964380264282227e-01
-1.960715055465698242e-01 -5.842755436897277832e-01 6.104397773742675781e-02 -3.290227651596069336e-01 -3.068197965621948242e-01 -3.507586717605590820e-01
