-4.215028285980224609e-01 -1.438501477241516113e-01 5.471730232238769531e-01 -3.339380025863647461e-02 -4.018136262893676758e-01 5.572676658630371094e-02
-2.574518322944641113e-01 1.030212640762329102e-01 4.579453468322753906e-01 -1.082876920700073242e-01 -2.434248924255371094e-01 2.634726762771606445e-01
2.146259546279907227e-01 2.274509668350219727e-01 -6.501871347427368164e-02 1.379940509796142578e-01 3.472769260406494141e-02 4.986453056335449219e-02
7.462179660797119141e-02 2.153360843658447266e-01 5.117678642272949219e-02 2.126150131225585938e-01 7.624685764312744141e-02 2.267432212829589844e-02
4.605070352554321289e-01 2.693208456039428711e-01 -3.328226208686828613e-01 2.143405675888061523e-01 1.258527040481567383e-01 -4.557007551193237305e-02
4.640949964523315430e-01 3.377866744995117188e-01 -4.242393970489501953e-01 2.619482278823852539e-01 1.232788562774658203e-01 -8.062833547592163086e-02
5.662503242492675781e-01 2.533656358718872070e-01 -4.520232677459716797e-01 2.364013195037841797e-01 1.994124650955200195e-01 -1.657776236534118652e-01
5.716620683670043945e-01 1.807767152786254883e-01 -3.366274833679199219e-01 2.108483314514160156e-01 2.251143455505371094e-01 -2.078081965446472168e-01
6.432466506958007812e-01 1.436308622360229492e-01 -3.278751969337463379e-01 1.697504520416259766e-01 2.460237741470336914e-01 -1.804041266441345215e-01
7.103587388992309570e-01 1.948672533035278320e-01 -3.446640968322753906e-01 1.851571798324584961e-01 2.434707880020141602e-01 -1.704022884368896484e-01
6.859935522079467773e-01 1.751650571823120117e-01 -3.707281351089477539e-01 1.968913078308105469e-01 2.119946479797363281e-01 -1.655411720275878906e-01
6.598232984542846680e-01 1.733129024505615234e-01 -3.539987802505493164e-01 1.912835836410522461e-01 2.068222761154174805e-01 -1.697474122047424316e-01
6.414518356323242188e-01 2.178742885589599609e-01 -3.086630702018737793e-01 1.336867809295654297e-01 2.061419486999511719e-01 -1.446776390075683594e-01
7.043039798736572266e-01 1.971797943115234375e-01 -3.360591530799865723e-01 1.066415309906005859e-01 2.550193071365356445e-01 -1.417685151100158691e-01
7.137807607650756836e-01 1.920844316482543945e-01 -3.459047079086303711e-01 1.144806146621704102e-01 2.883735895156860352e-01 -1.633262038230895996e-01
6.659274101257324219e-01 2.089583873748779297e-01 -2.300298213958740234e-01 -2.879142761230468750e-02 3.073387145996093750e-01 -9.806025028228759766e-02
7.047431468963623047e-01 1.896560192108154297e-01 -1.217754483222961426e-01 -2.425312995910644531e-02 3.105041980743408203e-01 -1.659268140792846680e-02
7.586450576782226562e-01 1.444756984710693359e-01 -1.319408416748046875e-03 1.054143905639648438e-01 3.419560194015502930e-01 1.517748832702636719e-02
7.991068363189697266e-01 1.571466922760009766e-01 -1.266645193099975586e-01 1.276819705963134766e-01 3.135875463485717773e-01 1.386582851409912109e-02
9.496535062789916992e-01 -3.175634145736694336e-02 -2.220479846000671387e-01 1.609853506088256836e-01 4.527651071548461914e-01 -7.449787855148315430e-02
6.040042638778686523e-01 -9.168446063995361328e-03 6.454908847808837891e-02 -8.814632892608642578e-03 3.701709508895874023e-01 1.315159797668457031e-01
3.795020580291748047e-01 -1.132380366325378418e-01 2.625179290771484375e-01 -4.280662536621093750e-02 2.759798765182495117e-01 2.428897619247436523e-01
3.484232425689697266e-01 -2.662017941474914551e-01 2.671204805374145508e-01 -1.414360404014587402e-01 4.160250425338745117e-01 1.633908748626708984e-01
1.437300443649291992e-01 -2.204136848449707031e-01 1.365631818771362305e-01 -1.913654804229736328e-02 1.812651157379150391e-01 2.026822566986083984e-01
1.034402847290039062e-02 -3.382715582847595215e-01 2.316634654998779297e-01 -2.226752042770385742e-01 1.050496101379394531e-01 2.282735109329223633e-01
1.311746835708618164e-01 -3.535861372947692871e-01 1.867060661315917969e-01 -1.991172432899475098e-01 6.468689441680908203e-02 2.237745523452758789e-01
6.849205493927001953e-02 -2.270690798759460449e-01 5.437135696411132812e-03 -2.906760573387145996e-01 -1.081762313842773438e-01 2.684812545776367188e-01
2.265202999114990234e-01 -2.617102861404418945e-01 -1.003223657608032227e-01 -2.279208898544311523e-01 -8.777707815170288086e-02 1.123446226119995117e-01
1.016653776168823242e-01 -4.510678052902221680e-01 -1.978375911712646484e-01 -2.769201397895812988e-01 -1.070570945739746094e-02 -1.756128668785095215e-01
9.137213230133056641e-02 -3.102989792823791504e-01 -3.025369048118591309e-01 -3.832847476005554199e-01 -2.159134745597839355e-01 -3.782290220260620117e-02
1.548788547515869141e-01 -3.870655298233032227e-01 -1.384683251380920410e-01 -4.848813414573669434e-01 3.097581863403320312e-02 -1.440392732620239258e-01
2.113997936248779297e-01 -2.830662727355957031e-01 -1.813006401062011719e-01 -4.025726914405822754e-01 -4.921972751617431641e-03 -8.853721618652343750e-02
2.555930614471435547e-01 -2.695584893226623535e-01 -2.294716238975524902e-01 -3.978823423385620117e-01 -1.224787235260009766e-01 -4.633396863937377930e-02
1.399545669555664062e-01 -2.904297709465026855e-01 -1.079611778259277344e-01 -5.646855831146240234e-01 -6.462091207504272461e-02 -9.234386682510375977e-02
7.952320575714111328e-02 -4.456617832183837891e-01 -1.766520142555236816e-01 -5.448328256607055664e-01 9.959936141967773438e-04 -3.348877429962158203e-01
2.011843919754028320e-01 -2.167324423789978027e-01 -1.156556010246276855e-01 -5.160683989524841309e-01 -1.532391905784606934e-01 -4.773801565170288086e-02
2.346303462982177734e-01 -2.721835970878601074e-01 -1.406741738319396973e-01 -5.430982112884521484e-01 -1.358361840248107910e-01 -1.160081624984741211e-01
1.751050949096679688e-01 -3.342274427413940430e-01 -1.255652308464050293e-01 -3.968138098716735840e-01 -2.897118926048278809e-01 -1.047887802124023438e-01
3.079868555068969727e-01 -3.828714489936828613e-01 -2.810032963752746582e-01 -2.776688337326049805e-01 -3.055678606033325195e-01 -1.323406100273132324e-01
2.158617973327636719e-01 -3.293612599372863770e-01 -3.258941173553466797e-01 -3.007590770721435547e-01 -3.953551054000854492e-01 -1.390437483787536621e-01
2.654278278350830078e-01 -3.780939579010009766e-01 -8.230423927307128906e-02 -4.848913550376892090e-01 -1.722660064697265625e-01 -1.321840882301330566e-01
3.887127637863159180e-01 -4.510340690612792969e-01 -2.867689728736877441e-01 -5.144898891448974609e-01 -1.259087324142456055e-01 -2.464863657951354980e-01
2.303707599639892578e-01 -3.287663459777832031e-01 -3.963887095451354980e-01 -3.685729503631591797e-01 -3.438014388084411621e-01 -1.350731253623962402e-01
2.772853374481201172e-01 -3.270837664604187012e-01 -2.490015029907226562e-01 -3.461334705352783203e-01 -4.299810528755187988e-01 -4.020333290100097656e-04
3.185625076293945312e-01 -3.516453504562377930e-01 -3.059744238853454590e-01 -3.579392433166503906e-01 -2.278678417205810547e-01 -1.603896617889404297e-01
3.820483684539794922e-01 -3.543832898139953613e-01 -3.759732246398925781e-01 -3.096475601196289062e-01 -2.723783254623413086e-01 -1.444112658500671387e-01
1.754375696182250977e-01 -4.350534081459045410e-01 -1.569066047668457031e-01 -4.042688012123107910e-01 -2.071020603179931641e-01 -7.353711128234863281e-02
8.663535118103027344e-03 -4.159348011016845703e-01 -9.751754999160766602e-02 -4.284725785255432129e-01 -2.516195178031921387e-01 -4.582160711288452148e-02
-3.111308813095092773e-02 -4.244824647903442383e-01 -2.225285768508911133e-02 -4.464894533157348633e-01 -2.002555131912231445e-01 -3.877341747283935547e-02
1.344442367553710938e-03 -4.628297090530395508e-01 -9.112060070037841797e-03 -4.566217660903930664e-01 -2.114188671112060547e-02 -1.119116544723510742e-01
1.529371738433837891e-01 -4.299161434173583984e-01 -4.227191209793090820e-02 -3.416999578475952148e-01 2.055289745330810547e-01 -2.424142360687255859e-01
2.748548984527587891e-01 -3.847152590751647949e-01 -5.422705411911010742e-02 -3.325625061988830566e-01 4.289760589599609375e-01 -3.477904796600341797e-01
3.284640312194824219e-01 -2.976901531219482422e-01 -1.443054080009460449e-01 -3.638460636138916016e-01 4.804302453994750977e-01 -3.522747755050659180e-01
2.507503032684326172e-01 -1.068180203437805176e-01 -3.851065635681152344e-01 -2.023904919624328613e-01 2.527303695678710938e-01 -2.444442510604858398e-01
1.497590541839599609e-01 1.055023670196533203e-01 -3.589623570442199707e-01 -1.639075875282287598e-01 1.175633668899536133e-01 -3.959900140762329102e-02
1.131324768066406250e-01 2.576160430908203125e-01 -4.262903332710266113e-01 -2.642583847045898438e-02 -1.400499939918518066e-01 1.532897949218750000e-01
5.189776420593261719e-03 4.462597370147705078e-01 -3.839932084083557129e-01 5.006527900695800781e-02 -3.902112841606140137e-01 4.112697839736938477e-01
6.799304485321044922e-02 3.807061910629272461e-01 -4.809135794639587402e-01 1.907694339752197266e-01 -2.892737984657287598e-01 2.736310958862304688e-01
1.349050998687744141e-01 3.338584899902343750e-01 -4.596403837203979492e-01 2.685680389404296875e-01 -2.558087706565856934e-01 2.958269119262695312e-01
3.910720348358154297e-02 4.913929700851440430e-01 -5.047101378440856934e-01 3.400522470474243164e-01 -5.172805786132812500e-01 4.934542179107666016e-01
1.521435976028442383e-01 4.384665489196777344e-01 -4.853774309158325195e-01 4.940967559814453125e-01 -4.281415939331054688e-01 3.927943706512451172e-01
4.939556121826171875e-02 4.382489919662475586e-01 -4.774174094200134277e-01 4.458981752395629883e-01 -5.017830133438110352e-01 4.607882499694824219e-01
6.938123703002929688e-02 4.179868698120117188e-01 -5.318275690078735352e-01 5.375185012817382812e-01 -5.119457244873046875e-01 4.511988162994384766e-01
2.198338508605957031e-03 4.697372913360595703e-01 -4.652335643768310547e-01 4.318757057189941406e-01 -5.401796698570251465e-01 5.166926383972167969e-01
2.292394638061523438e-02 4.852381944656372070e-01 -4.642719030380249023e-01 3.445340394973754883e-01 -5.506930351257324219e-01 5.252122879028320312e-01
5.545032024383544922e-02 4.279040098190307617e-01 -5.966466665267944336e-01 4.210842847824096680e-01 -5.351469516754150391e-01 4.288810491561889648e-01
1.380206346511840820e-01 3.117527961730957031e-01 -5.626468658447265625e-01 2.331689596176147461e-01 -3.769613504409790039e-01 3.488072156906127930e-01
1.187151670455932617e-01 2.424657344818115234e-01 -5.920491814613342285e-01 2.173756361007690430e-01 -3.187050819396972656e-01 2.318874597549438477e-01
1.103538274765014648e-01 1.476325988769531250e-01 -5.105704069137573242e-01 8.872747421264648438e-03 -1.094684004783630371e-01 1.028323173522949219e-02
1.468451023101806641e-01 1.666080951690673828e-02 -4.521725773811340332e-01 -2.790593504905700684e-01 1.609132289886474609e-01 -2.576175928115844727e-01
3.289109468460083008e-01 -3.330501914024353027e-01 -1.320328116416931152e-01 -4.878853559494018555e-01 5.430696010589599609e-01 -4.654244184494018555e-01
4.194728136062622070e-01 -5.204197168350219727e-01 -9.447103738784790039e-02 -3.281105160713195801e-01 5.736418962478637695e-01 -5.852738022804260254e-01
3.198786973953247070e-01 -5.247532129287719727e-01 -1.084694266319274902e-01 -2.099707126617431641e-01 1.402184963226318359e-01 -3.933215737342834473e-01
3.319371938705444336e-01 -3.832634091377258301e-01 -1.435714364051818848e-01 -4.225896000862121582e-01 -1.937494277954101562e-01 -1.986074447631835938e-01
4.281476736068725586e-01 -2.611622214317321777e-01 -1.752339601516723633e-01 -5.275727510452270508e-01 -2.626270651817321777e-01 -2.943104505538940430e-02
3.061165809631347656e-01 -2.715342640876770020e-01 -2.712452411651611328e-01 -3.819069266319274902e-01 -2.996418476104736328e-01 -1.023606657981872559e-01
2.746031284332275391e-01 -2.379059791564941406e-01 -2.060143351554870605e-01 -2.123422622680664062e-01 -3.978580832481384277e-01 -4.373359680175781250e-02
2.778909206390380859e-01 -1.557481288909912109e-01 -1.305925250053405762e-01 -1.821224093437194824e-01 -5.280913710594177246e-01 1.116687059402465820e-01
3.156551122665405273e-01 -2.477881312370300293e-01 -6.285607814788818359e-02 -2.977592945098876953e-01 -4.389054775238037109e-01 7.316112518310546875e-02
1.858049631118774414e-01 -2.469854950904846191e-01 -1.869838237762451172e-01 -1.935502290725708008e-01 -6.192420125007629395e-01 1.766228675842285156e-02
2.878844738006591797e-01 -3.123655915260314941e-01 -1.919485330581665039e-01 -1.974942088127136230e-01 -5.019819736480712891e-01 -2.067029476165771484e-02
2.193521261215209961e-01 -3.681052923202514648e-01 -1.470187306404113770e-01 -3.044273853302001953e-01 -4.584085345268249512e-01 -1.510798335075378418e-01
1.582794189453125000e-01 -4.601615667343139648e-01 -1.906328201293945312e-01 -2.957046031951904297e-01 -4.935543537139892578e-01 -2.345212101936340332e-01
3.440499305725097656e-02 -3.966283798217773438e-01 -2.035140991210937500e-01 -3.246867656707763672e-01 -5.670188069343566895e-01 -1.018162369728088379e-01
-2.249479293823242188e-02 -3.786020874977111816e-01 -2.303114533424377441e-01 -2.896735668182373047e-01 -4.647924304008483887e-01 -1.116822361946105957e-01
2.287980318069458008e-01 -4.549630284309387207e-01 -1.993193030357360840e-01 -3.170210719108581543e-01 -2.152100801467895508e-01 -1.267997026443481445e-01
2.061653137207031250e-02 -4.130504727363586426e-01 1.185079813003540039e-01 -3.891300559043884277e-01 -3.266276717185974121e-01 -9.192639589309692383e-02
-3.389950394630432129e-01 -3.552452325820922852e-01 -4.933017492294311523e-02 -1.958273053169250488e-01 -3.545770645141601562e-01 -6.353598833084106445e-02
-2.369713187217712402e-01 -6.123988628387451172e-01 8.409810066223144531e-02 -2.855338454246520996e-01 -6.488269567489624023e-02 -4.270747303962707520e-01
-6.481927633285522461e-02 -4.589333534240722656e-01 1.093136072158813477e-01 -2.981154322624206543e-01 -2.088488936424255371e-01 -1.294549107551574707e-01
-2.702943086624145508e-01 -3.461020588874816895e-01 2.955278158187866211e-01 -1.738376617431640625e-01 -3.222992420196533203e-01 -3.802150487899780273e-02
-4.628480672836303711e-01 -2.104012966156005859e-01 1.561262607574462891e-01 -2.052851319313049316e-01 -5.584541559219360352e-01 -8.279341459274291992e-02
-3.228538632392883301e-01 -3.153570294380187988e-01 1.418912410736083984e-01 -8.934187889099121094e-02 -3.278447985649108887e-01 -1.449458599090576172e-01
-3.943780660629272461e-01 -3.646180033683776855e-01 2.239431142807006836e-01 -1.459004282951354980e-01 -1.637963056564331055e-01 -7.802897691726684570e-02
-2.245126962661743164e-01 -3.142782449722290039e-01 1.245594024658203125e-01 -1.950808167457580566e-01 -2.520186901092529297e-01 -1.067043542861938477e-01
-3.310454487800598145e-01 -4.313750267028808594e-01 6.748914718627929688e-02 -1.460639238357543945e-01 -1.596271395683288574e-01 -3.041540384292602539e-01
-1.563346982002258301e-01 -5.288648605346679688e-01 1.087450981140136719e-01 -4.395806789398193359e-01 -1.986443996429443359e-02 -3.584419488906860352e-01
-4.793584346771240234e-03 -5.621870160102844238e-01 1.334400177001953125e-01 -5.085982680320739746e-01 -2.147965431213378906e-01 -2.764869928359985352e-01
-7.950037717819213867e-02 -6.190504431724548340e-01 9.368538856506347656e-03 -2.847475409507751465e-01 -3.551522493362426758e-01 -2.907201647758483887e-01
3.216862678527832031e-03 -6.061660051345825195e-01 -7.214266061782836914e-02 -3.374294638633728027e-01 -3.817483186721801758e-01 -3.023737668991088867e-01
2.610685825347900391e-01 -5.700707435607910156e-01 -5.335646867752075195e-02 -3.314927816390991211e-01 -2.645764350891113281e-01 -1.668813228607177734e-01
1.788245439529418945e-01 -3.959321975708007812e-01 1.894127130508422852e-01 -4.583412408828735352e-01 -4.226986169815063477e-01 3.816258907318115234e-02
1.376886367797851562e-01 -5.282742977142333984e-01 -1.540291309356689453e-02 -4.638665914535522461e-01 -3.910878896713256836e-01 -1.586214900016784668e-01
4.824646711349487305e-01 -4.556723833084106445e-01 -1.615812778472900391e-01 -4.586599469184875488e-01 -3.324394822120666504e-01 -1.194110512733459473e-01
4.308421611785888672e-01 -4.823194742202758789e-01 7.076919078826904297e-02 -5.057150125503540039e-01 -2.996315956115722656e-01 5.947935581207275391e-02
5.061583518981933594e-01 -5.616770982742309570e-01 -7.274746894836425781e-04 -4.593886137008666992e-01 -3.549193143844604492e-01 -8.647483587265014648e-02
2.901939153671264648e-01 -5.848213434219360352e-01 2.285050153732299805e-01 -5.621907711029052734e-01 -3.857142329216003418e-01 -2.011611461639404297e-01
-1.885437965393066406e-02 -6.193007230758666992e-01 2.529228925704956055e-01 -1.051900386810302734e-01 -4.535372257232666016e-01 -2.044896483421325684e-01
-1.457264423370361328e-01 -5.043196082115173340e-01 1.932551860809326172e-01 4.941630363464355469e-02 -4.816847443580627441e-01 -1.968680620193481445e-01
-1.284301877021789551e-01 -4.609875679016113281e-01 2.854082584381103516e-01 -1.193960905075073242e-01 -8.489114046096801758e-02 -2.428248524665832520e-01
-1.589274406433105469e-01 -3.570830821990966797e-01 4.566639661788940430e-01 -3.093169927597045898e-01 -1.011220216751098633e-01 7.073092460632324219e-02
-1.847079992294311523e-01 -3.493337631225585938e-01 2.584555149078369141e-01 -3.159850835800170898e-01 -7.719123363494873047e-02 -1.448805928230285645e-01
-4.405358433723449707e-01 -2.830217480659484863e-01 2.988457679748535156e-03 1.183674335479736328e-01 -4.057295918464660645e-01 -1.378211975097656250e-01
-3.557851314544677734e-01 -3.342364430427551270e-01 2.893092632293701172e-01 -2.939450740814208984e-01 -4.080082178115844727e-01 -9.752905368804931641e-02
-4.094306826591491699e-01 -4.257329702377319336e-01 3.458199501037597656e-01 -2.436305880546569824e-01 -2.864463329315185547e-01 -2.205076813697814941e-01
-2.088964581489562988e-01 -2.317974567413330078e-01 2.647337913513183594e-01 -1.725804805755615234e-01 -3.130576014518737793e-01 -3.855049610137939453e-03
-2.426903247833251953e-01 -2.255300879478454590e-01 5.193698406219482422e-01 3.429186344146728516e-02 -3.896861076354980469e-01 -4.514038562774658203e-03
-5.354007482528686523e-01 -4.873129129409790039e-01 2.795642614364624023e-01 2.625881433486938477e-01 -2.658798694610595703e-01 -1.907293796539306641e-01
-5.892928242683410645e-01 -3.857012987136840820e-01 4.283448457717895508e-01 2.703735828399658203e-01 -3.748828172683715820e-01 -6.650775671005249023e-02
-5.508098602294921875e-01 -5.403697490692138672e-01 -8.653885126113891602e-02 5.371443033218383789e-01 -3.048418164253234863e-01 -5.012137889862060547e-01
-4.720464944839477539e-01 -5.888918638229370117e-01 2.475434541702270508e-01 3.149726390838623047e-01 -1.949920058250427246e-01 -4.073005318641662598e-01
-6.864029169082641602e-01 -4.821829199790954590e-01 1.368635892868041992e-01 3.407547473907470703e-01 -3.922949433326721191e-01 -3.260118961334228516e-01
-6.948994398117065430e-01 -4.009737968444824219e-01 2.201151847839355469e-01 5.853055715560913086e-01 -5.470775365829467773e-01 -2.520118951797485352e-01
-5.449212789535522461e-01 -4.854893684387207031e-01 1.726546287536621094e-01 4.273965358734130859e-01 -5.776168107986450195e-01 -2.744330763816833496e-01
-5.546028017997741699e-01 -4.909265637397766113e-01 1.518158912658691406e-01 5.379850864410400391e-01 -5.145525932312011719e-01 -2.030392289161682129e-01
-5.118080377578735352e-01 -5.723823904991149902e-01 1.092183589935302734e-01 4.960143566131591797e-01 -4.158742427825927734e-01 -3.964201807975769043e-01
-6.221483349800109863e-01 -5.212627053260803223e-01 -2.190512418746948242e-02 6.273946762084960938e-01 -6.822386980056762695e-01 -3.225795626640319824e-01
-3.363506197929382324e-01 -5.881052613258361816e-01 -4.115349054336547852e-02 4.442782402038574219e-01 -4.627407193183898926e-01 -3.690381646156311035e-01
-4.261267185211181641e-01 -4.946038126945495605e-01 2.126749753952026367e-01 3.159818649291992188e-01 -4.908790588378906250e-01 -2.754868268966674805e-01
-5.290551185607910156e-01 -4.348188042640686035e-01 1.660211086273193359e-01 7.645851373672485352e-01 -6.661934256553649902e-01 -1.316817402839660645e-01
-5.340602397918701172e-01 -4.208047986030578613e-01 1.613054275512695312e-01 4.787420034408569336e-01 -6.449480652809143066e-01 -2.733937501907348633e-01
-4.196992516517639160e-01 -5.014821290969848633e-01 1.335290670394897461e-01 6.257439851760864258e-01 -6.690866947174072266e-01 -2.592124342918395996e-01
-6.818077564239501953e-01 -5.018414258956909180e-01 1.780686378479003906e-01 6.126667261123657227e-01 -4.851026535034179688e-01 -2.186782360076904297e-01
-5.752303004264831543e-01 -4.809802174568176270e-01 9.110677242279052734e-02 6.077322959899902344e-01 -4.076840281486511230e-01 -3.172444105148315430e-01
-5.660409927368164062e-01 -2.884054183959960938e-01 3.966058492660522461e-01 3.508827686309814453e-01 -4.823721647262573242e-01 -9.808629751205444336e-02
-5.134419202804565430e-01 -5.708096027374267578e-01 1.689801216125488281e-01 1.571373939514160156e-01 -1.699628829956054688e-01 -4.445556998252868652e-01
-3.780176043510437012e-01 -2.713457942008972168e-01 2.987585067749023438e-01 -1.035451889038085938e-03 -5.221949219703674316e-01 -1.769461631774902344e-01
-4.722903370857238770e-01 -3.625622987747192383e-01 1.432609558105468750e-01 2.365212440490722656e-01 -3.604501485824584961e-01 -2.495183348655700684e-01
-4.337217211723327637e-01 -5.051065683364868164e-01 4.278882741928100586e-01 -9.758359193801879883e-02 3.850352764129638672e-02 -2.699806690216064453e-01
-6.849982738494873047e-01 -2.177090644836425781e-01 4.156559705734252930e-01 2.574543952941894531e-01 -3.284913897514343262e-01 -8.492445945739746094e-02
-8.451159000396728516e-01 -2.382630109786987305e-01 3.783538341522216797e-01 1.103010177612304688e-01 -3.596510291099548340e-01 -1.870288848876953125e-01
-3.172575235366821289e-01 -3.073284626007080078e-01 6.680275201797485352e-01 -2.791607975959777832e-01 -2.660992145538330078e-01 -1.615027189254760742e-01
-2.201017737388610840e-01 -1.936553716659545898e-01 4.622313976287841797e-01 2.219581604003906250e-02 -4.560786485671997070e-01 -9.457218647003173828e-02
-6.121534109115600586e-01 -1.092481017112731934e-01 5.484875440597534180e-01 7.050991058349609375e-02 -4.723718166351318359e-01 2.037489414215087891e-02
-2.200545668601989746e-01 -4.809195995330810547e-01 3.284413814544677734e-01 3.443971872329711914e-01 8.739566802978515625e-02 -4.829930067062377930e-01
-1.908992528915405273e-01 -4.811872243881225586e-01 1.530792713165283203e-01 5.352250337600708008e-01 3.618547916412353516e-01 -5.513572692871093750e-01
-2.628892064094543457e-01 -4.070730805397033691e-01 2.580230236053466797e-01 4.828935861587524414e-01 2.849212884902954102e-01 -4.147340059280395508e-01
-2.045360803604125977e-01 -3.702129721641540527e-01 5.229549407958984375e-01 7.092368602752685547e-02 1.355553865432739258e-01 -3.551930785179138184e-01
-9.233695268630981445e-02 -3.141137361526489258e-01 6.213617324829101562e-01 1.457293033599853516e-01 9.324920177459716797e-02 -2.725791335105895996e-01
-2.216308116912841797e-01 -1.041525602340698242e-01 6.045470237731933594e-01 2.192864418029785156e-01 -2.956365346908569336e-01 -2.417345643043518066e-01
-1.040399074554443359e-03 -2.959156036376953125e-02 6.518476009368896484e-01 -7.348746061325073242e-02 -2.098840475082397461e-01 -1.770511865615844727e-01
2.352855205535888672e-01 4.306519031524658203e-02 6.190524101257324219e-01 -2.129164934158325195e-01 -2.849693894386291504e-01 9.229302406311035156e-03
1.978548765182495117e-01 -1.057106256484985352e-01 5.952895879745483398e-01 -1.593346595764160156e-01 -2.159440517425537109e-01 -3.566861152648925781e-02
1.992186307907104492e-01 -1.938551664352416992e-02 3.426725864410400391e-01 -1.265433430671691895e-01 -2.138302326202392578e-01 -9.301811456680297852e-02
3.035653829574584961e-01 -5.299347639083862305e-02 4.377303123474121094e-01 -1.732246279716491699e-01 -2.744418382644653320e-02 -9.108114242553710938e-02
3.063700199127197266e-01 -5.086976289749145508e-02 5.216137170791625977e-01 1.002577543258666992e-01 9.296953678131103516e-02 7.783520221710205078e-02
3.116375207901000977e-01 -7.045227289199829102e-02 3.677865266799926758e-01 2.379167079925537109e-02 3.143751621246337891e-02 -4.554218053817749023e-02
3.276567459106445312e-01 -5.766475200653076172e-02 3.309650421142578125e-01 1.153279542922973633e-01 3.321886062622070312e-03 -9.467005729675292969e-03
2.471717596054077148e-01 -5.419766902923583984e-02 4.660691022872924805e-01 4.253458976745605469e-02 4.423916339874267578e-02 2.627241611480712891e-02
7.941877841949462891e-02 -1.348044276237487793e-01 5.405374765396118164e-01 -1.404961347579956055e-01 3.756749629974365234e-02 -1.762455701828002930e-02
7.665157318115234375e-04 -1.953935623168945312e-01 5.120332241058349609e-01 -1.357918381690979004e-01 1.574695110321044922e-02 -6.045353412628173828e-02
-2.521284818649291992e-01 -3.603709340095520020e-01 4.530587196350097656e-01 -8.877718448638916016e-02 4.937982559204101562e-02 -3.197553753852844238e-01
-3.001331686973571777e-01 -2.096601128578186035e-01 6.140860319137573242e-01 -1.198188662528991699e-01 -2.656773328781127930e-01 -8.050197362899780273e-02
-3.694464564323425293e-01 -1.721283197402954102e-01 7.518516778945922852e-01 -1.701430082321166992e-01 -8.197063207626342773e-02 7.904851436614990234e-02
-2.689327597618103027e-01 -6.804227828979492188e-02 5.890952348709106445e-01 -4.276245832443237305e-02 -4.121650457382202148e-01 1.835534572601318359e-01
-1.876957416534423828e-01 -1.597441434860229492e-01 7.503192424774169922e-01 -1.928275227546691895e-01 -1.037673950195312500e-01 1.463099718093872070e-01
-2.959235310554504395e-01 -6.652343273162841797e-02 4.191751480102539062e-01 -7.690072059631347656e-02 -2.817890048027038574e-01 1.795130968093872070e-01
-4.306035637855529785e-01 -6.688183546066284180e-02 4.724239110946655273e-01 -2.316530942916870117e-01 -2.395378351211547852e-01 1.973443031311035156e-01
-4.315128922462463379e-01 -1.332449316978454590e-01 5.600923299789428711e-01 1.186847686767578125e-02 -6.435728073120117188e-02 9.900498390197753906e-02
-4.848541617393493652e-01 -4.262776374816894531e-01 2.961119413375854492e-01 7.281215190887451172e-01 -4.446397423744201660e-01 -3.331232070922851562e-02
-5.465283393859863281e-01 -3.870759606361389160e-01 3.229997158050537109e-01 7.063149213790893555e-01 -5.878815054893493652e-01 -2.387940883636474609e-02
-4.794239997863769531e-01 -4.670940041542053223e-01 6.181704998016357422e-02 3.807219266891479492e-01 -5.122367739677429199e-01 -1.827005147933959961e-01
-5.032017230987548828e-01 -3.656743168830871582e-01 4.693794250488281250e-01 2.830778360366821289e-01 -5.395905971527099609e-01 -9.402006864547729492e-02
-7.771170139312744141e-01 -2.079294919967651367e-01 2.938988208770751953e-01 5.925713777542114258e-01 -7.120997905731201172e-01 -5.831712484359741211e-02
-6.291813254356384277e-01 -4.333050847053527832e-01 2.676308155059814453e-02 4.388262033462524414e-01 -5.392437577247619629e-01 -3.542327284812927246e-01
-5.341889858245849609e-01 -2.740433812141418457e-01 1.470630168914794922e-01 3.724637031555175781e-01 -6.939499378204345703e-01 -9.790831804275512695e-02
-4.365137815475463867e-01 -2.943904995918273926e-01 3.276536464691162109e-01 2.802118062973022461e-01 -6.710458993911743164e-01 -6.296944618225097656e-02
-6.755073070526123047e-01 -4.135203361511230469e-01 2.211061716079711914e-01 3.822153806686401367e-01 -3.723253607749938965e-01 -2.888610363006591797e-01
-5.121728181838989258e-01 -3.236088156700134277e-01 3.286899328231811523e-01 5.115379095077514648e-01 -6.024798154830932617e-01 -4.314512014389038086e-02
-5.867511034011840820e-01 -5.513064861297607422e-01 4.943001270294189453e-02 4.070962667465209961e-01 -5.301187038421630859e-01 -3.871004581451416016e-01
-6.912174224853515625e-01 -4.532243609428405762e-01 5.332231521606445312e-03 6.404583454132080078e-01 -6.641598343849182129e-01 -3.314554095268249512e-01
-7.299193739891052246e-01 -2.823958992958068848e-01 2.180634737014770508e-01 4.825170040130615234e-01 -6.649993658065795898e-01 -1.206519007682800293e-01
-4.075207710266113281e-01 -6.387779712677001953e-01 5.554330348968505859e-02 5.155748128890991211e-01 -4.002704024314880371e-01 -4.692773222923278809e-01
-4.222093820571899414e-01 -8.530733585357666016e-01 3.408122062683105469e-02 5.424770116806030273e-01 -6.914830207824707031e-02 -6.354078650474548340e-01
-7.430849075317382812e-01 -3.377412557601928711e-01 2.564160823822021484e-01 5.925511121749877930e-01 -3.154273033142089844e-01 -1.191741824150085449e-01
-5.666196346282958984e-01 -2.489759325981140137e-01 1.971390247344970703e-01 2.470456361770629883e-01 -4.479709863662719727e-01 -2.559141516685485840e-01
-5.563918948173522949e-01 -8.288806676864624023e-02 4.605990648269653320e-01 2.411328554153442383e-01 -4.847660064697265625e-01 6.407916545867919922e-02
-4.444786906242370605e-01 -1.340230107307434082e-01 4.649195671081542969e-01 1.053214073181152344e-02 -6.202570199966430664e-01 -1.003485918045043945e-01
-4.663648009300231934e-01 -2.268152832984924316e-01 2.175412178039550781e-01 4.056334495544433594e-02 -4.348647594451904297e-01 -1.569589376449584961e-01
-3.258525133132934570e-01 -3.456788063049316406e-01 3.159697055816650391e-01 5.281257629394531250e-02 -2.466815710067749023e-01 -1.740747690200805664e-01
-5.252437591552734375e-01 -3.215427398681640625e-01 4.017295837402343750e-01 4.103851318359375000e-02 -2.001072168350219727e-01 -9.896177053451538086e-02
-3.128477931022644043e-01 -2.509320378303527832e-01 6.025054454803466797e-01 -1.479249000549316406e-01 -3.124753236770629883e-01 -8.271753787994384766e-02
-3.105527758598327637e-01 2.379195690155029297e-01 8.435356616973876953e-02 -2.700649499893188477e-01 -2.812975645065307617e-02 -6.973725557327270508e-02
-3.057978749275207520e-01 1.780256032943725586e-01 1.238274574279785156e-02 -2.575606107711791992e-02 2.049875259399414062e-02 -2.189986109733581543e-01
-5.640467405319213867e-01 6.975424289703369141e-02 -4.154109954833984375e-02 -1.735961437225341797e-02 7.012319564819335938e-02 -4.811581969261169434e-01
-5.545591711997985840e-01 3.139305114746093750e-02 2.447843551635742188e-02 -2.833050489425659180e-02 -1.170151829719543457e-01 -2.507064938545227051e-01
-4.026074409484863281e-01 6.912708282470703125e-02 2.081226110458374023e-01 -4.636806249618530273e-02 -3.361126184463500977e-01 -8.919650316238403320e-02
-1.045652627944946289e-01 1.734495162963867188e-04 -1.786688566207885742e-01 1.774581670761108398e-01 -3.176558613777160645e-01 -5.744385719299316406e-02
3.476202487945556641e-02 8.386826515197753906e-02 -4.364447593688964844e-01 1.898624897003173828e-01 -2.726656198501586914e-01 8.732080459594726562e-03
9.728384017944335938e-02 2.362152338027954102e-01 -5.181072950363159180e-01 1.168756484985351562e-01 -4.044969677925109863e-01 2.243810892105102539e-01
1.677417755126953125e-02 3.324335813522338867e-01 -4.930455088615417480e-01 2.559019327163696289e-01 -6.368035674095153809e-01 3.429367542266845703e-01
1.048499345779418945e-01 2.218203544616699219e-01 -4.805795550346374512e-01 2.650582790374755859e-01 -5.740779042243957520e-01 2.219989299774169922e-01
-1.876497268676757812e-02 1.884679794311523438e-01 -3.253154158592224121e-01 1.585726737976074219e-01 -5.323240756988525391e-01 2.235532999038696289e-01
-1.322883367538452148e-02 2.615740299224853516e-01 -1.801005005836486816e-01 2.456202507019042969e-01 -6.837892532348632812e-01 3.949977159500122070e-01
-1.965057253837585449e-01 2.907143831253051758e-01 -1.051769256591796875e-01 7.398521900177001953e-02 -7.386932373046875000e-01 3.670064210891723633e-01
-1.578947305679321289e-01 7.687759399414062500e-02 4.152623414993286133e-01 1.882791519165039062e-02 -5.081275701522827148e-01 4.285271167755126953e-01
-2.103839516639709473e-01 7.045042514801025391e-02 3.854677677154541016e-01 4.725623130798339844e-02 -4.637948274612426758e-01 2.709881067276000977e-01
-3.281136155128479004e-01 -2.774786949157714844e-02 1.228054761886596680e-01 1.442973613739013672e-01 -4.818751811981201172e-01 8.911657333374023438e-02
-5.471293926239013672e-01 1.481074094772338867e-01 2.722339630126953125e-01 3.414416313171386719e-01 -5.627896785736083984e-01 2.785187959671020508e-01
-6.754230260848999023e-01 1.564446687698364258e-01 2.528566122055053711e-01 2.411971092224121094e-01 -6.588132381439208984e-01 3.158702850341796875e-01
-4.781900048255920410e-01 3.833413124084472656e-02 2.619290351867675781e-01 -1.203597187995910645e-01 -5.339602231979370117e-01 1.888961791992187500e-01
-3.629437685012817383e-01 -4.663866758346557617e-02 4.939751625061035156e-01 -1.838981509208679199e-01 -2.223160862922668457e-01 1.308729648590087891e-01
-4.379924535751342773e-01 -7.076072692871093750e-02 3.994941711425781250e-01 -1.018637418746948242e-01 -2.759203314781188965e-01 1.288102865219116211e-01
-4.332017898559570312e-01 -4.445117712020874023e-02 2.954537868499755859e-01 6.178236007690429688e-02 -3.413745164871215820e-01 7.682859897613525391e-02
-4.662895202636718750e-01 -2.407212853431701660e-01 1.607757806777954102e-01 1.783698797225952148e-01 -3.588172197341918945e-01 -9.285986423492431641e-02
-5.387094020843505859e-01 -3.411695957183837891e-01 1.940275430679321289e-01 4.589036703109741211e-01 -5.092210769653320312e-01 -7.575362920761108398e-02
-5.785921812057495117e-01 -3.530259132385253906e-01 2.406245470046997070e-01 4.821354150772094727e-01 -4.416576623916625977e-01 -3.397321701049804688e-02
-4.930916428565979004e-01 -5.128112435340881348e-01 8.742105960845947266e-02 2.436261177062988281e-01 -4.506662487983703613e-01 -3.099147677421569824e-01
-4.676616191864013672e-01 -3.294852375984191895e-01 1.421653032302856445e-01 2.338525056838989258e-01 -6.069387197494506836e-01 -1.903262734413146973e-01
-4.005307555198669434e-01 -3.039689064025878906e-01 2.106711864471435547e-01 4.133259057998657227e-01 -7.401703000068664551e-01 2.298915386199951172e-02
-7.535502910614013672e-01 -3.583983182907104492e-01 3.651409149169921875e-01 5.139772891998291016e-01 -5.647186040878295898e-01 -3.237873315811157227e-02
-1.913719773292541504e-01 -4.847031235694885254e-01 3.712517023086547852e-01 2.280238866806030273e-01 -5.307672619819641113e-01 -2.076805830001831055e-01
1.718616485595703125e-02 -6.407723426818847656e-01 1.775346994400024414e-01 -1.652675867080688477e-01 -5.254920721054077148e-01 -1.952660083770751953e-01
3.302971124649047852e-01 -3.885194063186645508e-01 -1.118397712707519531e-02 -3.993898034095764160e-01 -6.720880866050720215e-01 -1.072698831558227539e-02
3.054955005645751953e-01 -4.072083830833435059e-01 -1.261701583862304688e-01 -4.101654291152954102e-01 -6.071443557739257812e-01 -3.218472003936767578e-03
3.846276998519897461e-01 -3.425029516220092773e-01 -1.797154545783996582e-01 -4.108054637908935547e-01 -5.466866493225097656e-01 -3.770846128463745117e-02
3.583563566207885742e-01 -4.029556512832641602e-01 -4.508513212203979492e-02 -4.016011357307434082e-01 -5.567008256912231445e-01 -2.534675598144531250e-02
2.538915872573852539e-01 -3.459905982017517090e-01 -8.252739906311035156e-02 -3.620119094848632812e-01 -7.335965037345886230e-01 3.101897239685058594e-02
2.535773515701293945e-01 -3.714455366134643555e-01 2.960896492004394531e-02 -4.290496706962585449e-01 -6.432025432586669922e-01 4.889214038848876953e-02
1.117321252822875977e-01 -3.001359701156616211e-01 -1.794125437736511230e-01 -3.429626226425170898e-01 -6.537332534790039062e-01 -1.726732254028320312e-01
2.083519697189331055e-01 -3.239069581031799316e-01 -1.392379999160766602e-01 -2.616394162178039551e-01 -6.160320043563842773e-01 -3.224802017211914062e-02
3.505265712738037109e-02 -3.480290770530700684e-01 -7.630914449691772461e-02 -2.584360241889953613e-01 -6.263777017593383789e-01 5.282163619995117188e-04
-7.329636812210083008e-02 -5.000348687171936035e-01 2.141553163528442383e-01 -3.702459335327148438e-01 -2.348145842552185059e-01 1.737046241760253906e-02
