4.075367450714111328e-01 4.387792348861694336e-01 2.983915805816650391e-01 -3.479391336441040039e-01 -8.373534679412841797e-02 1.774381399154663086e-01
4.837288856506347656e-01 6.623426675796508789e-01 -1.923977136611938477e-01 -7.502126693725585938e-02 -1.456141471862792969e-02 1.840058565139770508e-01
4.786345958709716797e-01 7.296491861343383789e-01 -9.655517339706420898e-02 -1.023185253143310547e-01 -1.687993407249450684e-01 2.754402160644531250e-01
6.694951057434082031e-01 6.340656280517578125e-01 -3.328299522399902344e-01 -1.673526763916015625e-01 1.659750938415527344e-03 1.573716402053833008e-01
7.633571624755859375e-01 5.714751482009887695e-01 -3.031765222549438477e-01 -1.655139327049255371e-01 -8.274060487747192383e-02 1.461226940155029297e-01
7.341673374176025391e-01 6.738170385360717773e-01 -3.440937995910644531e-01 -1.681313514709472656e-01 -1.514304280281066895e-01 2.539623975753784180e-01
8.380395174026489258e-01 6.261099576950073242e-01 -5.290573835372924805e-01 -1.062307357788085938e-01 -7.541191577911376953e-02 1.151355504989624023e-01
7.833656072616577148e-01 6.434553861618041992e-01 -3.792471885681152344e-01 -2.261703014373779297e-01 -1.561320424079895020e-01 1.703194379806518555e-01
7.329688072204589844e-01 4.724241495132446289e-01 -3.144648671150207520e-01 -1.033503413200378418e-01 2.321815490722656250e-02 1.374816894531250000e-02
7.990468740463256836e-01 4.965287446975708008e-01 -4.603894948959350586e-01 -6.693238019943237305e-02 2.895724773406982422e-02 -4.119527339935302734e-02
7.279773950576782227e-01 5.419362783432006836e-01 -3.586479425430297852e-01 -8.718144893646240234e-02 -8.815789222717285156e-02 1.459970474243164062e-01
8.538106679916381836e-01 5.478236675262451172e-01 -4.458302855491638184e-01 -5.387276411056518555e-02 -2.423012256622314453e-02 8.126497268676757812e-02
6.554894447326660156e-01 5.375767946243286133e-01 -3.140388727188110352e-01 -1.429900527000427246e-01 -5.083179473876953125e-02 1.405369043350219727e-01
7.802828550338745117e-01 4.383335113525390625e-01 -2.939840555191040039e-01 -1.687279939651489258e-01 1.163835525512695312e-01 3.908848762512207031e-02
6.342972517013549805e-01 4.196621179580688477e-01 -2.338920235633850098e-01 -1.003590822219848633e-01 2.132117748260498047e-02 1.407235860824584961e-01
7.362189292907714844e-01 2.815490961074829102e-01 -2.322146892547607422e-01 -1.037466526031494141e-02 1.832774877548217773e-01 5.924057960510253906e-02
8.037472963333129883e-01 1.515531539916992188e-01 -9.486001729965209961e-02 -1.162338256835937500e-02 3.611054420471191406e-01 1.771366596221923828e-02
7.239458560943603516e-01 1.356323957443237305e-01 1.673340797424316406e-03 5.377566814422607422e-02 3.395978212356567383e-01 6.286656856536865234e-02
5.484814643859863281e-01 1.198399066925048828e-01 3.523993492126464844e-02 -1.135474443435668945e-02 2.172111272811889648e-01 2.114162445068359375e-01
4.835008382797241211e-01 -1.080280542373657227e-02 5.977928638458251953e-02 -1.090026497840881348e-01 3.140625953674316406e-01 1.449198722839355469e-01
2.953692674636840820e-01 -5.497586727142333984e-02 8.939754962921142578e-02 -1.633682250976562500e-01 2.855917215347290039e-01 2.262144088745117188e-01
3.075714111328125000e-01 -5.076360702514648438e-02 -5.556058883666992188e-02 -2.639210820198059082e-01 2.560251951217651367e-01 2.316212654113769531e-01
2.867065668106079102e-01 -1.260734796524047852e-01 -1.509015560150146484e-01 -3.772488236427307129e-01 2.622244358062744141e-01 6.882691383361816406e-02
4.019718170166015625e-01 -2.446120381355285645e-01 -1.402975916862487793e-01 -1.615433692932128906e-01 1.227085590362548828e-01 4.558515548706054688e-02
4.180122613906860352e-01 -1.661431789398193359e-01 -2.061182260513305664e-01 -3.902587890625000000e-01 -4.246491193771362305e-02 6.386482715606689453e-02
5.257798433303833008e-01 -2.309247255325317383e-01 -8.319759368896484375e-02 -4.628246426582336426e-01 8.988356590270996094e-02 3.300929069519042969e-02
4.215888977050781250e-01 -2.163281440734863281e-01 -1.067962646484375000e-01 -3.802746534347534180e-01 -7.505345344543457031e-02 7.554864883422851562e-02
3.819115161895751953e-01 -2.809774279594421387e-01 -1.977069377899169922e-01 -4.615113735198974609e-01 -9.044826030731201172e-02 -6.450003385543823242e-02
5.978307723999023438e-01 -3.397544622421264648e-01 -3.605414628982543945e-01 -3.753200173377990723e-01 -1.377820968627929688e-03 -1.534371376037597656e-01
4.175287485122680664e-01 -3.284892439842224121e-01 -2.419701218605041504e-01 -4.253249764442443848e-01 -3.653150796890258789e-02 -1.133555173873901367e-01
3.605115413665771484e-01 -3.116659522056579590e-01 -1.514996290206909180e-01 -4.660702347755432129e-01 -3.189295530319213867e-02 -2.239167690277099609e-02
3.640096187591552734e-01 -3.894573450088500977e-01 -1.946812272071838379e-01 -3.556920886039733887e-01 -1.561317443847656250e-01 -1.275854110717773438e-01
4.639286994934082031e-01 -3.584580421447753906e-01 -2.495977282524108887e-01 -3.639658689498901367e-01 -1.711362004280090332e-01 -1.428538560867309570e-01
1.604340076446533203e-01 -3.111452460289001465e-01 -6.072115898132324219e-02 -4.988278746604919434e-01 -3.433569669723510742e-01 8.763301372528076172e-02
3.199745416641235352e-01 -3.349913954734802246e-01 -1.659706830978393555e-01 -5.569987297058105469e-01 -2.214860320091247559e-01 -1.207665205001831055e-01
3.597319126129150391e-01 -3.269334435462951660e-01 -1.368843913078308105e-01 -5.342644453048706055e-01 -2.704305648803710938e-01 -6.489872932434082031e-02
3.403761386871337891e-01 -4.196229577064514160e-01 -3.472650051116943359e-02 -5.838350057601928711e-01 -2.313178181648254395e-01 -2.333719134330749512e-01
3.220263719558715820e-01 -3.223271369934082031e-01 -6.493508815765380859e-03 -4.932339191436767578e-01 -3.171818852424621582e-01 -1.219742894172668457e-01
3.704242706298828125e-01 -4.556272625923156738e-01 -1.776518821716308594e-01 -4.307851195335388184e-01 -3.613356947898864746e-01 -3.299779891967773438e-01
3.392769098281860352e-01 -3.706701397895812988e-01 -5.162435770034790039e-02 -4.503828883171081543e-01 -5.035340189933776855e-01 -1.882430315017700195e-01
3.066105842590332031e-01 -3.340978026390075684e-01 -1.390731334686279297e-02 -3.285642266273498535e-01 -5.653071403503417969e-01 -1.523882150650024414e-02
4.679141044616699219e-01 -3.602453470230102539e-01 -9.237599372863769531e-02 -3.828963637351989746e-01 -4.015924930572509766e-01 -8.193165063858032227e-02
5.003393888473510742e-01 -3.321952819824218750e-01 -1.426334381103515625e-01 -2.437416911125183105e-01 -4.651181101799011230e-01 5.147051811218261719e-02
4.351241588592529297e-01 -3.354022502899169922e-01 -9.619694948196411133e-02 -3.012793064117431641e-01 -4.270575046539306641e-01 1.008666753768920898e-01
4.010524749755859375e-01 -5.520383119583129883e-01 7.150363922119140625e-02 -3.059483170509338379e-01 -2.040431499481201172e-01 7.203161716461181641e-02
4.259545803070068359e-01 -4.765661358833312988e-01 -5.213546752929687500e-02 -2.214069366455078125e-01 -9.602391719818115234e-02 2.468776702880859375e-02
5.218238830566406250e-01 -4.512008428573608398e-01 1.665651798248291016e-02 -1.576257348060607910e-01 1.631048917770385742e-01 -1.022346615791320801e-01
6.794704198837280273e-01 -4.111214280128479004e-01 -1.676493883132934570e-02 -5.793607234954833984e-02 4.086221456527709961e-01 -2.342710494995117188e-01
7.156010866165161133e-01 -2.363482713699340820e-01 -1.565378904342651367e-02 -1.226325631141662598e-01 5.407447814941406250e-01 -2.295905947685241699e-01
5.167034864425659180e-01 1.883769035339355469e-02 -9.736764430999755859e-02 -3.159602284431457520e-01 3.963569402694702148e-01 -1.191512346267700195e-01
4.197402000427246094e-01 2.410942316055297852e-01 -2.680652141571044922e-01 -2.964378595352172852e-01 1.766736507415771484e-01 6.640315055847167969e-02
3.076946735382080078e-01 4.073296785354614258e-01 -3.335442543029785156e-01 -1.341193914413452148e-01 -1.181786656379699707e-01 3.008234500885009766e-01
2.482203245162963867e-01 3.288877010345458984e-01 -3.238748311996459961e-01 -6.219625473022460938e-02 -8.249926567077636719e-02 2.454986572265625000e-01
3.494189977645874023e-01 3.463945388793945312e-01 -2.951065897941589355e-01 -1.069235205650329590e-01 -1.711016893386840820e-02 3.173363208770751953e-01
2.394893169403076172e-01 4.301123619079589844e-01 -2.175585031509399414e-01 -5.481237173080444336e-02 -1.833260059356689453e-01 4.551830291748046875e-01
2.670694589614868164e-01 5.239065885543823242e-01 -2.955027818679809570e-01 3.045618534088134766e-02 -2.363226413726806641e-01 4.756124019622802734e-01
3.047519922256469727e-01 5.240030288696289062e-01 -3.499142527580261230e-01 2.258573770523071289e-01 -3.346849083900451660e-01 5.150629281997680664e-01
3.419232368469238281e-01 4.845279455184936523e-01 -4.013804793357849121e-01 3.075773715972900391e-01 -3.841779828071594238e-01 5.431938171386718750e-01
1.803781986236572266e-01 5.388799905776977539e-01 -3.298030495643615723e-01 3.648158311843872070e-01 -5.009841918945312500e-01 6.122492551803588867e-01
2.610719203948974609e-01 5.871130228042602539e-01 -4.531764388084411621e-01 3.283509016036987305e-01 -5.288419723510742188e-01 6.164187192916870117e-01
1.876120567321777344e-01 6.442664861679077148e-01 -4.822891354560852051e-01 2.192339897155761719e-01 -6.144784092903137207e-01 6.986371278762817383e-01
2.482908964157104492e-01 4.692034721374511719e-01 -4.614682793617248535e-01 8.561468124389648438e-02 -3.438503146171569824e-01 4.458597898483276367e-01
1.563328504562377930e-01 3.318212032318115234e-01 -3.255165815353393555e-01 -2.253389358520507812e-01 -9.104573726654052734e-02 2.626457214355468750e-01
2.222076654434204102e-01 3.767602443695068359e-01 -4.892811179161071777e-01 -4.325943589210510254e-01 8.579623699188232422e-02 8.801341056823730469e-03
3.323081731796264648e-01 2.183525562286376953e-01 -3.800508975982666016e-01 -4.917004108428955078e-01 2.540559768676757812e-01 -1.088722944259643555e-01
5.958229303359985352e-01 -1.537283062934875488e-01 -1.344648003578186035e-01 -4.085674881935119629e-01 5.596244335174560547e-01 -2.902969121932983398e-01
5.657666921615600586e-01 -3.436230421066284180e-01 -9.380620718002319336e-02 -2.800920009613037109e-01 3.576145172119140625e-01 -2.150778174400329590e-01
5.370876789093017578e-01 -3.237337470054626465e-01 -6.040930747985839844e-04 -4.401283860206604004e-01 7.336390018463134766e-02 3.293609619140625000e-02
6.701875925064086914e-01 -4.011828303337097168e-01 -1.688498258590698242e-02 -4.618245363235473633e-01 9.742712974548339844e-02 -7.058095932006835938e-02
6.129359006881713867e-01 -3.571615219116210938e-01 -8.098953962326049805e-02 -3.944904804229736328e-01 -8.036452531814575195e-02 -4.616004228591918945e-02
5.042214393615722656e-01 -2.321493625640869141e-01 -1.240057945251464844e-01 -4.234845638275146484e-01 -2.555613517761230469e-01 2.365791797637939453e-02
5.306073427200317383e-01 -3.274072408676147461e-01 -2.020152807235717773e-01 -2.630202174186706543e-01 -2.356136441230773926e-01 -7.930511236190795898e-02
5.871164798736572266e-01 -2.772246003150939941e-01 -6.483924388885498047e-02 -3.127710223197937012e-01 -1.790702939033508301e-01 8.405804634094238281e-03
4.487459659576416016e-01 -2.849073410034179688e-01 -1.681304574012756348e-01 -3.118183612823486328e-01 -3.215437531471252441e-01 -3.291630744934082031e-02
3.249937295913696289e-01 -2.529431581497192383e-01 -1.421064138412475586e-01 -3.563545942306518555e-01 -4.387301206588745117e-01 7.328474521636962891e-02
4.513064622879028320e-01 -2.329935431480407715e-01 -1.954175829887390137e-01 -3.630521297454833984e-01 -3.825556039810180664e-01 6.994974613189697266e-02
3.925905227661132812e-01 -2.883805036544799805e-01 -3.868275880813598633e-02 -2.673401832580566406e-01 -3.222073912620544434e-01 1.116447448730468750e-01
4.773594141006469727e-01 -3.383135199546813965e-01 -8.203649520874023438e-02 -3.589348793029785156e-01 -1.928059458732604980e-01 1.338565349578857422e-02
4.643944501876831055e-01 -4.039725661277770996e-01 -1.685094833374023438e-02 -4.195227622985839844e-01 -1.264687776565551758e-01 1.148092746734619141e-02
4.917558431625366211e-01 -3.857412934303283691e-01 -5.418956279754638672e-02 -2.477916479110717773e-01 -2.042765021324157715e-01 4.581105709075927734e-02
4.432475566864013672e-01 -2.384074330329895020e-01 -1.152341961860656738e-01 -2.006253004074096680e-01 -3.814103007316589355e-01 2.025963068008422852e-01
4.695893526077270508e-01 -3.974969387054443359e-01 -1.661117076873779297e-01 -1.562349200248718262e-01 -1.282985210418701172e-01 9.581398963928222656e-02
3.810912370681762695e-01 -4.834266901016235352e-01 -2.716745138168334961e-01 -3.236749172210693359e-01 3.245592117309570312e-03 -7.854348421096801758e-02
4.143503904342651367e-01 -5.798921585083007812e-01 -5.489701032638549805e-02 -3.316109776496887207e-01 5.112361907958984375e-02 -2.024443745613098145e-01
-7.580935955047607422e-03 -4.994736909866333008e-01 2.014636993408203125e-03 -3.196004629135131836e-01 -2.496137619018554688e-01 -1.293656826019287109e-01
1.142024993896484375e-01 -3.935447931289672852e-01 3.604352474212646484e-02 -5.567438602447509766e-01 -1.038507819175720215e-01 -8.882522583007812500e-02
-1.007363796234130859e-01 -5.722365975379943848e-01 -1.724234223365783691e-01 -3.095127940177917480e-01 -1.114931702613830566e-01 -3.481074571609497070e-01
-1.224505901336669922e-02 -4.460401535034179688e-01 -1.359695196151733398e-02 -3.282259702682495117e-01 -1.388128399848937988e-01 -2.530856132507324219e-01
-1.890838146209716797e-01 -4.565285444259643555e-01 2.650678157806396484e-02 -5.406844615936279297e-02 -8.090323209762573242e-02 -2.582732439041137695e-01
-2.292716503143310547e-02 -4.050101637840270996e-01 3.687984943389892578e-01 -3.344990015029907227e-01 -2.612401247024536133e-01 -1.477606296539306641e-01
-1.956682801246643066e-01 -3.892555832862854004e-01 1.887787580490112305e-01 -4.512511491775512695e-01 -2.438079714775085449e-01 -1.614076495170593262e-01
-1.059631705284118652e-01 -5.683740377426147461e-01 -4.919320344924926758e-02 -2.308374047279357910e-01 -2.544482946395874023e-01 -3.112111687660217285e-01
-1.935136318206787109e-01 -5.622509717941284180e-01 7.082557678222656250e-02 -3.706873059272766113e-01 -1.541323065757751465e-01 -4.610141515731811523e-01
-1.587566137313842773e-01 -4.435526132583618164e-01 7.981240749359130859e-02 -3.187804818153381348e-01 -4.425076842308044434e-01 -3.606051206588745117e-02
7.936847209930419922e-02 -7.234372496604919434e-01 2.246139049530029297e-01 -4.537714719772338867e-01 -6.632709503173828125e-02 -2.484867572784423828e-01
6.312930583953857422e-02 -6.720215082168579102e-01 1.498419046401977539e-01 -3.467903733253479004e-01 -1.740175485610961914e-01 -1.770501136779785156e-01
2.642006874084472656e-01 -5.085439682006835938e-01 -3.167152404785156250e-02 -4.390699267387390137e-01 -1.276350617408752441e-01 -1.362586021423339844e-01
4.494706392288208008e-01 -5.508629679679870605e-01 -2.062253355979919434e-01 -4.394542574882507324e-01 -7.113146781921386719e-02 -1.027112007141113281e-01
5.544502735137939453e-01 -5.097784399986267090e-01 -2.676534056663513184e-01 -3.393175601959228516e-01 -1.333329677581787109e-01 -3.125667572021484375e-02
3.716359138488769531e-01 -4.481500387191772461e-01 -5.465251207351684570e-02 -2.566193342208862305e-01 -4.014295339584350586e-01 8.903241157531738281e-02
3.935148715972900391e-01 -5.214073657989501953e-01 1.442122459411621094e-02 -3.237358331680297852e-01 -1.935586929321289062e-01 -5.286633968353271484e-02
2.993510961532592773e-01 -4.899549484252929688e-01 -6.369346380233764648e-02 -3.657728433609008789e-02 -3.564208149909973145e-01 -7.272690534591674805e-02
1.709080934524536133e-01 -7.338715791702270508e-01 -1.139289140701293945e-02 -1.518073081970214844e-01 -2.931543588638305664e-01 -3.042367100715637207e-01
5.829751491546630859e-02 -6.298638582229614258e-01 1.389402151107788086e-01 -3.550143837928771973e-01 -2.659479975700378418e-01 -3.033967018127441406e-01
-1.969708204269409180e-01 -4.963440895080566406e-01 2.169423103332519531e-01 -3.477132320404052734e-01 -4.181865453720092773e-01 -2.351958751678466797e-01
-1.202002763748168945e-01 -4.170545339584350586e-01 4.854924678802490234e-01 -4.185125231742858887e-01 -2.591640949249267578e-01 -1.453398466110229492e-01
-9.040313959121704102e-02 -4.479722976684570312e-01 2.756302356719970703e-01 -4.463371634483337402e-01 -2.268565893173217773e-01 -3.229158520698547363e-01
-1.520896553993225098e-01 -3.315624594688415527e-01 1.878923177719116211e-01 -2.239244580268859863e-01 -2.710770964622497559e-01 -1.842586398124694824e-01
-2.443125247955322266e-01 -3.468474149703979492e-01 1.863666772842407227e-01 -3.466987609863281250e-01 -2.733837962150573730e-01 -1.990367174148559570e-01
-1.703292131423950195e-01 -3.316398262977600098e-01 2.735913991928100586e-01 -2.239239811897277832e-01 -2.920853495597839355e-01 -1.938735246658325195e-01
-5.000196695327758789e-01 -3.795572519302368164e-01 2.204015254974365234e-01 3.443336486816406250e-02 -1.697205305099487305e-01 -2.446820139884948730e-01
-5.506347417831420898e-01 -3.465225100517272949e-01 5.617046356201171875e-02 -2.084980607032775879e-01 -1.664029955863952637e-01 -3.689117431640625000e-01
-3.183869719505310059e-01 -2.740427255630493164e-01 1.352281570434570312e-01 -2.716087698936462402e-01 -3.007426857948303223e-01 -1.326424479484558105e-01
-2.896473407745361328e-01 -2.560608983039855957e-01 3.455600738525390625e-01 -1.245048642158508301e-01 -2.207599878311157227e-01 -5.885875225067138672e-02
-3.601956963539123535e-01 -3.104789853096008301e-01 2.956448793411254883e-01 1.086425781250000000e-01 -3.635804057121276855e-01 -1.021802425384521484e-02
-4.606112241744995117e-01 -2.526726126670837402e-01 2.389290332794189453e-01 3.516404628753662109e-01 -5.675918459892272949e-01 6.108701229095458984e-02
-4.258597493171691895e-01 -2.016616463661193848e-01 8.032584190368652344e-02 3.453372716903686523e-01 -6.538679599761962891e-01 1.042417287826538086e-01
-5.884314179420471191e-01 -3.841067552566528320e-01 1.153993606567382812e-01 2.377917766571044922e-01 -6.990298032760620117e-01 -1.432143449783325195e-01
-6.617931723594665527e-01 -4.458318948745727539e-01 2.456337213516235352e-01 3.393725156784057617e-01 -5.951027870178222656e-01 -1.299804449081420898e-01
-5.253476500511169434e-01 -4.414110183715820312e-01 1.277260780334472656e-01 2.873324155807495117e-01 -6.223762035369873047e-01 -1.739030480384826660e-01
-1.654674410820007324e-01 -5.796977877616882324e-01 1.531182527542114258e-01 -6.807863712310791016e-03 -5.537202358245849609e-01 -2.645889520645141602e-01
1.175798177719116211e-01 -6.588805913925170898e-01 2.672278881072998047e-02 -1.141808032989501953e-01 -4.430894255638122559e-01 -3.194018602371215820e-01
2.007898092269897461e-01 -4.119774699211120605e-01 1.237269639968872070e-01 -2.020530700683593750e-01 -5.277966260910034180e-01 4.023075103759765625e-02
1.675243377685546875e-01 -5.277922153472900391e-01 1.876364946365356445e-01 -3.046800494194030762e-01 -3.549038767814636230e-01 -7.629525661468505859e-02
1.185843944549560547e-01 -4.582271575927734375e-01 2.000659704208374023e-01 -2.646466493606567383e-01 -3.776301145553588867e-01 -4.557979106903076172e-02
-1.756608486175537109e-02 -3.785420060157775879e-01 7.484686374664306641e-02 -2.190993428230285645e-01 -4.875117540359497070e-01 -7.811182737350463867e-02
1.673172712326049805e-01 -5.182178020477294922e-01 2.448756694793701172e-01 -2.206208705902099609e-01 -3.093153834342956543e-01 -9.035950899124145508e-02
7.332038879394531250e-02 -5.324794054031372070e-01 2.775813341140747070e-01 -2.267971038818359375e-01 -3.400405049324035645e-01 6.678342819213867188e-03
1.091614961624145508e-01 -7.695494890213012695e-01 1.240625381469726562e-01 -9.683918952941894531e-02 -1.496719717979431152e-01 -4.561026096343994141e-01
-1.101033687591552734e-01 -7.468700408935546875e-01 1.051399707794189453e-01 5.313360691070556641e-02 -2.987033128738403320e-01 -5.266243219375610352e-01
-1.647832393646240234e-01 -4.281538128852844238e-01 2.297374010086059570e-01 -1.794726848602294922e-01 -1.405579447746276855e-01 -2.832542657852172852e-01
-2.865869998931884766e-01 -2.957953810691833496e-01 3.876458406448364258e-01 -1.164246797561645508e-01 -2.137750983238220215e-01 -9.207850694656372070e-02
-2.093525528907775879e-01 -3.335573673248291016e-01 3.967983722686767578e-01 -1.964630484580993652e-01 -1.875395774841308594e-01 -1.384919285774230957e-01
-1.595442891120910645e-01 -2.713650465011596680e-01 5.406271219253540039e-01 -2.617163658142089844e-01 -1.232628822326660156e-01 -1.065261363983154297e-01
-3.485285043716430664e-01 -2.975100278854370117e-01 2.851780652999877930e-01 -7.285553216934204102e-02 -2.308012247085571289e-01 -2.201717495918273926e-01
-3.253394961357116699e-01 -3.571678400039672852e-01 2.859046459197998047e-01 7.699894905090332031e-02 -4.158132672309875488e-01 -2.078073620796203613e-01
-2.398448586463928223e-01 -3.855478167533874512e-01 1.804747581481933594e-01 -2.553472518920898438e-01 -9.373611211776733398e-02 -3.258764147758483887e-01
-6.056815385818481445e-02 -3.221194744110107422e-01 3.459297418594360352e-01 -1.862496733665466309e-01 -9.960085153579711914e-02 -2.916936278343200684e-01
-8.481264114379882812e-02 -4.112028479576110840e-01 3.739144802093505859e-01 -2.004796266555786133e-02 3.689626455307006836e-01 -4.913749098777770996e-01
-9.325748682022094727e-02 -2.438524961471557617e-01 7.033548355102539062e-01 1.734755039215087891e-01 3.472405672073364258e-01 -1.776321530342102051e-01
-1.793934106826782227e-01 -3.200607299804687500e-01 8.425614833831787109e-01 -4.188901185989379883e-02 3.836820125579833984e-01 -1.901553869247436523e-01
-4.129847288131713867e-01 -5.932599306106567383e-02 7.228490114212036133e-01 7.361185550689697266e-02 -4.346942305564880371e-01 -4.499953985214233398e-02
3.699958324432373047e-01 1.408816576004028320e-01 4.139264822006225586e-01 -1.926862597465515137e-01 -1.317832469940185547e-01 4.160618782043457031e-02
2.892209291458129883e-01 3.681366443634033203e-01 4.163906574249267578e-01 -2.413281202316284180e-01 -2.435781359672546387e-01 3.241467475891113281e-01
6.222612857818603516e-01 5.642421245574951172e-01 2.053202390670776367e-01 -5.555409193038940430e-01 -1.205530166625976562e-01 3.456802368164062500e-01
5.884207487106323242e-01 4.528148174285888672e-01 1.825687885284423828e-01 -4.280671477317810059e-01 -3.148448467254638672e-02 2.433726787567138672e-01
5.811089277267456055e-01 5.359244346618652344e-01 2.684199810028076172e-01 -5.180519819259643555e-01 -7.754194736480712891e-02 3.730621337890625000e-01
6.149153709411621094e-01 4.704444408416748047e-01 2.839312553405761719e-01 -4.997180700302124023e-01 6.490230560302734375e-03 3.405808210372924805e-01
6.740142107009887695e-01 3.459703922271728516e-01 1.875977516174316406e-01 -3.986389040946960449e-01 1.486459970474243164e-01 2.004610300064086914e-01
5.919569730758666992e-01 2.223268747329711914e-01 2.511956691741943359e-01 -4.452552199363708496e-01 1.890223026275634766e-01 1.904715299606323242e-01
2.915488481521606445e-01 1.267076730728149414e-01 3.672491312026977539e-01 -5.543999075889587402e-01 1.535334587097167969e-01 9.875893592834472656e-02
-6.662148237228393555e-02 -5.471271276473999023e-02 6.481673717498779297e-01 -6.331447958946228027e-01 2.431869506835937500e-01 -2.054506540298461914e-02
-1.775823235511779785e-01 -1.943705081939697266e-01 5.861090421676635742e-01 -3.830906152725219727e-01 2.424856424331665039e-01 -2.999487519264221191e-01
-2.254033088684082031e-02 1.198637485504150391e-01 4.213666915893554688e-01 -3.188385367393493652e-01 2.386654615402221680e-01 -4.840493202209472656e-02
8.106052875518798828e-02 1.110981702804565430e-01 3.197996616363525391e-01 -2.784639000892639160e-01 2.277287244796752930e-01 -1.351052522659301758e-02
-1.402154564857482910e-01 -3.423941135406494141e-02 3.633149862289428711e-01 -1.248798370361328125e-01 1.180845499038696289e-01 -8.781963586807250977e-02
-5.040646791458129883e-01 9.010732173919677734e-02 4.589475393295288086e-01 -3.539568185806274414e-02 -3.120040893554687500e-02 1.593977212905883789e-01
-1.248797178268432617e-01 1.319949626922607422e-01 4.361176490783691406e-01 -2.299973964691162109e-01 -2.597099542617797852e-02 1.062709093093872070e-01
-3.743851780891418457e-01 -8.924245834350585938e-03 6.724013090133666992e-01 -2.614321708679199219e-01 3.670752048492431641e-02 -2.839028835296630859e-02
-4.984965920448303223e-01 -2.503305673599243164e-02 5.755903720855712891e-01 -1.290255188941955566e-01 -1.179810166358947754e-01 2.290809154510498047e-02
-3.994620442390441895e-01 -8.346128463745117188e-02 4.483777284622192383e-01 -1.911193132400512695e-02 -2.681761980056762695e-01 -8.029687404632568359e-02
-4.659026861190795898e-01 -2.965217828750610352e-02 6.828650236129760742e-01 -1.303280591964721680e-01 -1.294544339179992676e-01 7.372403144836425781e-02
-2.607976198196411133e-01 1.535812616348266602e-01 7.920889854431152344e-01 -1.373697519302368164e-01 -7.842642068862915039e-02 3.975553512573242188e-01
-1.125571131706237793e-01 4.402428865432739258e-01 5.929768085479736328e-01 -3.852534294128417969e-02 -1.717037558555603027e-01 5.473403930664062500e-01
-1.825538277626037598e-01 2.233096361160278320e-01 5.873827934265136719e-01 -1.609330177307128906e-01 -3.028506040573120117e-01 5.070105791091918945e-01
1.300489902496337891e-01 3.013324737548828125e-01 1.672066450119018555e-01 5.653595924377441406e-02 -3.522799611091613770e-01 5.867125988006591797e-01
1.156557798385620117e-01 3.813143968582153320e-01 1.624200344085693359e-01 1.522368192672729492e-01 -4.085676074028015137e-01 7.965612411499023438e-01
9.183955192565917969e-02 4.027147293090820312e-01 6.065857410430908203e-02 1.956847906112670898e-01 -3.793181180953979492e-01 7.378890514373779297e-01
-8.475190401077270508e-02 3.135502338409423828e-01 1.608477830886840820e-01 1.377767324447631836e-01 -4.523717761039733887e-01 8.334745168685913086e-01
1.237951517105102539e-01 2.701022624969482422e-01 7.851719856262207031e-02 2.115463018417358398e-01 -3.549557328224182129e-01 7.888057231903076172e-01
2.432644367218017578e-02 1.347352266311645508e-01 7.666850090026855469e-02 7.768809795379638672e-02 -2.465701699256896973e-01 5.299901962280273438e-01
-3.802347183227539062e-02 3.488214015960693359e-01 3.644526004791259766e-02 2.221223115921020508e-01 -3.945965170860290527e-01 8.374387025833129883e-01
-9.097063541412353516e-02 1.150537729263305664e-01 4.200921058654785156e-01 5.962133407592773438e-02 -2.980998754501342773e-01 8.381429910659790039e-01
-1.135796308517456055e-01 2.249479293823242188e-04 3.704788684844970703e-01 -1.741791963577270508e-01 3.809797763824462891e-02 4.563752412796020508e-01
1.852369308471679688e-02 3.830478191375732422e-01 2.130202054977416992e-01 -1.072013378143310547e-02 -2.534725069999694824e-01 7.808051109313964844e-01
-4.081574082374572754e-01 7.238912582397460938e-02 5.387605428695678711e-01 7.468867301940917969e-02 -1.350688934326171875e-02 6.612972021102905273e-01
-4.666081666946411133e-01 -1.852681636810302734e-01 4.950040578842163086e-01 1.530550718307495117e-01 1.019855737686157227e-01 2.608116865158081055e-01
3.239035606384277344e-03 -7.079231739044189453e-02 4.238796234130859375e-01 -1.544768810272216797e-01 -3.340832591056823730e-01 4.253276586532592773e-01
-7.768535614013671875e-02 -2.284178137779235840e-01 3.530139923095703125e-01 -2.388279438018798828e-01 -2.717300057411193848e-01 2.827866077423095703e-01
-2.622724175453186035e-01 -2.139761447906494141e-01 4.919346570968627930e-01 -1.890099048614501953e-02 -2.041365504264831543e-01 2.932690382003784180e-01
