1.352844238281250000e-01 2.160949707031250000e-01 -2.849966287612915039e-02 1.486692428588867188e-01 -1.408821344375610352e-02 -4.146426916122436523e-02
2.948411703109741211e-01 1.446130275726318359e-01 -2.754950523376464844e-01 4.384698867797851562e-01 1.891494989395141602e-01 -2.820633053779602051e-01
5.687361955642700195e-01 3.311407566070556641e-02 -5.521770119667053223e-01 3.661983013153076172e-01 3.561685085296630859e-01 -4.503467679023742676e-01
5.085074901580810547e-01 2.262105941772460938e-01 -6.255211830139160156e-01 2.961776256561279297e-01 1.655209064483642578e-01 -2.864997982978820801e-01
5.533596277236938477e-01 1.970710754394531250e-01 -6.310422420501708984e-01 3.525841236114501953e-01 1.571415662765502930e-01 -3.165766000747680664e-01
5.742281675338745117e-01 1.293765306472778320e-01 -7.667051553726196289e-01 4.058450460433959961e-01 1.911469697952270508e-01 -4.234344363212585449e-01
5.434149503707885742e-01 2.034803628921508789e-01 -5.676873922348022461e-01 2.758393287658691406e-01 1.564375162124633789e-01 -2.811146974563598633e-01
6.720957756042480469e-01 1.896221637725830078e-01 -6.371874213218688965e-01 2.456887960433959961e-01 2.001736164093017578e-01 -2.911207079887390137e-01
5.967202186584472656e-01 7.817029953002929688e-02 -5.999537110328674316e-01 2.433203458786010742e-01 2.862207889556884766e-01 -3.838613629341125488e-01
4.692938327789306641e-01 1.273838281631469727e-01 -3.859318494796752930e-01 1.169527769088745117e-01 2.396584749221801758e-01 -2.757708430290222168e-01
5.341604948043823242e-01 1.020734310150146484e-01 -3.719322681427001953e-01 1.426632404327392578e-01 3.299369812011718750e-01 -3.225534558296203613e-01
5.873602628707885742e-01 2.941725254058837891e-01 -3.995217680931091309e-01 1.339988708496093750e-01 1.849995851516723633e-01 -1.416851878166198730e-01
6.792134046554565430e-01 1.421506404876708984e-01 -4.621406197547912598e-01 1.981114149093627930e-01 3.316609859466552734e-01 -2.925800085067749023e-01
7.102612257003784180e-01 1.209748983383178711e-01 -2.838023304939270020e-01 3.455936908721923828e-02 3.987987041473388672e-01 -2.375053763389587402e-01
5.402144193649291992e-01 6.778132915496826172e-02 -2.042480111122131348e-01 2.048707008361816406e-02 3.207314014434814453e-01 -1.922429800033569336e-01
4.252461194992065430e-01 -5.847752094268798828e-02 -1.134052872657775879e-01 -5.548000335693359375e-04 4.091907739639282227e-01 -2.692183852195739746e-01
4.980087280273437500e-01 4.008150100708007812e-02 -1.563385128974914551e-01 2.428770065307617188e-03 3.856846094131469727e-01 -1.726046204566955566e-01
3.511010408401489258e-01 -8.370018005371093750e-02 -1.209472417831420898e-01 3.565311431884765625e-02 3.556634187698364258e-01 -1.719856262207031250e-01
3.772277832031250000e-01 -2.413270473480224609e-01 -1.088402271270751953e-01 4.491674900054931641e-02 4.263873100280761719e-01 -1.590574979782104492e-01
2.236409187316894531e-01 -2.067405581474304199e-01 -9.239381551742553711e-02 -3.534507751464843750e-02 2.179381847381591797e-01 -4.731935262680053711e-02
5.111250877380371094e-01 -3.115758299827575684e-01 -9.342056512832641602e-02 -2.516155838966369629e-01 3.835083246231079102e-01 -1.401622295379638672e-01
3.954946994781494141e-01 -3.927372694015502930e-01 -7.452565431594848633e-02 -4.224510192871093750e-01 3.440586328506469727e-01 -2.051221132278442383e-01
5.516021251678466797e-01 -3.905649185180664062e-01 -7.655918598175048828e-02 -3.719763159751892090e-01 3.112677335739135742e-01 -1.450697183609008789e-01
3.498185873031616211e-01 -3.066600561141967773e-01 -9.528142213821411133e-02 -1.341552734375000000e-01 -1.733453869819641113e-01 1.223886013031005859e-01
4.488620758056640625e-01 -3.457636833190917969e-01 -1.319466233253479004e-01 -3.176012039184570312e-01 -7.503283023834228516e-02 -1.545369625091552734e-01
3.308464288711547852e-01 -3.060725331306457520e-01 -2.057306766510009766e-01 -2.905789017677307129e-01 -1.258364319801330566e-01 -5.381089448928833008e-02
4.695416688919067383e-01 -3.528633117675781250e-01 -2.383782863616943359e-01 -3.368958830833435059e-01 1.443266868591308594e-02 -1.652258038520812988e-01
3.792132139205932617e-01 -4.622779488563537598e-01 -2.502753138542175293e-01 -1.815491914749145508e-01 -2.411076426506042480e-01 -1.853216886520385742e-01
4.525855779647827148e-01 -5.258300304412841797e-01 -2.773346304893493652e-01 -2.033929228782653809e-01 -1.733216047286987305e-01 -3.648700714111328125e-01
4.946911334991455078e-01 -4.197552204132080078e-01 -2.428366541862487793e-01 -4.520708322525024414e-02 -3.657360672950744629e-01 -1.844632625579833984e-01
6.799902915954589844e-01 -4.001272916793823242e-01 -4.273088574409484863e-01 -1.568523049354553223e-01 -2.420537471771240234e-01 -2.757090330123901367e-01
5.735419988632202148e-01 -4.073045253753662109e-01 -2.684454917907714844e-01 -2.561424970626831055e-01 -2.449079751968383789e-01 -1.424825787544250488e-01
4.686658382415771484e-01 -4.255778789520263672e-01 -2.102866172790527344e-01 -2.033341526985168457e-01 -3.678824901580810547e-01 -1.549154520034790039e-01
5.276939868927001953e-01 -4.056305289268493652e-01 -2.224486470222473145e-01 -2.157160043716430664e-01 -2.666872143745422363e-01 -2.108148932456970215e-01
4.462711811065673828e-01 -4.778758287429809570e-01 -1.907942891120910645e-01 -1.958959698677062988e-01 -3.031129240989685059e-01 -1.772282719612121582e-01
4.978432655334472656e-01 -5.008019208908081055e-01 -1.975004076957702637e-01 -2.307672500610351562e-01 -2.122087478637695312e-01 -2.385111451148986816e-01
5.689872503280639648e-01 -5.559499859809875488e-01 -1.818176507949829102e-01 -1.413207054138183594e-01 -3.571148514747619629e-01 -2.808818817138671875e-01
5.989044904708862305e-01 -6.497495174407958984e-01 -2.747088670730590820e-01 -2.469381093978881836e-01 -1.062957644462585449e-01 -4.419807791709899902e-01
5.147672891616821289e-01 -5.987453460693359375e-01 -1.164386868476867676e-01 -8.573716878890991211e-02 -2.871997356414794922e-01 -2.592433094978332520e-01
4.965946674346923828e-01 -6.356146335601806641e-01 -1.413145065307617188e-01 -9.876304864883422852e-02 -2.743403315544128418e-01 -1.833177208900451660e-01
5.890603065490722656e-01 -5.726890563964843750e-01 -1.942397356033325195e-01 -2.191874384880065918e-01 -2.414106130599975586e-01 -1.957681179046630859e-01
5.998004674911499023e-01 -5.895885229110717773e-01 -1.917772889137268066e-01 -2.254417538642883301e-01 -2.330632805824279785e-01 -1.997248530387878418e-01
5.996286869049072266e-01 -5.566904544830322266e-01 -2.681717276573181152e-01 -1.681585311889648438e-01 -2.993111610412597656e-01 -1.178969740867614746e-01
3.998739719390869141e-01 -5.950207710266113281e-01 -3.150510787963867188e-02 -3.308803439140319824e-01 -1.637504696846008301e-01 -7.161509990692138672e-02
3.257092237472534180e-01 -5.121679306030273438e-01 4.865634441375732422e-02 -3.883712291717529297e-01 -1.421565413475036621e-01 5.684554576873779297e-02
3.944942951202392578e-01 -4.781786799430847168e-01 -6.102943420410156250e-02 -4.072711467742919922e-01 -1.417046785354614258e-02 -1.300770044326782227e-02
4.612141847610473633e-01 -3.571756482124328613e-01 5.084156990051269531e-03 -3.887485861778259277e-01 1.757826805114746094e-01 -3.491163253784179688e-03
6.816067695617675781e-01 -3.535357713699340820e-01 -5.725198984146118164e-02 -3.154529929161071777e-01 4.540951251983642578e-01 -1.731294989585876465e-01
7.399232387542724609e-01 -3.789471983909606934e-01 -1.448140144348144531e-01 -3.080974221229553223e-01 7.629479169845581055e-01 -4.391814470291137695e-01
6.784942150115966797e-01 -1.902781724929809570e-01 -2.689231038093566895e-01 -3.381692171096801758e-01 6.895703077316284180e-01 -3.731337785720825195e-01
4.556981325149536133e-01 3.511738777160644531e-02 -4.098515510559082031e-01 -3.089233636856079102e-01 4.106277227401733398e-01 -2.158107757568359375e-01
2.437705993652343750e-01 1.367304325103759766e-01 -3.232645392417907715e-01 -2.767571210861206055e-01 2.622833251953125000e-01 -6.239134073257446289e-02
1.783747673034667969e-01 2.438980340957641602e-01 -3.855293393135070801e-01 -1.561968922615051270e-01 6.449079513549804688e-02 1.131302118301391602e-01
2.869087457656860352e-01 3.471560478210449219e-01 -4.865431189537048340e-01 -1.088434457778930664e-01 2.993333339691162109e-02 1.576395034790039062e-01
2.694109678268432617e-01 3.550379276275634766e-01 -4.097116589546203613e-01 -1.134687662124633789e-02 -2.507954835891723633e-02 2.313750982284545898e-01
4.020997285842895508e-01 3.286702632904052734e-01 -4.541487097740173340e-01 -5.130219459533691406e-02 7.985520362854003906e-02 1.607306003570556641e-01
3.863536119461059570e-01 2.986303567886352539e-01 -5.244243144989013672e-01 1.481080055236816406e-02 7.031238079071044922e-02 1.247322559356689453e-01
1.899449825286865234e-01 2.572147846221923828e-01 -4.094731807708740234e-01 2.323126792907714844e-02 1.173019409179687500e-02 1.015206575393676758e-01
1.998510360717773438e-01 3.002405166625976562e-01 -4.016268253326416016e-01 -7.703310251235961914e-02 1.272749900817871094e-02 9.780669212341308594e-02
3.209987878799438477e-01 2.391630411148071289e-01 -5.143098831176757812e-01 -1.277135014533996582e-01 1.880342960357666016e-01 -6.680852174758911133e-02
4.368095397949218750e-01 1.143693923950195312e-01 -3.596003651618957520e-01 -3.157375454902648926e-01 3.837257623672485352e-01 -1.404834389686584473e-01
5.765637159347534180e-01 -1.850953102111816406e-01 -2.540339231491088867e-01 -1.827872991561889648e-01 6.495345830917358398e-01 -3.589105606079101562e-01
6.741390228271484375e-01 -2.773483395576477051e-01 -8.098918199539184570e-02 -3.524713516235351562e-01 7.530580759048461914e-01 -2.953028082847595215e-01
6.096514463424682617e-01 -4.668177962303161621e-01 2.898514270782470703e-02 -2.984789013862609863e-01 7.284770011901855469e-01 -3.388435840606689453e-01
5.358355045318603516e-01 -4.397066831588745117e-01 6.880235671997070312e-02 -4.588991999626159668e-01 5.180900096893310547e-01 -1.543620228767395020e-01
5.110533237457275391e-01 -4.135261178016662598e-01 4.290926456451416016e-02 -5.402448773384094238e-01 3.576784133911132812e-01 -2.413940429687500000e-02
4.721126556396484375e-01 -3.767556548118591309e-01 3.955483436584472656e-02 -5.331304073333740234e-01 2.095662355422973633e-01 1.349341869354248047e-02
5.327090024948120117e-01 -4.506233930587768555e-01 5.325067043304443359e-02 -4.650802612304687500e-01 1.677671670913696289e-01 3.756403923034667969e-02
4.171813726425170898e-01 -4.347862005233764648e-01 2.656126022338867188e-02 -3.846935033798217773e-01 -9.174168109893798828e-03 3.657007217407226562e-02
4.244465827941894531e-01 -4.785029292106628418e-01 -4.116350412368774414e-02 -3.426728844642639160e-01 -3.134423494338989258e-02 -5.804800987243652344e-02
3.476616144180297852e-01 -4.528832435607910156e-01 -6.524986028671264648e-02 -3.007186055183410645e-01 -2.163511514663696289e-01 3.208768367767333984e-02
2.631722688674926758e-01 -4.460229873657226562e-01 -3.102266788482666016e-02 -3.366464972496032715e-01 -3.456656932830810547e-01 6.518161296844482422e-02
5.303623676300048828e-01 -5.421037673950195312e-01 -2.927839756011962891e-02 -1.851550936698913574e-01 -7.159852981567382812e-02 -9.142059087753295898e-02
6.341377496719360352e-01 -6.506588459014892578e-01 2.621006965637207031e-02 -4.825451970100402832e-01 2.373235225677490234e-01 -2.055051922798156738e-01
4.875147342681884766e-01 -5.631549358367919922e-01 -3.696143627166748047e-02 -5.013172626495361328e-01 1.089035272598266602e-01 -1.479719877243041992e-01
3.218792676925659180e-01 -4.875996708869934082e-01 -1.291212439537048340e-01 -4.432901740074157715e-01 -1.128107309341430664e-02 -1.507190465927124023e-01
3.074585199356079102e-01 -4.072393178939819336e-01 -1.118134856224060059e-01 -2.781459689140319824e-01 -2.369154095649719238e-01 2.704417705535888672e-02
4.494839906692504883e-01 -4.341746568679809570e-01 -1.239694952964782715e-01 -2.546170353889465332e-01 -1.038726568222045898e-01 3.984451293945312500e-03
3.979271650314331055e-01 -4.831176400184631348e-01 -9.996885061264038086e-02 -2.631046175956726074e-01 -1.024685502052307129e-01 1.559114456176757812e-01
2.850393056869506836e-01 -5.261784791946411133e-01 -2.909414172172546387e-01 -4.899051189422607422e-01 -1.655912399291992188e-02 -2.016566395759582520e-01
-8.876883983612060547e-02 -6.024830341339111328e-01 -1.984488368034362793e-01 -2.941018342971801758e-01 -2.373877763748168945e-01 -2.466211915016174316e-01
-2.397288084030151367e-01 -6.174651384353637695e-01 -1.033070087432861328e-01 -2.861648797988891602e-01 -1.080647110939025879e-01 -3.096707463264465332e-01
-2.439411282539367676e-01 -6.381472349166870117e-01 1.387763023376464844e-01 -4.340666532516479492e-01 -1.292839646339416504e-01 -1.549769043922424316e-01
-1.696969866752624512e-01 -5.729655027389526367e-01 -6.309837102890014648e-02 -4.584746956825256348e-01 6.753706932067871094e-02 -2.339892983436584473e-01
-2.095715403556823730e-01 -5.209951996803283691e-01 6.987297534942626953e-02 -3.670297265052795410e-01 -9.778225421905517578e-02 -2.543964982032775879e-01
-2.671191096305847168e-01 -4.620110392570495605e-01 4.519903659820556641e-02 -1.861754059791564941e-01 -1.249748468399047852e-02 -2.864118814468383789e-01
-1.934213638305664062e-01 -3.537824153900146484e-01 1.781955957412719727e-01 -2.411918044090270996e-01 -2.322369813919067383e-01 -1.760274767875671387e-01
-1.490885615348815918e-01 -3.180607557296752930e-01 1.741055250167846680e-01 -2.731388807296752930e-01 -1.663427352905273438e-01 -4.799681901931762695e-02
-3.056504726409912109e-01 -3.241570591926574707e-01 1.373368501663208008e-01 -2.836316227912902832e-01 -1.201094985008239746e-01 -1.497875452041625977e-01
-2.486964464187622070e-01 -4.395341277122497559e-01 1.684364080429077148e-01 -2.669973969459533691e-01 -1.120623946189880371e-01 -1.803764104843139648e-01
1.350307464599609375e-01 -7.204873561859130859e-01 1.027342081069946289e-01 -3.179762363433837891e-01 1.115026473999023438e-01 -2.682225704193115234e-01
1.628559827804565430e-01 -6.214749813079833984e-01 7.891011238098144531e-02 -3.482347726821899414e-01 -9.082579612731933594e-02 -9.375357627868652344e-02
3.788642883300781250e-01 -6.589910387992858887e-01 -5.479049682617187500e-02 -3.175723552703857422e-01 -7.654654979705810547e-02 -1.670722961425781250e-01
4.318035840988159180e-01 -6.356859207153320312e-01 -2.475494742393493652e-01 -3.240804076194763184e-01 -1.052337884902954102e-01 -1.637966632843017578e-01
2.936313152313232422e-01 -5.350875854492187500e-01 -1.628200411796569824e-01 -4.280130267143249512e-01 -1.255791783332824707e-01 -9.347718954086303711e-02
3.612680435180664062e-01 -6.122794151306152344e-01 -1.267964243888854980e-01 -4.780780076980590820e-01 -5.276477336883544922e-02 -1.561125516891479492e-01
3.641211986541748047e-01 -6.211575865745544434e-01 -6.870639324188232422e-02 -3.262721300125122070e-01 -2.750447392463684082e-01 -1.459952592849731445e-01
5.191655158996582031e-01 -6.880118846893310547e-01 -3.621643781661987305e-02 -2.871121168136596680e-01 -7.219278812408447266e-02 -2.143429517745971680e-01
4.747985601425170898e-01 -8.476030230522155762e-01 6.190574169158935547e-02 -2.785262465476989746e-01 3.547549247741699219e-03 -3.122322559356689453e-01
2.821046113967895508e-01 -8.247914314270019531e-01 7.476568222045898438e-02 -1.967656612396240234e-01 -1.326228380203247070e-01 -4.316247105598449707e-01
-2.439838647842407227e-02 -6.809962987899780273e-01 -8.050262928009033203e-03 1.428426504135131836e-01 -3.465656042098999023e-01 -3.221217393875122070e-01
-1.522232890129089355e-01 -6.180441379547119141e-01 -2.042067050933837891e-02 1.398706436157226562e-01 -2.965957522392272949e-01 -3.556222915649414062e-01
-2.206468582153320312e-02 -4.145395755767822266e-01 3.086063861846923828e-01 -3.829434514045715332e-01 -2.052669525146484375e-01 -1.833292245864868164e-01
-1.800380945205688477e-01 -4.052672386169433594e-01 2.076660394668579102e-01 -2.874544262886047363e-01 -2.527342438697814941e-01 -3.108487725257873535e-01
-2.295108437538146973e-01 -3.399887681007385254e-01 4.278409481048583984e-01 -5.248690843582153320e-01 -2.196731567382812500e-01 -1.298267245292663574e-01
-2.030872106552124023e-01 -3.363188505172729492e-01 5.325071811676025391e-01 -3.549838662147521973e-01 -1.662820577621459961e-01 1.814830303192138672e-02
-2.339058518409729004e-01 -4.350414872169494629e-01 2.662334442138671875e-01 -3.048070669174194336e-01 -7.096028327941894531e-02 -9.359544515609741211e-02
-2.113137841224670410e-01 -3.746398091316223145e-01 1.464248895645141602e-01 -1.440143585205078125e-01 -2.377027273178100586e-01 -6.256693601608276367e-02
-2.365905642509460449e-01 -3.467966318130493164e-01 1.338590383529663086e-01 -3.357192873954772949e-01 -2.544318437576293945e-01 -1.766788363456726074e-01
-3.287683725357055664e-01 -2.663377523422241211e-01 1.370798349380493164e-01 -2.409790754318237305e-01 -3.338963985443115234e-01 -9.256774187088012695e-02
-2.692056894302368164e-01 -2.711727023124694824e-01 2.370202541351318359e-01 -2.525295019149780273e-01 -3.394673466682434082e-01 -2.386289834976196289e-02
-3.641668558120727539e-01 -4.275825619697570801e-01 3.522051572799682617e-01 -1.808704137802124023e-01 -2.278482317924499512e-01 -1.099619269371032715e-01
-4.717270731925964355e-01 -6.090847253799438477e-01 2.071388959884643555e-01 1.024082899093627930e-01 -2.006977796554565430e-01 -3.085151314735412598e-01
-4.269620180130004883e-01 -6.765925288200378418e-01 7.643973827362060547e-02 1.879097223281860352e-01 -3.906316757202148438e-01 -5.844687819480895996e-01
-3.955302834510803223e-01 -5.176639556884765625e-01 2.602856159210205078e-01 5.458288192749023438e-01 -6.052998900413513184e-01 -3.119549751281738281e-01
-1.268063187599182129e-01 -8.213573694229125977e-01 1.161773204803466797e-01 2.229108810424804688e-01 -4.709720015525817871e-01 -4.731830358505249023e-01
1.444510221481323242e-01 -7.106298804283142090e-01 8.618307113647460938e-02 -9.484231472015380859e-02 -4.031481146812438965e-01 -2.619524002075195312e-01
2.792483568191528320e-01 -6.236032843589782715e-01 1.469250917434692383e-01 -2.750951051712036133e-01 -4.150381684303283691e-01 -2.055760025978088379e-01
3.235405683517456055e-01 -6.094995737075805664e-01 1.249356269836425781e-01 -4.073552489280700684e-01 -4.019945859909057617e-01 -1.781345009803771973e-01
3.865253925323486328e-01 -5.903934240341186523e-01 2.836453914642333984e-02 -2.183363437652587891e-01 -4.194328188896179199e-01 -1.164121627807617188e-01
3.708631992340087891e-01 -7.118715047836303711e-01 9.147810935974121094e-02 -2.851797938346862793e-01 -1.360421776771545410e-01 -2.588872313499450684e-01
2.805943489074707031e-01 -6.325767040252685547e-01 1.016366481781005859e-02 -2.825061678886413574e-01 -2.032747268676757812e-01 -2.172586321830749512e-01
1.230263710021972656e-01 -5.458238720893859863e-01 6.907343864440917969e-02 -2.990494370460510254e-01 -3.635944724082946777e-01 -3.860008716583251953e-02
1.289247274398803711e-01 -5.735804438591003418e-01 1.619558334350585938e-01 -3.970699310302734375e-01 -2.558752894401550293e-01 -5.955308675765991211e-02
2.793481349945068359e-01 -6.974299550056457520e-01 1.726962327957153320e-01 -3.543061017990112305e-01 -6.270247697830200195e-02 -2.476390004158020020e-01
2.302587032318115234e-01 -6.943360567092895508e-01 1.910485029220581055e-01 -3.235755562782287598e-01 -5.850350856781005859e-02 -2.188367843627929688e-01
2.089296579360961914e-01 -6.289831399917602539e-01 3.414958715438842773e-01 -3.548952341079711914e-01 -7.698333263397216797e-02 -1.641287207603454590e-01
1.011562347412109375e-02 -6.089346408843994141e-01 3.080339431762695312e-01 -2.685691118240356445e-01 2.367198467254638672e-02 -2.748603820800781250e-01
1.005728244781494141e-01 -6.047455072402954102e-01 -3.235936164855957031e-02 -1.180198788642883301e-01 -1.355161070823669434e-01 -4.347686171531677246e-01
6.864368915557861328e-02 -5.674597620964050293e-01 2.001773118972778320e-01 -3.448017239570617676e-01 -1.676040887832641602e-02 -3.929779529571533203e-01
2.393162250518798828e-02 -6.217942237854003906e-01 1.059026718139648438e-01 -3.176164031028747559e-01 1.162731647491455078e-01 -4.139095544815063477e-01
-1.186972856521606445e-02 -5.619199275970458984e-01 1.550433635711669922e-01 -5.380917787551879883e-01 1.445664167404174805e-01 -3.963193893432617188e-01
3.008556365966796875e-02 -4.466887116432189941e-01 3.212805986404418945e-01 -3.343199491500854492e-01 -1.289979219436645508e-01 -1.893270015716552734e-01
-1.944118738174438477e-02 -4.655494689941406250e-01 3.158789873123168945e-01 -2.524145245552062988e-01 -1.061098575592041016e-01 -1.679065823554992676e-01
-1.335661411285400391e-01 -4.483578205108642578e-01 2.996423244476318359e-01 -4.328976869583129883e-01 -1.635394096374511719e-01 -2.999042868614196777e-01
-2.491715550422668457e-01 -3.151844739913940430e-01 2.262394428253173828e-01 -3.765005469322204590e-01 -2.410812973976135254e-01 -1.892936825752258301e-01
-7.296735048294067383e-02 -3.359583616256713867e-01 2.671600580215454102e-01 -3.657417297363281250e-01 -1.621496677398681641e-01 -1.686771512031555176e-01
-2.919560074806213379e-01 -1.516125202178955078e-01 5.221252441406250000e-01 -1.722087264060974121e-01 2.582955360412597656e-02 3.244018554687500000e-02
1.406180858612060547e-02 -5.380996465682983398e-01 2.879353761672973633e-01 4.068723917007446289e-01 5.461237430572509766e-01 -6.534225940704345703e-01
-3.027939796447753906e-02 -5.706859230995178223e-01 3.764145374298095703e-01 5.016170740127563477e-01 5.239822864532470703e-01 -6.388045549392700195e-01
-1.869508028030395508e-01 -2.815670967102050781e-01 4.936709403991699219e-01 1.250507831573486328e-01 1.353819370269775391e-01 -2.551969289779663086e-01
1.975178718566894531e-02 -1.120899915695190430e-01 6.130068302154541016e-01 -1.848059892654418945e-02 -3.182488083839416504e-01 5.401790142059326172e-02
3.201713562011718750e-01 5.681133270263671875e-02 5.851712226867675781e-01 -1.826707720756530762e-01 -6.079244613647460938e-02 1.771161556243896484e-01
3.500410318374633789e-01 9.365260601043701172e-02 3.621103763580322266e-01 -1.518478989601135254e-01 -1.528763771057128906e-02 7.553410530090332031e-02
4.592179059982299805e-01 1.039117574691772461e-01 3.256565332412719727e-01 -3.058862686157226562e-02 7.597005367279052734e-02 1.903247833251953125e-02
3.989701271057128906e-01 2.451597452163696289e-01 4.423224925994873047e-01 -9.446597099304199219e-02 -1.501577496528625488e-01 3.130443096160888672e-01
3.467602729797363281e-01 3.607693910598754883e-01 3.093537092208862305e-01 -2.232779860496520996e-01 -2.426971793174743652e-01 3.243017196655273438e-01
4.906598329544067383e-01 2.890104055404663086e-01 3.462529182434082031e-01 -1.685753464698791504e-01 -6.022202968597412109e-02 2.061733007431030273e-01
5.053452253341674805e-01 2.486240863800048828e-01 2.907936573028564453e-01 -1.862332820892333984e-01 -6.104212999343872070e-02 1.489241123199462891e-01
3.326869010925292969e-01 1.852746009826660156e-01 2.509406805038452148e-01 -1.960802674293518066e-01 -1.380975842475891113e-01 1.294026374816894531e-01
5.911064147949218750e-02 2.919185161590576172e-02 3.408236503601074219e-01 -2.304837703704833984e-01 -2.652390599250793457e-01 6.259262561798095703e-02
-3.637436628341674805e-01 -1.825453639030456543e-01 5.688240528106689453e-01 -3.137138485908508301e-01 -1.225932240486145020e-01 -1.658270955085754395e-01
-2.282502651214599609e-01 -2.930420041084289551e-01 3.947141170501708984e-01 -1.351590156555175781e-01 7.821571826934814453e-02 -3.606971502304077148e-01
-3.509511947631835938e-01 -6.498712301254272461e-02 6.057072877883911133e-01 -1.574667096138000488e-01 -5.957162380218505859e-02 -6.889039278030395508e-02
-1.805028319358825684e-01 4.208087921142578125e-02 8.538711071014404297e-01 -7.460308074951171875e-02 -1.247355937957763672e-01 1.354366540908813477e-01
-2.257890105247497559e-01 -1.445748209953308105e-01 5.784524679183959961e-01 2.601623535156250000e-03 -1.766777038574218750e-02 -9.773850440979003906e-03
-3.803012371063232422e-01 -1.961833238601684570e-02 5.633406639099121094e-01 -1.621543169021606445e-01 -1.811141967773437500e-01 1.509541273117065430e-01
-4.039950370788574219e-01 -5.848455429077148438e-02 7.064983844757080078e-01 -2.426278591156005859e-01 -2.242439985275268555e-02 8.861982822418212891e-02
-2.881591916084289551e-01 7.495045661926269531e-02 5.853453874588012695e-01 1.512813568115234375e-02 -3.143814206123352051e-01 2.489112615585327148e-01
-2.576936483383178711e-01 -1.073105335235595703e-01 6.483498811721801758e-01 -1.630176901817321777e-01 -1.823980808258056641e-01 1.301198005676269531e-01
-2.285788059234619141e-01 -1.766402721405029297e-01 4.155234098434448242e-01 -1.545464992523193359e-02 -9.070795774459838867e-02 -4.966813325881958008e-02
-1.965479254722595215e-01 -2.046136856079101562e-01 4.078794717788696289e-01 -1.612892746925354004e-01 1.979278326034545898e-01 -3.639046549797058105e-01
-1.538772583007812500e-01 -4.033679366111755371e-01 2.614667415618896484e-01 -4.558831453323364258e-02 4.562858343124389648e-01 -6.285741329193115234e-01
-4.258050918579101562e-01 -3.471375703811645508e-01 2.758128643035888672e-01 1.060351133346557617e-01 3.715964555740356445e-01 -4.443230032920837402e-01
-4.414739012718200684e-01 -5.712701082229614258e-01 3.266446590423583984e-01 9.063899517059326172e-02 3.259626626968383789e-01 -6.569634675979614258e-01
-3.318288326263427734e-01 -7.352311611175537109e-01 3.853853940963745117e-01 3.804039955139160156e-02 3.313922882080078125e-01 -7.058101296424865723e-01
-2.753547430038452148e-01 -5.273689031600952148e-01 4.814032316207885742e-01 1.371328830718994141e-01 2.173172235488891602e-01 -5.311139822006225586e-01
-3.325747251510620117e-01 -5.869827270507812500e-01 4.289760589599609375e-01 -1.076856255531311035e-01 2.222429513931274414e-01 -5.869834423065185547e-01
-3.806651234626770020e-01 -5.521006584167480469e-01 3.889330625534057617e-01 2.114021778106689453e-02 1.288489103317260742e-01 -5.057295560836791992e-01
-8.992457389831542969e-02 -4.939139485359191895e-01 5.633747577667236328e-01 -1.664513349533081055e-02 2.907013893127441406e-01 -4.796854853630065918e-01
-2.025575041770935059e-01 -5.099833011627197266e-01 5.050979852676391602e-01 -1.166661381721496582e-01 6.305277347564697266e-02 -4.614510536193847656e-01
-5.053240060806274414e-02 -6.457716226577758789e-01 1.954348087310791016e-01 5.665183067321777344e-02 2.345126867294311523e-01 -5.637508630752563477e-01
-3.268738389015197754e-01 -3.386677503585815430e-01 4.335052967071533203e-01 -1.466969847679138184e-01 9.438157081604003906e-03 -2.792476415634155273e-01
-5.288283824920654297e-01 -1.420284509658813477e-01 7.179267406463623047e-01 7.745897769927978516e-02 -5.345803499221801758e-02 -3.865510225296020508e-02
-5.081828832626342773e-01 -2.764096856117248535e-01 5.527446269989013672e-01 8.748650550842285156e-03 -1.652807593345642090e-01 -1.797579526901245117e-01
-5.352265834808349609e-01 -2.730265259742736816e-01 4.516947269439697266e-01 -5.180978775024414062e-02 -1.602984070777893066e-01 -2.206628322601318359e-01
-3.147850036621093750e-01 -2.522237300872802734e-01 8.301690816879272461e-01 -6.423401832580566406e-02 -3.723609447479248047e-02 -6.040513515472412109e-02
-4.178892970085144043e-01 -2.703664898872375488e-01 6.464164257049560547e-01 -6.341075897216796875e-02 -1.212322711944580078e-02 -1.274455785751342773e-01
-3.501943945884704590e-01 -2.709121704101562500e-01 4.709481000900268555e-01 -2.642067074775695801e-01 -2.839438319206237793e-01 -3.288444876670837402e-01
-5.244941711425781250e-01 -3.105618953704833984e-01 4.914520978927612305e-01 -1.784098148345947266e-02 -1.063947677612304688e-01 -7.217329740524291992e-02
-5.326728224754333496e-01 -2.204576134681701660e-01 6.649804115295410156e-01 6.626212596893310547e-02 -2.876176238059997559e-01 -1.347959041595458984e-02
-6.888061761856079102e-01 -2.758124470710754395e-01 6.073881387710571289e-01 -1.619200706481933594e-01 -7.062786817550659180e-02 -1.647735834121704102e-01
-6.718889474868774414e-01 -2.828969955444335938e-01 3.912885189056396484e-01 1.556286811828613281e-01 -1.313031911849975586e-01 -2.531745433807373047e-01
-3.682294487953186035e-01 -1.491117477416992188e-01 6.523432731628417969e-01 -9.572625160217285156e-02 -4.018808007240295410e-01 1.110005378723144531e-02
-4.194087982177734375e-01 -1.616323590278625488e-01 7.231874465942382812e-01 -3.731840848922729492e-02 -2.764135003089904785e-01 1.157634258270263672e-01
-6.691336631774902344e-01 -2.512121796607971191e-01 6.937454938888549805e-01 1.181956529617309570e-01 -2.599390149116516113e-01 1.536245346069335938e-01
-1.476194858551025391e-01 -2.735389471054077148e-01 3.768564462661743164e-01 -5.640854835510253906e-01 -3.044583201408386230e-01 2.063561677932739258e-01
-1.986930966377258301e-01 -1.755934953689575195e-01 3.330769538879394531e-01 -6.843484044075012207e-01 -2.007390260696411133e-01 4.051163196563720703e-01
-1.223074197769165039e-01 -2.246987223625183105e-01 6.546294689178466797e-02 -6.468679308891296387e-01 -6.973659992218017578e-02 2.843966484069824219e-01
-6.207501888275146484e-02 -2.161470055580139160e-01 6.172633171081542969e-02 -5.481633543968200684e-01 3.620028495788574219e-03 3.286131620407104492e-01
-1.799220442771911621e-01 -1.623061299324035645e-01 1.168045997619628906e-01 -5.495087504386901855e-01 -6.739139556884765625e-02 4.102089405059814453e-01
-1.414223313331604004e-01 -1.616531014442443848e-01 1.141104698181152344e-01 -4.629712700843811035e-01 -5.368971824645996094e-02 3.636440038681030273e-01
-5.742394924163818359e-02 -2.269404530525207520e-01 2.226486206054687500e-01 -4.784678816795349121e-01 1.137595176696777344e-01 2.757093906402587891e-01
8.953213691711425781e-03 -2.274169325828552246e-01 1.455886363983154297e-01 -3.880072832107543945e-01 1.609960794448852539e-01 2.493708133697509766e-01
-1.506929993629455566e-01 -2.593880295753479004e-01 2.566421031951904297e-01 -3.768115043640136719e-01 1.326751708984375000e-01 3.485219478607177734e-01
-9.968984127044677734e-02 -3.356595039367675781e-01 3.212211132049560547e-01 -3.285905122756958008e-01 2.389565706253051758e-01 3.287540674209594727e-01
-2.743617892265319824e-01 -2.542302608489990234e-01 3.999137878417968750e-01 -3.910495638847351074e-01 1.616806983947753906e-01 3.629252910614013672e-01
-2.628102302551269531e-01 -2.917309999465942383e-01 4.249176979064941406e-01 -4.562067389488220215e-01 9.673893451690673828e-02 3.139994144439697266e-01
-3.618054389953613281e-01 -2.203994393348693848e-01 4.039351940155029297e-01 -1.477942466735839844e-01 -3.905558586120605469e-02 4.205374717712402344e-01
-2.349138259887695312e-01 -3.035758733749389648e-01 3.421928882598876953e-01 4.904270172119140625e-04 1.376259326934814453e-01 2.551114559173583984e-01
-7.431641221046447754e-01 -2.224399447441101074e-01 3.163597583770751953e-01 -2.727012038230895996e-01 1.347512006759643555e-01 1.917004585266113281e-01
-3.931951522827148438e-01 -2.645069360733032227e-01 4.085482358932495117e-01 -3.917684555053710938e-01 1.264425516128540039e-01 3.356195688247680664e-01
