2.159700393676757812e-01 1.457854509353637695e-01 -1.328718662261962891e-02 -1.679906249046325684e-01 1.555961370468139648e-01 -1.310169696807861328e-02
4.216818809509277344e-01 1.801844835281372070e-01 -1.676147580146789551e-01 1.416352987289428711e-01 2.443124055862426758e-01 -1.302530169486999512e-01
2.900872230529785156e-01 2.700260877609252930e-01 -9.631115198135375977e-02 1.247934103012084961e-01 9.253883361816406250e-02 -2.507013082504272461e-02
5.113723278045654297e-01 3.357175588607788086e-01 -2.581863999366760254e-01 1.699503660202026367e-01 2.598757743835449219e-01 -9.505307674407958984e-02
6.944588422775268555e-01 3.758558034896850586e-01 -4.219151735305786133e-01 2.598483562469482422e-01 1.004745960235595703e-01 1.731145381927490234e-02
7.497102022171020508e-01 3.061820268630981445e-01 -3.973754048347473145e-01 2.427914142608642578e-01 1.129757165908813477e-01 -6.203436851501464844e-02
7.908476591110229492e-01 3.030545711517333984e-01 -4.436289072036743164e-01 2.222106456756591797e-01 1.038258075714111328e-01 -7.701218128204345703e-02
8.272721767425537109e-01 3.376338481903076172e-01 -5.289239883422851562e-01 2.111729383468627930e-01 8.688199520111083984e-02 -7.270610332489013672e-02
7.081925868988037109e-01 3.328425884246826172e-01 -4.444593191146850586e-01 1.905261278152465820e-01 1.000199317932128906e-01 -5.119806528091430664e-02
7.622312307357788086e-01 3.266875743865966797e-01 -4.450567960739135742e-01 1.649639606475830078e-01 1.488305330276489258e-01 -7.940173149108886719e-02
7.262620925903320312e-01 2.914509773254394531e-01 -4.451884031295776367e-01 1.851724386215209961e-01 1.582703590393066406e-01 -1.197959780693054199e-01
7.360689640045166016e-01 2.929553985595703125e-01 -4.151817560195922852e-01 1.185106039047241211e-01 2.240413427352905273e-01 -1.252360343933105469e-01
7.024714946746826172e-01 3.442499637603759766e-01 -2.477770447731018066e-01 5.208766460418701172e-02 2.140005826950073242e-01 -9.828329086303710938e-03
8.782126903533935547e-01 2.648410797119140625e-01 -3.911010026931762695e-01 1.203192472457885742e-01 3.753830194473266602e-01 -1.743183135986328125e-01
9.299601316452026367e-01 2.788181304931640625e-01 -4.095585346221923828e-01 1.998608112335205078e-01 2.743422985076904297e-01 -8.301645517349243164e-02
7.930116653442382812e-01 1.876033544540405273e-01 -2.566737532615661621e-01 1.425625085830688477e-01 3.711889982223510742e-01 -1.289113163948059082e-01
8.840382099151611328e-01 1.906965970993041992e-01 -2.674006223678588867e-01 7.555079460144042969e-02 4.410244226455688477e-01 -1.360672712326049805e-01
9.126586914062500000e-01 1.905205249786376953e-01 -2.378954291343688965e-01 1.257065534591674805e-01 4.146798849105834961e-01 -1.075661182403564453e-02
7.344222068786621094e-01 8.324491977691650391e-02 3.582048416137695312e-02 1.157915592193603516e-02 4.906649589538574219e-01 7.349014282226562500e-03
7.053563594818115234e-01 6.408882141113281250e-02 3.527653217315673828e-02 3.555476665496826172e-02 4.291659593582153320e-01 9.868526458740234375e-02
7.225996255874633789e-01 -2.410072088241577148e-02 2.795147895812988281e-02 -5.528926849365234375e-04 4.568943977355957031e-01 9.708046913146972656e-02
5.261430740356445312e-01 -4.553467035293579102e-02 6.572008132934570312e-04 1.778256893157958984e-02 3.495310544967651367e-01 1.377717256546020508e-01
4.275859594345092773e-01 -1.779965162277221680e-01 -3.032833337783813477e-02 4.457271099090576172e-02 3.444892168045043945e-01 5.974304676055908203e-02
4.584555625915527344e-01 -1.755954027175903320e-01 -9.390187263488769531e-02 -1.475438475608825684e-01 2.754902839660644531e-01 5.317604541778564453e-02
4.046976566314697266e-01 -2.361705303192138672e-01 -1.763671636581420898e-02 -9.853398799896240234e-02 1.658605337142944336e-01 9.544384479522705078e-02
5.375666618347167969e-01 -3.269299864768981934e-01 -1.602204442024230957e-01 -2.156130075454711914e-01 8.851897716522216797e-02 5.470669269561767578e-02
5.435311794281005859e-01 -3.051046729087829590e-01 -1.728066205978393555e-01 -2.792192101478576660e-01 3.544485569000244141e-02 -8.969879150390625000e-02
7.657462358474731445e-01 -3.989043235778808594e-01 -3.468442559242248535e-01 -1.520401835441589355e-01 -1.225458383560180664e-01 -1.414893865585327148e-01
5.050987005233764648e-01 -4.237553477287292480e-01 -2.583124041557312012e-01 -3.166127204895019531e-01 -1.568514108657836914e-01 -1.658148765563964844e-01
5.641551017761230469e-01 -4.346340894699096680e-01 -2.515243887901306152e-01 -2.452425360679626465e-01 -2.958887815475463867e-02 -1.965367794036865234e-01
4.849134683609008789e-01 -3.441529870033264160e-01 -1.070305109024047852e-01 -3.860099911689758301e-01 -7.649391889572143555e-02 -1.278594136238098145e-01
4.280312061309814453e-01 -4.515692591667175293e-01 -8.953517675399780273e-02 -2.462999224662780762e-01 -1.351488232612609863e-01 -1.978302001953125000e-01
4.430707693099975586e-01 -4.701622128486633301e-01 -1.008681654930114746e-01 -2.197906970977783203e-01 -1.741047501564025879e-01 -2.537716031074523926e-01
4.370052814483642578e-01 -4.653611183166503906e-01 -2.290852069854736328e-01 -2.409095764160156250e-01 -2.346628904342651367e-01 -3.005022406578063965e-01
4.115184545516967773e-01 -5.339382886886596680e-01 -2.129464745521545410e-01 -1.710616350173950195e-01 -2.516515254974365234e-01 -3.058916926383972168e-01
5.077011585235595703e-01 -3.304437398910522461e-01 -2.401487827301025391e-01 -1.931703090667724609e-01 -4.276135563850402832e-01 -7.221591472625732422e-02
4.931423664093017578e-01 -4.655380845069885254e-01 -1.274237036705017090e-01 -2.501431703567504883e-01 -2.052553892135620117e-01 -1.898185610771179199e-01
4.428548812866210938e-01 -4.266690611839294434e-01 -2.269517779350280762e-01 -1.894565224647521973e-01 -3.158992528915405273e-01 -2.075451612472534180e-01
4.112807512283325195e-01 -4.404416084289550781e-01 -1.871775984764099121e-01 -2.545486688613891602e-01 -3.891991376876831055e-01 -1.784587502479553223e-01
3.659372329711914062e-01 -4.177628755569458008e-01 -1.396965384483337402e-01 -2.175613641738891602e-01 -4.245682358741760254e-01 -1.344752311706542969e-01
2.351559400558471680e-01 -4.063894748687744141e-01 -3.404438495635986328e-02 -2.270873188972473145e-01 -4.364433288574218750e-01 -1.479801535606384277e-01
3.056643009185791016e-01 -3.560529351234436035e-01 -1.242824196815490723e-01 -2.272921800613403320e-01 -4.761967062950134277e-01 -1.222330927848815918e-01
5.393453836441040039e-01 -4.572954177856445312e-01 -2.183634042739868164e-01 -1.877480745315551758e-01 -2.323543429374694824e-01 -2.751669883728027344e-01
3.885220289230346680e-01 -3.685382604598999023e-01 -1.659474372863769531e-01 -2.544384002685546875e-01 -3.801988959312438965e-01 -6.891423463821411133e-02
3.855218887329101562e-01 -4.039603471755981445e-01 -1.089800000190734863e-01 -2.870244383811950684e-01 -3.678706884384155273e-01 -8.729243278503417969e-02
4.178994894027709961e-01 -4.796148538589477539e-01 3.422868251800537109e-02 -2.459102272987365723e-01 -3.024970293045043945e-01 -6.706076860427856445e-02
6.214098930358886719e-01 -5.965611934661865234e-01 -5.927991867065429688e-02 -1.803026795387268066e-01 -1.741293072700500488e-01 -1.319945454597473145e-01
6.165295839309692383e-01 -6.559232473373413086e-01 1.754868030548095703e-02 -4.007886648178100586e-01 4.881346225738525391e-02 -1.644198298454284668e-01
5.481258630752563477e-01 -6.306586265563964844e-01 4.434931278228759766e-02 -3.985201716423034668e-01 2.295222282409667969e-01 -1.513823866844177246e-01
4.579331874847412109e-01 -4.927641749382019043e-01 2.177028656005859375e-01 -2.873385548591613770e-01 2.662545442581176758e-01 -5.409568548202514648e-02
6.091604232788085938e-01 -5.259119868278503418e-01 7.471990585327148438e-02 -2.018494606018066406e-01 5.466843843460083008e-01 -3.082289695739746094e-01
7.397254705429077148e-01 -4.244316816329956055e-01 -7.249933481216430664e-02 -2.249118089675903320e-01 7.227331399917602539e-01 -4.441943168640136719e-01
6.626548767089843750e-01 -3.180959820747375488e-01 -2.913013100624084473e-01 -1.471760869026184082e-01 6.729295253753662109e-01 -5.003111362457275391e-01
3.660923242568969727e-01 -3.981399536132812500e-02 -2.696377038955688477e-01 -1.559318900108337402e-01 3.973523378372192383e-01 -2.545000910758972168e-01
4.231572151184082031e-01 8.809590339660644531e-02 -3.945114016532897949e-01 -4.578197002410888672e-02 2.354936599731445312e-01 -8.827191591262817383e-02
3.009800910949707031e-01 2.008067369461059570e-01 -3.244705796241760254e-01 -4.984170198440551758e-02 1.050231456756591797e-01 6.417846679687500000e-02
2.067979574203491211e-01 2.649981975555419922e-01 -3.860865831375122070e-01 4.351723194122314453e-02 -5.536937713623046875e-02 1.569375991821289062e-01
1.072403192520141602e-01 2.383778095245361328e-01 -2.840849161148071289e-01 -4.207515716552734375e-02 -3.262555599212646484e-02 1.830009222030639648e-01
1.893264055252075195e-01 2.759058475494384766e-01 -3.378728032112121582e-01 -8.399593830108642578e-02 -2.932965755462646484e-03 1.579535007476806641e-01
2.646230459213256836e-01 1.866054534912109375e-01 -5.054543018341064453e-01 -4.257363080978393555e-02 1.145228147506713867e-01 -1.737016439437866211e-02
2.283027172088623047e-01 2.552895545959472656e-01 -4.630143642425537109e-01 -1.580214500427246094e-01 7.579863071441650391e-02 -4.335224628448486328e-03
1.678930521011352539e-01 3.163149356842041016e-01 -4.901796579360961914e-01 -1.978608965873718262e-01 5.325853824615478516e-02 -3.460401296615600586e-02
1.921449899673461914e-01 2.306019067764282227e-01 -4.857504367828369141e-01 -1.600879430770874023e-01 1.013376712799072266e-01 -7.544410228729248047e-02
2.424756288528442383e-01 7.579016685485839844e-02 -3.350855112075805664e-01 -1.804440021514892578e-01 2.436004877090454102e-01 -1.296425461769104004e-01
3.906922340393066406e-01 -8.343207836151123047e-02 -1.937916278839111328e-01 -2.777079343795776367e-01 5.354123115539550781e-01 -3.057379722595214844e-01
6.156684160232543945e-01 -3.609407544136047363e-01 -1.610136032104492188e-01 -1.199293732643127441e-01 6.973359584808349609e-01 -4.031153917312622070e-01
5.864552259445190430e-01 -5.075212717056274414e-01 -1.543921232223510742e-02 -8.285069465637207031e-02 6.662619113922119141e-01 -3.473560810089111328e-01
4.240137338638305664e-01 -4.664950966835021973e-01 4.521858692169189453e-02 -1.917656660079956055e-01 4.430378675460815430e-01 -1.724086403846740723e-01
3.979090452194213867e-01 -3.859950900077819824e-01 1.139628887176513672e-01 -3.994877338409423828e-01 2.569990158081054688e-01 2.658247947692871094e-03
3.008639812469482422e-01 -4.145325422286987305e-01 1.213660240173339844e-01 -4.730401635169982910e-01 1.832218170166015625e-01 7.054924964904785156e-03
5.039876699447631836e-01 -4.327579736709594727e-01 8.341991901397705078e-02 -4.457420110702514648e-01 1.442800760269165039e-01 7.671618461608886719e-02
3.214244842529296875e-01 -4.758365154266357422e-01 5.016279220581054688e-02 -4.913222789764404297e-01 8.337199687957763672e-02 6.475567817687988281e-03
4.889229536056518555e-01 -4.164876341819763184e-01 4.221951961517333984e-02 -3.875005245208740234e-01 7.335913181304931641e-02 1.305341720581054688e-02
4.387412071228027344e-01 -4.013448953628540039e-01 -7.611453533172607422e-03 -4.567210674285888672e-01 3.649020195007324219e-02 -1.738727092742919922e-02
3.014334440231323242e-01 -4.643701910972595215e-01 4.282593727111816406e-02 -2.765732407569885254e-01 -1.153364777565002441e-01 8.549141883850097656e-02
4.217162132263183594e-01 -3.826246261596679688e-01 -1.205962300300598145e-01 -2.217394709587097168e-01 -8.373486995697021484e-02 -4.217422008514404297e-02
3.096984624862670898e-01 -4.450270533561706543e-01 -6.083834171295166016e-02 -3.525729775428771973e-01 2.977216243743896484e-02 -1.676241755485534668e-01
1.732933521270751953e-01 -4.001123905181884766e-01 -5.127954483032226562e-02 -2.700671553611755371e-01 -1.621107459068298340e-01 1.316583156585693359e-02
2.232037782669067383e-01 -3.542499542236328125e-01 -9.635627269744873047e-03 -3.105470538139343262e-01 -1.744546890258789062e-01 4.668998718261718750e-02
3.702067136764526367e-01 -3.414141535758972168e-01 -1.070266962051391602e-02 -3.719222545623779297e-01 -1.315495371818542480e-01 9.665143489837646484e-02
2.684131860733032227e-01 -4.981935620307922363e-01 8.836758136749267578e-02 -3.199599981307983398e-01 -9.695661067962646484e-02 1.588368415832519531e-02
3.412653207778930664e-01 -5.428254604339599609e-01 1.932557821273803711e-01 -3.171966075897216797e-01 -5.479788780212402344e-02 5.950415134429931641e-02
2.392275333404541016e-01 -5.173559784889221191e-01 1.085629463195800781e-01 -2.795475125312805176e-01 -1.477928757667541504e-01 3.717374801635742188e-02
3.359223604202270508e-01 -5.439980030059814453e-01 8.949339389801025391e-02 -1.060536503791809082e-01 -2.805477380752563477e-02 -7.171225547790527344e-02
2.448810338973999023e-01 -4.978300929069519043e-01 4.934430122375488281e-03 -1.577787399291992188e-01 -1.031720638275146484e-01 -2.200299501419067383e-02
4.277988672256469727e-01 -5.235148668289184570e-01 -8.808749914169311523e-02 -1.357246637344360352e-01 2.970862388610839844e-02 3.180849552154541016e-02
1.039143800735473633e-01 -6.301457881927490234e-01 -2.350900173187255859e-01 -2.907125949859619141e-01 -1.235896944999694824e-01 -3.128314614295959473e-01
7.003331184387207031e-02 -6.187480688095092773e-01 -1.663253307342529297e-01 -6.298077106475830078e-02 -1.493065953254699707e-01 -1.891555190086364746e-01
-8.205741643905639648e-02 -6.605353355407714844e-01 -5.048471689224243164e-02 -2.415643334388732910e-01 6.271386146545410156e-02 -3.403984904289245605e-01
-8.050251007080078125e-02 -6.939517259597778320e-01 -8.726876974105834961e-02 -2.896692156791687012e-01 -1.135343313217163086e-02 -4.901025295257568359e-01
-1.098155975341796875e-03 -6.539055705070495605e-01 -4.100984334945678711e-02 7.650947570800781250e-02 -2.163938283920288086e-01 -5.723911523818969727e-02
-4.318165779113769531e-02 -6.230881214141845703e-01 8.020448684692382812e-02 -3.059017658233642578e-01 2.205884456634521484e-02 -3.097965717315673828e-01
-5.325716733932495117e-01 -4.446761608123779297e-01 6.681454181671142578e-02 -1.896816492080688477e-01 7.517504692077636719e-02 -2.032709121704101562e-01
-1.862496137619018555e-01 -3.939961194992065430e-01 2.785980701446533203e-01 -3.458542823791503906e-01 -1.839309930801391602e-01 -1.021733880043029785e-01
-1.298756599426269531e-01 -4.199438691139221191e-01 5.360436439514160156e-02 -2.885039448738098145e-01 -3.717225790023803711e-02 -2.072742581367492676e-01
-1.928364038467407227e-01 -3.052270412445068359e-01 5.972111225128173828e-02 -9.625047445297241211e-02 -3.554285168647766113e-01 -8.124482631683349609e-02
-3.970683217048645020e-01 -2.935468554496765137e-01 2.654726505279541016e-01 -3.253507018089294434e-01 -2.118254899978637695e-01 -8.261483907699584961e-02
-2.302429676055908203e-01 -3.758942484855651855e-01 1.497783660888671875e-01 -3.757232427597045898e-01 -2.544335126876831055e-01 -3.078404664993286133e-01
-4.598587751388549805e-02 -6.366349458694458008e-01 8.536148071289062500e-02 -2.459058761596679688e-01 -1.919096112251281738e-01 -3.422040939331054688e-01
7.704520225524902344e-02 -7.532883882522583008e-01 -2.991044521331787109e-02 -1.365552544593811035e-01 -1.858977079391479492e-01 -2.890800833702087402e-01
3.621848821640014648e-01 -6.451265811920166016e-01 -4.038584232330322266e-02 -3.886221051216125488e-01 -7.730758190155029297e-02 -2.814794778823852539e-01
4.858489036560058594e-01 -6.099299192428588867e-01 -9.141480922698974609e-02 -4.745490550994873047e-01 7.641208171844482422e-02 -1.803439259529113770e-01
7.134076356887817383e-01 -6.883016824722290039e-01 -3.210276961326599121e-01 -5.186988711357116699e-01 3.014044761657714844e-01 -3.140593767166137695e-01
4.396086931228637695e-01 -7.069110870361328125e-01 -7.798123359680175781e-02 -2.807465195655822754e-01 -2.512967586517333984e-02 -2.612505555152893066e-01
6.478259563446044922e-01 -7.352807521820068359e-01 -1.973345875740051270e-01 -9.811079502105712891e-02 -9.837102890014648438e-02 -3.156691193580627441e-01
4.527416229248046875e-01 -8.112826347351074219e-01 3.687858581542968750e-03 -1.755594015121459961e-01 -1.126688718795776367e-02 -3.811689615249633789e-01
3.653728961944580078e-01 -8.027773499488830566e-01 1.255583763122558594e-02 -9.456408023834228516e-02 1.207935810089111328e-02 -4.481861591339111328e-01
1.331099271774291992e-01 -7.455265522003173828e-01 7.139503955841064453e-02 -3.948444128036499023e-02 -2.256610989570617676e-01 -3.858578801155090332e-01
-8.751440048217773438e-02 -8.071655035018920898e-01 -4.947131872177124023e-02 9.675312042236328125e-02 -2.995010614395141602e-01 -4.423336982727050781e-01
-3.060117363929748535e-01 -5.232006907463073730e-01 -4.410862922668457031e-02 9.042596817016601562e-02 -3.286640644073486328e-01 -3.238393068313598633e-01
-2.631847858428955078e-01 -4.152399301528930664e-01 1.466931104660034180e-01 -1.172828674316406250e-02 -3.758454322814941406e-01 -2.306079268455505371e-01
-5.566638708114624023e-02 -3.147028684616088867e-01 2.779374122619628906e-01 3.908157348632812500e-03 -4.952740669250488281e-01 -6.610465049743652344e-02
-8.063679933547973633e-02 -5.150099396705627441e-01 4.562280178070068359e-01 -2.045495510101318359e-01 -2.590280771255493164e-02 -1.345497965812683105e-01
-4.127970337867736816e-01 -3.049436807632446289e-01 2.992329597473144531e-01 -1.752253174781799316e-01 -2.645453810691833496e-01 3.227579593658447266e-02
-1.513626575469970703e-01 -3.878268599510192871e-01 2.334629297256469727e-01 -2.471972107887268066e-01 -2.798559665679931641e-01 -1.554512977600097656e-01
-1.193602681159973145e-01 -4.782667756080627441e-01 1.633872985839843750e-01 -5.627328157424926758e-02 -2.731823921203613281e-01 -1.767730712890625000e-01
-1.817095875740051270e-01 -5.240667462348937988e-01 1.401487588882446289e-01 -2.664340138435363770e-01 -5.035299062728881836e-02 -4.427348971366882324e-01
-2.865551114082336426e-01 -3.950445055961608887e-01 1.056082248687744141e-01 -3.102499842643737793e-01 -1.960335969924926758e-01 -2.943074107170104980e-01
-2.769333124160766602e-02 -3.828514218330383301e-01 2.939963340759277344e-01 -5.847686529159545898e-02 -1.553328633308410645e-01 -1.322534680366516113e-01
-4.277454614639282227e-01 -2.855505347251892090e-01 3.287169933319091797e-01 -1.099177598953247070e-01 -3.252007365226745605e-01 -9.878450632095336914e-02
-4.819607138633728027e-01 -4.050544500350952148e-01 2.701828479766845703e-01 4.433180093765258789e-01 -4.034704566001892090e-01 -1.495518684387207031e-01
-4.171032309532165527e-01 -4.201483130455017090e-01 2.000881433486938477e-01 4.372601509094238281e-01 -4.887787103652954102e-01 -1.818552017211914062e-01
-4.383044838905334473e-01 -5.064991116523742676e-01 -9.208124876022338867e-02 3.912973403930664062e-01 -6.617500185966491699e-01 -3.382243514060974121e-01
-3.356691002845764160e-01 -7.069612741470336914e-01 2.064718008041381836e-01 5.375732183456420898e-01 -3.565005660057067871e-01 -3.914434313774108887e-01
-6.879739761352539062e-01 -3.968461751937866211e-01 3.443251848220825195e-01 6.714811325073242188e-01 -5.086345076560974121e-01 -1.456049680709838867e-01
-3.790315985679626465e-01 -6.054230928421020508e-01 1.761906147003173828e-01 5.021278858184814453e-01 -2.974870204925537109e-01 -4.060306549072265625e-01
-1.416509151458740234e-01 -6.324523687362670898e-01 3.123691082000732422e-01 7.385063171386718750e-02 -3.375236392021179199e-01 -3.707041144371032715e-01
1.599836349487304688e-02 -6.464146375656127930e-01 8.608961105346679688e-02 -7.198899984359741211e-02 -3.882483839988708496e-01 -2.770552039146423340e-01
3.706384897232055664e-01 -6.397233605384826660e-01 1.929593086242675781e-02 -3.185015916824340820e-02 -2.784386873245239258e-01 -2.033554315567016602e-01
3.224149942398071289e-01 -6.490724086761474609e-01 7.690787315368652344e-03 -4.427528381347656250e-02 -4.134135842323303223e-01 -1.522260308265686035e-01
4.063873291015625000e-01 -6.227446794509887695e-01 9.391307830810546875e-04 -1.282646059989929199e-01 -2.702282667160034180e-01 -2.491962909698486328e-01
3.048080205917358398e-01 -6.313654184341430664e-01 8.997249603271484375e-02 -4.274624586105346680e-02 -3.179417252540588379e-01 -8.367568254470825195e-02
2.276301383972167969e-01 -6.599527597427368164e-01 6.329941749572753906e-02 -6.510698795318603516e-02 -2.656550407409667969e-01 -1.141595244407653809e-01
3.155329227447509766e-01 -9.209700226783752441e-01 2.012816667556762695e-01 -1.739503145217895508e-01 1.660023927688598633e-01 -4.509050250053405762e-01
1.244987249374389648e-01 -9.247063994407653809e-01 1.635482311248779297e-01 -1.975899934768676758e-01 1.218811273574829102e-01 -5.086087584495544434e-01
-1.279305815696716309e-01 -5.895547270774841309e-01 2.063043117523193359e-01 -1.716545224189758301e-01 -1.135753989219665527e-01 -3.497455120086669922e-01
-1.291206479072570801e-01 -4.980092048645019531e-01 1.667370796203613281e-01 -3.449417948722839355e-01 -9.196132421493530273e-02 -3.823717832565307617e-01
-8.636057376861572266e-02 -5.407516360282897949e-01 3.118876218795776367e-01 -1.403850317001342773e-01 2.558684349060058594e-02 -2.373629808425903320e-01
-1.484321355819702148e-01 -3.528603315353393555e-01 2.733936309814453125e-01 -3.976362943649291992e-02 -3.005357384681701660e-01 -1.895505189895629883e-02
-1.721341609954833984e-01 -4.144215583801269531e-01 1.889439821243286133e-01 -2.494809031486511230e-01 -1.176500320434570312e-01 -2.983203530311584473e-01
-1.714581251144409180e-01 -5.240809917449951172e-01 2.335551977157592773e-01 -2.685183882713317871e-01 -9.105688333511352539e-02 -3.275617957115173340e-01
-4.116088151931762695e-02 -4.270076751708984375e-01 3.009380102157592773e-01 -3.842987418174743652e-01 -1.414344906806945801e-01 -2.843924760818481445e-01
-6.393033266067504883e-02 -3.845604062080383301e-01 4.335602521896362305e-01 -1.429494023323059082e-01 -3.949534893035888672e-02 -2.145189046859741211e-01
-2.724678516387939453e-01 -5.109199881553649902e-01 2.525147199630737305e-01 3.331209421157836914e-01 3.812586069107055664e-01 -6.230059862136840820e-01
-3.191466927528381348e-01 -5.496166944503784180e-01 1.728839874267578125e-01 5.205081701278686523e-01 1.629526615142822266e-01 -6.638170480728149414e-01
-2.017546296119689941e-01 -4.665611386299133301e-01 4.697971343994140625e-01 1.991108655929565430e-01 1.659214496612548828e-01 -4.535496234893798828e-01
-2.295362353324890137e-01 -3.389804959297180176e-01 6.752673387527465820e-01 -1.846688985824584961e-02 -4.856818914413452148e-02 -2.429608106613159180e-01
2.182826995849609375e-01 -8.544927835464477539e-02 6.410387754440307617e-01 -1.486337184906005859e-01 -2.919325828552246094e-01 -8.724671602249145508e-02
3.171038627624511719e-01 1.527540683746337891e-01 2.448124885559082031e-01 1.312839984893798828e-02 -3.122177124023437500e-01 2.672755718231201172e-02
2.765306234359741211e-01 2.263355255126953125e-01 4.596729278564453125e-01 -4.414898157119750977e-02 -2.917460203170776367e-01 2.272710800170898438e-01
5.053675174713134766e-01 1.197756528854370117e-01 3.258289098739624023e-01 -7.123804092407226562e-02 -7.367408275604248047e-02 1.204929351806640625e-01
4.514391422271728516e-01 3.372275829315185547e-01 3.032280206680297852e-01 -8.373463153839111328e-02 -2.686126828193664551e-01 2.499339580535888672e-01
4.245300292968750000e-01 3.063194751739501953e-01 3.463653326034545898e-01 -1.318482756614685059e-01 -2.219128608703613281e-01 2.458554506301879883e-01
5.316472053527832031e-01 4.676287174224853516e-01 2.243369817733764648e-01 -2.853806614875793457e-01 -2.037917971611022949e-01 2.897609472274780273e-01
4.379714727401733398e-01 3.317546844482421875e-01 2.232233285903930664e-01 -2.240337133407592773e-01 -1.475144028663635254e-01 1.553845405578613281e-01
4.884133338928222656e-01 7.640779018402099609e-02 2.564009428024291992e-01 -3.497642278671264648e-01 1.814616918563842773e-01 -1.396282911300659180e-01
2.029947042465209961e-01 3.614711761474609375e-02 1.992112398147583008e-01 -3.022117614746093750e-01 -5.706030130386352539e-02 -8.648103475570678711e-02
-1.608515977859497070e-01 -2.667115926742553711e-01 4.675899744033813477e-01 -3.359682559967041016e-01 -8.715373277664184570e-02 -2.550451755523681641e-01
-4.691776633262634277e-01 -1.251325607299804688e-01 4.672046899795532227e-01 -3.074602484703063965e-01 -2.754749655723571777e-01 -9.307885169982910156e-02
-4.497596621513366699e-01 -1.340469717979431152e-01 4.814203977584838867e-01 -1.615918278694152832e-01 -1.947586536407470703e-01 6.855809688568115234e-02
-4.045751094818115234e-01 -3.405398130416870117e-02 7.546927928924560547e-01 -5.918437242507934570e-02 -1.692036986351013184e-01 2.215774059295654297e-01
-3.759760856628417969e-01 -1.884451508522033691e-01 7.516312599182128906e-01 -3.697669506072998047e-02 -7.781326770782470703e-03 -7.818889617919921875e-02
-2.673683762550354004e-01 -1.213563084602355957e-01 7.030827999114990234e-01 -2.887272238731384277e-01 -6.352007389068603516e-02 -2.472144365310668945e-02
-2.462562918663024902e-01 -2.152063250541687012e-01 5.511208772659301758e-01 -2.933531999588012695e-01 -5.442482233047485352e-02 -1.370432376861572266e-01
-1.895309686660766602e-01 -3.351165056228637695e-01 6.418647766113281250e-01 -3.038374185562133789e-01 2.258521318435668945e-01 -1.819692850112915039e-01
-3.091813921928405762e-01 -1.863936185836791992e-01 4.017552137374877930e-01 -1.301582455635070801e-01 -4.485899209976196289e-02 -2.913522124290466309e-01
-1.712175607681274414e-01 -8.821934461593627930e-02 2.341992855072021484e-01 9.243607521057128906e-03 4.427202939987182617e-01 -4.448984265327453613e-01
-3.628075122833251953e-03 -2.836656570434570312e-01 1.025863885879516602e-01 -1.930664181709289551e-01 5.875841379165649414e-01 -8.169663548469543457e-01
-3.726395964622497559e-01 -3.612598180770874023e-01 2.377964258193969727e-01 2.092337608337402344e-02 4.982607364654541016e-01 -4.676842093467712402e-01
-1.713933348655700684e-01 -5.297951102256774902e-01 4.485613107681274414e-01 5.620074272155761719e-02 5.051929950714111328e-01 -4.544752240180969238e-01
-3.457816839218139648e-01 -6.791015863418579102e-01 5.579380989074707031e-01 3.949797153472900391e-02 6.456904411315917969e-01 -6.922259330749511719e-01
-3.428887724876403809e-01 -6.268286705017089844e-01 6.684986352920532227e-01 -1.184299588203430176e-01 3.081001043319702148e-01 -5.607032775878906250e-01
-5.183253884315490723e-01 -5.319561958312988281e-01 5.922800302505493164e-01 3.919005393981933594e-02 3.326380252838134766e-01 -5.295029878616333008e-01
-3.194127678871154785e-01 -6.565083861351013184e-01 2.844201326370239258e-01 1.772618293762207031e-02 3.582687377929687500e-01 -7.677544951438903809e-01
-5.425810813903808594e-01 -4.258853793144226074e-01 3.095471858978271484e-01 -8.755785226821899414e-02 1.743957996368408203e-01 -4.910527467727661133e-01
-2.371652722358703613e-01 -5.224753618240356445e-01 4.183785915374755859e-01 -3.800779581069946289e-02 3.079291582107543945e-01 -4.725217223167419434e-01
-2.707634568214416504e-01 -4.756370782852172852e-01 3.172707557678222656e-01 -3.778630495071411133e-02 8.275747299194335938e-02 -6.153076887130737305e-01
-4.257639050483703613e-01 -3.498796224594116211e-01 4.550517797470092773e-01 1.073832511901855469e-01 1.575303077697753906e-01 -3.633894324302673340e-01
-4.062250256538391113e-01 -3.451541662216186523e-01 3.964962959289550781e-01 6.348371505737304688e-03 4.154014587402343750e-02 -2.600227594375610352e-01
-4.143757224082946777e-01 -3.605611920356750488e-01 5.527976751327514648e-01 -7.538563013076782227e-02 2.378952503204345703e-02 -2.972505688667297363e-01
-2.107194066047668457e-01 -2.946376800537109375e-01 5.793886184692382812e-01 -1.342642903327941895e-01 6.528615951538085938e-02 -2.149066329002380371e-01
-2.861554622650146484e-01 -3.192345499992370605e-01 4.437773227691650391e-01 -1.921248435974121094e-01 -1.134322881698608398e-01 -2.660150527954101562e-01
-3.578520417213439941e-01 -2.917027473449707031e-01 4.417707920074462891e-01 -2.029706835746765137e-01 -7.175147533416748047e-02 -1.367563009262084961e-01
-3.004723191261291504e-01 -2.198575139045715332e-01 5.322875976562500000e-01 -1.773747801780700684e-01 -1.417508721351623535e-01 -9.481137990951538086e-02
-5.017098188400268555e-01 -2.827509045600891113e-01 5.073342323303222656e-01 -1.229050755500793457e-01 -1.366040706634521484e-01 -7.972288131713867188e-02
-2.427653074264526367e-01 -2.830463647842407227e-01 3.473490476608276367e-01 -1.084032058715820312e-01 -1.797234416007995605e-01 -1.792778372764587402e-01
-4.472169280052185059e-01 -3.595854640007019043e-01 2.420979738235473633e-01 -1.086236834526062012e-01 -1.037466526031494141e-01 -3.327793478965759277e-01
-3.938883543014526367e-01 -2.548301815986633301e-01 2.567648887634277344e-01 -4.803818464279174805e-02 -1.859059929847717285e-01 -1.335715651512145996e-01
-2.847939133644104004e-01 -3.277893662452697754e-01 3.440525531768798828e-01 -9.728378057479858398e-02 -4.540473222732543945e-02 -2.378442883491516113e-01
-3.421109914779663086e-01 -3.033559918403625488e-01 3.600039482116699219e-01 2.875995635986328125e-02 -2.105413675308227539e-01 -1.401827931404113770e-01
-3.685438632965087891e-01 -3.302718997001647949e-01 3.056191205978393555e-01 2.587080001831054688e-03 -2.307468652725219727e-01 -2.008590698242187500e-01
-2.946999073028564453e-01 -1.654295921325683594e-01 4.532192945480346680e-01 -2.222657203674316406e-04 -3.349559903144836426e-01 7.411098480224609375e-02
-2.218165993690490723e-01 -3.772115707397460938e-01 5.681409835815429688e-01 -1.560051441192626953e-01 -8.154326677322387695e-02 -9.638375043869018555e-02
-1.800209283828735352e-01 -3.523601293563842773e-01 6.974991559982299805e-01 -1.023702025413513184e-01 -1.618639230728149414e-01 1.450383663177490234e-02
3.704440593719482422e-02 -5.049880743026733398e-01 3.692123889923095703e-01 -1.260355710983276367e-01 -2.207271456718444824e-01 -8.484578132629394531e-02
-4.750800132751464844e-02 -2.162066102027893066e-01 2.217341661453247070e-01 -6.027119159698486328e-01 -2.669143080711364746e-01 3.469930887222290039e-01
-3.120261430740356445e-02 -1.054016947746276855e-01 9.473299980163574219e-02 -6.989192962646484375e-01 -2.012456059455871582e-01 3.807384967803955078e-01
-3.720343112945556641e-03 -1.684952974319458008e-01 6.988000869750976562e-02 -6.546871662139892578e-01 -1.492929458618164062e-01 3.886905908584594727e-01
-4.929703474044799805e-02 -6.990575790405273438e-02 3.750979900360107422e-02 -5.892125368118286133e-01 -2.602242231369018555e-01 5.046235322952270508e-01
-2.718597650527954102e-02 -3.741264343261718750e-02 5.577361583709716797e-02 -5.460851192474365234e-01 -2.637968063354492188e-01 5.524171590805053711e-01
-1.307495236396789551e-01 -8.265727758407592773e-02 1.289867162704467773e-01 -4.844040870666503906e-01 -2.606193423271179199e-01 5.200787782669067383e-01
-7.274907827377319336e-02 -6.045180559158325195e-02 1.216198205947875977e-01 -5.023610591888427734e-01 -2.233934998512268066e-01 5.069463253021240234e-01
-1.018524169921875000e-02 -6.980359554290771484e-02 1.732757091522216797e-01 -5.244619250297546387e-01 -1.497275829315185547e-01 4.833184480667114258e-01
4.066455364227294922e-02 -1.463435292243957520e-01 1.971980333328247070e-01 -4.972239732742309570e-01 -2.959579229354858398e-02 4.056204557418823242e-01
-2.032411098480224609e-02 -1.981598734855651855e-01 2.572832107543945312e-01 -4.089619517326354980e-01 4.002344608306884766e-02 4.321988821029663086e-01
-2.850266695022583008e-01 -2.574462294578552246e-01 3.152858018875122070e-01 -4.060028791427612305e-01 8.282661437988281250e-04 4.082748889923095703e-01
-3.958959579467773438e-01 -1.439921855926513672e-01 5.099464654922485352e-01 -4.386516213417053223e-01 -1.070253849029541016e-01 5.982232093811035156e-01
-2.672753334045410156e-01 -1.941320300102233887e-01 3.646757602691650391e-01 -2.838464975357055664e-01 6.807816028594970703e-02 4.409532546997070312e-01
-7.063287496566772461e-01 -2.283420562744140625e-01 2.883565425872802734e-01 -2.359617948532104492e-01 6.515395641326904297e-02 3.733116388320922852e-01
-5.042182207107543945e-01 -4.154763221740722656e-01 3.234993219375610352e-01 -4.309021234512329102e-01 2.170872688293457031e-01 1.323311328887939453e-01
-5.367484688758850098e-01 -2.712113261222839355e-01 2.859822511672973633e-01 -3.457524180412292480e-01 1.453399658203125000e-02 1.815136671066284180e-01
