6.037533283233642578e-01 4.173085689544677734e-01 -4.135814905166625977e-01 1.962640285491943359e-01 1.647061109542846680e-01 -3.840434551239013672e-02
6.635426282882690430e-01 4.318845272064208984e-01 -5.424200296401977539e-01 2.310630083084106445e-01 2.123334407806396484e-01 -1.076602935791015625e-01
8.700401782989501953e-01 4.209904670715332031e-01 -6.397321224212646484e-01 1.584068536758422852e-01 1.373430490493774414e-01 -6.540369987487792969e-02
7.115794420242309570e-01 2.985547780990600586e-01 -5.685507059097290039e-01 1.817271709442138672e-01 2.340899705886840820e-01 -1.349322199821472168e-01
8.314538002014160156e-01 3.032858371734619141e-01 -7.348333001136779785e-01 1.715993881225585938e-01 2.903276681900024414e-01 -2.064113020896911621e-01
7.341572046279907227e-01 3.579244613647460938e-01 -6.099506020545959473e-01 1.375520229339599609e-01 1.874006986618041992e-01 -1.064584851264953613e-01
7.872400283813476562e-01 4.455971717834472656e-01 -5.051543712615966797e-01 5.015909671783447266e-02 2.296299934387207031e-01 -4.013162851333618164e-02
8.191853761672973633e-01 3.417048454284667969e-01 -5.871237516403198242e-01 1.205501556396484375e-01 3.044666051864624023e-01 -1.323792338371276855e-01
8.266096115112304688e-01 4.382095336914062500e-01 -3.560107350349426270e-01 3.797650337219238281e-02 2.954862117767333984e-01 3.203189373016357422e-02
9.051498174667358398e-01 3.957873582839965820e-01 -4.872265458106994629e-01 1.090329885482788086e-01 3.856673240661621094e-01 -1.014714837074279785e-01
8.452874422073364258e-01 4.659787416458129883e-01 -2.909818291664123535e-01 -8.171379566192626953e-03 2.528388500213623047e-01 1.133310794830322266e-01
9.322007894515991211e-01 3.516832590103149414e-01 -3.520525097846984863e-01 5.448484420776367188e-02 3.681008815765380859e-01 4.172086715698242188e-03
8.380645513534545898e-01 3.385363817214965820e-01 -2.074913978576660156e-01 5.984401702880859375e-02 4.223134517669677734e-01 2.666735649108886719e-02
9.698240756988525391e-01 1.793832778930664062e-01 -2.153059244155883789e-01 1.368131637573242188e-01 5.359253883361816406e-01 -4.394656419754028320e-02
9.098757505416870117e-01 1.638660430908203125e-01 -5.220544338226318359e-02 1.359601020812988281e-01 5.002868175506591797e-01 5.982494354248046875e-02
9.263755083084106445e-01 3.303146362304687500e-02 -6.735408306121826172e-02 1.006493568420410156e-01 5.672873258590698242e-01 2.775430679321289062e-02
6.416041851043701172e-01 -9.177964925765991211e-02 -7.408577203750610352e-02 2.352651357650756836e-01 4.565291404724121094e-01 7.363677024841308594e-03
5.811024904251098633e-01 -9.412258863449096680e-02 -1.396521925926208496e-01 9.082734584808349609e-02 4.319036006927490234e-01 5.492508411407470703e-02
5.073130130767822266e-01 -8.738744258880615234e-02 -9.975343942642211914e-02 -9.941643476486206055e-02 3.097929954528808594e-01 1.600874662399291992e-01
4.869267940521240234e-01 -1.345754265785217285e-01 -2.765583992004394531e-02 -1.840248703956604004e-01 1.259472370147705078e-01 1.974501609802246094e-01
5.817828178405761719e-01 -2.785410284996032715e-01 -1.578245759010314941e-01 -2.350972294807434082e-01 1.943929195404052734e-01 -3.698843717575073242e-02
8.395203351974487305e-01 -2.461582422256469727e-01 -2.998167872428894043e-01 -2.835865020751953125e-01 -3.683745861053466797e-03 -1.522910594940185547e-02
6.753433942794799805e-01 -3.914451599121093750e-01 -2.726683020591735840e-01 -3.855938911437988281e-01 1.118144989013671875e-01 -1.727527379989624023e-01
5.806938409805297852e-01 -3.418344855308532715e-01 -1.785058975219726562e-01 -3.781649470329284668e-01 1.882609128952026367e-01 -2.099115848541259766e-01
5.470422506332397461e-01 -3.995000123977661133e-01 -7.261800765991210938e-02 -3.727647662162780762e-01 1.383826732635498047e-01 -1.527118086814880371e-01
5.901230573654174805e-01 -4.649088382720947266e-01 -2.902383208274841309e-01 -1.489137411117553711e-01 6.096386909484863281e-02 -3.585230708122253418e-01
6.923272609710693359e-01 -5.064924955368041992e-01 -7.855367660522460938e-02 -1.904680132865905762e-01 1.856172084808349609e-01 -2.973924279212951660e-01
6.538629531860351562e-01 -4.522108435630798340e-01 -3.564924001693725586e-02 -3.947440981864929199e-01 1.680631637573242188e-01 -2.184857726097106934e-01
5.541077852249145508e-01 -3.609583377838134766e-01 -1.280214786529541016e-01 -3.571223616600036621e-01 -2.389103174209594727e-02 -2.195750474929809570e-01
6.268812417984008789e-01 -3.927659392356872559e-01 -1.467742323875427246e-01 -2.975735664367675781e-01 -1.079019308090209961e-01 -2.255974411964416504e-01
6.536349058151245117e-01 -4.550322890281677246e-01 -4.301905632019042969e-02 -2.447276711463928223e-01 1.035141944885253906e-02 -2.320900559425354004e-01
5.197249650955200195e-01 -4.260660409927368164e-01 5.362594127655029297e-02 -5.417148470878601074e-01 -7.158982753753662109e-02 -1.830056309700012207e-01
4.485372304916381836e-01 -4.173731207847595215e-01 1.453919410705566406e-01 -4.098539948463439941e-01 -1.139400601387023926e-01 -9.928506612777709961e-02
4.380476474761962891e-01 -4.500961303710937500e-01 -2.894580364227294922e-03 -2.503836154937744141e-01 -2.334164977073669434e-01 -8.593797683715820312e-02
3.292448520660400391e-01 -4.632841944694519043e-01 -2.919709682464599609e-02 -2.417522668838500977e-01 -2.613890767097473145e-01 -9.974616765975952148e-02
4.500504732131958008e-01 -4.584572911262512207e-01 -3.923356533050537109e-02 -4.158097505569458008e-01 -1.400861740112304688e-01 -1.624205112457275391e-01
5.790121555328369141e-01 -5.791693925857543945e-01 4.423606395721435547e-02 -4.403588175773620605e-01 9.794640541076660156e-02 -3.075469732284545898e-01
3.881841897964477539e-01 -5.444670319557189941e-01 -4.804962873458862305e-02 -4.663334488868713379e-01 -2.256566286087036133e-02 -3.894401192665100098e-01
1.629595756530761719e-01 -4.632978439331054688e-01 -1.451003551483154297e-02 -4.964492917060852051e-01 -2.590779066085815430e-01 -2.313035130500793457e-01
3.301289081573486328e-01 -5.185934305191040039e-01 1.285809278488159180e-01 -3.875523209571838379e-01 -1.166930198669433594e-01 -2.387744188308715820e-01
2.749333381652832031e-01 -5.354573726654052734e-01 2.052822113037109375e-01 -2.648279070854187012e-01 -1.356042623519897461e-01 -1.813920736312866211e-01
4.277147054672241211e-01 -3.804756402969360352e-01 1.461853981018066406e-01 -2.946835160255432129e-01 -2.576003670692443848e-01 -8.209764957427978516e-02
4.858357906341552734e-01 -4.549451470375061035e-01 7.855391502380371094e-02 -3.249955773353576660e-01 -2.487046122550964355e-01 -1.123163700103759766e-01
4.057289361953735352e-01 -4.748222231864929199e-01 -1.446264982223510742e-02 -2.523808479309082031e-01 -2.601926326751708984e-01 -1.523348689079284668e-01
5.290101766586303711e-01 -5.825762748718261719e-01 -1.051041483879089355e-01 -2.924249172210693359e-01 -1.602953076362609863e-01 -1.466130018234252930e-01
4.780867099761962891e-01 -6.793376207351684570e-01 3.563129901885986328e-02 -3.606058955192565918e-01 1.072835922241210938e-02 -8.854007720947265625e-02
4.932713508605957031e-01 -5.713286399841308594e-01 -2.338582277297973633e-02 -3.637582063674926758e-01 1.188350915908813477e-01 -6.300652027130126953e-02
4.370416402816772461e-01 -4.685499668121337891e-01 3.995490074157714844e-02 -3.581241965293884277e-01 2.418003082275390625e-01 -4.023730754852294922e-02
5.641623735427856445e-01 -5.489796400070190430e-01 2.038168907165527344e-02 -2.977004051208496094e-01 5.771245956420898438e-01 -2.658593058586120605e-01
6.944546699523925781e-01 -4.831566810607910156e-01 -8.057278394699096680e-02 -2.567647099494934082e-01 8.016450405120849609e-01 -4.318007230758666992e-01
6.004776954650878906e-01 -3.356413841247558594e-01 -1.285578608512878418e-01 -4.176741838455200195e-01 8.301780223846435547e-01 -4.474258422851562500e-01
4.894485473632812500e-01 -4.099518060684204102e-02 -2.971075177192687988e-01 -3.648386597633361816e-01 5.629209280014038086e-01 -3.008816242218017578e-01
2.221313714981079102e-01 1.022818088531494141e-01 -3.022429943084716797e-01 -3.078240156173706055e-01 3.146369457244873047e-01 -1.111464500427246094e-01
3.572776317596435547e-01 1.592961549758911133e-01 -3.524895906448364258e-01 -1.848044395446777344e-01 2.285286188125610352e-01 1.906812191009521484e-02
2.511500120162963867e-01 2.777395248413085938e-01 -2.878795862197875977e-01 3.068113327026367188e-02 2.549922466278076172e-02 1.978793144226074219e-01
2.014859914779663086e-01 2.826106548309326172e-01 -3.852680921554565430e-01 1.050263643264770508e-01 -9.114807844161987305e-02 2.678124904632568359e-01
2.406798601150512695e-01 3.341943025588989258e-01 -3.448188304901123047e-01 6.425011157989501953e-02 -1.151204109191894531e-01 3.487402200698852539e-01
1.691762208938598633e-01 4.156881570816040039e-01 -4.346343874931335449e-01 -3.750622272491455078e-03 -1.919339299201965332e-01 3.836915493011474609e-01
1.424114704132080078e-01 3.566578626632690430e-01 -3.968056440353393555e-01 -1.086643934249877930e-01 -4.802072048187255859e-02 2.457044124603271484e-01
2.281962633132934570e-01 2.772157192230224609e-01 -5.368971228599548340e-01 -1.401327252388000488e-01 1.136531829833984375e-01 3.959131240844726562e-02
2.846560478210449219e-01 1.744083166122436523e-01 -3.587812781333923340e-01 -2.659343481063842773e-01 2.869398593902587891e-01 -3.772449493408203125e-02
4.088013172149658203e-01 -9.663778543472290039e-02 -2.381802797317504883e-01 -3.570990562438964844e-01 5.853292942047119141e-01 -2.374312281608581543e-01
5.638813972473144531e-01 -2.510628104209899902e-01 -1.747663021087646484e-01 -3.582602739334106445e-01 7.576986551284790039e-01 -3.883323669433593750e-01
6.106116771697998047e-01 -5.185345411300659180e-01 -7.292896509170532227e-02 -3.004714846611022949e-01 9.027812480926513672e-01 -5.496351718902587891e-01
6.648627519607543945e-01 -6.302350759506225586e-01 4.848194122314453125e-02 -2.542135715484619141e-01 7.889511585235595703e-01 -3.724921941757202148e-01
4.872126579284667969e-01 -5.488897562026977539e-01 1.555292606353759766e-01 -3.916165828704833984e-01 4.229342937469482422e-01 -4.876172542572021484e-02
4.012356996536254883e-01 -5.041089057922363281e-01 1.171232461929321289e-01 -4.154255986213684082e-01 1.750574111938476562e-01 9.877872467041015625e-02
3.840310573577880859e-01 -4.582692384719848633e-01 5.065011978149414062e-02 -4.908314943313598633e-01 1.237044334411621094e-01 3.578877449035644531e-02
4.438174962997436523e-01 -4.558274149894714355e-01 -9.958910942077636719e-02 -3.887822031974792480e-01 3.548347949981689453e-02 -8.198398351669311523e-02
6.751725673675537109e-01 -5.024497509002685547e-01 -1.399167776107788086e-01 -2.475046515464782715e-01 5.810940265655517578e-02 -7.617056369781494141e-02
5.847604274749755859e-01 -5.177986621856689453e-01 -4.146760702133178711e-02 -1.678143143653869629e-01 -8.194583654403686523e-02 7.106661796569824219e-03
4.483473300933837891e-01 -3.493475914001464844e-01 -1.277629733085632324e-01 -2.515420317649841309e-01 -2.210754156112670898e-01 1.042327880859375000e-01
5.081384181976318359e-01 -3.855146765708923340e-01 -8.619034290313720703e-02 -2.816994190216064453e-01 -1.236010789871215820e-01 9.084033966064453125e-02
5.135980844497680664e-01 -4.226676821708679199e-01 -1.803773641586303711e-02 -3.151178359985351562e-01 -4.679012298583984375e-02 7.485222816467285156e-02
4.363677501678466797e-01 -3.506180047988891602e-01 -2.566552162170410156e-02 -4.206338524818420410e-01 -1.189880371093750000e-01 1.419665813446044922e-01
5.039765834808349609e-01 -4.567275047302246094e-01 -8.372431993484497070e-02 -3.225588202476501465e-01 -1.276247501373291016e-01 1.437524557113647461e-01
3.691638708114624023e-01 -3.762534260749816895e-01 -8.281457424163818359e-02 -4.066631197929382324e-01 -1.620962619781494141e-01 6.536602973937988281e-02
3.733887672424316406e-01 -4.258935451507568359e-01 -9.556394815444946289e-02 -4.038579463958740234e-01 -5.255997180938720703e-02 -1.402879953384399414e-01
4.344105720520019531e-01 -4.120130538940429688e-01 -2.652072310447692871e-01 -3.361009955406188965e-01 -1.647632122039794922e-01 -1.271154284477233887e-01
2.553110122680664062e-01 -5.856913328170776367e-01 -2.357577085494995117e-01 -9.084451198577880859e-02 -1.414829492568969727e-01 -1.382259130477905273e-01
2.665935754776000977e-01 -6.329426765441894531e-01 -1.758313775062561035e-01 -3.178897500038146973e-01 -1.136982440948486328e-01 -1.484574079513549805e-01
-3.405678272247314453e-02 -5.599515438079833984e-01 4.598820209503173828e-02 -4.085031151771545410e-01 -2.068922519683837891e-01 -1.718835830688476562e-01
-1.792789101600646973e-01 -5.479360222816467285e-01 6.634652614593505859e-02 -3.745441436767578125e-01 -2.482070922851562500e-01 -7.485383749008178711e-02
-3.540342450141906738e-01 -3.904809951782226562e-01 2.028119564056396484e-02 -3.188225030899047852e-01 -1.866417527198791504e-01 -1.629525423049926758e-01
-3.276426792144775391e-01 -3.945241570472717285e-01 6.434917449951171875e-04 -1.301367282867431641e-01 -1.242851018905639648e-01 -8.533287048339843750e-02
-3.366957306861877441e-01 -5.064206719398498535e-01 2.673768997192382812e-02 -2.029919624328613281e-01 7.044482231140136719e-02 -3.402950763702392578e-01
-4.149525165557861328e-01 -4.461007118225097656e-01 2.246942520141601562e-01 -2.651559114456176758e-01 5.562269687652587891e-02 -1.933904290199279785e-01
-4.091083407402038574e-01 -4.961829185485839844e-01 -4.581332206726074219e-02 -8.860135078430175781e-02 -1.958567500114440918e-01 -2.013759613037109375e-01
-2.278485894203186035e-01 -4.428540468215942383e-01 1.230990886688232422e-02 -1.530371308326721191e-01 -1.629229784011840820e-01 -2.550282478332519531e-01
-2.309756875038146973e-01 -5.444995164871215820e-01 1.049528121948242188e-01 -2.973055243492126465e-01 -9.782987833023071289e-02 -3.600102066993713379e-01
-9.624564647674560547e-02 -4.524366855621337891e-01 1.314873695373535156e-01 -2.246347069740295410e-01 -2.300212979316711426e-01 -1.148066520690917969e-01
-2.457767724990844727e-02 -5.843133330345153809e-01 1.009922027587890625e-01 -1.754042506217956543e-01 -3.205799460411071777e-01 -1.719018816947937012e-01
-1.340079307556152344e-02 -6.728867292404174805e-01 6.304740905761718750e-02 -4.828033447265625000e-01 -9.413951635360717773e-02 -4.332370162010192871e-01
1.176700592041015625e-01 -6.440718770027160645e-01 -1.001381874084472656e-02 -3.609286546707153320e-01 -2.194835543632507324e-01 -3.225136399269104004e-01
9.710001945495605469e-02 -7.971248030662536621e-01 -8.394539356231689453e-02 -5.944222211837768555e-02 -1.406488418579101562e-01 -3.092840313911437988e-01
4.644612073898315430e-01 -7.764674425125122070e-01 -2.802790403366088867e-01 -4.192593097686767578e-01 1.149079799652099609e-01 -3.076550364494323730e-01
3.342428207397460938e-01 -8.287369012832641602e-01 -3.691846132278442383e-02 -2.705032229423522949e-01 -5.932629108428955078e-03 -3.612615466117858887e-01
3.270763158798217773e-01 -6.212625503540039062e-01 -7.435625791549682617e-02 -3.117103576660156250e-01 -1.778180599212646484e-01 -3.116300702095031738e-01
1.491124629974365234e-01 -6.589177250862121582e-01 1.485002040863037109e-02 -1.437358856201171875e-01 -3.126235604286193848e-01 -3.826569914817810059e-01
8.373153209686279297e-02 -6.643385887145996094e-01 2.357519865036010742e-01 -2.139252424240112305e-02 -3.177089095115661621e-01 -2.454259991645812988e-01
-7.265794277191162109e-02 -6.887223124504089355e-01 7.558679580688476562e-02 -1.920250654220581055e-01 -1.952254772186279297e-01 -4.729551672935485840e-01
-1.427628993988037109e-01 -4.441277384757995605e-01 1.350338459014892578e-01 -2.896391749382019043e-01 -2.173190116882324219e-01 -2.638654708862304688e-01
-1.279466152191162109e-01 -3.817959427833557129e-01 4.141590595245361328e-01 -3.407360911369323730e-01 -2.362003922462463379e-01 -2.403367161750793457e-01
-9.574514627456665039e-02 -2.750509381294250488e-01 2.911990880966186523e-01 -2.988463640213012695e-01 -4.777107834815979004e-01 -2.515614032745361328e-03
-1.228073239326477051e-01 -3.491374850273132324e-01 5.906478166580200195e-01 -2.894620895385742188e-01 -2.847361564636230469e-02 -1.964986324310302734e-03
-3.889024257659912109e-01 -2.018412947654724121e-01 4.463067054748535156e-01 -1.037915349006652832e-01 -1.285869479179382324e-01 1.852169036865234375e-01
-3.117924332618713379e-01 -2.898943424224853516e-01 4.808187484741210938e-01 -1.683359146118164062e-01 -2.066718339920043945e-01 -5.458569526672363281e-02
-2.992267012596130371e-01 -2.461850643157958984e-01 4.871832132339477539e-01 -3.585589528083801270e-01 -1.453760862350463867e-01 -3.013330698013305664e-02
-3.772111535072326660e-01 -2.262599468231201172e-01 3.335866928100585938e-01 -2.848789691925048828e-01 -2.424564361572265625e-01 -6.446200609207153320e-02
-1.229311227798461914e-01 -4.805493950843811035e-01 1.370170116424560547e-01 -2.550508379936218262e-01 -1.543992161750793457e-01 -4.173926115036010742e-01
-4.383004307746887207e-01 -2.293822169303894043e-01 4.005053043365478516e-01 -2.189528942108154297e-02 -3.573709130287170410e-01 2.018153667449951172e-02
-5.293028354644775391e-01 -5.469644069671630859e-01 3.481820821762084961e-01 5.541479587554931641e-02 -1.665405035018920898e-01 -3.007876276969909668e-01
-7.026503086090087891e-01 -3.555261492729187012e-01 2.149964570999145508e-01 3.818787336349487305e-01 -4.835891723632812500e-01 -1.101946234703063965e-01
-5.915026068687438965e-01 -3.741878867149353027e-01 1.841686964035034180e-01 4.579180479049682617e-01 -6.202104091644287109e-01 -1.565991640090942383e-01
-2.947652339935302734e-02 -6.161045432090759277e-01 -5.797642469406127930e-02 2.130548954010009766e-01 -4.984909296035766602e-01 -3.954127430915832520e-01
-6.628262996673583984e-02 -6.139250993728637695e-01 -1.247985959053039551e-01 -9.833979606628417969e-02 -5.553883314132690430e-01 -2.718239426612854004e-01
1.020338535308837891e-01 -6.272705793380737305e-01 -4.907971620559692383e-02 -2.816413044929504395e-01 -5.195357799530029297e-01 -1.969475746154785156e-01
2.615300416946411133e-01 -6.960664987564086914e-01 -1.242840290069580078e-02 -3.321182727813720703e-01 -4.050153493881225586e-01 -2.376500368118286133e-01
3.440001010894775391e-01 -6.448295712471008301e-01 5.108332633972167969e-02 -4.524829983711242676e-01 -2.456735372543334961e-01 -1.466204524040222168e-01
3.081985712051391602e-01 -6.815782189369201660e-01 1.047657728195190430e-01 -3.237804174423217773e-01 -2.174918651580810547e-01 -1.321671009063720703e-01
1.969765424728393555e-01 -5.755043625831604004e-01 9.942984580993652344e-02 -4.301694035530090332e-01 -1.923687458038330078e-01 -9.889692068099975586e-02
1.715892553329467773e-01 -6.104384660720825195e-01 1.023317575454711914e-01 -3.951208591461181641e-01 -2.150942087173461914e-01 -3.412246704101562500e-02
1.277272701263427734e-01 -6.256557106971740723e-01 1.086137294769287109e-01 -4.403140544891357422e-01 -1.766391396522521973e-01 -1.555663347244262695e-01
5.447864532470703125e-03 -4.243164062500000000e-01 2.835329771041870117e-01 -5.629215836524963379e-01 -3.329467177391052246e-01 -2.281320095062255859e-02
5.424988269805908203e-02 -5.430115461349487305e-01 3.985476493835449219e-01 -3.558940291404724121e-01 -1.782389283180236816e-01 -4.420113563537597656e-02
-1.833857893943786621e-01 -5.238226056098937988e-01 1.716140508651733398e-01 -3.230143785476684570e-01 -2.251119017601013184e-01 -3.551073670387268066e-01
-1.131219863891601562e-01 -4.337544441223144531e-01 1.918054819107055664e-01 -5.200537443161010742e-01 -1.232653260231018066e-01 -2.955352663993835449e-01
-1.458761692047119141e-01 -3.713417649269104004e-01 1.011691093444824219e-01 -2.468828558921813965e-01 -1.709219813346862793e-01 -1.196808815002441406e-01
-6.729471683502197266e-02 -4.835274815559387207e-01 1.897215843200683594e-01 -2.833409905433654785e-01 -2.746963500976562500e-02 -2.390956282615661621e-01
8.134698867797851562e-02 -3.589248657226562500e-01 8.324849605560302734e-02 -3.141496181488037109e-01 -2.789673805236816406e-01 -2.460668683052062988e-01
5.937433242797851562e-02 -4.163299202919006348e-01 -5.804961919784545898e-02 -2.649826407432556152e-01 -1.471946835517883301e-01 -3.826373219490051270e-01
-8.965963125228881836e-02 -5.110944509506225586e-01 2.077507972717285156e-01 -3.092476129531860352e-01 -4.174166917800903320e-02 -3.587816953659057617e-01
-1.501643657684326172e-01 -3.968396186828613281e-01 3.026974201202392578e-01 -3.932479619979858398e-01 -1.549007296562194824e-01 -2.298721075057983398e-01
-1.580257415771484375e-01 -2.764869928359985352e-01 2.724981307983398438e-01 -1.923120021820068359e-01 -4.019277095794677734e-01 -1.797358989715576172e-01
-5.123597383499145508e-01 -2.378107905387878418e-01 6.181943416595458984e-02 2.509557008743286133e-01 -5.731766819953918457e-01 -1.914263367652893066e-01
-5.495704412460327148e-01 -4.637059569358825684e-01 3.913557529449462891e-02 1.539531946182250977e-01 -4.302973151206970215e-01 -5.146938562393188477e-01
-4.414833784103393555e-01 -3.987431526184082031e-01 2.087645530700683594e-01 3.387167453765869141e-01 -3.464936017990112305e-01 -2.968534827232360840e-01
-3.515332937240600586e-01 -5.611386895179748535e-01 2.863311767578125000e-02 5.264928340911865234e-01 -4.066902399063110352e-01 -3.730617761611938477e-01
-5.100520849227905273e-01 -6.454827785491943359e-01 2.047526836395263672e-02 2.726360559463500977e-01 -3.223109841346740723e-01 -3.962712883949279785e-01
-2.949576377868652344e-01 -5.960793495178222656e-01 -1.041181683540344238e-01 3.775184154510498047e-01 -4.532353878021240234e-01 -3.929075598716735840e-01
-3.469561934471130371e-01 -7.452030181884765625e-01 -4.524761438369750977e-02 4.547487497329711914e-01 -2.601630687713623047e-01 -4.661430716514587402e-01
-3.577138781547546387e-01 -6.336404085159301758e-01 -7.618832588195800781e-02 5.567679405212402344e-01 -2.067672014236450195e-01 -6.013935804367065430e-01
-3.517181873321533203e-01 -6.557823419570922852e-01 8.315503597259521484e-02 4.638787508010864258e-01 -2.577683329582214355e-01 -4.912242889404296875e-01
-4.529053568840026855e-01 -5.209296941757202148e-01 9.212923049926757812e-02 3.775961399078369141e-01 -4.648846387863159180e-01 -3.568888902664184570e-01
-6.513421535491943359e-01 -5.171018838882446289e-01 4.574406147003173828e-02 5.911997556686401367e-01 -5.256812572479248047e-01 -3.801519870758056641e-01
-7.265483140945434570e-01 -3.546967506408691406e-01 3.027070760726928711e-01 3.936798572540283203e-01 -4.984626173973083496e-01 -1.534355282783508301e-01
-6.852802038192749023e-01 -3.820694684982299805e-01 4.135769605636596680e-01 2.041981220245361328e-01 -2.105517387390136719e-01 -2.847248315811157227e-01
-5.287926197052001953e-01 -4.697225093841552734e-01 1.949318647384643555e-01 -1.760196685791015625e-02 -5.871051549911499023e-02 -4.509010910987854004e-01
-3.725951910018920898e-01 -4.288587570190429688e-01 4.063738584518432617e-01 -1.000964641571044922e-01 -1.577568054199218750e-01 -2.979775071144104004e-01
-4.074410200119018555e-01 -3.668612837791442871e-01 2.338620424270629883e-01 1.261627674102783203e-01 -6.067371368408203125e-02 -2.420840859413146973e-01
-4.995546936988830566e-01 -2.958444356918334961e-01 1.855413913726806641e-01 -7.126677036285400391e-02 -2.095445990562438965e-01 -2.681706547737121582e-01
-4.879154562950134277e-01 -3.258818984031677246e-01 1.753741502761840820e-01 -1.710699200630187988e-01 -1.154715418815612793e-01 -2.997217178344726562e-01
-2.011616230010986328e-01 -4.493372440338134766e-01 1.313683986663818359e-01 -1.009141802787780762e-01 -1.791799664497375488e-01 -4.354125857353210449e-01
-3.802700042724609375e-01 -2.455041408538818359e-01 3.085162639617919922e-01 -4.533350467681884766e-03 -2.129716873168945312e-01 -2.092362046241760254e-01
-3.392529487609863281e-01 -2.507539987564086914e-01 4.018098115921020508e-01 3.791654109954833984e-02 -1.795778274536132812e-01 -8.511728048324584961e-02
-6.818885803222656250e-01 -3.052790164947509766e-01 -2.455514669418334961e-02 4.266090393066406250e-01 -4.666933417320251465e-01 -2.531208992004394531e-01
-2.608146667480468750e-01 -5.623257160186767578e-01 -5.312681198120117188e-03 2.476468086242675781e-01 -8.460110425949096680e-02 -3.937738537788391113e-01
-3.935353755950927734e-01 -3.188490867614746094e-01 2.911758422851562500e-01 1.672314405441284180e-01 -2.247194647789001465e-01 -2.018156647682189941e-01
-7.682269811630249023e-02 -4.881692528724670410e-01 5.186831951141357422e-01 2.186430692672729492e-01 -9.927862882614135742e-02 -1.348776817321777344e-01
-2.003889679908752441e-01 -5.719825029373168945e-01 4.891999959945678711e-01 1.986100673675537109e-01 -4.037201404571533203e-03 -1.050636768341064453e-01
-3.420057296752929688e-01 -4.792900681495666504e-01 4.304057359695434570e-01 1.384887695312500000e-01 -3.687750101089477539e-01 1.241934299468994141e-02
-9.761077165603637695e-02 -4.412750005722045898e-01 2.021945714950561523e-01 -4.265164732933044434e-01 -2.329105734825134277e-01 1.033899784088134766e-01
-1.065904498100280762e-01 -2.408416271209716797e-01 1.481428146362304688e-01 -5.619953274726867676e-01 -1.498906612396240234e-01 3.382283449172973633e-01
-2.240062952041625977e-01 -2.886120080947875977e-01 9.510838985443115234e-02 -5.730879306793212891e-01 -7.396417856216430664e-02 2.531372308731079102e-01
-3.415596485137939453e-02 -1.915206313133239746e-01 3.251540660858154297e-02 -5.061413049697875977e-01 9.156823158264160156e-03 3.683170080184936523e-01
-6.276595592498779297e-02 -1.948580741882324219e-01 9.222817420959472656e-02 -3.915612697601318359e-01 3.573572635650634766e-02 3.566607236862182617e-01
-1.034920215606689453e-01 -2.564475536346435547e-01 3.147200345993041992e-01 -4.584162235260009766e-01 1.141146421432495117e-01 4.285966157913208008e-01
-2.915698289871215820e-01 -2.124814987182617188e-01 3.109785318374633789e-01 -5.653524994850158691e-01 1.580647230148315430e-01 4.107164144515991211e-01
-2.941921949386596680e-01 -3.163928389549255371e-01 3.809987306594848633e-01 -3.791084289550781250e-01 1.150652170181274414e-01 3.484351634979248047e-01
-1.647428274154663086e-01 -2.439187765121459961e-01 2.853031158447265625e-01 -4.100714921951293945e-01 8.612346649169921875e-02 3.839231729507446289e-01
-2.488747239112854004e-01 -3.193356394767761230e-01 2.051382064819335938e-01 -2.167458534240722656e-01 2.916270494461059570e-01 2.700128555297851562e-01
-1.233608126640319824e-01 -3.229405879974365234e-01 3.819988965988159180e-01 -5.410001277923583984e-01 1.924563646316528320e-01 2.882937192916870117e-01
-1.112692356109619141e-01 -1.855864524841308594e-01 2.585201263427734375e-01 -2.703056335449218750e-01 1.745074987411499023e-01 4.138184785842895508e-01
-6.289063692092895508e-01 -3.881958723068237305e-01 5.196624994277954102e-01 -3.247532844543457031e-01 2.880424261093139648e-01 2.945098876953125000e-01
-3.791901469230651855e-01 -1.756488680839538574e-01 5.039892196655273438e-01 -3.112692236900329590e-01 -7.840114831924438477e-02 4.449861049652099609e-01
-2.896251082420349121e-01 -1.646385788917541504e-01 5.295456647872924805e-01 -2.557971477508544922e-01 -9.102201461791992188e-02 3.721673488616943359e-01
-1.974384188652038574e-01 -9.662407636642456055e-02 3.521753549575805664e-01 -3.027504682540893555e-02 -3.167271614074707031e-01 5.436587333679199219e-01
-4.112730622291564941e-01 -8.866029977798461914e-02 4.172255992889404297e-01 -1.980793476104736328e-01 -1.677045226097106934e-01 4.167417287826538086e-01
-4.265057444572448730e-01 -1.748198866844177246e-01 2.815654277801513672e-01 -2.197535634040832520e-01 -1.755995154380798340e-01 2.463004589080810547e-01
