4.133322238922119141e-01 2.887747287750244141e-01 -8.862173557281494141e-02 4.811859130859375000e-02 1.435449123382568359e-01 1.685869693756103516e-02
5.889137983322143555e-01 2.727627754211425781e-01 -2.583172321319580078e-01 9.926772117614746094e-02 2.424613237380981445e-01 -4.281467199325561523e-02
7.249411344528198242e-01 2.653020620346069336e-01 -4.762661457061767578e-01 1.307014226913452148e-01 2.469561100006103516e-01 -1.849703788757324219e-01
7.096922397613525391e-01 3.071264028549194336e-01 -3.678604364395141602e-01 9.483373165130615234e-02 1.583720445632934570e-01 -7.755339145660400391e-02
7.345315217971801758e-01 2.732070684432983398e-01 -4.567539095878601074e-01 1.052379608154296875e-01 9.187328815460205078e-02 -5.627894401550292969e-02
6.769798994064331055e-01 2.816913127899169922e-01 -4.570524096488952637e-01 1.367778778076171875e-01 7.031619548797607422e-02 -5.924081802368164062e-02
6.298842430114746094e-01 2.071079015731811523e-01 -4.198692440986633301e-01 1.339489221572875977e-01 1.890981197357177734e-01 -1.519573330879211426e-01
7.352067232131958008e-01 2.385809421539306641e-01 -5.323698520660400391e-01 2.046883106231689453e-01 1.467410326004028320e-01 -1.081995964050292969e-01
7.375423908233642578e-01 2.354296445846557617e-01 -5.076161623001098633e-01 1.919929981231689453e-01 1.665090322494506836e-01 -1.184173226356506348e-01
7.630041837692260742e-01 2.248674631118774414e-01 -4.723703861236572266e-01 1.292967796325683594e-01 2.154232263565063477e-01 -1.301903128623962402e-01
6.752973794937133789e-01 1.736457347869873047e-01 -4.540084600448608398e-01 1.927695274353027344e-01 1.705802679061889648e-01 -1.306529641151428223e-01
6.652675867080688477e-01 8.533096313476562500e-02 -2.782732844352722168e-01 1.179449558258056641e-01 3.236218690872192383e-01 -2.001774907112121582e-01
7.025922536849975586e-01 1.241843700408935547e-01 -2.450802922248840332e-01 8.485066890716552734e-02 3.080430030822753906e-01 -8.135652542114257812e-02
7.131839990615844727e-01 -1.941311359405517578e-02 -2.554317712783813477e-01 1.830072402954101562e-01 4.133886098861694336e-01 -1.320468783378601074e-01
5.347930192947387695e-01 -5.419582128524780273e-02 -1.086323857307434082e-01 1.524724960327148438e-01 4.396612644195556641e-01 -5.999541282653808594e-02
5.323489904403686523e-01 -8.325999975204467773e-02 -5.250883102416992188e-02 8.568751811981201172e-02 4.280087947845458984e-01 5.607891082763671875e-02
4.238029718399047852e-01 -2.695013284683227539e-01 -3.440040349960327148e-02 -1.603072881698608398e-01 6.171114444732666016e-01 -4.462766647338867188e-02
2.509837150573730469e-01 -2.387833595275878906e-01 -2.106207609176635742e-02 -1.421422362327575684e-01 5.153484344482421875e-01 5.595064163208007812e-02
1.704356670379638672e-01 -3.192838430404663086e-01 -1.141451001167297363e-01 -2.864781618118286133e-01 4.416277408599853516e-01 2.413368225097656250e-02
1.845813989639282227e-01 -2.243574261665344238e-01 -1.407114267349243164e-01 -3.343393802642822266e-01 9.964513778686523438e-02 1.134426593780517578e-01
2.781779766082763672e-01 -3.605377078056335449e-01 -2.030120491981506348e-01 -3.488621711730957031e-01 1.202559471130371094e-01 7.089173793792724609e-02
3.192886114120483398e-01 -3.734800219535827637e-01 -3.626452088356018066e-01 -3.985016345977783203e-01 7.246446609497070312e-02 -1.970124244689941406e-02
2.444257736206054688e-01 -3.633474707603454590e-01 -4.002121090888977051e-01 -3.299757242202758789e-01 -5.895793437957763672e-02 -4.861098527908325195e-02
4.039679765701293945e-01 -2.006568312644958496e-01 -8.158951997756958008e-02 -2.395537495613098145e-01 -1.396347284317016602e-01 2.895282506942749023e-01
5.445690155029296875e-01 -2.410512566566467285e-01 -3.913598656654357910e-01 -2.973049283027648926e-01 -8.538353443145751953e-02 1.512539386749267578e-02
5.545557737350463867e-01 -3.238009214401245117e-01 -3.475142121315002441e-01 -2.735654115676879883e-01 5.623996257781982422e-02 -9.253376722335815430e-02
3.935378789901733398e-01 -2.215505838394165039e-01 -3.288018703460693359e-01 -2.245137691497802734e-01 -1.526356935501098633e-01 8.734333515167236328e-02
4.135479927062988281e-01 -2.655168175697326660e-01 -3.895304203033447266e-01 -1.477351784706115723e-01 -1.744052171707153320e-01 5.256104469299316406e-02
4.175182580947875977e-01 -3.504012823104858398e-01 -3.314998745918273926e-01 -3.109721541404724121e-01 6.054925918579101562e-02 -9.897226095199584961e-02
5.379855632781982422e-01 -4.341023564338684082e-01 -5.226716995239257812e-01 -3.056049346923828125e-01 5.544304847717285156e-02 -2.947973012924194336e-01
4.384621381759643555e-01 -3.383506536483764648e-01 -4.603914618492126465e-01 -2.694475650787353516e-01 -1.481185555458068848e-01 -6.850272417068481445e-02
3.687945604324340820e-01 -3.670690655708312988e-01 -5.853738784790039062e-01 -2.613125443458557129e-01 -1.448692679405212402e-01 -2.351346611976623535e-01
2.744604349136352539e-01 -2.819052934646606445e-01 -6.287193298339843750e-01 -2.210438847541809082e-01 -2.556087970733642578e-01 -1.363624930381774902e-01
3.247945308685302734e-01 -3.126131296157836914e-01 -5.784453749656677246e-01 -2.213022708892822266e-01 -3.201095461845397949e-01 -1.453967690467834473e-01
4.810554981231689453e-01 -4.260586500167846680e-01 -5.294295549392700195e-01 -2.497071027755737305e-01 -9.660732746124267578e-02 -2.663348317146301270e-01
4.274476766586303711e-01 -3.779309988021850586e-01 -5.954803228378295898e-01 -1.026593446731567383e-01 -2.675654292106628418e-01 -7.893925905227661133e-02
4.014608860015869141e-01 -3.800791501998901367e-01 -6.212164163589477539e-01 -1.581053733825683594e-01 -3.296119570732116699e-01 -1.607254147529602051e-01
3.620396852493286133e-01 -5.233987569808959961e-01 -5.659224987030029297e-01 -8.408296108245849609e-02 -3.067080974578857422e-01 -1.684418916702270508e-01
4.789608716964721680e-01 -5.789288282394409180e-01 -3.624955415725708008e-01 -2.894245982170104980e-01 -4.877197742462158203e-02 -2.459576725959777832e-01
5.141603946685791016e-01 -4.533100128173828125e-01 -3.389906287193298340e-01 -2.768211960792541504e-01 -1.828606724739074707e-01 -1.275157332420349121e-01
7.537732124328613281e-01 -6.167211532592773438e-01 -4.587473273277282715e-01 -1.942136287689208984e-01 4.517912864685058594e-03 -2.761163115501403809e-01
5.401490926742553711e-01 -6.176973581314086914e-01 -2.763121128082275391e-01 -1.240032911300659180e-01 -1.373344063758850098e-01 -1.542182564735412598e-01
3.867330551147460938e-01 -6.018751859664916992e-01 -7.468318939208984375e-02 -3.746476173400878906e-01 -2.488040924072265625e-02 -3.658062219619750977e-02
2.162591218948364258e-01 -5.923956036567687988e-01 -4.159545898437500000e-02 -4.586803317070007324e-01 -7.006525993347167969e-03 -3.994691371917724609e-02
1.184413433074951172e-01 -4.128043651580810547e-01 -5.881899595260620117e-02 -5.207705497741699219e-01 -8.825761079788208008e-02 9.311580657958984375e-02
1.098462343215942383e-01 -3.581163883209228516e-01 -1.372442245483398438e-01 -5.437901020050048828e-01 -4.362106323242187500e-03 -3.469389677047729492e-02
2.837871313095092773e-01 -3.337696790695190430e-01 -2.706136107444763184e-01 -4.461000561714172363e-01 3.830227851867675781e-01 -2.639501094818115234e-01
4.299366474151611328e-01 -2.413890361785888672e-01 -4.795247912406921387e-01 -3.313439488410949707e-01 5.996965169906616211e-01 -3.920220732688903809e-01
2.930648326873779297e-01 -3.256446123123168945e-02 -4.604508876800537109e-01 -3.718326091766357422e-01 4.609277248382568359e-01 -2.755362987518310547e-01
3.232209682464599609e-01 7.990229129791259766e-02 -6.336692571640014648e-01 -1.164731383323669434e-01 2.314337491989135742e-01 -1.734986901283264160e-01
1.496288776397705078e-01 3.052341938018798828e-01 -5.988149642944335938e-01 1.241576671600341797e-02 -9.885263442993164062e-02 1.361671686172485352e-01
2.355314493179321289e-01 3.825345039367675781e-01 -7.690025568008422852e-01 2.121727466583251953e-01 -2.064545154571533203e-01 2.416936159133911133e-01
2.570722103118896484e-01 4.568254947662353516e-01 -6.820353269577026367e-01 2.744115591049194336e-01 -2.629508376121520996e-01 3.656454086303710938e-01
3.641902208328247070e-01 5.237734317779541016e-01 -7.780158519744873047e-01 3.320989608764648438e-01 -3.065146207809448242e-01 3.925149440765380859e-01
3.161520957946777344e-01 5.767357349395751953e-01 -7.369916439056396484e-01 3.736704587936401367e-01 -3.615469336509704590e-01 4.350616931915283203e-01
2.871682643890380859e-01 5.409346818923950195e-01 -7.577482461929321289e-01 4.025524854660034180e-01 -4.031457901000976562e-01 4.234058856964111328e-01
3.408302068710327148e-01 6.021970510482788086e-01 -8.139634728431701660e-01 3.562785387039184570e-01 -4.355821013450622559e-01 4.300314188003540039e-01
5.142498016357421875e-02 6.068571805953979492e-01 -7.184928655624389648e-01 2.558521032333374023e-01 -4.483748078346252441e-01 3.614146709442138672e-01
1.282855272293090820e-01 4.990764856338500977e-01 -6.917932033538818359e-01 1.465762853622436523e-01 -2.651226520538330078e-01 2.626119852066040039e-01
1.901924610137939453e-01 3.531657457351684570e-01 -7.655640840530395508e-01 8.682513236999511719e-02 -1.044937372207641602e-01 9.026646614074707031e-02
3.327807188034057617e-01 2.563017606735229492e-01 -7.752547264099121094e-01 -1.222686767578125000e-01 1.528872251510620117e-01 -1.187158226966857910e-01
4.837894439697265625e-01 7.030510902404785156e-02 -6.281250715255737305e-01 -2.298953533172607422e-01 3.889582157135009766e-01 -2.785246968269348145e-01
5.706313848495483398e-01 -1.977675557136535645e-01 -4.010728001594543457e-01 -2.025429606437683105e-01 5.837519168853759766e-01 -4.149332642555236816e-01
4.620747566223144531e-01 -3.498930931091308594e-01 -3.151853680610656738e-01 -6.153398752212524414e-02 2.946844100952148438e-01 -2.920338511466979980e-01
2.636591196060180664e-01 -3.532182574272155762e-01 -2.373312711715698242e-01 -1.510401368141174316e-01 -5.836814641952514648e-02 -8.513981103897094727e-02
3.631423711776733398e-01 -4.428029060363769531e-01 -3.244984149932861328e-01 -2.127427458763122559e-01 -1.625598073005676270e-01 -5.817973613739013672e-02
3.734874725341796875e-01 -4.463257193565368652e-01 -3.791335225105285645e-01 -3.769053816795349121e-01 -1.188398003578186035e-01 -9.021919965744018555e-02
3.239916563034057617e-01 -4.088783264160156250e-01 -4.906151890754699707e-01 -5.351805090904235840e-01 -1.466222405433654785e-01 -1.597569584846496582e-01
3.332496881484985352e-01 -3.850941061973571777e-01 -5.375558137893676758e-01 -3.259314298629760742e-01 -3.579198718070983887e-01 -1.213498115539550781e-01
5.518320798873901367e-01 -4.467611312866210938e-01 -6.820386052131652832e-01 -2.688933014869689941e-01 -3.106810450553894043e-01 -2.521488070487976074e-01
5.527192354202270508e-01 -4.730418324470520020e-01 -5.573493838310241699e-01 -2.916957139968872070e-01 -1.982863545417785645e-01 -2.826766967773437500e-01
2.563920021057128906e-01 -4.075449109077453613e-01 -4.392190575599670410e-01 -2.408228516578674316e-01 -4.876549243927001953e-01 -1.524060368537902832e-01
3.191417455673217773e-01 -3.119782805442810059e-01 -6.172503232955932617e-01 -2.009087800979614258e-01 -6.241875290870666504e-01 -1.321734189987182617e-01
4.764465093612670898e-01 -3.187931776046752930e-01 -6.316138505935668945e-01 -1.895584464073181152e-01 -6.038476228713989258e-01 -6.442940235137939453e-02
3.798979520797729492e-01 -3.164589405059814453e-01 -3.957282900810241699e-01 -2.258278131484985352e-01 -4.601417183876037598e-01 4.136502742767333984e-02
3.249782323837280273e-01 -2.369508147239685059e-01 -4.496876001358032227e-01 -3.462301492691040039e-01 -4.383557438850402832e-01 8.542704582214355469e-02
1.793371438980102539e-01 -2.247442007064819336e-01 -4.797410368919372559e-01 -3.617456555366516113e-01 -4.436125159263610840e-01 3.579878807067871094e-02
7.191264629364013672e-02 -2.494264245033264160e-01 -5.858145952224731445e-01 -4.041680097579956055e-01 -4.464079141616821289e-01 2.846276760101318359e-02
6.487011909484863281e-03 -2.412922978401184082e-01 -5.022383332252502441e-01 -3.592247962951660156e-01 -4.671117067337036133e-01 1.072279214859008789e-01
-1.215696334838867188e-02 -3.359959721565246582e-01 -4.858837723731994629e-01 -2.567731142044067383e-01 -4.719300866127014160e-01 5.846118927001953125e-02
-1.478612422943115234e-03 -5.336582660675048828e-01 -2.696977257728576660e-01 -2.050368189811706543e-01 -3.723326325416564941e-01 -1.844007968902587891e-01
1.651289463043212891e-01 -5.384370088577270508e-01 -4.651573300361633301e-01 -1.842687726020812988e-01 -2.893832325935363770e-01 -2.469264864921569824e-01
-1.291956305503845215e-01 -6.273308992385864258e-01 -3.459761738777160645e-01 -1.247546076774597168e-01 -2.969813346862792969e-01 -3.723549842834472656e-01
-1.336119771003723145e-01 -4.177628159523010254e-01 -1.854843497276306152e-01 -4.349744319915771484e-02 -4.971029162406921387e-01 -4.469251632690429688e-02
-1.120749711990356445e-01 -5.294083356857299805e-01 -7.523870468139648438e-02 -2.216668725013732910e-01 -2.592262625694274902e-01 -2.913008928298950195e-01
-2.443563938140869141e-01 -4.297263026237487793e-01 -7.299965620040893555e-02 -1.468442082405090332e-01 -3.019412755966186523e-01 -2.036788463592529297e-01
-2.141717672348022461e-01 -6.583506464958190918e-01 -5.701124668121337891e-02 -5.576610565185546875e-04 -2.550763487815856934e-01 -3.727555274963378906e-01
-1.621294021606445312e-02 -6.842131614685058594e-01 -1.610969305038452148e-01 -7.491165399551391602e-02 -3.929713368415832520e-01 -2.746362090110778809e-01
-2.167528867721557617e-02 -6.067190170288085938e-01 -4.168021678924560547e-02 -2.791288495063781738e-01 -3.018476366996765137e-01 -2.460362315177917480e-01
1.981806755065917969e-02 -7.220876216888427734e-01 4.949569702148437500e-04 -2.394515275955200195e-01 -2.864179611206054688e-01 -3.288268446922302246e-01
6.580281257629394531e-02 -7.259336709976196289e-01 2.154457569122314453e-02 -1.593328118324279785e-01 -3.126296997070312500e-01 -3.034429550170898438e-01
1.675750017166137695e-01 -6.319940090179443359e-01 -1.029354333877563477e-02 -3.318091630935668945e-01 -3.041203022003173828e-01 -1.323037743568420410e-01
2.357124090194702148e-01 -5.459451079368591309e-01 -1.618970036506652832e-01 -3.126116394996643066e-01 -3.170202970504760742e-01 -1.672196388244628906e-02
1.949647665023803711e-01 -4.286704063415527344e-01 -2.205561995506286621e-01 -3.918140530586242676e-01 -2.553075551986694336e-01 -4.663765430450439453e-03
4.186887741088867188e-01 -6.485453844070434570e-01 -2.052998542785644531e-01 -3.884461522102355957e-01 -3.782248497009277344e-02 -2.154421806335449219e-01
4.509552717208862305e-01 -7.137892842292785645e-01 -2.653630375862121582e-01 -3.550697565078735352e-01 -5.751788616180419922e-02 -2.773483991622924805e-01
4.700553417205810547e-01 -6.614161729812622070e-01 -2.039031386375427246e-01 -2.913514971733093262e-01 -1.305191516876220703e-01 -1.600617170333862305e-01
4.777817726135253906e-01 -6.907188892364501953e-01 -1.886526346206665039e-01 -3.096318840980529785e-01 -1.440667510032653809e-01 -2.084592580795288086e-01
5.330147743225097656e-01 -7.270949482917785645e-01 -3.340052962303161621e-01 -2.292958498001098633e-01 -1.531130075454711914e-01 -2.913283705711364746e-01
5.159844160079956055e-01 -6.468963623046875000e-01 -3.860113620758056641e-01 -4.970514774322509766e-02 -3.818413019180297852e-01 -3.223023414611816406e-01
1.705831289291381836e-01 -7.790881395339965820e-01 -2.043191194534301758e-01 5.267369747161865234e-02 -3.838374018669128418e-01 -3.568897843360900879e-01
-1.609075069427490234e-02 -6.270949840545654297e-01 1.586306095123291016e-02 8.877158164978027344e-03 -3.840138912200927734e-01 -1.716142296791076660e-01
-2.958291172981262207e-01 -3.639506697654724121e-01 1.808813810348510742e-01 -1.854169368743896484e-01 -3.624169230461120605e-01 -2.413523197174072266e-02
-6.124490499496459961e-02 -4.414827227592468262e-01 1.619572639465332031e-01 -4.579686522483825684e-01 -9.761494398117065430e-02 -2.101664543151855469e-01
-3.059399127960205078e-02 -4.240411520004272461e-01 1.922295093536376953e-01 -3.252404928207397461e-01 -1.955986022949218750e-01 -1.721585988998413086e-01
-1.970873475074768066e-01 -4.016980528831481934e-01 1.044241189956665039e-01 -3.637061715126037598e-01 -2.873201966285705566e-01 -2.002850174903869629e-01
-4.712557792663574219e-02 -4.073414802551269531e-01 1.585798263549804688e-01 -2.068790793418884277e-01 -3.348053693771362305e-01 -1.304525732994079590e-01
-2.088024616241455078e-01 -4.043413996696472168e-01 3.786818981170654297e-01 -3.139716386795043945e-01 -1.834009885787963867e-01 -3.653347492218017578e-02
-4.606598615646362305e-02 -4.076906442642211914e-01 3.014253377914428711e-01 -3.200662136077880859e-01 -2.400309443473815918e-01 -1.420131921768188477e-01
-2.562453150749206543e-01 -4.497373700141906738e-01 1.619384288787841797e-01 -2.134299278259277344e-01 -1.435128450393676758e-01 -3.106109499931335449e-01
-2.791374325752258301e-01 -1.971654295921325684e-01 3.019272089004516602e-01 2.085292339324951172e-02 -4.582800865173339844e-01 -1.272082328796386719e-03
-4.535440802574157715e-01 -1.537515521049499512e-01 2.688182592391967773e-01 3.013633489608764648e-01 -7.917566299438476562e-01 1.216058731079101562e-01
-5.763664245605468750e-01 -3.113628029823303223e-01 2.877373695373535156e-01 3.092514276504516602e-01 -8.557525873184204102e-01 -1.115512847900390625e-02
-2.944179177284240723e-01 -5.059392452239990234e-01 9.237265586853027344e-02 2.486523389816284180e-01 -6.659762859344482422e-01 -1.936199665069580078e-01
-6.603932380676269531e-02 -5.098406076431274414e-01 -7.046192884445190430e-02 2.997823953628540039e-01 -6.885961294174194336e-01 -2.843468189239501953e-01
5.300760269165039062e-03 -6.481461524963378906e-01 -1.312275528907775879e-01 -8.590352535247802734e-02 -5.069299340248107910e-01 -5.008811950683593750e-01
1.246016025543212891e-01 -6.882196664810180664e-01 -9.523993730545043945e-02 -3.214907646179199219e-01 -3.420047760009765625e-01 -4.012407064437866211e-01
1.569722890853881836e-01 -5.627690553665161133e-01 -8.695507049560546875e-02 -4.719726443290710449e-01 -4.269294142723083496e-01 -3.420144915580749512e-01
2.132499217987060547e-01 -6.961778402328491211e-01 3.731870651245117188e-02 -4.503164291381835938e-01 -3.563640713691711426e-01 -3.508058786392211914e-01
1.246114969253540039e-01 -6.216387748718261719e-01 1.013398170471191406e-03 -4.517357349395751953e-01 -4.789757132530212402e-01 -3.530910611152648926e-01
7.962715625762939453e-02 -5.756241679191589355e-01 3.465712070465087891e-02 -5.625356435775756836e-01 -3.337229490280151367e-01 -3.734707236289978027e-01
1.075925827026367188e-01 -6.655955314636230469e-01 1.909673213958740234e-02 -3.731473684310913086e-01 -4.295182824134826660e-01 -4.366818666458129883e-01
5.986118316650390625e-02 -5.208482742309570312e-01 5.252575874328613281e-02 -1.941414475440979004e-01 -6.370000839233398438e-01 -2.129834294319152832e-01
-1.818817853927612305e-02 -5.965822935104370117e-01 1.057007312774658203e-01 -2.915830612182617188e-01 -4.883835315704345703e-01 -2.963207364082336426e-01
-2.065934538841247559e-01 -4.743728041648864746e-01 2.200622558593750000e-01 -1.980738043785095215e-01 -4.305865764617919922e-01 -2.804414629936218262e-01
-7.735323905944824219e-02 -4.105424880981445312e-01 4.391418695449829102e-01 -3.900322914123535156e-01 -1.815358400344848633e-01 -1.350051760673522949e-01
-2.072237133979797363e-01 -3.697711825370788574e-01 2.018661499023437500e-01 -2.414482235908508301e-01 -2.341867685317993164e-01 -3.488451242446899414e-01
-2.330172061920166016e-01 -2.375519275665283203e-01 3.759050369262695312e-01 -2.458916306495666504e-01 -3.702558875083923340e-01 -5.092990398406982422e-02
-1.787622570991516113e-01 -4.400181770324707031e-01 2.014192342758178711e-01 -6.217749714851379395e-01 -2.495028376579284668e-01 -2.978571057319641113e-01
4.670381546020507812e-03 -5.666667222976684570e-01 2.362891435623168945e-01 -3.758099079132080078e-01 -1.590408086776733398e-01 -4.481600522994995117e-01
-8.515375852584838867e-02 -2.419650554656982422e-01 2.862136363983154297e-01 -1.635379791259765625e-01 -5.632748603820800781e-01 -1.656186580657958984e-02
-2.660285234451293945e-01 -3.547075390815734863e-01 2.883073091506958008e-01 -2.215026021003723145e-01 -2.240085601806640625e-01 -2.624861598014831543e-01
-2.995383143424987793e-01 -2.999302148818969727e-01 4.262715578079223633e-01 -2.089296579360961914e-01 -3.208934068679809570e-01 -1.665369272232055664e-01
-2.652567625045776367e-01 -3.893858790397644043e-01 4.690611362457275391e-01 -3.049862980842590332e-01 -2.567201852798461914e-02 -1.974476575851440430e-01
-3.340889811515808105e-01 -2.539212703704833984e-01 4.252098798751831055e-01 -1.291521787643432617e-01 -2.794059514999389648e-01 -1.565854549407958984e-01
-2.999987006187438965e-01 -3.430569767951965332e-01 3.037506341934204102e-01 -1.605307459831237793e-01 -4.747626185417175293e-01 -2.847714424133300781e-01
-2.702291607856750488e-01 -3.676858544349670410e-01 4.265389442443847656e-01 -2.611146569252014160e-01 -2.209300398826599121e-01 -1.318599581718444824e-01
-4.286904335021972656e-01 -4.143666028976440430e-01 3.558548688888549805e-01 -1.016708016395568848e-01 -2.846374511718750000e-01 -9.624785184860229492e-02
-5.818175673484802246e-01 -5.024518370628356934e-01 1.181663274765014648e-01 1.560813188552856445e-01 -3.676490783691406250e-01 -3.738167285919189453e-01
-4.536209702491760254e-01 -4.403348565101623535e-01 1.371757984161376953e-01 3.559643030166625977e-01 -6.373497843742370605e-01 -3.068379759788513184e-01
-4.664082527160644531e-01 -3.683129549026489258e-01 1.500844955444335938e-01 4.762371778488159180e-01 -5.197325944900512695e-01 -1.599647402763366699e-01
-5.297834873199462891e-01 -3.976213335990905762e-01 1.402570009231567383e-01 5.723042488098144531e-01 -6.316787004470825195e-01 -1.575361490249633789e-01
-4.007801413536071777e-01 -4.175079464912414551e-01 2.094439268112182617e-01 4.701385498046875000e-01 -4.565229415893554688e-01 -1.370350122451782227e-01
-4.248651862144470215e-01 -4.334561228752136230e-01 2.926697731018066406e-01 2.224262952804565430e-01 -5.113981962203979492e-01 -1.150274276733398438e-01
-1.047610044479370117e-01 -5.714783668518066406e-01 -1.560847759246826172e-01 2.629514932632446289e-01 -7.185922265052795410e-01 -3.957636356353759766e-01
1.048016548156738281e-02 -5.613919496536254883e-01 -7.304674386978149414e-02 2.187169790267944336e-01 -7.401607036590576172e-01 -2.675425410270690918e-01
-5.252772569656372070e-02 -6.124985814094543457e-01 6.543266773223876953e-02 -8.089542388916015625e-03 -4.460515975952148438e-01 -2.223425507545471191e-01
-1.452338695526123047e-02 -5.958690643310546875e-01 1.746388673782348633e-01 1.535720825195312500e-01 -6.944767832756042480e-01 -1.611307263374328613e-01
-3.460296988487243652e-01 -5.908825397491455078e-01 1.671894788742065430e-01 9.018695354461669922e-02 -6.483802795410156250e-01 -2.213727235794067383e-01
-2.395350933074951172e-01 -3.690962195396423340e-01 2.455608844757080078e-01 -9.842181205749511719e-02 -5.911105871200561523e-01 -1.744418740272521973e-01
-5.815404653549194336e-02 -3.481552004814147949e-01 5.022890567779541016e-01 -3.213224411010742188e-01 -4.888010621070861816e-01 -9.702384471893310547e-03
-2.412807345390319824e-01 -3.655464053153991699e-01 2.624725103378295898e-01 9.624135494232177734e-02 -3.523839116096496582e-01 -9.927737712860107422e-02
-2.462980747222900391e-01 -2.837347388267517090e-01 2.450439929962158203e-01 1.202905178070068359e-02 -3.840374350547790527e-01 -1.584541797637939453e-01
-4.544091820716857910e-01 -2.956359982490539551e-01 1.985542774200439453e-01 -3.267228603363037109e-03 -3.868542313575744629e-01 -1.075540781021118164e-01
-3.885572552680969238e-01 -3.461165428161621094e-01 3.696627616882324219e-01 -1.055942177772521973e-01 -2.730672359466552734e-01 -1.609343886375427246e-01
-3.077207207679748535e-01 -1.965176463127136230e-01 6.052920818328857422e-01 -1.988441348075866699e-01 -4.365225434303283691e-01 5.706202983856201172e-02
-3.659834265708923340e-01 -2.767128348350524902e-01 5.314824581146240234e-01 -2.111591696739196777e-01 -3.161265254020690918e-01 -1.421667337417602539e-01
-1.578266620635986328e-01 -4.861282706260681152e-01 3.172742128372192383e-01 -7.249766588211059570e-02 -1.486762166023254395e-01 -2.471911311149597168e-01
-3.537986278533935547e-01 -3.018393516540527344e-01 3.569605350494384766e-01 7.206439971923828125e-02 -3.840293288230895996e-01 5.567967891693115234e-02
-3.767706751823425293e-01 -3.581205606460571289e-01 2.378911972045898438e-01 3.062433004379272461e-01 -4.220458865165710449e-01 2.667677402496337891e-02
-1.104224920272827148e-01 -6.064018011093139648e-01 6.277322769165039062e-02 -2.623623013496398926e-01 -2.402915358543395996e-01 -9.037560224533081055e-02
-1.546431183815002441e-01 -4.955624341964721680e-01 6.737804412841796875e-02 -4.330081939697265625e-01 -4.379469156265258789e-02 6.032085418701171875e-02
-2.057836651802062988e-01 -4.443704485893249512e-01 5.649805068969726562e-03 -3.962715268135070801e-01 1.013704538345336914e-01 1.117495298385620117e-01
-1.829247474670410156e-01 -4.320778846740722656e-01 5.085992813110351562e-02 -3.486766219139099121e-01 2.783674001693725586e-01 1.631506681442260742e-01
-2.035436630249023438e-01 -3.459532260894775391e-01 2.237468957901000977e-01 -3.549606204032897949e-01 1.659921407699584961e-01 2.781505584716796875e-01
-2.380863428115844727e-01 -2.998752593994140625e-01 2.690532207489013672e-01 -4.442999362945556641e-01 2.131720781326293945e-01 3.401609659194946289e-01
-2.417531013488769531e-01 -3.451068997383117676e-01 1.503566503524780273e-01 -2.002372145652770996e-01 1.518625020980834961e-01 3.305269479751586914e-01
-2.736039757728576660e-01 -3.146716356277465820e-01 2.132359743118286133e-01 -1.463013887405395508e-01 1.200838088989257812e-01 4.690889120101928711e-01
-1.246965527534484863e-01 -5.781428813934326172e-01 3.673295974731445312e-01 -2.642590999603271484e-01 3.015316724777221680e-01 1.090438365936279297e-01
-1.652581691741943359e-01 -4.532613754272460938e-01 2.887705564498901367e-01 -1.111133694648742676e-01 1.095753908157348633e-01 1.891146898269653320e-01
-2.365006208419799805e-01 -4.149935245513916016e-01 2.547413110733032227e-01 4.648387432098388672e-02 2.091467380523681641e-02 2.825374603271484375e-01
-4.203781485557556152e-01 -3.320260643959045410e-01 2.624325752258300781e-01 4.433929920196533203e-02 3.460669517517089844e-02 3.892797231674194336e-01
-1.832375526428222656e-01 -3.781706690788269043e-01 3.021454811096191406e-01 -1.213529706001281738e-01 4.684317111968994141e-02 2.282866239547729492e-01
-2.872335910797119141e-01 -2.720139622688293457e-01 3.168270587921142578e-01 -1.626687645912170410e-01 1.226552724838256836e-01 3.660013675689697266e-01
-5.018820166587829590e-01 -3.635952472686767578e-01 2.641651630401611328e-01 -1.477779150009155273e-01 3.030998706817626953e-01 2.509167194366455078e-01
-5.092332363128662109e-01 -3.312841653823852539e-01 3.433727025985717773e-01 -3.736650943756103516e-02 4.036581516265869141e-02 1.618827581405639648e-01
