1.954822540283203125e-01 2.246843576431274414e-01 -3.922349214553833008e-02 5.226194858551025391e-02 5.116283893585205078e-02 -6.290924549102783203e-02
3.336613178253173828e-01 3.401703834533691406e-01 -2.670690417289733887e-01 6.405222415924072266e-02 1.674883365631103516e-01 -1.547765731811523438e-01
4.992316961288452148e-01 3.812994956970214844e-01 -4.718628525733947754e-01 8.568143844604492188e-02 1.066088676452636719e-01 -8.511716127395629883e-02
4.801812171936035156e-01 3.151165246963500977e-01 -4.615688323974609375e-01 9.056746959686279297e-02 7.282221317291259766e-02 -1.185849308967590332e-01
6.038829088211059570e-01 2.439917325973510742e-01 -4.895240664482116699e-01 1.235485076904296875e-02 1.039946079254150391e-01 -1.527829170227050781e-01
4.583208560943603516e-01 2.414131164550781250e-01 -2.883877754211425781e-01 7.686614990234375000e-04 1.370671987533569336e-01 -1.261165738105773926e-01
5.461739301681518555e-01 2.861490249633789062e-01 -3.530135154724121094e-01 1.592040061950683594e-02 1.305887699127197266e-01 -9.263211488723754883e-02
5.976464748382568359e-01 2.432816028594970703e-01 -4.141122698783874512e-01 7.415091991424560547e-02 1.061335802078247070e-01 -8.650165796279907227e-02
5.698195695877075195e-01 2.342430353164672852e-01 -4.206020832061767578e-01 1.095052957534790039e-01 1.426883935928344727e-01 -1.615463495254516602e-01
5.481320619583129883e-01 1.679710149765014648e-01 -4.434506893157958984e-01 1.209111213684082031e-01 2.219749689102172852e-01 -2.462893724441528320e-01
6.162966489791870117e-01 1.238296031951904297e-01 -5.022488832473754883e-01 1.015399694442749023e-01 2.871975898742675781e-01 -3.169086575508117676e-01
5.653421878814697266e-01 7.862865924835205078e-02 -2.725066542625427246e-01 3.911602497100830078e-02 3.785398006439208984e-01 -2.984058856964111328e-01
6.387767791748046875e-01 -5.166661739349365234e-02 -2.480794191360473633e-01 8.722186088562011719e-02 4.493330717086791992e-01 -3.235422372817993164e-01
6.484482288360595703e-01 -1.575100421905517578e-01 -1.079677343368530273e-01 1.239818334579467773e-01 5.140243768692016602e-01 -2.821461558341979980e-01
4.917269945144653320e-01 -1.485127806663513184e-01 -6.052935123443603516e-02 1.482158899307250977e-01 4.589090347290039062e-01 -1.851231455802917480e-01
4.873501062393188477e-01 -1.458206772804260254e-01 -8.879303932189941406e-03 1.214703321456909180e-01 4.380177259445190430e-01 -6.960493326187133789e-02
3.322407007217407227e-01 -2.093112468719482422e-01 8.701527118682861328e-02 2.904951572418212891e-02 4.613417387008666992e-01 4.349565505981445312e-02
1.866112947463989258e-01 -3.646966218948364258e-01 1.338355541229248047e-01 -4.815793037414550781e-02 5.493532419204711914e-01 -2.393805980682373047e-02
1.994699239730834961e-01 -3.496975302696228027e-01 1.425075531005859375e-02 5.753409862518310547e-02 4.216318130493164062e-01 6.903660297393798828e-02
1.516916751861572266e-01 -3.758107423782348633e-01 -1.181951165199279785e-01 -7.377237081527709961e-02 4.058955907821655273e-01 5.701780319213867188e-03
3.929440975189208984e-01 -4.826726913452148438e-01 -1.724921464920043945e-01 -1.954538226127624512e-01 5.173071622848510742e-01 -4.669404029846191406e-02
2.634521722793579102e-01 -3.921618461608886719e-01 -1.195066571235656738e-01 -1.546450257301330566e-01 1.870032548904418945e-01 8.037590980529785156e-02
1.727811098098754883e-01 -4.271870851516723633e-01 -1.841465830802917480e-01 -1.257858276367187500e-01 8.720159530639648438e-02 3.392732143402099609e-02
3.224412202835083008e-01 -3.830703496932983398e-01 -2.412299513816833496e-01 -2.915904521942138672e-01 1.437149047851562500e-01 -7.000595331192016602e-02
3.418389558792114258e-01 -3.203490376472473145e-01 -3.572520017623901367e-01 -7.075560092926025391e-02 -2.547949552536010742e-02 -1.098746061325073242e-02
5.801118612289428711e-01 -4.440570473670959473e-01 -5.468897819519042969e-01 -8.022665977478027344e-02 1.786222457885742188e-01 -2.192342877388000488e-01
4.163032770156860352e-01 -5.581514835357666016e-01 -4.089308381080627441e-01 -1.420664191246032715e-01 2.294805049896240234e-01 -2.882324457168579102e-01
2.903884649276733398e-01 -2.772731781005859375e-01 -4.747155904769897461e-01 -1.731570959091186523e-01 2.464866638183593750e-02 -7.451045513153076172e-02
2.908322811126708984e-01 -3.978835940361022949e-01 -3.991686701774597168e-01 -1.086174249649047852e-01 -9.616613388061523438e-03 -4.313713312149047852e-02
1.668195724487304688e-01 -2.658632397651672363e-01 -4.483920335769653320e-01 -2.577861547470092773e-01 -1.452234983444213867e-01 -9.399217367172241211e-02
3.449987173080444336e-01 -3.275642991065979004e-01 -4.064396619796752930e-01 -1.506114602088928223e-01 -1.663973331451416016e-01 -4.700887203216552734e-02
3.959938287734985352e-01 -3.732057213783264160e-01 -5.730955600738525391e-01 -2.406777143478393555e-01 -1.459069848060607910e-01 -1.730293035507202148e-01
3.186979293823242188e-01 -4.303467273712158203e-01 -4.819806814193725586e-01 -2.857414484024047852e-01 -1.280884742736816406e-01 -2.043579816818237305e-01
3.121422529220581055e-01 -3.611243963241577148e-01 -5.554112195968627930e-01 -2.545413374900817871e-01 -3.230291604995727539e-01 -1.285042762756347656e-01
5.017904043197631836e-01 -3.926978707313537598e-01 -5.826156139373779297e-01 -1.452348232269287109e-01 -7.380551099777221680e-02 -1.972149014472961426e-01
3.455283641815185547e-01 -4.604910612106323242e-01 -4.185796380043029785e-01 -1.797250509262084961e-01 -1.190888881683349609e-01 -1.670072674751281738e-01
2.792556285858154297e-01 -4.752794504165649414e-01 -5.117164254188537598e-01 -2.956130504608154297e-01 -3.084354996681213379e-01 -2.876765131950378418e-01
4.038002490997314453e-01 -4.092664122581481934e-01 -4.798553586006164551e-01 -2.439426183700561523e-01 -2.783465385437011719e-01 -1.684320569038391113e-01
3.886599540710449219e-01 -5.013070106506347656e-01 -4.012430310249328613e-01 -1.875405311584472656e-01 -1.796563863754272461e-01 -1.077574491500854492e-01
4.013909101486206055e-01 -4.960688352584838867e-01 -4.496037960052490234e-01 -1.659088134765625000e-01 -2.807168364524841309e-01 -8.254158496856689453e-02
5.112378597259521484e-01 -4.701655507087707520e-01 -4.132293462753295898e-01 -3.215015530586242676e-01 -2.061373591423034668e-01 -1.217760443687438965e-01
3.227219581604003906e-01 -5.842691063880920410e-01 -4.178959131240844727e-01 -2.651075124740600586e-01 -2.838307619094848633e-01 -2.318319678306579590e-01
3.721959590911865234e-01 -6.737329959869384766e-01 -3.495188355445861816e-01 -4.173540472984313965e-01 -9.091031551361083984e-02 -3.904460668563842773e-01
1.882538795471191406e-01 -7.315053939819335938e-01 -2.812434434890747070e-01 -3.777441382408142090e-01 -1.634428501129150391e-01 -3.051927089691162109e-01
2.441558837890625000e-01 -5.427412986755371094e-01 -1.000256538391113281e-01 -5.214722156524658203e-01 -1.167772412300109863e-01 1.864230632781982422e-02
1.448022127151489258e-01 -5.757156610488891602e-01 -5.329072475433349609e-02 -4.556712508201599121e-01 1.657356023788452148e-01 -1.192017197608947754e-01
2.025401592254638672e-01 -5.893223285675048828e-01 -3.494620323181152344e-02 -4.298572540283203125e-01 5.160404443740844727e-01 -3.742554783821105957e-01
3.760029077529907227e-01 -4.459839463233947754e-01 -1.767097711563110352e-01 -3.850287795066833496e-01 7.035489082336425781e-01 -4.703953862190246582e-01
3.554829359054565430e-01 -2.498947381973266602e-01 -3.752573132514953613e-01 -2.863332033157348633e-01 6.296949386596679688e-01 -4.573948979377746582e-01
2.386327981948852539e-01 -1.515746116638183594e-04 -5.404267311096191406e-01 -1.289877295494079590e-01 3.472239971160888672e-01 -3.230313658714294434e-01
1.326086521148681641e-01 1.076068878173828125e-01 -6.440244317054748535e-01 4.100501537322998047e-02 7.399606704711914062e-02 -1.191265583038330078e-01
9.623122215270996094e-02 2.386430501937866211e-01 -6.099288463592529297e-01 1.296257972717285156e-01 -8.017569780349731445e-02 7.174837589263916016e-02
1.639829874038696289e-01 2.834546566009521484e-01 -5.705238580703735352e-01 1.079747676849365234e-01 -7.485753297805786133e-02 1.639113426208496094e-01
2.209463119506835938e-01 3.767311573028564453e-01 -5.413990020751953125e-01 1.412156820297241211e-01 -1.678001284599304199e-01 2.790434360504150391e-01
3.325264453887939453e-01 3.340826034545898438e-01 -7.704780697822570801e-01 2.411189079284667969e-01 -1.545725464820861816e-01 2.051311731338500977e-01
2.319406270980834961e-01 3.889263868331909180e-01 -6.779588460922241211e-01 2.792415618896484375e-01 -2.090315222740173340e-01 2.482018470764160156e-01
1.711014509201049805e-01 4.257276058197021484e-01 -6.722586750984191895e-01 3.326363563537597656e-01 -3.034382462501525879e-01 3.523962497711181641e-01
1.119766235351562500e-01 4.122884273529052734e-01 -7.159116268157958984e-01 3.720871210098266602e-01 -3.740406632423400879e-01 3.695281744003295898e-01
1.581979990005493164e-01 3.492398262023925781e-01 -7.257820367813110352e-01 3.436568975448608398e-01 -2.658603787422180176e-01 2.450803518295288086e-01
1.499167680740356445e-01 2.608680725097656250e-01 -7.285045385360717773e-01 2.277526855468750000e-01 -1.503692865371704102e-01 9.001326560974121094e-02
3.095344305038452148e-01 2.040128707885742188e-01 -7.912166714668273926e-01 1.824755668640136719e-01 -5.613720417022705078e-02 3.350341320037841797e-02
2.890975475311279297e-01 1.969028711318969727e-01 -6.169556379318237305e-01 -8.684951066970825195e-02 4.432141780853271484e-02 2.425897121429443359e-02
2.404301166534423828e-01 1.261693239212036133e-01 -5.368723869323730469e-01 -2.805116176605224609e-01 2.207918167114257812e-01 -1.458364129066467285e-01
3.378207683563232422e-01 -6.661516427993774414e-02 -5.207214951515197754e-01 -3.916093111038208008e-01 4.754954576492309570e-01 -3.913325667381286621e-01
4.770319461822509766e-01 -3.797844648361206055e-01 -3.411529064178466797e-01 -3.613757491111755371e-01 7.061702013015747070e-01 -5.893981456756591797e-01
6.069852113723754883e-01 -6.287997364997863770e-01 -2.831568717956542969e-01 -2.600033879280090332e-01 7.371888160705566406e-01 -6.572088003158569336e-01
3.891351222991943359e-01 -5.482593774795532227e-01 -1.261441707611083984e-01 -3.750139474868774414e-01 3.042461872100830078e-01 -2.953065633773803711e-01
4.392957687377929688e-01 -6.172767877578735352e-01 -1.739013195037841797e-02 -5.494236946105957031e-01 2.469044923782348633e-01 -1.748700737953186035e-01
5.072678327560424805e-01 -5.688451528549194336e-01 -1.956818699836730957e-01 -5.135769844055175781e-01 -2.175647020339965820e-02 -1.288996934890747070e-01
4.046016931533813477e-01 -4.096475243568420410e-01 -3.363293409347534180e-01 -3.197791576385498047e-01 -2.635247111320495605e-01 -9.024417400360107422e-02
5.305913686752319336e-01 -3.619209527969360352e-01 -5.338059663772583008e-01 -2.568114995956420898e-01 -2.214588522911071777e-01 -1.244850158691406250e-01
3.239252567291259766e-01 -2.523851990699768066e-01 -4.725319743156433105e-01 -2.616805434226989746e-01 -3.940991163253784180e-01 1.571595668792724609e-02
3.596367835998535156e-01 -2.967725992202758789e-01 -5.240625739097595215e-01 -2.386873960494995117e-01 -2.879327535629272461e-01 -7.786697149276733398e-02
3.694210052490234375e-01 -3.082593679428100586e-01 -6.058617830276489258e-01 -2.242131233215332031e-01 -2.864786386489868164e-01 -1.287012696266174316e-01
2.722957134246826172e-01 -3.110252618789672852e-01 -6.159981489181518555e-01 -1.918511986732482910e-01 -4.108532071113586426e-01 -1.254063248634338379e-01
8.144724369049072266e-02 -3.971062302589416504e-01 -6.883372664451599121e-01 -2.538251876831054688e-01 -5.304669141769409180e-01 -2.344309091567993164e-01
9.035575389862060547e-02 -4.366559386253356934e-01 -5.748903751373291016e-01 -2.168181538581848145e-01 -4.154006242752075195e-01 -2.475826740264892578e-01
1.837536096572875977e-01 -3.134939074516296387e-01 -3.915340900421142578e-01 -1.955643892288208008e-01 -3.580874204635620117e-01 1.178240776062011719e-02
9.028720855712890625e-02 -3.076054453849792480e-01 -3.493810296058654785e-01 -2.704381346702575684e-01 -3.351947069168090820e-01 3.490209579467773438e-03
-5.449551343917846680e-02 -4.687379002571105957e-01 -2.901525497436523438e-01 -3.648052215576171875e-01 -3.017976880073547363e-01 -2.079337239265441895e-01
-3.211798071861267090e-01 -5.354705452919006348e-01 -2.356616258621215820e-01 -2.227598428726196289e-02 -3.106495141983032227e-01 -2.332334518432617188e-01
-1.916393637657165527e-01 -4.011574387550354004e-01 -2.079647779464721680e-02 -1.748139262199401855e-01 -3.504831790924072266e-01 -1.622205972671508789e-02
-2.052335143089294434e-01 -5.227949023246765137e-01 -1.683467626571655273e-01 -1.211824417114257812e-01 -8.218944072723388672e-03 -4.120620489120483398e-01
-2.340709567070007324e-01 -5.153781175613403320e-01 -2.569437026977539062e-02 -2.148430347442626953e-01 1.576185226440429688e-03 -3.117404580116271973e-01
-1.063130497932434082e-01 -5.510873198509216309e-01 1.097255945205688477e-01 -2.821304202079772949e-01 2.675271034240722656e-02 -1.585914492607116699e-01
-3.075513243675231934e-01 -3.414474129676818848e-01 1.919029951095581055e-01 -1.708450317382812500e-01 -1.416955590248107910e-01 1.462486982345581055e-01
-5.370318889617919922e-03 -4.243450760841369629e-01 5.941152572631835938e-03 -2.959346175193786621e-01 -2.424260973930358887e-01 -1.756506562232971191e-01
-4.309171438217163086e-02 -3.013775944709777832e-01 2.135131359100341797e-01 -5.928045511245727539e-01 -1.089895963668823242e-01 -1.567732691764831543e-01
-1.010252833366394043e-01 -3.349460363388061523e-01 2.230603694915771484e-01 -5.151491165161132812e-01 -2.058091759681701660e-01 -1.776495575904846191e-01
-1.012288928031921387e-01 -3.251230120658874512e-01 7.430589199066162109e-02 -3.652854561805725098e-01 -3.888813257217407227e-01 -1.631278991699218750e-01
-7.891547679901123047e-02 -5.977482795715332031e-01 9.655880928039550781e-02 -1.557690501213073730e-01 -1.339243054389953613e-01 -1.807661056518554688e-01
-9.042567014694213867e-02 -8.288365006446838379e-01 -8.166456222534179688e-02 -1.247015595436096191e-01 9.716510772705078125e-03 -4.608120918273925781e-01
4.136002063751220703e-02 -5.775967836380004883e-01 7.002711296081542969e-03 -3.292608261108398438e-02 -2.766550183296203613e-01 -1.713819503784179688e-01
-1.239001750946044922e-03 -6.360467672348022461e-01 -1.224727034568786621e-01 -3.114962577819824219e-01 -3.026795983314514160e-01 -2.942039966583251953e-01
7.378005981445312500e-02 -5.727317333221435547e-01 -1.633410453796386719e-01 -3.020434975624084473e-01 -3.288646340370178223e-01 -1.297034025192260742e-01
2.864125967025756836e-01 -5.620793104171752930e-01 -3.627534508705139160e-01 -1.475073695182800293e-01 -2.953116297721862793e-01 -7.248014211654663086e-02
2.692453861236572266e-01 -5.370284318923950195e-01 -3.942717313766479492e-01 -2.849851250648498535e-01 -2.422223091125488281e-01 -1.088060736656188965e-01
3.432078361511230469e-01 -5.548567771911621094e-01 -4.976947903633117676e-01 -2.649199962615966797e-01 -2.970187067985534668e-01 -1.704113483428955078e-01
2.828390598297119141e-01 -6.269789338111877441e-01 -4.580712914466857910e-01 -1.555360555648803711e-01 -4.491103887557983398e-01 -1.739493012428283691e-01
3.908492326736450195e-01 -6.177403926849365234e-01 -4.871482253074645996e-01 -1.060541272163391113e-01 -4.086147546768188477e-01 -2.150199413299560547e-01
4.624190330505371094e-01 -6.082898974418640137e-01 -4.902433753013610840e-01 -1.500600576400756836e-01 -2.624238729476928711e-01 -3.393041491508483887e-01
3.826228380203247070e-01 -6.680971980094909668e-01 -5.850934982299804688e-01 -2.230780124664306641e-01 -2.488459348678588867e-01 -6.387250423431396484e-01
-7.295197248458862305e-02 -7.951924800872802734e-01 -2.836913466453552246e-01 1.148284673690795898e-01 -4.347739219665527344e-01 -4.941228032112121582e-01
-1.593329906463623047e-01 -5.621291399002075195e-01 -3.414440155029296875e-02 -7.384198904037475586e-02 -5.673518776893615723e-01 -2.437695860862731934e-01
-1.352833509445190430e-01 -3.667049407958984375e-01 4.370628595352172852e-01 -4.296707510948181152e-01 -4.594168663024902344e-01 1.605117321014404297e-02
7.662045955657958984e-02 -3.420467376708984375e-01 3.092283010482788086e-01 -5.953146815299987793e-01 -3.254948258399963379e-01 -1.108120083808898926e-01
-9.058916568756103516e-02 -3.351036310195922852e-01 3.518162965774536133e-01 -3.902678489685058594e-01 -2.302566170692443848e-01 -7.656967639923095703e-02
-2.148500084877014160e-01 -3.270352482795715332e-01 2.207273244857788086e-01 -3.157553672790527344e-01 -3.346654772758483887e-01 -5.204260349273681641e-02
2.444911003112792969e-02 -3.433517217636108398e-01 9.047198295593261719e-02 -3.770622611045837402e-01 -3.055878281593322754e-01 -1.719095110893249512e-01
4.336082935333251953e-02 -4.575039148330688477e-01 1.547055244445800781e-01 -3.812231421470642090e-01 -1.621418595314025879e-01 -1.182520985603332520e-01
-3.181683421134948730e-01 -3.688081502914428711e-01 1.762487888336181641e-01 -3.760793209075927734e-01 -3.405336141586303711e-01 -9.386605024337768555e-02
-2.787445783615112305e-01 -3.182426095008850098e-01 1.408605575561523438e-01 -1.689984202384948730e-01 -3.672131299972534180e-01 -8.378833532333374023e-02
-2.925006747245788574e-01 -2.247278094291687012e-01 1.394068002700805664e-01 -1.764775514602661133e-01 -4.897319674491882324e-01 -5.182027816772460938e-04
-3.584275841712951660e-01 -5.576237440109252930e-01 1.406812667846679688e-02 3.229665756225585938e-01 -4.139180183410644531e-01 -2.411830425262451172e-01
-5.005708336830139160e-01 -6.189500689506530762e-01 4.679787158966064453e-02 5.068039894104003906e-01 -5.393649339675903320e-01 -2.326248884201049805e-01
-5.602526068687438965e-01 -4.961565136909484863e-01 -2.016592025756835938e-02 3.416343927383422852e-01 -4.389131665229797363e-01 -2.784318923950195312e-01
-3.816244602203369141e-01 -7.380378246307373047e-01 -4.415667057037353516e-02 4.127703905105590820e-01 -2.294040322303771973e-01 -4.657774567604064941e-01
-2.949149608612060547e-01 -4.753579497337341309e-01 2.203923463821411133e-01 2.299239635467529297e-01 -5.616458654403686523e-01 -1.384717226028442383e-01
-1.511669158935546875e-02 -6.490691304206848145e-01 -3.370165824890136719e-03 3.670728206634521484e-02 -4.695177674293518066e-01 -2.316320538520812988e-01
1.967302560806274414e-01 -6.964748501777648926e-01 4.325985908508300781e-02 -8.596599102020263672e-02 -6.085561513900756836e-01 -1.628804206848144531e-01
2.482115030288696289e-01 -5.880773067474365234e-01 2.308925390243530273e-01 -2.191876173019409180e-01 -4.410833120346069336e-01 -1.019564270973205566e-01
2.332861423492431641e-01 -5.966331958770751953e-01 9.833145141601562500e-02 -2.181720733642578125e-01 -3.867610096931457520e-01 -1.926899552345275879e-01
2.767210006713867188e-01 -6.170263886451721191e-01 1.022135019302368164e-01 -2.646384835243225098e-01 -2.918590307235717773e-01 -1.695478558540344238e-01
1.364525556564331055e-01 -6.048108339309692383e-01 7.688498497009277344e-02 -2.387986779212951660e-01 -3.910927772521972656e-01 -6.933474540710449219e-02
1.718314886093139648e-01 -7.709531188011169434e-01 -7.050079107284545898e-02 -2.700633406639099121e-01 -1.424679756164550781e-01 -4.474948048591613770e-01
2.993409633636474609e-01 -7.249205112457275391e-01 1.182924509048461914e-01 -1.746419072151184082e-01 -1.893973946571350098e-01 -2.910883426666259766e-01
2.629673480987548828e-01 -8.093587160110473633e-01 1.284383535385131836e-01 5.735576152801513672e-02 -1.784037351608276367e-01 -3.344957828521728516e-01
8.275163173675537109e-02 -9.086167216300964355e-01 1.117800474166870117e-01 9.857857227325439453e-02 -1.155337095260620117e-01 -4.854733347892761230e-01
-1.138937473297119141e-01 -5.284793376922607422e-01 2.409554719924926758e-01 -7.354450225830078125e-02 -1.341584324836730957e-01 -2.554132342338562012e-01
-4.754060506820678711e-02 -6.201567649841308594e-01 2.333468198776245117e-01 -2.796351313591003418e-01 9.766554832458496094e-02 -4.822412133216857910e-01
-1.974574327468872070e-01 -4.386614561080932617e-01 3.277322053909301758e-01 -4.430177807807922363e-01 2.348470687866210938e-02 -2.256317734718322754e-01
1.179600954055786133e-01 -2.993026971817016602e-01 8.519804477691650391e-02 -3.168289661407470703e-01 -3.001840710639953613e-01 -1.199260354042053223e-01
3.884565830230712891e-02 -4.428676366806030273e-01 7.187926769256591797e-02 -4.440478086471557617e-01 -1.154325008392333984e-01 -4.497275948524475098e-01
1.903173923492431641e-01 -5.498729348182678223e-01 1.335202455520629883e-01 -5.403161048889160156e-01 -4.409241676330566406e-02 -4.674130082130432129e-01
-6.987136602401733398e-02 -6.136565208435058594e-01 1.805953979492187500e-01 -3.079682588577270508e-01 1.339972019195556641e-02 -4.769222736358642578e-01
-1.883859634399414062e-01 -4.655215144157409668e-01 5.218716859817504883e-01 -2.810882925987243652e-01 5.113255977630615234e-02 -1.781458258628845215e-01
-4.984005689620971680e-01 -1.610658168792724609e-01 4.481800794601440430e-01 -2.889047265052795410e-01 2.807048559188842773e-01 -3.082576990127563477e-01
-2.701305150985717773e-01 -3.671479821205139160e-01 2.643162012100219727e-01 -3.065316677093505859e-01 6.638594865798950195e-01 -6.670941710472106934e-01
-2.692285776138305664e-01 -1.441210508346557617e-01 1.178719997406005859e-01 -7.133561372756958008e-02 4.926773309707641602e-01 -5.674063563346862793e-01
-3.563662767410278320e-01 -1.743143200874328613e-01 1.915594339370727539e-01 -1.460535526275634766e-01 3.442746400833129883e-01 -5.122054219245910645e-01
-4.042805433273315430e-01 -3.454165458679199219e-01 -7.863044738769531250e-04 5.512845516204833984e-02 1.798281669616699219e-01 -5.784177780151367188e-01
-3.601576089859008789e-01 -4.586223959922790527e-01 2.231731414794921875e-01 -3.019082546234130859e-02 3.766099214553833008e-01 -7.053886651992797852e-01
-2.344430088996887207e-01 -5.721485614776611328e-01 2.363063097000122070e-01 -1.502954959869384766e-01 2.868266105651855469e-01 -7.911773920059204102e-01
-3.981488347053527832e-01 -2.934464216232299805e-01 3.339971303939819336e-01 -3.979820013046264648e-02 1.415103673934936523e-01 -5.325233936309814453e-01
-2.915483713150024414e-01 -2.773723006248474121e-01 3.682693243026733398e-01 4.608452320098876953e-02 1.786786317825317383e-01 -4.532588124275207520e-01
-1.648341417312622070e-01 -3.702471256256103516e-01 3.901929855346679688e-01 -1.435095667839050293e-01 1.829378604888916016e-01 -4.349888563156127930e-01
-3.979207277297973633e-01 -3.210198283195495605e-01 5.286031961441040039e-01 -2.428339123725891113e-01 2.218648195266723633e-01 -3.670565485954284668e-01
-4.987977743148803711e-01 -2.196497917175292969e-01 3.479278087615966797e-01 -9.999018907546997070e-02 -1.724722981452941895e-01 -2.247650623321533203e-01
-4.365783333778381348e-01 3.130018711090087891e-02 4.064297676086425781e-01 -7.579702138900756836e-02 -3.527304530143737793e-01 8.759737014770507812e-03
-5.908354520797729492e-01 1.109714508056640625e-01 2.201820611953735352e-01 8.666408061981201172e-02 -3.786810636520385742e-01 2.198123931884765625e-02
-2.903533577919006348e-01 -2.326657772064208984e-01 4.747730493545532227e-01 -3.065682649612426758e-01 -2.912313938140869141e-01 -1.584863066673278809e-01
-4.269919395446777344e-01 -1.238062381744384766e-01 4.827080965042114258e-01 -3.195217847824096680e-01 -3.323963880538940430e-01 8.390593528747558594e-02
-3.821883797645568848e-01 -1.468057036399841309e-01 2.936685085296630859e-01 6.431066989898681641e-02 -4.084873795509338379e-01 -1.010596752166748047e-03
-3.735241293907165527e-01 -1.964592337608337402e-01 3.613829612731933594e-01 -1.560133695602416992e-02 -2.788103222846984863e-01 -1.906305551528930664e-02
-3.210511207580566406e-01 -7.263463735580444336e-02 4.035286903381347656e-01 -7.546979188919067383e-02 -4.150132536888122559e-01 -2.474188804626464844e-03
-4.046792387962341309e-01 -2.682151198387145996e-01 3.418686389923095703e-01 -3.001753687858581543e-01 -3.408002853393554688e-01 -2.441238164901733398e-01
-2.734748721122741699e-01 -2.430954575538635254e-01 3.507149219512939453e-01 -1.849706768989562988e-01 -1.362129449844360352e-01 -1.685811281204223633e-01
-3.198233842849731445e-01 -1.554888486862182617e-02 4.389833211898803711e-01 7.830977439880371094e-03 -3.405379056930541992e-01 1.228870153427124023e-01
-3.521602153778076172e-01 1.092811822891235352e-01 4.467115402221679688e-01 1.307016611099243164e-01 -3.558550477027893066e-01 2.792447805404663086e-01
-3.149967789649963379e-01 -2.713209390640258789e-02 2.826124429702758789e-01 1.246033906936645508e-01 -1.835455894470214844e-01 1.552062034606933594e-01
-3.551355004310607910e-01 3.383262157440185547e-01 1.176954507827758789e-01 2.363821268081665039e-01 -1.879386901855468750e-01 3.797860145568847656e-01
-2.042006850242614746e-01 2.274158000946044922e-01 2.418582439422607422e-01 1.504809856414794922e-01 2.140380144119262695e-01 1.454828977584838867e-01
-2.684010863304138184e-01 3.760852813720703125e-01 2.949948310852050781e-01 3.047155141830444336e-01 -4.647910594940185547e-03 2.847578525543212891e-01
-1.199929118156433105e-01 -6.779861450195312500e-02 6.731867790222167969e-03 1.836496591567993164e-01 -1.360673904418945312e-01 9.487104415893554688e-02
-8.328777551651000977e-02 1.406710147857666016e-01 -1.275362968444824219e-01 3.067346811294555664e-01 -2.976946830749511719e-01 5.016032457351684570e-01
1.418324708938598633e-01 3.581053018569946289e-01 -3.151181340217590332e-01 3.238284587860107422e-01 -3.879176974296569824e-01 6.013261079788208008e-01
1.576128005981445312e-01 4.206858873367309570e-01 -3.643857836723327637e-01 4.645946025848388672e-01 -4.206029772758483887e-01 6.634637117385864258e-01
2.405294179916381836e-01 2.708513736724853516e-01 -2.423184514045715332e-01 4.032801389694213867e-01 -2.287049293518066406e-01 5.343093872070312500e-01
8.611905574798583984e-02 3.603392839431762695e-01 -1.502860784530639648e-01 3.377355337142944336e-01 -3.762767314910888672e-01 6.695564985275268555e-01
7.994353771209716797e-02 3.276638984680175781e-01 -4.015383124351501465e-01 4.825526475906372070e-01 -3.632373809814453125e-01 5.414941310882568359e-01
-6.640923023223876953e-02 3.004008531570434570e-01 -3.233689069747924805e-01 5.028100013732910156e-01 -4.459857344627380371e-01 6.598935127258300781e-01
-1.233512163162231445e-02 1.863384246826171875e-01 -2.900256514549255371e-01 4.661830663681030273e-01 -2.939506769180297852e-01 5.307103395462036133e-01
-4.327023029327392578e-02 1.411554813385009766e-01 -1.166055202484130859e-01 2.734686136245727539e-01 -1.993257999420166016e-01 4.581583738327026367e-01
-9.311646223068237305e-02 1.854125261306762695e-01 -1.556787490844726562e-01 2.389844655990600586e-01 -1.282371878623962402e-01 4.644733667373657227e-01
-2.219119668006896973e-01 2.463692426681518555e-01 1.685559749603271484e-01 1.011923551559448242e-01 -2.600923180580139160e-01 6.634496450424194336e-01
7.436668872833251953e-02 1.268078088760375977e-01 3.938674926757812500e-02 2.692842483520507812e-02 -3.674439787864685059e-01 5.249786376953125000e-01
-1.655561327934265137e-01 1.573051214218139648e-01 1.690074205398559570e-01 1.934142112731933594e-01 -3.159685730934143066e-01 5.802533626556396484e-01
-3.026474714279174805e-01 -4.325157403945922852e-02 2.393146753311157227e-01 3.207075595855712891e-02 -2.002266645431518555e-01 3.673601150512695312e-01
