3.140705823898315430e-01 3.890279531478881836e-01 -2.021303176879882812e-01 -1.620829105377197266e-03 6.479048728942871094e-02 3.049135208129882812e-03
4.296798706054687500e-01 3.588941097259521484e-01 -2.552074790000915527e-01 1.210241317749023438e-01 5.743753910064697266e-02 -1.198893785476684570e-02
3.304283618927001953e-01 4.694808721542358398e-01 -1.690970063209533691e-01 3.597509860992431641e-02 5.588960647583007812e-02 1.176773309707641602e-01
4.386012554168701172e-01 3.978003263473510742e-01 -4.582948684692382812e-01 1.079396009445190430e-01 1.055811643600463867e-01 -7.741439342498779297e-02
5.016531944274902344e-01 4.095577001571655273e-01 -4.519538283348083496e-01 6.441116333007812500e-02 1.036915779113769531e-01 -5.016410350799560547e-02
5.418103933334350586e-01 4.025942087173461914e-01 -3.667457103729248047e-01 6.586134433746337891e-02 1.086930036544799805e-01 4.049313068389892578e-02
6.802258491516113281e-01 5.253649950027465820e-01 -4.371337890625000000e-01 -3.769576549530029297e-03 7.126057147979736328e-02 6.407034397125244141e-02
5.835005044937133789e-01 4.831025600433349609e-01 -3.798012137413024902e-01 1.526236534118652344e-03 8.661985397338867188e-02 8.425390720367431641e-02
6.019814014434814453e-01 4.755071401596069336e-01 -4.715533256530761719e-01 8.702194690704345703e-02 1.174631118774414062e-01 -2.188980579376220703e-02
5.785658359527587891e-01 5.179895162582397461e-01 -4.786189794540405273e-01 1.241950988769531250e-01 3.646206855773925781e-02 4.000115394592285156e-02
6.007654666900634766e-01 5.274097919464111328e-01 -4.409893155097961426e-01 1.187303066253662109e-01 2.355933189392089844e-03 6.160342693328857422e-02
6.947871446609497070e-01 5.151032209396362305e-01 -5.976665616035461426e-01 1.622543334960937500e-01 -4.668813943862915039e-02 1.255202293395996094e-02
6.982579231262207031e-01 5.157973766326904297e-01 -6.104608774185180664e-01 2.931253910064697266e-01 -1.498390436172485352e-01 5.700063705444335938e-02
6.758191585540771484e-01 5.500041246414184570e-01 -5.348528623580932617e-01 6.597113609313964844e-02 -9.113246202468872070e-02 1.387798786163330078e-02
5.276458263397216797e-01 5.564615726470947266e-01 -5.249868035316467285e-01 1.463456153869628906e-01 -2.465711236000061035e-01 1.401766538619995117e-01
4.925664663314819336e-01 4.954324960708618164e-01 -5.183352231979370117e-01 2.046278715133666992e-01 -2.544410824775695801e-01 1.401549577713012695e-01
5.047849416732788086e-01 5.216486454010009766e-01 -5.036293268203735352e-01 1.399842500686645508e-01 -1.588616967201232910e-01 9.149038791656494141e-02
5.281902551651000977e-01 5.153647661209106445e-01 -6.016127467155456543e-01 2.276030778884887695e-01 -1.993185281753540039e-01 1.001042127609252930e-01
5.411212444305419922e-01 5.584465265274047852e-01 -7.092347741127014160e-01 4.149669408798217773e-01 -3.377174139022827148e-01 2.018630504608154297e-01
4.396978616714477539e-01 5.764287710189819336e-01 -7.350512742996215820e-01 5.207917690277099609e-01 -3.691411614418029785e-01 2.285890579223632812e-01
5.696960687637329102e-01 6.491614580154418945e-01 -6.948843002319335938e-01 3.840799331665039062e-01 -2.495404481887817383e-01 3.003780841827392578e-01
5.832037925720214844e-01 6.111294031143188477e-01 -6.887224912643432617e-01 4.896959066390991211e-01 -2.917486429214477539e-01 4.276175498962402344e-01
2.965180873870849609e-01 6.025496721267700195e-01 -5.307734608650207520e-01 3.927080631256103516e-01 -3.617788553237915039e-01 5.367091894149780273e-01
4.140349626541137695e-01 6.220382452011108398e-01 -6.456367373466491699e-01 3.766152858734130859e-01 -2.901991009712219238e-01 5.174047946929931641e-01
2.987759113311767578e-01 6.306098699569702148e-01 -5.854927301406860352e-01 3.088839054107666016e-01 -2.978580594062805176e-01 5.321197509765625000e-01
2.501226663589477539e-01 5.234358310699462891e-01 -6.926195621490478516e-01 3.911689519882202148e-01 -2.821537256240844727e-01 4.106513261795043945e-01
2.776554822921752930e-01 5.671985149383544922e-01 -6.999188661575317383e-01 2.930418252944946289e-01 -2.866839170455932617e-01 4.174450635910034180e-01
2.159166336059570312e-01 4.746459722518920898e-01 -6.093652844429016113e-01 3.427531719207763672e-01 -2.779038548469543457e-01 4.397438764572143555e-01
2.786401510238647461e-01 4.718897342681884766e-01 -6.451582908630371094e-01 4.870882034301757812e-01 -3.821430206298828125e-01 4.779555797576904297e-01
2.366826534271240234e-01 4.199244976043701172e-01 -5.244665741920471191e-01 4.276915788650512695e-01 -3.540492057800292969e-01 4.508202075958251953e-01
3.738478422164916992e-01 4.017009735107421875e-01 -5.777765512466430664e-01 3.504691123962402344e-01 -2.983706593513488770e-01 4.431728124618530273e-01
4.183926582336425781e-01 3.330721855163574219e-01 -5.318698883056640625e-01 3.377443552017211914e-01 -2.555950880050659180e-01 3.347167968750000000e-01
3.565405607223510742e-01 3.698021173477172852e-01 -6.048636436462402344e-01 5.523824691772460938e-01 -3.916263580322265625e-01 3.644078969955444336e-01
3.147090673446655273e-01 4.311426877975463867e-01 -4.696046113967895508e-01 3.886209726333618164e-01 -4.025197029113769531e-01 4.383145570755004883e-01
2.152746915817260742e-01 3.963997364044189453e-01 -4.807495474815368652e-01 3.677743673324584961e-01 -4.142892956733703613e-01 4.187520742416381836e-01
1.319662332534790039e-01 3.891950845718383789e-01 -4.925377368927001953e-01 4.041135311126708984e-01 -4.706054925918579102e-01 4.178470373153686523e-01
-3.241944313049316406e-02 3.669669628143310547e-01 -5.392684936523437500e-01 5.074917078018188477e-01 -5.896592140197753906e-01 3.942036628723144531e-01
-4.704326391220092773e-02 3.520858287811279297e-01 -4.975587129592895508e-01 2.596387863159179688e-01 -4.091974496841430664e-01 2.673748731613159180e-01
-1.456950902938842773e-01 3.185589313507080078e-01 -3.908462524414062500e-01 1.412016153335571289e-01 -2.695630788803100586e-01 2.498803138732910156e-01
-1.454219818115234375e-01 1.700755357742309570e-01 -3.228819966316223145e-01 -2.398058176040649414e-01 -9.471249580383300781e-02 5.060315132141113281e-02
-1.255287528038024902e-01 4.534542560577392578e-02 -1.458584070205688477e-01 -5.611014366149902344e-01 3.002946376800537109e-01 -1.303231120109558105e-01
-1.399694085121154785e-01 -1.622617244720458984e-01 2.825307846069335938e-02 -6.122587919235229492e-01 3.396563529968261719e-01 -3.499125242233276367e-01
1.360311508178710938e-01 -5.805003643035888672e-01 -4.729253053665161133e-02 -1.969969272613525391e-01 5.380288362503051758e-01 -5.224673748016357422e-01
1.900148391723632812e-02 -4.688322544097900391e-01 1.437608003616333008e-01 -3.108696341514587402e-01 3.081321716308593750e-01 -3.389793038368225098e-01
-8.586847782135009766e-02 -3.900996446609497070e-01 1.863312721252441406e-02 -4.401035904884338379e-01 -2.848923206329345703e-02 -2.651328444480895996e-01
-6.402420997619628906e-02 -3.432697653770446777e-01 1.384414434432983398e-01 -5.882004499435424805e-01 6.316173076629638672e-02 -2.790144681930541992e-01
1.471149921417236328e-02 -4.114075303077697754e-01 1.111271381378173828e-01 -4.786209464073181152e-01 6.632936000823974609e-02 -3.818193674087524414e-01
-8.433341979980468750e-03 -4.512605071067810059e-01 -5.941808223724365234e-02 -5.362818241119384766e-01 -5.322921276092529297e-02 -3.796640634536743164e-01
4.578185081481933594e-02 -3.957266211509704590e-01 4.109859466552734375e-03 -4.864509701728820801e-01 -3.289590477943420410e-01 -8.173441886901855469e-02
1.659650802612304688e-01 -4.018779993057250977e-01 2.895998954772949219e-02 -6.092972755432128906e-01 -3.375843763351440430e-01 -2.421849966049194336e-02
1.268049478530883789e-01 -4.234828352928161621e-01 -1.747124791145324707e-01 -5.139964818954467773e-01 -4.582127332687377930e-01 -6.390881538391113281e-02
1.608228683471679688e-01 -4.160068631172180176e-01 -7.859158515930175781e-02 -5.500466823577880859e-01 -4.715934991836547852e-01 3.623557090759277344e-02
2.604786157608032227e-01 -4.868777990341186523e-01 -3.565374016761779785e-01 -3.959379196166992188e-01 -5.297091603279113770e-01 -9.601229429244995117e-02
1.914244890213012695e-01 -4.652040600776672363e-01 -2.597537040710449219e-01 -3.023008704185485840e-01 -4.290698766708374023e-01 -1.598831415176391602e-01
3.955408334732055664e-01 -5.315074324607849121e-01 -2.407517433166503906e-01 -4.002765417098999023e-01 -2.148400545120239258e-01 -1.934969425201416016e-01
2.150084972381591797e-01 -4.810704588890075684e-01 -7.912576198577880859e-02 -2.144426107406616211e-01 -3.731322288513183594e-01 -1.056984663009643555e-01
-1.054131984710693359e-02 -5.866250991821289062e-01 4.026103019714355469e-02 -3.391139507293701172e-01 -3.903454542160034180e-01 -2.058914303779602051e-01
-1.983159780502319336e-01 -5.796624422073364258e-01 5.634188652038574219e-02 -5.727285146713256836e-02 -4.411491155624389648e-01 -3.583322763442993164e-01
-3.050377964973449707e-01 -5.379127264022827148e-01 9.035158157348632812e-02 -8.260750770568847656e-02 -4.690003991127014160e-01 -3.868780732154846191e-01
-3.263759016990661621e-01 -4.592695832252502441e-01 1.923078298568725586e-01 -1.532611250877380371e-01 -4.021442532539367676e-01 -2.589235901832580566e-01
-3.318778872489929199e-01 -1.681396961212158203e-01 3.555848598480224609e-01 -1.759403944015502930e-01 -5.797984004020690918e-01 5.465817451477050781e-02
-2.770329713821411133e-01 -1.759480834007263184e-01 4.517031908035278320e-01 -2.352378368377685547e-01 -4.287109971046447754e-01 3.947317600250244141e-02
-1.334930658340454102e-01 -2.745018005371093750e-01 4.117017984390258789e-01 -2.548135519027709961e-01 -2.825306653976440430e-01 -1.310894489288330078e-01
-3.388460278511047363e-01 -1.613566279411315918e-01 2.240666151046752930e-01 -1.417252421379089355e-01 -3.366011381149291992e-01 -4.307389259338378906e-02
-4.243251085281372070e-01 -1.986289024353027344e-01 2.908568382263183594e-01 -7.653474807739257812e-03 -3.671710491180419922e-01 4.771065711975097656e-02
-3.570689558982849121e-01 -3.007226586341857910e-01 1.221011877059936523e-01 6.680130958557128906e-03 -2.093068957328796387e-01 -1.367954015731811523e-01
-2.305471301078796387e-01 -2.268002629280090332e-01 1.513283252716064453e-01 -2.760518789291381836e-01 -4.918180704116821289e-01 -1.356301307678222656e-01
-7.149205207824707031e-01 -1.282865405082702637e-01 1.994707584381103516e-01 -3.459671735763549805e-01 -3.030497431755065918e-01 -1.117016673088073730e-01
-2.862539887428283691e-01 -2.585970759391784668e-01 3.188329935073852539e-01 -3.543028831481933594e-01 -3.914413452148437500e-01 -1.515465974807739258e-01
-2.839516401290893555e-01 -5.100660324096679688e-01 -2.137571573257446289e-02 3.815393447875976562e-01 -4.157154560089111328e-01 -1.818857789039611816e-01
-4.720669984817504883e-01 -5.204555392265319824e-01 3.978264331817626953e-02 3.220204114913940430e-01 -3.725760579109191895e-01 -2.880945205688476562e-01
-4.677371382713317871e-01 -4.834583997726440430e-01 2.773673534393310547e-01 1.661374568939208984e-01 -4.684395194053649902e-01 -3.324756622314453125e-01
-4.844242334365844727e-01 -6.022869348526000977e-01 1.167753934860229492e-01 2.756352424621582031e-01 -3.698523044586181641e-01 -4.892132878303527832e-01
-6.526864767074584961e-01 -4.594398140907287598e-01 1.618064641952514648e-01 3.100152015686035156e-01 -4.907954931259155273e-01 -3.069213628768920898e-01
-3.724683523178100586e-01 -6.529067754745483398e-01 2.273004055023193359e-01 3.806977272033691406e-01 -4.049885272979736328e-01 -4.030968546867370605e-01
-2.182251811027526855e-01 -5.186085104942321777e-01 2.875279188156127930e-01 4.517259597778320312e-01 -6.273400783538818359e-01 -2.765457630157470703e-01
-1.570903062820434570e-01 -6.771957874298095703e-01 -6.912481784820556641e-02 1.822607517242431641e-01 -5.277756452560424805e-01 -4.342640042304992676e-01
5.264198780059814453e-02 -7.282350063323974609e-01 7.728862762451171875e-02 -4.062128663063049316e-01 -1.810114979743957520e-01 -4.312622547149658203e-01
2.460728883743286133e-01 -6.453648805618286133e-01 8.021640777587890625e-02 -4.214644432067871094e-04 -4.405056834220886230e-01 -2.485552430152893066e-01
1.549969911575317383e-01 -6.643115282058715820e-01 1.414567232131958008e-01 1.811671257019042969e-02 -4.813877940177917480e-01 -1.977341771125793457e-01
-3.625392913818359375e-03 -5.376434922218322754e-01 2.125467061996459961e-01 -1.128765940666198730e-01 -5.617663860321044922e-01 -9.165108203887939453e-02
-6.103897094726562500e-02 -7.226034998893737793e-01 6.707930564880371094e-02 -2.095678448677062988e-01 -4.109693169593811035e-01 -4.180655479431152344e-01
-5.417108535766601562e-02 -1.000000000000000000e+00 1.240932941436767578e-02 1.241004467010498047e-02 -1.636147499084472656e-01 -7.804334759712219238e-01
-3.799474835395812988e-01 -7.832884788513183594e-01 -2.153238654136657715e-01 3.149675130844116211e-01 -4.963713288307189941e-01 -7.185091972351074219e-01
-3.436676263809204102e-01 -7.513151764869689941e-01 -1.043046712875366211e-01 2.696251869201660156e-01 -4.886185526847839355e-01 -6.470380425453186035e-01
-4.360429048538208008e-01 -3.820644021034240723e-01 -9.584307670593261719e-03 9.161305427551269531e-02 -6.393328905105590820e-01 -4.102487564086914062e-01
-2.817422151565551758e-01 -2.954077720642089844e-01 3.527010679244995117e-01 -1.315466761589050293e-01 -2.779445052146911621e-01 -2.514221072196960449e-01
-2.880985736846923828e-01 -2.342525124549865723e-01 2.097327709197998047e-01 2.083611488342285156e-02 -4.431412816047668457e-01 -9.752106666564941406e-02
-3.552650213241577148e-01 -4.018748402595520020e-01 2.065711021423339844e-01 -2.528664469718933105e-01 -2.495963573455810547e-01 -2.895699143409729004e-01
-2.228965163230895996e-01 -3.550074100494384766e-01 2.376866340637207031e-01 -1.092936396598815918e-01 -3.349317908287048340e-01 -2.743054628372192383e-01
-2.869622707366943359e-01 -4.201152920722961426e-01 1.601772308349609375e-01 -1.028941869735717773e-01 -1.202152967453002930e-01 -4.099185466766357422e-01
-2.278560400009155273e-01 -2.937647104263305664e-01 3.173149824142456055e-01 -1.060968637466430664e-01 -3.344915509223937988e-01 -1.745091676712036133e-01
-3.731729388236999512e-01 -2.475537657737731934e-01 1.647125482559204102e-01 2.010226249694824219e-02 -4.162289500236511230e-01 -1.323299407958984375e-01
-3.379302620887756348e-01 -2.971121668815612793e-01 3.027620315551757812e-01 1.499382257461547852e-01 -1.494600772857666016e-01 -1.889377236366271973e-01
-2.626729607582092285e-01 -4.430787563323974609e-01 -1.963841915130615234e-02 4.589891433715820312e-01 2.166364192962646484e-01 -6.679512262344360352e-01
-4.054618477821350098e-01 -4.138017892837524414e-01 2.452951669692993164e-01 2.978312969207763672e-01 2.445328235626220703e-01 -5.693718194961547852e-01
-2.873986363410949707e-01 -3.097808957099914551e-01 3.467261791229248047e-01 1.936075687408447266e-01 8.679139614105224609e-02 -3.123254776000976562e-01
-2.566071748733520508e-01 -2.769398689270019531e-01 7.559266090393066406e-01 -1.957148313522338867e-02 5.859756469726562500e-02 -1.719541549682617188e-01
3.376958370208740234e-01 -1.606625318527221680e-01 6.871567964553833008e-01 -3.199698925018310547e-01 -2.466539740562438965e-01 -9.413033723831176758e-02
1.908688545227050781e-01 -8.061248064041137695e-02 5.810016393661499023e-01 -1.768325567245483398e-01 -3.546017408370971680e-02 -5.301886796951293945e-02
2.249336242675781250e-01 -3.430694341659545898e-02 4.512265920639038086e-01 -1.878990530967712402e-01 3.024315834045410156e-02 -1.287860870361328125e-01
4.395533800125122070e-01 1.078544855117797852e-01 3.746838569641113281e-01 -1.436063051223754883e-01 2.851343154907226562e-02 1.894891262054443359e-02
3.120926618576049805e-01 1.620781421661376953e-01 3.250770568847656250e-01 -1.120949387550354004e-01 -5.361455678939819336e-02 7.312226295471191406e-02
2.881333827972412109e-01 9.606194496154785156e-02 3.571323156356811523e-01 -9.200668334960937500e-02 -8.508610725402832031e-02 3.816759586334228516e-02
2.210786342620849609e-01 1.572874784469604492e-01 4.508086442947387695e-01 -6.122463941574096680e-02 -2.034785747528076172e-01 1.713670492172241211e-01
1.981788873672485352e-01 9.022915363311767578e-02 4.471307992935180664e-01 -1.519091725349426270e-01 -9.856081008911132812e-02 6.136739253997802734e-02
8.021473884582519531e-02 -2.982987165451049805e-01 5.088030099868774414e-01 -2.075182795524597168e-01 1.580715179443359375e-01 -2.770706415176391602e-01
-2.120522260665893555e-01 -3.737809062004089355e-01 6.424968242645263672e-01 -2.093871235847473145e-01 9.011554718017578125e-02 -2.936956882476806641e-01
-1.931108832359313965e-01 -2.297550439834594727e-01 4.976006746292114258e-01 2.135097980499267578e-02 -1.220635771751403809e-01 -2.435980439186096191e-01
-2.718667387962341309e-01 -1.724946498870849609e-01 2.891942262649536133e-01 -4.979282617568969727e-02 -6.545740365982055664e-02 -1.163930296897888184e-01
-3.509182929992675781e-01 -1.358194947242736816e-01 3.952237367630004883e-01 -8.838701248168945312e-02 -1.988345384597778320e-01 -1.363710761070251465e-01
-2.228522300720214844e-01 -2.430371642112731934e-01 6.785002946853637695e-01 -1.230725646018981934e-01 5.616927146911621094e-02 -5.908709764480590820e-02
-4.210012555122375488e-01 9.109282493591308594e-02 6.860774755477905273e-01 -6.339460611343383789e-02 -3.487915396690368652e-01 2.721881866455078125e-01
-6.274539232254028320e-01 -1.399112343788146973e-01 3.596156835556030273e-01 -4.031091928482055664e-02 -2.264580130577087402e-01 -1.105884313583374023e-01
-6.565356850624084473e-01 -1.929974555969238281e-01 5.660663843154907227e-01 -4.189962148666381836e-02 3.877317905426025391e-02 -1.099299192428588867e-01
-2.896917462348937988e-01 -4.075546264648437500e-01 3.217988014221191406e-01 1.489853858947753906e-02 -3.089413642883300781e-01 -1.855015158653259277e-01
-2.999960184097290039e-01 -4.826653003692626953e-01 1.788816452026367188e-01 8.338046073913574219e-02 -3.677227497100830078e-01 -3.733750581741333008e-01
-4.545726776123046875e-01 -3.509076833724975586e-01 2.347263097763061523e-01 3.182882070541381836e-01 -6.268514394760131836e-01 -1.028285026550292969e-01
-5.581011772155761719e-01 -6.122206449508666992e-01 -2.023577690124511719e-02 4.872364997863769531e-01 -5.483347177505493164e-01 -6.299690008163452148e-01
-3.692507743835449219e-01 -5.096045732498168945e-01 1.724169254302978516e-01 4.273661375045776367e-01 -4.695104956626892090e-01 -4.080798029899597168e-01
-4.477078914642333984e-01 -5.566936135292053223e-01 2.123955488204956055e-01 3.762362003326416016e-01 -4.122470617294311523e-01 -4.054192900657653809e-01
-3.996238112449645996e-01 -5.694017410278320312e-01 9.025442600250244141e-02 4.845188856124877930e-01 -6.061586737632751465e-01 -3.030790090560913086e-01
-7.538425326347351074e-01 -5.549916625022888184e-01 2.868509292602539062e-02 7.669920921325683594e-01 -5.312581062316894531e-01 -2.252274751663208008e-01
-5.764790177345275879e-01 -4.117491245269775391e-01 1.749088764190673828e-01 5.911002159118652344e-01 -6.332610845565795898e-01 -2.829484343528747559e-01
-6.335097551345825195e-01 -5.015609860420227051e-01 2.160431146621704102e-01 5.551451444625854492e-01 -4.092691540718078613e-01 -1.312811970710754395e-01
-6.494712829589843750e-01 -5.565180182456970215e-01 9.588360786437988281e-02 5.170646905899047852e-01 -6.340543031692504883e-01 -4.160506129264831543e-01
-4.400479197502136230e-01 -4.572476744651794434e-01 -1.874995231628417969e-02 5.402415990829467773e-01 -6.936324238777160645e-01 -3.606992363929748535e-01
-5.013509988784790039e-01 -4.805431962013244629e-01 5.979049205780029297e-02 6.967004537582397461e-01 -6.015353202819824219e-01 -2.628783583641052246e-01
-2.888038158416748047e-01 -5.241101980209350586e-01 2.345064878463745117e-01 6.939536333084106445e-01 -3.966903686523437500e-01 -3.011745810508728027e-01
-4.836026430130004883e-01 -2.825955152511596680e-01 3.244915008544921875e-01 2.796319723129272461e-01 -4.791254997253417969e-01 -1.177247762680053711e-01
-5.233348011970520020e-01 -3.072836995124816895e-01 3.530489206314086914e-01 2.870717048645019531e-01 -3.916491270065307617e-01 -2.001718878746032715e-01
-2.093579173088073730e-01 -4.470679163932800293e-01 2.995465993881225586e-01 3.038007020950317383e-01 -1.982817649841308594e-01 -2.888359427452087402e-01
-3.906441330909729004e-01 -2.441118359565734863e-01 2.952085733413696289e-01 2.749167680740356445e-01 -3.700284957885742188e-01 -1.882938146591186523e-01
-2.782019376754760742e-01 -3.003547191619873047e-01 3.984167575836181641e-01 1.529141664505004883e-01 -3.169253468513488770e-01 -1.728762984275817871e-01
-3.989180922508239746e-01 -2.127609252929687500e-01 3.801949024200439453e-01 1.120067834854125977e-01 -3.119052648544311523e-01 -6.063067913055419922e-02
-5.257184505462646484e-01 -1.647334694862365723e-01 3.150290250778198242e-01 2.033706903457641602e-01 -4.810460805892944336e-01 -4.860490560531616211e-02
-4.572635293006896973e-01 -4.144072532653808594e-02 5.217341184616088867e-01 1.510828733444213867e-01 -5.180533528327941895e-01 1.537790298461914062e-01
-5.774958133697509766e-01 1.720147132873535156e-01 3.751192092895507812e-01 1.423704624176025391e-02 -3.851193785667419434e-01 1.951771974563598633e-01
-3.388342857360839844e-01 2.158195972442626953e-01 1.291007995605468750e-01 1.275932788848876953e-02 -7.468044757843017578e-03 -1.488009691238403320e-01
-3.865496516227722168e-01 -2.042120695114135742e-02 -1.583818197250366211e-01 -7.207626104354858398e-02 3.716325759887695312e-02 -5.794787406921386719e-01
-3.680659532546997070e-01 -8.111536502838134766e-03 1.357457637786865234e-01 -2.619168162345886230e-01 -2.691406011581420898e-02 -1.725938320159912109e-01
-2.087379097938537598e-01 7.791090011596679688e-02 -4.752820730209350586e-02 -1.954628825187683105e-01 -3.047829270362854004e-01 -5.023163557052612305e-02
1.770651340484619141e-02 2.077838182449340820e-01 -4.258180856704711914e-01 6.847739219665527344e-02 -3.079707026481628418e-01 1.462869644165039062e-01
-8.088189363479614258e-02 3.039326667785644531e-01 -3.117955923080444336e-01 9.584128856658935547e-02 -5.133075714111328125e-01 3.426266908645629883e-01
9.856796264648437500e-02 2.938290834426879883e-01 -4.461742639541625977e-01 3.059941530227661133e-01 -4.705242514610290527e-01 2.016260623931884766e-01
5.004274845123291016e-02 3.361395597457885742e-01 -3.766570091247558594e-01 3.070285320281982422e-01 -5.627371668815612793e-01 3.300328254699707031e-01
1.193642616271972656e-03 2.354359626770019531e-01 -3.224074244499206543e-01 2.535750865936279297e-01 -5.040746331214904785e-01 2.590759992599487305e-01
-1.225123405456542969e-01 2.511518001556396484e-01 -2.772948741912841797e-01 3.280595541000366211e-01 -6.460585594177246094e-01 3.444087505340576172e-01
-1.096796393394470215e-01 1.477192640304565430e-01 -2.413639426231384277e-01 2.943482398986816406e-01 -6.485154628753662109e-01 2.782642841339111328e-01
-2.838699221611022949e-01 9.784293174743652344e-02 1.356996297836303711e-01 -1.566864252090454102e-01 -5.036563873291015625e-01 2.160197496414184570e-01
-4.515932202339172363e-01 3.764295578002929688e-02 6.190824508666992188e-02 1.050790548324584961e-01 -4.926112890243530273e-01 1.061024665832519531e-01
-4.988247156143188477e-01 5.127906799316406250e-03 1.006456613540649414e-01 -1.338618993759155273e-02 -4.245792031288146973e-01 -1.136427521705627441e-01
-4.761091470718383789e-01 5.101037025451660156e-02 2.894153594970703125e-01 -1.229497194290161133e-01 -2.753415703773498535e-01 -4.266184568405151367e-02
-4.591718316078186035e-01 -2.849137783050537109e-02 3.291921615600585938e-01 4.529953002929687500e-05 -2.220618724822998047e-01 4.192936420440673828e-02
-6.192674636840820312e-01 7.826435565948486328e-02 4.276984930038452148e-01 4.537761211395263672e-02 -2.884428501129150391e-01 2.058932781219482422e-01
-5.277999639511108398e-01 7.877814769744873047e-02 2.328221797943115234e-01 9.359645843505859375e-02 -4.451126456260681152e-01 9.868717193603515625e-02
-4.326808452606201172e-01 4.561650753021240234e-02 2.192312479019165039e-01 -1.863908767700195312e-02 -5.290206670761108398e-01 6.132793426513671875e-02
-4.756217002868652344e-01 -1.364853382110595703e-01 1.174626350402832031e-01 6.471252441406250000e-02 -2.053832411766052246e-01 -8.734035491943359375e-02
-5.350602865219116211e-01 -1.126086115837097168e-01 1.024036407470703125e-01 -2.402734756469726562e-02 -2.342537641525268555e-01 -1.584459543228149414e-01
-4.924476742744445801e-01 -2.174151539802551270e-01 1.654161214828491211e-01 -1.245188713073730469e-02 -2.819607257843017578e-01 -2.391130924224853516e-01
-3.915626406669616699e-01 -3.286743760108947754e-01 3.137731552124023438e-02 2.194613218307495117e-01 -4.169220328330993652e-01 -3.325161933898925781e-01
-4.657454490661621094e-01 -4.068655371665954590e-01 2.103497982025146484e-01 2.800241708755493164e-01 -4.864723086357116699e-01 -2.665507197380065918e-01
-4.110925793647766113e-01 -5.659513473510742188e-01 -1.473208665847778320e-01 4.703994989395141602e-01 -4.960386157035827637e-01 -5.758358836174011230e-01
-6.324658393859863281e-01 -4.929146766662597656e-01 1.287028789520263672e-01 6.238217353820800781e-01 -5.761745572090148926e-01 -2.992544174194335938e-01
-4.845501780509948730e-01 -4.630668759346008301e-01 7.800614833831787109e-02 4.080229997634887695e-01 -4.819611310958862305e-01 -3.532762527465820312e-01
-1.123722791671752930e-01 -5.444142818450927734e-01 1.251295804977416992e-01 4.303616285324096680e-01 -4.571131467819213867e-01 -4.208669066429138184e-01
-3.444135189056396484e-02 -6.866278648376464844e-01 -3.910601139068603516e-03 2.032617330551147461e-01 -4.234756827354431152e-01 -3.518431782722473145e-01
3.949379920959472656e-02 -6.662060022354125977e-01 -7.228147983551025391e-02 -2.977472543716430664e-02 -3.285415172576904297e-01 -3.378288745880126953e-01
1.171627044677734375e-01 -5.326995849609375000e-01 2.168395519256591797e-01 -1.992047429084777832e-01 -3.001430630683898926e-01 -4.864215850830078125e-02
6.905794143676757812e-02 -6.184730529785156250e-01 2.021309137344360352e-01 -2.914162874221801758e-01 -2.160460352897644043e-01 -1.291711926460266113e-01
1.605818271636962891e-01 -6.459463834762573242e-01 1.366024017333984375e-01 -3.471369147300720215e-01 -1.885725855827331543e-01 -8.464103937149047852e-02
1.429957151412963867e-01 -5.590338706970214844e-01 1.199597120285034180e-01 -2.123667597770690918e-01 -2.674276828765869141e-01 -1.176893711090087891e-03
1.814358234405517578e-01 -6.113188266754150391e-01 6.915986537933349609e-02 -3.211458921432495117e-01 -1.064633131027221680e-01 -1.293192505836486816e-01
1.912735700607299805e-01 -4.890144467353820801e-01 7.216286659240722656e-02 -3.358749151229858398e-01 -1.500126719474792480e-01 -1.106721162796020508e-01
1.265294551849365234e-01 -6.235674619674682617e-01 5.084156990051269531e-02 -3.382608890533447266e-01 -1.148807406425476074e-01 -2.550688982009887695e-01
1.478112936019897461e-01 -7.361408472061157227e-01 5.355000495910644531e-03 -4.008899331092834473e-01 -6.931692361831665039e-02 -4.840901494026184082e-01
-5.565792322158813477e-02 -5.712997913360595703e-01 -2.023918032646179199e-01 -2.998582720756530762e-01 -2.701730132102966309e-01 -3.162695169448852539e-01
-3.394901752471923828e-02 -6.014641523361206055e-01 7.495868206024169922e-02 -1.956040263175964355e-01 -3.343310952186584473e-01 -2.543914318084716797e-01
-4.438328742980957031e-02 -4.400001168251037598e-01 1.087129116058349609e-01 -4.486551880836486816e-01 -3.331310153007507324e-01 -2.105745673179626465e-01
-1.875119209289550781e-01 -3.662136197090148926e-01 1.706172227859497070e-01 -2.505089044570922852e-01 -1.524589061737060547e-01 -1.526969671249389648e-01
-2.026861906051635742e-02 -4.544104933738708496e-01 3.359258174896240234e-02 -2.800592780113220215e-01 -9.178954362869262695e-02 -3.101429343223571777e-01
