3.683794736862182617e-01 3.128759860992431641e-01 -2.402107715606689453e-01 1.292234659194946289e-01 1.118872165679931641e-01 -1.101742982864379883e-01
3.569439649581909180e-01 3.922219276428222656e-01 -1.537173390388488770e-01 5.257356166839599609e-02 1.341383457183837891e-01 -6.656050682067871094e-02
4.345313310623168945e-01 3.901723623275756836e-01 -2.149403095245361328e-01 9.114742279052734375e-03 8.305692672729492188e-02 -4.112762212753295898e-02
6.747181415557861328e-01 4.875243902206420898e-01 -3.968047499656677246e-01 -4.704654216766357422e-02 9.493386745452880859e-02 -5.768418312072753906e-03
6.266632080078125000e-01 5.388100147247314453e-01 -4.786234498023986816e-01 -2.654439210891723633e-02 -3.675699234008789062e-02 6.821632385253906250e-03
6.775770187377929688e-01 5.888801813125610352e-01 -5.538030862808227539e-01 -6.983411312103271484e-02 -6.270462274551391602e-02 8.107995986938476562e-02
7.036864757537841797e-01 6.329032182693481445e-01 -4.415074586868286133e-01 -1.357873678207397461e-01 -6.743663549423217773e-02 1.908708810806274414e-01
6.700537204742431641e-01 6.922377347946166992e-01 -4.538886547088623047e-01 -1.740480661392211914e-01 -5.796813964843750000e-02 1.995118856430053711e-01
7.968673706054687500e-01 6.077141761779785156e-01 -5.601726174354553223e-01 -7.465821504592895508e-02 2.786874771118164062e-02 1.087503433227539062e-01
6.430588960647583008e-01 6.566820144653320312e-01 -3.588932752609252930e-01 -1.319621205329895020e-01 -4.911679029464721680e-02 2.125852108001708984e-01
5.696735382080078125e-01 5.893229246139526367e-01 -4.050294160842895508e-01 -1.232143044471740723e-01 -2.063643932342529297e-02 1.367038488388061523e-01
6.535907983779907227e-01 6.721636056900024414e-01 -4.378360509872436523e-01 -5.870419740676879883e-02 -1.144686341285705566e-01 2.070293426513671875e-01
5.772378444671630859e-01 5.824856758117675781e-01 -4.270962476730346680e-01 -5.499202013015747070e-02 -1.505531072616577148e-01 1.627924442291259766e-01
4.576523303985595703e-01 6.158380508422851562e-01 -3.365129232406616211e-01 -3.728210926055908203e-02 -1.890337467193603516e-01 1.844956874847412109e-01
4.816783666610717773e-01 7.000874280929565430e-01 -3.882216215133666992e-01 -2.028340101242065430e-02 -2.277290821075439453e-01 2.553585767745971680e-01
5.254979133605957031e-01 6.515450477600097656e-01 -4.488037824630737305e-01 9.961521625518798828e-02 -2.530844211578369141e-01 2.550402879714965820e-01
5.381073951721191406e-01 6.747758388519287109e-01 -5.400997400283813477e-01 1.239092350006103516e-01 -2.660186886787414551e-01 2.575720548629760742e-01
4.531445503234863281e-01 6.053332090377807617e-01 -4.672858715057373047e-01 1.216378211975097656e-01 -1.414088606834411621e-01 1.863453388214111328e-01
4.106899499893188477e-01 6.614065170288085938e-01 -4.925051331520080566e-01 2.140182256698608398e-01 -2.918197512626647949e-01 3.405425548553466797e-01
4.912917613983154297e-01 6.954121589660644531e-01 -5.944014191627502441e-01 2.037296295166015625e-01 -2.986866831779479980e-01 4.210010766983032227e-01
3.625748157501220703e-01 7.111730575561523438e-01 -4.366203546524047852e-01 9.023952484130859375e-02 -2.805039286613464355e-01 4.497648477554321289e-01
3.576056957244873047e-01 7.148374319076538086e-01 -5.008769035339355469e-01 2.002232074737548828e-01 -3.623176813125610352e-01 5.126217603683471680e-01
4.360600709915161133e-01 6.116551160812377930e-01 -5.568708181381225586e-01 3.574833869934082031e-01 -3.861159086227416992e-01 5.829458236694335938e-01
3.302805423736572266e-01 6.331577301025390625e-01 -6.480214595794677734e-01 3.057740926742553711e-01 -3.761016130447387695e-01 4.997876882553100586e-01
3.631197214126586914e-01 5.903707742691040039e-01 -6.510213613510131836e-01 3.628971576690673828e-01 -4.201967716217041016e-01 5.411292314529418945e-01
3.317983150482177734e-01 5.784292221069335938e-01 -6.403299570083618164e-01 3.086422681808471680e-01 -4.007387757301330566e-01 4.996753931045532227e-01
3.332056999206542969e-01 6.145595312118530273e-01 -6.299186944961547852e-01 3.740230798721313477e-01 -5.421267747879028320e-01 6.498882770538330078e-01
4.427206516265869141e-01 4.991260766983032227e-01 -5.334903001785278320e-01 2.794586420059204102e-01 -3.382445573806762695e-01 5.676925182342529297e-01
2.662075757980346680e-01 4.894453287124633789e-01 -4.526869058609008789e-01 3.338929414749145508e-01 -4.669036865234375000e-01 6.112338304519653320e-01
2.692615985870361328e-01 4.884099960327148438e-01 -5.105641484260559082e-01 3.164640665054321289e-01 -4.605385661125183105e-01 5.809050798416137695e-01
2.424224615097045898e-01 3.870874643325805664e-01 -3.145282268524169922e-01 5.269298553466796875e-01 -3.949452042579650879e-01 5.928452014923095703e-01
1.655477285385131836e-01 4.806578159332275391e-01 -1.843232512474060059e-01 4.147312641143798828e-01 -5.017516613006591797e-01 7.810295820236206055e-01
1.215989589691162109e-01 5.330450534820556641e-01 -2.949817180633544922e-01 3.144617080688476562e-01 -4.612827897071838379e-01 7.034486532211303711e-01
-2.708244323730468750e-02 3.974471092224121094e-01 -2.497977018356323242e-01 5.595010519027709961e-01 -5.838196873664855957e-01 7.480328083038330078e-01
4.589104652404785156e-02 4.517112970352172852e-01 -1.889748573303222656e-01 3.974351882934570312e-01 -4.422904849052429199e-01 7.281700372695922852e-01
9.033679962158203125e-04 4.168641567230224609e-01 -1.312448978424072266e-01 3.860255479812622070e-01 -3.989359140396118164e-01 6.794033050537109375e-01
-8.639192581176757812e-02 3.772639036178588867e-01 -5.025690793991088867e-02 3.086144924163818359e-01 -3.722705841064453125e-01 5.620806217193603516e-01
-1.279086470603942871e-01 3.625183105468750000e-01 -1.142424941062927246e-01 3.558514118194580078e-01 -4.320186972618103027e-01 5.739296674728393555e-01
-6.309165954589843750e-01 2.492616176605224609e-01 -8.457571268081665039e-02 2.092697620391845703e-01 -4.693355560302734375e-01 3.890721797943115234e-01
-2.971267700195312500e-01 1.694759130477905273e-01 -2.808323502540588379e-01 -1.893025636672973633e-02 -2.221165895462036133e-01 2.054053544998168945e-01
-7.426532506942749023e-01 1.008720397949218750e-01 -1.284025907516479492e-01 -1.023654937744140625e-01 -1.336063146591186523e-01 1.122590303421020508e-01
-5.379699468612670898e-01 1.739380359649658203e-01 3.105878829956054688e-03 -1.842351555824279785e-01 -1.228846311569213867e-01 2.464138269424438477e-01
1.606138944625854492e-01 -1.428634524345397949e-01 2.746297121047973633e-01 -2.435650229454040527e-01 5.731427669525146484e-02 9.563207626342773438e-02
-8.795672655105590820e-02 -3.384330868721008301e-01 2.134461402893066406e-01 -3.385583758354187012e-01 -1.323282718658447266e-02 -2.205902338027954102e-02
-2.183607816696166992e-01 -2.884544134140014648e-01 -1.262193918228149414e-02 -7.178032398223876953e-02 -1.276978850364685059e-01 -1.601904034614562988e-01
3.116965293884277344e-03 -2.399079203605651855e-01 1.728581190109252930e-01 -1.537568569183349609e-01 -3.798409700393676758e-01 -2.565819025039672852e-02
-9.413123130798339844e-03 -4.038512706756591797e-01 8.707165718078613281e-03 -2.836201786994934082e-01 -2.719570398330688477e-01 -1.582055687904357910e-01
6.839811801910400391e-02 -4.413499236106872559e-01 1.511592864990234375e-01 -3.775582909584045410e-01 -1.534891724586486816e-01 -2.443760037422180176e-01
3.023971319198608398e-01 -5.462177395820617676e-01 -2.558761835098266602e-02 -3.625445961952209473e-01 -3.285779356956481934e-01 -2.623785734176635742e-01
1.092298030853271484e-01 -3.962592482566833496e-01 -1.119400262832641602e-01 -4.283716678619384766e-01 -5.378729104995727539e-01 -4.677474498748779297e-03
1.875139474868774414e-01 -4.277085065841674805e-01 -1.804473996162414551e-01 -4.409614205360412598e-01 -5.259227752685546875e-01 2.007877826690673828e-02
2.340240478515625000e-01 -5.949681401252746582e-01 -2.353767156600952148e-01 -2.978989481925964355e-01 -5.549607276916503906e-01 -1.516099572181701660e-01
1.107978820800781250e-01 -5.250530838966369629e-01 -7.085353136062622070e-02 -3.422902822494506836e-01 -4.316700696945190430e-01 -1.368747949600219727e-01
-2.042329311370849609e-02 -6.196966171264648438e-01 2.068483829498291016e-02 -3.394281864166259766e-01 -3.924865126609802246e-01 -2.102701067924499512e-01
-1.243430376052856445e-02 -6.729066967964172363e-01 9.154558181762695312e-03 -8.184242248535156250e-02 -3.915098905563354492e-01 -2.951076030731201172e-01
6.321060657501220703e-02 -7.220289707183837891e-01 -7.133275270462036133e-02 9.077727794647216797e-02 -5.879815816879272461e-01 -3.746673464775085449e-01
-1.971035003662109375e-01 -6.325898170471191406e-01 -2.091193199157714844e-02 -3.746217489242553711e-02 -5.113346576690673828e-01 -3.566414117813110352e-01
-1.912174820899963379e-01 -3.810338377952575684e-01 2.687423229217529297e-01 -2.599114179611206055e-02 -6.275054216384887695e-01 -7.016783952713012695e-02
-2.975294589996337891e-01 -2.644733190536499023e-01 3.884695768356323242e-01 -1.681520342826843262e-01 -4.592310190200805664e-01 8.030664920806884766e-02
-4.630475640296936035e-01 -3.666277527809143066e-01 2.937184572219848633e-01 -7.408422231674194336e-02 -3.456676602363586426e-01 -9.478133916854858398e-02
-2.915388941764831543e-01 -4.253391623497009277e-01 1.837979555130004883e-01 -1.131914258003234863e-01 -1.277467012405395508e-01 -2.330973744392395020e-01
-4.581060409545898438e-01 -3.266871571540832520e-01 1.032646894454956055e-01 -1.367449760437011719e-03 -2.423875331878662109e-01 -2.817147970199584961e-02
-4.207940101623535156e-01 -2.878268361091613770e-01 2.280718088150024414e-01 -4.561740159988403320e-02 -2.211954593658447266e-01 -2.282679080963134766e-01
-2.900110483169555664e-01 -3.121321201324462891e-01 4.201180934906005859e-01 -1.713302135467529297e-01 -1.013578176498413086e-01 -1.214019060134887695e-01
-3.290969729423522949e-01 -2.779142260551452637e-01 4.283348321914672852e-01 -1.469185352325439453e-01 -1.275076866149902344e-01 -8.249086141586303711e-02
-2.307922840118408203e-01 -3.353289365768432617e-01 3.659646511077880859e-01 -1.542721986770629883e-01 -1.811595559120178223e-01 -1.135849356651306152e-01
-3.801929354667663574e-01 -2.040066719055175781e-01 3.712484836578369141e-01 2.788348197937011719e-01 -6.314767003059387207e-01 7.115137577056884766e-02
-3.250654339790344238e-01 -2.950974106788635254e-01 1.670351028442382812e-01 3.565490245819091797e-01 -6.502747535705566406e-01 -2.928793430328369141e-02
-3.890791535377502441e-01 -3.832598924636840820e-01 1.679277420043945312e-01 1.787719726562500000e-01 -3.847337365150451660e-01 -1.625037789344787598e-01
-5.732463598251342773e-01 -4.115806818008422852e-01 1.695621013641357422e-01 2.878021001815795898e-01 -5.500162839889526367e-01 -2.912399172782897949e-01
-3.175863623619079590e-01 -4.986882209777832031e-01 5.078971385955810547e-02 3.826326131820678711e-01 -5.011225342750549316e-01 -4.237533807754516602e-01
-5.047704577445983887e-01 -5.506247282028198242e-01 2.248883247375488281e-02 6.038053035736083984e-01 -4.614358544349670410e-01 -3.513969779014587402e-01
-3.773503899574279785e-01 -4.534565806388854980e-01 1.288803815841674805e-01 4.916243553161621094e-01 -5.908198952674865723e-01 -1.274004578590393066e-01
-4.674732685089111328e-03 -6.137375831604003906e-01 1.712208986282348633e-01 1.965820789337158203e-02 -4.710783958435058594e-01 -2.191067934036254883e-01
4.938852787017822266e-02 -6.676847934722900391e-01 6.471133232116699219e-02 -5.739659070968627930e-02 -3.057380318641662598e-01 -3.390820622444152832e-01
1.539130210876464844e-01 -5.916922092437744141e-01 3.218687772750854492e-01 -3.280735611915588379e-01 -1.747131347656250000e-01 -9.055024385452270508e-02
1.136921644210815430e-01 -5.028196573257446289e-01 2.479404211044311523e-01 -1.903653740882873535e-01 -3.547948598861694336e-01 5.283212661743164062e-02
8.243668079376220703e-02 -4.797441363334655762e-01 1.614350080490112305e-01 -1.902853846549987793e-01 -3.251404762268066406e-01 4.885303974151611328e-02
8.391261100769042969e-02 -4.546857476234436035e-01 1.198638677597045898e-01 -1.241970062255859375e-02 -3.561260104179382324e-01 -2.687638998031616211e-02
-7.525372505187988281e-02 -5.065434575080871582e-01 1.472150087356567383e-01 -1.752645373344421387e-01 -4.288506507873535156e-01 -9.602069854736328125e-02
-4.872870445251464844e-02 -7.447671890258789062e-01 1.254557371139526367e-01 -8.013844490051269531e-04 -3.032696843147277832e-01 -2.626499533653259277e-01
-2.120375633239746094e-01 -5.954551696777343750e-01 1.243423223495483398e-01 9.505856037139892578e-02 -4.194580316543579102e-01 -2.417594790458679199e-01
-2.772415280342102051e-01 -3.669175505638122559e-01 2.606306076049804688e-01 -2.287817597389221191e-01 -2.363975644111633301e-01 -1.569330096244812012e-01
-3.507126569747924805e-01 -4.360079765319824219e-01 2.486559152603149414e-01 -1.043035387992858887e-01 -2.391570806503295898e-02 -2.512250542640686035e-01
-2.356064915657043457e-01 -3.491563200950622559e-01 2.508034706115722656e-01 1.226615905761718750e-02 -2.344595789909362793e-01 -2.895684838294982910e-01
-7.004153728485107422e-02 -4.969972372055053711e-01 4.608644247055053711e-01 -1.535499095916748047e-02 -1.941973567008972168e-01 -1.644694805145263672e-01
-4.649094343185424805e-01 -3.709030151367187500e-01 2.482068538665771484e-02 3.890848159790039062e-02 -3.143828511238098145e-01 -2.488721609115600586e-01
-5.136473178863525391e-01 -1.909900903701782227e-01 1.334341764450073242e-01 -1.121515631675720215e-01 -3.482761383056640625e-01 -8.017522096633911133e-02
-2.927972078323364258e-01 -3.575566411018371582e-01 3.461395502090454102e-01 -1.873306035995483398e-01 -2.662107944488525391e-01 -3.060951828956604004e-01
-2.581343054771423340e-01 -2.542585134506225586e-01 4.266428947448730469e-01 3.343081474304199219e-02 -2.513893246650695801e-01 6.169438362121582031e-03
-1.532509922981262207e-01 -2.661840915679931641e-01 3.521955013275146484e-01 3.333904743194580078e-01 2.289708852767944336e-01 -2.850759029388427734e-01
-1.310369372367858887e-01 -1.665186285972595215e-01 6.095981597900390625e-01 3.830615282058715820e-01 5.755662918090820312e-02 -7.680475711822509766e-03
-1.984398961067199707e-01 -4.123390913009643555e-01 5.353956222534179688e-01 1.902854442596435547e-01 4.154706001281738281e-02 -3.710191249847412109e-01
-8.798599243164062500e-02 -2.155949473381042480e-01 7.065855264663696289e-01 1.111731529235839844e-01 -4.402004480361938477e-01 -3.815990686416625977e-02
2.504917383193969727e-01 1.417756080627441406e-01 6.140160560607910156e-01 -2.153921723365783691e-01 -2.842809557914733887e-01 2.671196460723876953e-01
3.885158300399780273e-01 2.634699344635009766e-01 3.245311975479125977e-01 -3.738909363746643066e-01 -3.240931034088134766e-02 6.821310520172119141e-02
4.921984672546386719e-01 2.413913011550903320e-01 2.499103546142578125e-01 -3.426361083984375000e-01 -1.976847648620605469e-02 4.999804496765136719e-02
5.235382318496704102e-01 2.870379686355590820e-01 1.251357793807983398e-01 -3.052728176116943359e-01 -9.077841043472290039e-02 1.433088779449462891e-01
5.102490186691284180e-01 8.888125419616699219e-02 1.396726369857788086e-01 -3.668274879455566406e-01 1.742382049560546875e-01 -8.192211389541625977e-02
4.865840673446655273e-01 2.356255054473876953e-02 1.489635705947875977e-01 -3.256337046623229980e-01 2.729542255401611328e-01 -1.519073843955993652e-01
5.529119968414306641e-01 -1.940202713012695312e-02 -5.944609642028808594e-03 -3.042873144149780273e-01 3.010208606719970703e-01 -2.155147790908813477e-01
2.676974534988403320e-01 -2.019459009170532227e-01 3.060808181762695312e-01 -4.383401274681091309e-01 3.598929643630981445e-01 -3.758034110069274902e-01
-2.450433969497680664e-01 -8.213770389556884766e-02 5.585221052169799805e-01 -4.013285040855407715e-01 1.325221061706542969e-01 -1.862955689430236816e-01
-2.454156875610351562e-01 -1.429543495178222656e-01 5.230103731155395508e-01 -3.584192395210266113e-01 1.857919692993164062e-01 -2.897995114326477051e-01
-4.146202206611633301e-01 -8.654808998107910156e-02 6.418597698211669922e-01 -3.979359269142150879e-01 9.504628181457519531e-02 -9.192556142807006836e-02
-1.262296438217163086e-01 2.631545066833496094e-03 5.233836174011230469e-01 -2.890213131904602051e-01 8.854568004608154297e-02 -1.460953354835510254e-01
-3.291471004486083984e-01 -9.510397911071777344e-02 5.134450197219848633e-01 -3.427290916442871094e-01 1.682230234146118164e-01 -2.227889895439147949e-01
-3.633161783218383789e-01 -3.709914684295654297e-01 2.763470411300659180e-01 -2.724840044975280762e-01 2.734211683273315430e-01 -5.339049696922302246e-01
-3.522239327430725098e-01 -2.127520442008972168e-01 3.758120536804199219e-01 -2.613286375999450684e-01 1.705155372619628906e-01 -2.595286965370178223e-01
-1.678730249404907227e-01 -1.049410104751586914e-01 5.722490549087524414e-01 -2.065387368202209473e-01 8.628249168395996094e-03 -3.161400556564331055e-02
-4.420359730720520020e-01 7.838451862335205078e-02 6.252863407135009766e-01 -9.679573774337768555e-02 -1.851522922515869141e-01 2.132055759429931641e-01
-3.251343369483947754e-01 -1.493591070175170898e-02 6.014519929885864258e-01 -5.242955684661865234e-02 -3.338682651519775391e-01 3.131306171417236328e-02
-2.339103817939758301e-01 -7.040816545486450195e-02 6.444748640060424805e-01 -1.012418866157531738e-01 -2.629855275154113770e-01 -4.827082157135009766e-03
-1.185433268547058105e-01 3.378854990005493164e-01 4.887853860855102539e-01 1.417865753173828125e-01 -1.362215876579284668e-01 5.769628286361694336e-01
-1.060770153999328613e-01 2.572588920593261719e-01 5.967905521392822266e-01 2.190523147583007812e-01 -2.715945243835449219e-01 5.427224636077880859e-01
-1.526474952697753906e-02 2.046297788619995117e-01 3.058676719665527344e-01 -9.278309345245361328e-02 -3.407467603683471680e-01 5.868686437606811523e-01
5.987048149108886719e-03 2.723841667175292969e-01 -3.481984138488769531e-03 2.479842901229858398e-01 -2.619651556015014648e-01 5.730382204055786133e-01
7.209193706512451172e-02 3.441010713577270508e-01 -1.248209476470947266e-01 4.002219438552856445e-01 -3.143941164016723633e-01 6.133744716644287109e-01
6.354463100433349609e-02 3.960179090499877930e-01 -1.244906187057495117e-01 3.328350782394409180e-01 -3.268892168998718262e-01 6.514797210693359375e-01
6.538450717926025391e-02 3.594803810119628906e-01 -2.150259017944335938e-01 4.849940538406372070e-01 -4.393782615661621094e-01 6.737806797027587891e-01
-5.005264282226562500e-02 2.843234539031982422e-01 -1.036467552185058594e-01 3.366757631301879883e-01 -3.824138641357421875e-01 6.546345949172973633e-01
-2.342194318771362305e-02 3.044650554656982422e-01 -1.435248255729675293e-01 3.295805454254150391e-01 -2.981564402580261230e-01 6.179713010787963867e-01
-8.387231826782226562e-02 4.007545709609985352e-01 -5.937451124191284180e-02 3.049385547637939453e-01 -3.712605237960815430e-01 7.362966537475585938e-01
6.321179866790771484e-02 3.047735691070556641e-01 -1.547141671180725098e-01 3.096454143524169922e-01 -1.661767363548278809e-01 5.745280981063842773e-01
-1.820515990257263184e-01 2.202886343002319336e-01 1.549818515777587891e-01 2.914924621582031250e-01 -2.540866136550903320e-01 6.996393203735351562e-01
1.740173101425170898e-01 3.155910968780517578e-01 -2.084234356880187988e-01 3.445382118225097656e-01 -2.285962104797363281e-01 5.983270406723022461e-01
-1.671097278594970703e-01 3.499780893325805664e-01 1.087604761123657227e-01 2.839772701263427734e-01 -1.716650128364562988e-01 8.018763065338134766e-01
-9.624445438385009766e-02 2.543947696685791016e-01 2.304197549819946289e-01 1.207551956176757812e-01 -4.598039984703063965e-01 6.735279560089111328e-01
-2.047610878944396973e-01 2.363388538360595703e-01 1.091409921646118164e-01 2.617781162261962891e-01 -4.459851384162902832e-01 6.112627983093261719e-01
-1.115447878837585449e-01 3.557779788970947266e-01 1.663569211959838867e-01 2.814300060272216797e-01 -3.202202320098876953e-01 7.727322578430175781e-01
