6.464393138885498047e-01 6.123834848403930664e-01 -3.769743442535400391e-01 -1.640158891677856445e-02 -1.236074566841125488e-01 1.000795364379882812e-01
5.904749631881713867e-01 5.190943479537963867e-01 -3.573331236839294434e-01 -7.140105962753295898e-02 -7.120323181152343750e-02 7.341885566711425781e-02
6.922266483306884766e-01 5.677787065505981445e-01 -4.113633632659912109e-01 -1.410692930221557617e-02 -1.404221057891845703e-01 1.558650732040405273e-01
7.705453634262084961e-01 5.056046247482299805e-01 -4.228174686431884766e-01 3.611946105957031250e-02 7.553994655609130859e-02 -8.170425891876220703e-03
7.797216176986694336e-01 6.599071025848388672e-01 -4.163288474082946777e-01 3.149795532226562500e-02 -9.009355306625366211e-02 1.933784484863281250e-01
6.348284482955932617e-01 5.951714515686035156e-01 -3.946687579154968262e-01 1.315828561782836914e-01 -9.901946783065795898e-02 1.138223409652709961e-01
7.429074048995971680e-01 6.672278642654418945e-01 -6.125660538673400879e-01 1.616727113723754883e-01 -2.075972557067871094e-01 1.392203569412231445e-01
6.274123191833496094e-01 7.848232984542846680e-01 -5.499167442321777344e-01 2.011567354202270508e-01 -3.911279439926147461e-01 3.199083805084228516e-01
6.577298641204833984e-01 7.114112377166748047e-01 -5.847353339195251465e-01 2.209303379058837891e-01 -3.403148055076599121e-01 2.069255113601684570e-01
5.314071178436279297e-01 7.841126918792724609e-01 -6.671969890594482422e-01 1.025856733322143555e-01 -4.582110643386840820e-01 3.191409111022949219e-01
5.844070911407470703e-01 6.950397491455078125e-01 -6.531583070755004883e-01 4.976332187652587891e-02 -3.125358819961547852e-01 2.152434587478637695e-01
4.994173049926757812e-01 7.291380167007446289e-01 -6.369298100471496582e-01 6.507098674774169922e-02 -3.521570563316345215e-01 2.560313940048217773e-01
6.009234189987182617e-01 7.669981718063354492e-01 -6.404718160629272461e-01 4.421973228454589844e-02 -2.886984944343566895e-01 3.203911781311035156e-01
6.485844850540161133e-01 7.390334606170654297e-01 -6.640534400939941406e-01 1.291663646697998047e-01 -3.008311390876770020e-01 3.505821228027343750e-01
5.239746570587158203e-01 7.106914520263671875e-01 -6.601346731185913086e-01 1.896187067031860352e-01 -2.922624945640563965e-01 3.576099872589111328e-01
5.072008371353149414e-01 7.896761894226074219e-01 -7.775558233261108398e-01 4.782738685607910156e-01 -5.070121288299560547e-01 5.576364994049072266e-01
3.903766870498657227e-01 7.859128713607788086e-01 -6.496495008468627930e-01 4.961309432983398438e-01 -5.128076672554016113e-01 6.082302331924438477e-01
4.958328008651733398e-01 6.969772577285766602e-01 -7.761588096618652344e-01 5.848836898803710938e-01 -4.528571963310241699e-01 5.545845031738281250e-01
4.424591064453125000e-01 7.111051082611083984e-01 -5.796231031417846680e-01 5.027713775634765625e-01 -3.359552025794982910e-01 6.344195604324340820e-01
3.425635099411010742e-01 6.785087585449218750e-01 -4.949305653572082520e-01 4.817583560943603516e-01 -3.932003974914550781e-01 7.293189764022827148e-01
3.178461790084838867e-01 6.385511159896850586e-01 -7.084091901779174805e-01 4.697262048721313477e-01 -3.654602766036987305e-01 5.888360738754272461e-01
2.320251464843750000e-01 5.672963857650756836e-01 -5.554503202438354492e-01 4.958844184875488281e-01 -4.043033719062805176e-01 6.499520540237426758e-01
3.825805187225341797e-01 5.053967237472534180e-01 -7.193496227264404297e-01 5.193096399307250977e-01 -3.239774703979492188e-01 4.552397727966308594e-01
1.836328506469726562e-01 4.612157344818115234e-01 -4.246772527694702148e-01 4.552133083343505859e-01 -4.722793102264404297e-01 6.689574718475341797e-01
2.269213199615478516e-01 3.524867296218872070e-01 -3.478103280067443848e-01 4.303939342498779297e-01 -3.923203945159912109e-01 5.657528638839721680e-01
3.053401708602905273e-01 3.281122446060180664e-01 -4.122087955474853516e-01 5.104433298110961914e-01 -4.258822202682495117e-01 5.806736946105957031e-01
2.590498924255371094e-01 3.869540691375732422e-01 -2.546383738517761230e-01 2.889193296432495117e-01 -3.909294605255126953e-01 6.527818441390991211e-01
2.131050825119018555e-01 3.174508810043334961e-01 -2.385264039039611816e-01 2.932907342910766602e-01 -3.164893388748168945e-01 5.224494934082031250e-01
2.097884416580200195e-01 3.751239776611328125e-01 -1.841266751289367676e-01 3.370747566223144531e-01 -3.846994042396545410e-01 6.737024784088134766e-01
5.719423294067382812e-03 3.544813394546508789e-01 -1.634451746940612793e-01 4.241374731063842773e-01 -4.198479652404785156e-01 6.785506010055541992e-01
8.710801601409912109e-02 3.905487060546875000e-01 -1.525893211364746094e-01 3.564978837966918945e-01 -3.467256426811218262e-01 6.984330415725708008e-01
-4.390573501586914062e-02 3.099635839462280273e-01 -1.957347989082336426e-01 4.601575136184692383e-01 -3.779698610305786133e-01 6.096227169036865234e-01
-1.752646565437316895e-01 3.161264657974243164e-01 -1.847034692764282227e-01 4.206074476242065430e-01 -5.062139034271240234e-01 6.313993930816650391e-01
-2.459990978240966797e-02 4.077832698822021484e-01 -1.546812653541564941e-01 3.302457332611083984e-01 -4.024358391761779785e-01 6.299887895584106445e-01
-1.028130054473876953e-01 3.732659816741943359e-01 -3.772498965263366699e-01 1.822465658187866211e-01 -4.260425567626953125e-01 4.554648399353027344e-01
-3.774790763854980469e-01 4.548134803771972656e-01 -3.797097802162170410e-01 5.783307552337646484e-02 -3.943534493446350098e-01 4.429169893264770508e-01
-2.267495393753051758e-01 1.475523710250854492e-01 -2.004091143608093262e-01 -3.294789791107177734e-01 -8.281344175338745117e-02 -3.773093223571777344e-03
1.142914295196533203e-01 1.771275997161865234e-01 -1.719794273376464844e-01 -6.109993457794189453e-01 3.799939155578613281e-01 -1.077146530151367188e-01
1.414502859115600586e-01 -1.156597137451171875e-01 -9.475618600845336914e-02 -5.918262004852294922e-01 7.116568088531494141e-01 -3.121805787086486816e-01
2.097645998001098633e-01 -4.028592705726623535e-01 3.080773353576660156e-02 -3.490233421325683594e-01 3.259304761886596680e-01 -3.457372784614562988e-01
-2.535276412963867188e-01 -4.694697856903076172e-01 -5.345124006271362305e-02 -5.182403326034545898e-02 8.118355274200439453e-02 -2.453604340553283691e-01
-5.317986011505126953e-03 -3.067992925643920898e-01 4.235172271728515625e-02 -3.598764538764953613e-01 -2.634823322296142578e-01 7.254612445831298828e-02
-3.602689504623413086e-02 -5.178879499435424805e-01 7.958483695983886719e-02 -4.592730402946472168e-01 -1.343140006065368652e-01 -1.521492004394531250e-02
2.269350290298461914e-01 -3.299608230590820312e-01 -1.519203186035156250e-02 -3.326798081398010254e-01 -3.147990107536315918e-01 1.483790874481201172e-01
1.760672330856323242e-01 -2.819843292236328125e-01 -9.152233600616455078e-03 -4.888554811477661133e-01 -3.877946138381958008e-01 1.296304464340209961e-01
2.750276327133178711e-01 -3.271988034248352051e-01 -9.723389148712158203e-02 -5.438454151153564453e-01 -2.547544836997985840e-01 3.788769245147705078e-02
3.527909517288208008e-01 -2.297566533088684082e-01 -2.772587537765502930e-01 -3.747824430465698242e-01 -4.934548139572143555e-01 1.178818941116333008e-01
4.095106124877929688e-01 -2.138783335685729980e-01 -1.777939200401306152e-01 -4.018372297286987305e-01 -4.727118015289306641e-01 2.826159000396728516e-01
4.373121261596679688e-01 -1.440856456756591797e-01 -2.991390228271484375e-01 -3.881455659866333008e-01 -5.848133563995361328e-01 2.874585390090942383e-01
3.411300182342529297e-01 -1.560508608818054199e-01 -1.721831560134887695e-01 -4.219940304756164551e-01 -5.700758099555969238e-01 2.329076528549194336e-01
2.532787322998046875e-01 -2.665543556213378906e-01 -6.719142198562622070e-02 -4.833870530128479004e-01 -4.361633062362670898e-01 1.182255744934082031e-01
-7.895195484161376953e-02 -6.071925759315490723e-01 3.252565860748291016e-02 -2.078658342361450195e-01 -4.330312013626098633e-01 -2.306957244873046875e-01
-1.319022178649902344e-01 -4.369594454765319824e-01 2.620762586593627930e-01 -2.685572504997253418e-01 -5.225091576576232910e-01 -2.802217006683349609e-02
-2.673209309577941895e-01 -3.211269378662109375e-01 4.757723808288574219e-01 -2.456839084625244141e-01 -4.182877540588378906e-01 -1.177090406417846680e-02
-2.748595476150512695e-01 -5.094498395919799805e-01 3.968220949172973633e-01 -2.002593278884887695e-01 -1.674295067787170410e-01 -2.150840759277343750e-01
-3.972438573837280273e-01 -2.892715334892272949e-01 3.663504123687744141e-02 -9.871202707290649414e-02 -3.736970424652099609e-01 -4.435807466506958008e-02
-4.941187500953674316e-01 -3.175926804542541504e-01 2.645492553710937500e-02 -7.887172698974609375e-02 -3.554690480232238770e-01 -9.540575742721557617e-02
-4.037238359451293945e-01 -1.960245370864868164e-01 2.002764940261840820e-01 -1.749852895736694336e-01 -4.573698043823242188e-01 4.110383987426757812e-02
-1.029469966888427734e-01 -3.743044734001159668e-01 2.414027452468872070e-01 -4.232259392738342285e-01 -2.886652350425720215e-01 -1.989266872406005859e-01
-3.882086277008056641e-01 -2.401679754257202148e-01 3.003686666488647461e-01 -2.764114737510681152e-01 -2.780310511589050293e-01 -1.052595376968383789e-01
-4.361703395843505859e-01 -1.431686878204345703e-01 2.455691099166870117e-01 7.928013801574707031e-03 -4.873149394989013672e-01 1.040648221969604492e-01
-3.983626365661621094e-01 -1.891542673110961914e-01 3.881593942642211914e-01 -6.570988893508911133e-02 -3.142923116683959961e-01 5.012047290802001953e-02
-4.073145389556884766e-01 -1.908768415451049805e-01 3.758071660995483398e-01 -1.560403108596801758e-01 -3.876238465309143066e-01 4.300498962402343750e-02
-4.838786721229553223e-01 -2.241095900535583496e-01 3.130332231521606445e-01 2.178215980529785156e-02 -5.154846906661987305e-01 2.704048156738281250e-02
-4.304060339927673340e-01 -4.290071129798889160e-01 1.874934434890747070e-01 -6.118041276931762695e-02 -3.395701050758361816e-01 -1.766060590744018555e-01
-6.704555749893188477e-01 -2.072592973709106445e-01 3.413956165313720703e-01 2.828001976013183594e-03 -5.940682291984558105e-01 -7.224196195602416992e-02
-2.816471457481384277e-01 -2.564287781715393066e-01 4.265097379684448242e-01 4.014611244201660156e-02 -4.746997356414794922e-01 1.087199449539184570e-01
-3.921450376510620117e-01 -2.801727652549743652e-01 1.438103914260864258e-01 8.932673931121826172e-02 -6.762971878051757812e-01 -1.311658024787902832e-01
-4.692971110343933105e-01 -3.455745577812194824e-01 1.991435289382934570e-01 7.160651683807373047e-02 -6.083742380142211914e-01 -3.514462709426879883e-02
-5.559012889862060547e-01 -2.333876490592956543e-01 1.451927423477172852e-01 1.141293048858642578e-01 -8.215235471725463867e-01 9.125280380249023438e-02
-4.549914598464965820e-02 -5.595511198043823242e-01 3.915227651596069336e-01 -1.685020923614501953e-01 -3.841980695724487305e-01 -2.025086879730224609e-01
6.974780559539794922e-02 -4.438616037368774414e-01 1.725357770919799805e-01 -2.609544396400451660e-01 -5.752365589141845703e-01 2.276134490966796875e-02
1.982870101928710938e-01 -2.385268807411193848e-01 1.806236505508422852e-01 -3.225482702255249023e-01 -6.715358495712280273e-01 2.640548944473266602e-01
1.851694583892822266e-01 -2.324348688125610352e-01 1.814877986907958984e-01 -2.868491411209106445e-01 -5.736044645309448242e-01 2.802935838699340820e-01
3.095906972885131836e-01 -4.050636291503906250e-01 1.020499467849731445e-01 -1.346244812011718750e-01 -3.133729696273803711e-01 1.037597656250000000e-03
2.788747549057006836e-01 -1.838883161544799805e-01 1.781697273254394531e-01 -1.964586973190307617e-01 -5.845650434494018555e-01 3.009006977081298828e-01
1.095165014266967773e-01 -4.792180657386779785e-01 3.886173963546752930e-01 -1.230874061584472656e-01 -4.549239277839660645e-01 1.515152454376220703e-01
-6.337273120880126953e-02 -7.422082424163818359e-01 1.792347431182861328e-01 -1.507658362388610840e-01 -2.858797907829284668e-01 -2.448409795761108398e-01
-2.654039859771728516e-01 -7.948815226554870605e-01 9.221005439758300781e-02 -1.293961405754089355e-01 -9.466987848281860352e-02 -6.001030206680297852e-01
-1.354023814201354980e-01 -5.008210539817810059e-01 2.095870971679687500e-01 -3.445888161659240723e-01 -1.958155632019042969e-01 -4.173033833503723145e-01
-2.148686051368713379e-01 -3.156549930572509766e-01 2.337223291397094727e-01 -2.402194142341613770e-01 -3.552870750427246094e-01 -1.049800515174865723e-01
-7.847613096237182617e-02 -4.360542297363281250e-01 3.085310459136962891e-01 -2.498393654823303223e-01 -1.896103024482727051e-01 -1.837077140808105469e-01
-1.706279516220092773e-01 -3.829781413078308105e-01 3.322987556457519531e-01 -2.364729642868041992e-01 -1.869319081306457520e-01 -1.387189030647277832e-01
-2.005116939544677734e-01 -1.519246101379394531e-01 3.801285028457641602e-01 -2.270836830139160156e-01 -3.608461618423461914e-01 1.060239076614379883e-01
-2.064030766487121582e-01 -1.769542694091796875e-01 4.419909715652465820e-01 -9.397310018539428711e-02 -3.678271174430847168e-01 5.981433391571044922e-02
3.380620479583740234e-02 -3.398881554603576660e-01 2.714526653289794922e-01 -9.121775627136230469e-02 -2.376534342765808105e-01 -1.888511776924133301e-01
-2.145179510116577148e-01 -3.295779824256896973e-01 3.849107027053833008e-01 -9.554284811019897461e-02 -1.209747791290283203e-01 -2.774143218994140625e-01
-2.780268788337707520e-01 -4.015353918075561523e-01 4.490480422973632812e-01 5.561268329620361328e-02 3.851423263549804688e-01 -5.762422084808349609e-01
-2.127609252929687500e-01 -3.582448959350585938e-01 5.520642995834350586e-01 5.179007053375244141e-01 2.385942935943603516e-01 -3.680269122123718262e-01
-1.742357611656188965e-01 -3.747088313102722168e-01 4.563226699829101562e-01 2.250930070877075195e-01 -3.041225671768188477e-02 -2.788070440292358398e-01
3.003948926925659180e-01 4.647612571716308594e-03 5.176166296005249023e-01 -2.252932786941528320e-01 -2.446362972259521484e-01 5.006456375122070312e-02
3.171985149383544922e-01 2.764834165573120117e-01 4.331469535827636719e-01 -2.354236245155334473e-01 -6.747752428054809570e-02 1.757125854492187500e-01
5.865736007690429688e-01 2.808784246444702148e-01 1.427389383316040039e-01 -1.480388641357421875e-01 1.184569597244262695e-01 3.681290149688720703e-02
5.941189527511596680e-01 3.680056333541870117e-01 9.692251682281494141e-02 -3.452419042587280273e-01 4.161250591278076172e-02 1.664344072341918945e-01
6.372872591018676758e-01 3.082803487777709961e-01 4.838693141937255859e-02 -3.103007674217224121e-01 1.362489461898803711e-01 1.266320943832397461e-01
6.049879789352416992e-01 2.278063297271728516e-01 7.046198844909667969e-02 -2.278069853782653809e-01 1.943680047988891602e-01 8.661174774169921875e-02
6.064101457595825195e-01 1.145076751708984375e-01 6.865084171295166016e-02 -1.794614791870117188e-01 2.901504039764404297e-01 -4.183614253997802734e-02
6.153345108032226562e-01 7.766604423522949219e-02 1.430416107177734375e-02 -1.892350316047668457e-01 3.113280534744262695e-01 -8.312523365020751953e-02
4.057236909866333008e-01 -1.349172592163085938e-01 7.755148410797119141e-02 -2.288637757301330566e-01 3.774145841598510742e-01 -3.779751062393188477e-01
-1.183257699012756348e-01 -2.648574113845825195e-01 5.638768672943115234e-01 -3.540489673614501953e-01 3.413519859313964844e-01 -3.487172722816467285e-01
-2.380177378654479980e-01 -2.086416482925415039e-01 8.167204856872558594e-01 -4.387407302856445312e-01 3.346556425094604492e-01 -1.038593649864196777e-01
1.893079280853271484e-02 -5.447620153427124023e-02 5.216753482818603516e-01 -4.825451374053955078e-01 4.895187616348266602e-01 -9.479337930679321289e-02
1.096764802932739258e-01 5.322515964508056641e-02 5.184434652328491211e-01 -5.198265910148620605e-01 4.438897371292114258e-01 2.288353443145751953e-02
1.407718658447265625e-02 -6.184381246566772461e-02 3.328129053115844727e-01 -2.574226260185241699e-01 3.813539743423461914e-01 -2.282511591911315918e-01
-1.873262524604797363e-01 -2.025292515754699707e-01 3.869417905807495117e-01 -2.403961420059204102e-01 3.054989576339721680e-01 -2.366088032722473145e-01
-1.878201961517333984e-01 -2.976119518280029297e-02 4.350579977035522461e-01 -2.564795613288879395e-01 1.518965959548950195e-01 -4.738390445709228516e-03
-1.177568435668945312e-01 -1.526124477386474609e-01 6.371401548385620117e-01 -1.930272579193115234e-01 2.070395946502685547e-01 -8.194208145141601562e-02
-2.664377689361572266e-01 -9.855389595031738281e-03 6.998347043991088867e-01 -1.483920812606811523e-01 -3.042227029800415039e-02 1.228349208831787109e-01
-1.571134328842163086e-01 -3.074514865875244141e-02 6.434068679809570312e-01 -2.606806755065917969e-01 -1.341938376426696777e-01 2.682447433471679688e-02
-2.766858935356140137e-01 8.971810340881347656e-03 6.972383260726928711e-01 -8.889859914779663086e-02 6.239008903503417969e-02 2.166626453399658203e-01
-1.532691121101379395e-01 4.933298826217651367e-01 4.981164932250976562e-01 2.821862697601318359e-02 -2.106828689575195312e-01 6.727672815322875977e-01
-1.316764354705810547e-01 2.492324113845825195e-01 5.792596340179443359e-01 9.562957286834716797e-02 -2.654750943183898926e-01 5.293871164321899414e-01
-2.751410007476806641e-03 2.159556150436401367e-01 1.628824472427368164e-01 2.119294404983520508e-01 -4.858950376510620117e-01 6.047720909118652344e-01
4.358720779418945312e-02 4.570446014404296875e-01 -9.579265117645263672e-02 2.746604681015014648e-01 -5.307984352111816406e-01 7.509282827377319336e-01
-3.233891725540161133e-02 3.773071765899658203e-01 -1.807415485382080078e-02 2.961043119430541992e-01 -4.510225057601928711e-01 6.923872232437133789e-01
9.521365165710449219e-03 1.927099227905273438e-01 4.654216766357421875e-02 2.427195310592651367e-01 -2.378053665161132812e-01 5.767496824264526367e-01
-5.273526906967163086e-02 1.196871995925903320e-01 1.535626649856567383e-01 2.018013000488281250e-01 -3.106235861778259277e-01 6.601165533065795898e-01
-6.644749641418457031e-02 1.488889455795288086e-01 1.590116024017333984e-01 2.081396579742431641e-01 -3.041726350784301758e-01 6.939173936843872070e-01
1.650106906890869141e-02 2.239931821823120117e-01 -6.719237565994262695e-02 3.079514503479003906e-01 -3.685685992240905762e-01 5.427057743072509766e-01
-1.059561967849731445e-02 1.465855836868286133e-01 1.036092042922973633e-01 8.480679988861083984e-02 -2.907759547233581543e-01 5.426735877990722656e-01
4.733741283416748047e-02 1.775715351104736328e-01 1.320947408676147461e-01 1.523444652557373047e-01 -2.978886961936950684e-01 6.417568922042846680e-01
2.505183219909667969e-03 4.810740947723388672e-01 1.229701042175292969e-01 3.119758367538452148e-01 -4.425122737884521484e-01 9.123200178146362305e-01
2.581357955932617188e-02 2.224936485290527344e-01 3.550109863281250000e-01 1.298859119415283203e-01 -2.683650255203247070e-01 6.663140058517456055e-01
-1.239827275276184082e-01 4.423570632934570312e-02 5.546865463256835938e-01 4.074323177337646484e-02 -1.834580898284912109e-01 6.554621458053588867e-01
-8.849680423736572266e-03 1.697185039520263672e-01 5.080235004425048828e-01 1.954388618469238281e-02 -2.525209784507751465e-01 7.748657464981079102e-01
