3.879760503768920898e-01 6.336644887924194336e-01 -2.133396267890930176e-01 1.184154748916625977e-01 -8.046150207519531250e-02 1.768437623977661133e-01
5.733939409255981445e-01 5.501649379730224609e-01 -4.055743217468261719e-01 2.011932134628295898e-01 1.665675640106201172e-02 7.921445369720458984e-02
6.026341915130615234e-01 5.428987741470336914e-01 -3.716158270835876465e-01 6.221532821655273438e-03 1.304018497467041016e-02 1.095228195190429688e-01
8.403705358505249023e-01 5.252726078033447266e-01 -6.239621639251708984e-01 9.090352058410644531e-02 1.041486263275146484e-01 2.188777923583984375e-02
7.428961992263793945e-01 5.989950895309448242e-01 -4.564199447631835938e-01 1.461541652679443359e-02 5.672228336334228516e-02 1.187522411346435547e-01
8.139092922210693359e-01 5.318690538406372070e-01 -5.632671117782592773e-01 1.655892133712768555e-01 6.512701511383056641e-02 3.722429275512695312e-02
6.201490163803100586e-01 5.614449977874755859e-01 -5.297966599464416504e-01 2.672771215438842773e-01 -5.932760238647460938e-02 3.936040401458740234e-02
6.700273752212524414e-01 7.520499229431152344e-01 -5.401266217231750488e-01 2.012695074081420898e-01 -2.917559146881103516e-01 2.971096038818359375e-01
6.038525104522705078e-01 6.795365810394287109e-01 -6.314647793769836426e-01 1.411681175231933594e-01 -2.948131561279296875e-01 1.340988874435424805e-01
6.443349123001098633e-01 5.910139083862304688e-01 -5.910831689834594727e-01 1.090239286422729492e-01 -1.857517361640930176e-01 9.161198139190673828e-02
6.543198823928833008e-01 5.385131835937500000e-01 -5.860052704811096191e-01 6.261551380157470703e-02 -2.577424049377441406e-02 -4.826664924621582031e-03
6.575412750244140625e-01 5.593354701995849609e-01 -5.075564980506896973e-01 7.093214988708496094e-02 -6.910389661788940430e-02 7.162761688232421875e-02
6.512126922607421875e-01 5.403612852096557617e-01 -5.854216814041137695e-01 1.143896579742431641e-01 -5.590665340423583984e-02 3.669917583465576172e-02
6.314492225646972656e-01 5.155119895935058594e-01 -6.480236649513244629e-01 3.478744029998779297e-01 -5.504512786865234375e-02 1.364076137542724609e-02
7.267886400222778320e-01 5.871825218200683594e-01 -6.995887756347656250e-01 3.686020374298095703e-01 -1.004097461700439453e-01 1.377044916152954102e-01
5.216964483261108398e-01 6.452453136444091797e-01 -6.434658169746398926e-01 3.594950437545776367e-01 -2.386970520019531250e-01 2.584027051925659180e-01
4.761036634445190430e-01 6.952302455902099609e-01 -5.634171366691589355e-01 3.194211721420288086e-01 -3.512361645698547363e-01 4.114482402801513672e-01
4.644885063171386719e-01 6.439098119735717773e-01 -6.179100275039672852e-01 3.782911300659179688e-01 -3.565534353256225586e-01 3.815093040466308594e-01
4.956914186477661133e-01 6.465865373611450195e-01 -5.899182558059692383e-01 3.535586595535278320e-01 -3.064376115798950195e-01 4.398733377456665039e-01
4.336041212081909180e-01 6.063820123672485352e-01 -5.583475828170776367e-01 3.102250099182128906e-01 -2.652798891067504883e-01 5.016191005706787109e-01
3.160914182662963867e-01 6.475359201431274414e-01 -5.595492720603942871e-01 3.232153654098510742e-01 -3.135521411895751953e-01 5.178864002227783203e-01
4.042836427688598633e-01 6.278756856918334961e-01 -6.643414497375488281e-01 4.300053119659423828e-01 -3.641501665115356445e-01 5.434557199478149414e-01
3.426966667175292969e-01 6.137486696243286133e-01 -7.198274135589599609e-01 3.883652687072753906e-01 -4.116609096527099609e-01 4.969406127929687500e-01
5.822576284408569336e-01 5.911297798156738281e-01 -8.681107759475708008e-01 2.984334230422973633e-01 -3.312886953353881836e-01 4.157695770263671875e-01
4.569468498229980469e-01 4.606399536132812500e-01 -6.271554827690124512e-01 4.378414154052734375e-01 -3.712215423583984375e-01 5.361838340759277344e-01
3.395521640777587891e-01 4.910843372344970703e-01 -4.715088605880737305e-01 4.789048433303833008e-01 -3.956998586654663086e-01 5.846358537673950195e-01
3.920971155166625977e-01 4.368963241577148438e-01 -4.807118773460388184e-01 5.980168581008911133e-01 -4.625078439712524414e-01 6.514440774917602539e-01
3.423221111297607422e-01 4.717600345611572266e-01 -5.574030876159667969e-01 6.189693212509155273e-01 -4.103097319602966309e-01 4.969446659088134766e-01
1.314979791641235352e-01 5.804947614669799805e-01 -4.423353672027587891e-01 3.958709239959716797e-01 -5.423696041107177734e-01 6.889345645904541016e-01
8.538126945495605469e-02 4.468696117401123047e-01 -2.120702862739562988e-01 4.305285215377807617e-01 -4.615196585655212402e-01 6.718773841857910156e-01
1.585240364074707031e-01 4.834043979644775391e-01 -2.671573162078857422e-01 4.344472885131835938e-01 -3.811362981796264648e-01 6.655290126800537109e-01
1.048909425735473633e-01 3.423200845718383789e-01 -1.242505311965942383e-01 3.618735074996948242e-01 -2.697964310646057129e-01 5.684278011322021484e-01
-4.278230667114257812e-02 3.139228820800781250e-01 -7.171452045440673828e-02 3.267161846160888672e-01 -3.624662160873413086e-01 6.529924869537353516e-01
-2.399544715881347656e-01 1.627882719039916992e-01 9.108519554138183594e-02 1.355338096618652344e-01 -3.063681721687316895e-01 5.357123613357543945e-01
-3.656181693077087402e-01 2.925281524658203125e-01 1.770906448364257812e-01 2.159221172332763672e-01 -4.877873063087463379e-01 7.385241985321044922e-01
-1.199841499328613281e-01 3.521034717559814453e-01 -1.885796785354614258e-01 4.010593891143798828e-01 -3.685807585716247559e-01 5.587654113769531250e-01
-2.200503349304199219e-01 3.122612237930297852e-01 9.329771995544433594e-02 1.749627590179443359e-01 -2.753318548202514648e-01 5.997965335845947266e-01
-1.138686537742614746e-01 6.333076953887939453e-02 1.788022518157958984e-01 1.024365425109863281e-02 -3.310090899467468262e-01 3.847469091415405273e-01
-2.157298922538757324e-01 2.048102617263793945e-01 1.870766878128051758e-01 8.887231349945068359e-02 -1.894115209579467773e-01 5.096639394760131836e-01
-5.781340599060058594e-01 2.906049489974975586e-01 4.135346412658691406e-02 1.992628574371337891e-01 -4.311197996139526367e-01 6.350395679473876953e-01
-5.554662942886352539e-01 1.345119476318359375e-01 2.652401924133300781e-01 -3.476244211196899414e-02 -2.365767955780029297e-01 3.500111103057861328e-01
-1.771550774574279785e-01 5.459070205688476562e-02 2.113579511642456055e-01 -2.930557727813720703e-01 -3.393810987472534180e-01 1.968498229980468750e-01
-1.141461133956909180e-01 3.715991973876953125e-03 -1.453804373741149902e-01 -3.941225409507751465e-01 1.048395633697509766e-01 2.191329002380371094e-02
-1.375901699066162109e-01 -3.304185271263122559e-01 1.851429939270019531e-01 -6.047194004058837891e-01 4.442441463470458984e-01 -2.473168969154357910e-01
-1.805041432380676270e-01 -4.598398804664611816e-01 3.345712423324584961e-01 -4.001818895339965820e-01 3.230209350585937500e-01 -1.649053692817687988e-01
2.789877653121948242e-01 -2.478544712066650391e-01 7.947528362274169922e-02 -3.112448453903198242e-01 1.558221578598022461e-01 1.110363006591796875e-02
1.268954277038574219e-01 -3.675723671913146973e-01 2.061896324157714844e-01 -3.932187557220458984e-01 -6.177783012390136719e-03 4.811406135559082031e-02
4.134056568145751953e-01 -2.890774011611938477e-01 -1.246523857116699219e-02 -4.857438206672668457e-01 -5.951946973800659180e-02 2.918572425842285156e-01
4.332529306411743164e-01 -2.172657847404479980e-01 -1.626946926116943359e-01 -5.269569754600524902e-01 -2.964780926704406738e-01 3.274639844894409180e-01
4.014050960540771484e-01 -2.809254527091979980e-01 -2.026830911636352539e-01 -4.246706962585449219e-01 -3.896459341049194336e-01 2.893126010894775391e-01
5.124436616897583008e-01 -3.109596967697143555e-01 -2.452260851860046387e-01 -2.663230299949645996e-01 -3.951945900917053223e-01 2.598168849945068359e-01
4.041973352432250977e-01 -3.066442608833312988e-01 -1.142280101776123047e-01 -3.989923000335693359e-01 -3.107436895370483398e-01 1.424852609634399414e-01
2.884967327117919922e-01 -3.015484809875488281e-01 -5.236548185348510742e-02 -3.889970183372497559e-01 -4.290134310722351074e-01 1.173776388168334961e-01
1.174088716506958008e-01 -7.107973098754882812e-01 1.932728290557861328e-02 -2.847838997840881348e-01 -2.766122817993164062e-01 -2.722775340080261230e-01
2.006111145019531250e-01 -7.616707682609558105e-01 1.574242115020751953e-01 -2.366897463798522949e-01 -2.975761294364929199e-01 -2.886580824851989746e-01
-8.801400661468505859e-02 -5.514476299285888672e-01 2.574576139450073242e-01 2.728533744812011719e-02 -6.158220767974853516e-01 -1.355819106101989746e-01
-2.029155492782592773e-01 -6.152486801147460938e-01 1.704862117767333984e-01 -9.834170341491699219e-03 -4.235570430755615234e-01 -2.399914264678955078e-01
-1.508651375770568848e-01 -6.435562372207641602e-01 1.314716339111328125e-01 -8.414745330810546875e-02 -2.813601493835449219e-01 -3.920864462852478027e-01
-3.024188876152038574e-01 -2.866839766502380371e-01 3.395291566848754883e-01 -1.729754805564880371e-01 -1.864848136901855469e-01 -7.100981473922729492e-02
-3.635616302490234375e-01 -3.547336459159851074e-01 5.201762914657592773e-01 -2.331410050392150879e-01 -1.831787824630737305e-02 -1.134139895439147949e-01
-3.907901644706726074e-01 -3.702461123466491699e-01 2.332762479782104492e-01 -8.433216810226440430e-02 -1.801507472991943359e-01 -1.826904416084289551e-01
-2.616068124771118164e-01 -4.116772413253784180e-01 2.353346347808837891e-01 -7.868033647537231445e-02 -1.630786061286926270e-01 -2.851064205169677734e-01
-3.217129111289978027e-01 -3.517430424690246582e-01 2.195569276809692383e-01 5.210149288177490234e-02 -1.496637463569641113e-01 -3.064141273498535156e-01
-3.695085048675537109e-01 -3.737095594406127930e-01 5.845749378204345703e-02 -1.557357907295227051e-01 -1.629406809806823730e-01 -3.146960139274597168e-01
-5.051798820495605469e-01 -4.169655442237854004e-01 -5.010163784027099609e-02 -3.294273018836975098e-01 -3.000863194465637207e-01 -3.584250211715698242e-01
-3.343947529792785645e-01 -3.599943518638610840e-01 1.345528364181518555e-01 1.007611751556396484e-01 -4.601734280586242676e-01 -2.274152636528015137e-01
-6.878997087478637695e-01 -3.539464473724365234e-01 1.740916967391967773e-01 4.322048425674438477e-01 -4.976891875267028809e-01 -1.043390631675720215e-01
-4.231663942337036133e-01 -4.932718276977539062e-01 2.055788040161132812e-02 3.466536998748779297e-01 -3.780838251113891602e-01 -2.227736115455627441e-01
-4.823834300041198730e-01 -2.138473987579345703e-01 5.285302400588989258e-01 1.133241653442382812e-01 -7.800755500793457031e-01 9.768009185791015625e-03
-4.443351626396179199e-01 -2.949283719062805176e-01 3.616871833801269531e-01 3.904484510421752930e-01 -6.416290998458862305e-01 -9.491044282913208008e-02
-3.403921127319335938e-01 -4.625553488731384277e-01 1.629719734191894531e-01 1.691462993621826172e-01 -5.765112638473510742e-01 -4.027176499366760254e-01
-2.528715133666992188e-01 -5.569013953208923340e-01 3.535040616989135742e-01 1.228421926498413086e-01 -4.487627148628234863e-01 -1.436876058578491211e-01
1.148307323455810547e-01 -6.932987570762634277e-01 3.231505155563354492e-01 2.823104858398437500e-01 -4.564901590347290039e-01 -2.667619585990905762e-01
1.988645792007446289e-01 -4.838060736656188965e-01 3.576326370239257812e-02 -2.201923131942749023e-01 -5.734863281250000000e-01 -1.981064677238464355e-01
2.726395130157470703e-01 -3.066244721412658691e-01 3.461861610412597656e-02 -3.053833842277526855e-01 -5.738808512687683105e-01 1.482490301132202148e-01
4.210972785949707031e-01 -3.736125826835632324e-01 5.372440814971923828e-02 -4.168075323104858398e-01 -2.517181634902954102e-01 -3.997910022735595703e-02
2.553026676177978516e-01 -4.756981730461120605e-01 8.068227767944335938e-02 -3.503400683403015137e-01 -2.104696035385131836e-01 -9.660875797271728516e-02
1.531383991241455078e-01 -4.084477424621582031e-01 1.120063066482543945e-01 -5.216080546379089355e-01 -2.908164262771606445e-01 -6.893581151962280273e-02
1.784018278121948242e-01 -5.019160509109497070e-01 3.353333473205566406e-01 -6.379447579383850098e-01 -2.481645345687866211e-02 -8.203190565109252930e-02
-1.926392316818237305e-02 -4.217251539230346680e-01 2.356752157211303711e-01 -5.379610061645507812e-01 -3.265504837036132812e-01 -4.439240694046020508e-02
-1.491338014602661133e-02 -5.411441326141357422e-01 2.407689094543457031e-01 -5.097452402114868164e-01 -2.780619859695434570e-01 -1.839162111282348633e-01
6.006193161010742188e-02 -4.652211070060729980e-01 3.835210800170898438e-01 -3.334927558898925781e-01 -2.802872061729431152e-01 5.393505096435546875e-03
3.097295761108398438e-03 -6.578727960586547852e-01 1.243147850036621094e-01 -1.199716329574584961e-01 -2.652503252029418945e-01 -4.231912493705749512e-01
-2.548486590385437012e-01 -5.070839524269104004e-01 2.906579971313476562e-01 -5.423086881637573242e-02 -1.558962464332580566e-01 -3.592578172683715820e-01
-3.003752231597900391e-01 -3.698876500129699707e-01 4.536470174789428711e-01 -2.394102215766906738e-01 -6.860947608947753906e-02 -2.967361807823181152e-01
-1.471525430679321289e-01 -2.301471829414367676e-01 4.253951311111450195e-01 -3.110362291336059570e-01 -2.387815713882446289e-01 -1.057689189910888672e-01
-3.533182740211486816e-01 -8.569371700286865234e-02 3.758010864257812500e-01 -3.502173423767089844e-01 -3.263258934020996094e-01 1.065344810485839844e-01
-2.653223276138305664e-01 -1.685020923614501953e-01 4.670186042785644531e-01 -1.164619922637939453e-01 -3.633753061294555664e-01 1.103810071945190430e-01
-2.726240754127502441e-01 -2.682124376296997070e-01 3.937803506851196289e-01 -2.975641489028930664e-01 -2.075099945068359375e-01 -1.038743257522583008e-01
-1.222966313362121582e-01 -4.103336334228515625e-01 3.555910587310791016e-01 -3.312330842018127441e-01 -8.686655759811401367e-02 -3.002189993858337402e-01
-3.225652575492858887e-01 -1.938739418983459473e-01 4.189039468765258789e-01 -2.300953865051269531e-01 -3.833554387092590332e-01 -8.277851343154907227e-02
-1.882923841476440430e-01 -3.009160757064819336e-01 3.746991157531738281e-01 -3.438341021537780762e-01 -2.235409617424011230e-01 -1.541752815246582031e-01
-1.800131201744079590e-01 -2.344974875450134277e-01 4.261267185211181641e-01 3.353953361511230469e-03 3.859785795211791992e-01 -4.827747344970703125e-01
-1.226472854614257812e-01 -3.421764373779296875e-01 5.660119056701660156e-01 1.304798126220703125e-01 5.516500473022460938e-01 -5.749292969703674316e-01
-1.878445744514465332e-01 -3.169825673103332520e-01 8.349244594573974609e-01 -7.189428806304931641e-02 4.488226175308227539e-01 -3.816712498664855957e-01
-4.412732720375061035e-01 -1.202827692031860352e-01 5.762550830841064453e-01 9.757637977600097656e-02 -8.241510391235351562e-02 -1.703284978866577148e-01
-6.541128158569335938e-01 8.586382865905761719e-02 5.859025716781616211e-01 2.181766033172607422e-01 -3.599108457565307617e-01 -8.155924081802368164e-02
-3.342053294181823730e-01 2.232118844985961914e-01 4.228188991546630859e-01 -9.743112325668334961e-02 -2.143653035163879395e-01 1.041687726974487305e-01
4.950836896896362305e-01 4.695183038711547852e-01 2.908082008361816406e-01 -2.001999020576477051e-01 -2.589535713195800781e-01 3.263506889343261719e-01
4.519762992858886719e-01 3.658987283706665039e-01 2.545692920684814453e-01 -2.314100861549377441e-01 -4.071842432022094727e-01 1.758116483688354492e-01
2.830504179000854492e-01 5.849070549011230469e-01 3.031917810440063477e-01 -4.085111618041992188e-01 -2.889131307601928711e-01 4.044721126556396484e-01
3.185913562774658203e-01 6.503688097000122070e-01 8.217334747314453125e-02 -2.130410075187683105e-01 -3.438000679016113281e-01 3.390684127807617188e-01
3.482496738433837891e-01 5.241109132766723633e-01 2.985179424285888672e-01 -3.044320344924926758e-01 -2.359260320663452148e-01 3.423721790313720703e-01
3.570389747619628906e-01 3.658894300460815430e-01 2.514345645904541016e-01 -9.728926420211791992e-02 -1.966479420661926270e-01 2.483152151107788086e-01
1.461032629013061523e-01 3.089504241943359375e-01 4.347205162048339844e-01 -1.496955156326293945e-01 -3.004511594772338867e-01 2.916383743286132812e-01
6.962287425994873047e-02 1.154683828353881836e-01 5.397268533706665039e-01 -2.526208758354187012e-01 -1.671997308731079102e-01 1.883265972137451172e-01
-2.472647428512573242e-01 -1.048630475997924805e-01 7.030034065246582031e-01 -2.757906317710876465e-01 -8.741867542266845703e-02 1.649141311645507812e-02
-5.675177574157714844e-01 -1.143206954002380371e-01 4.436661005020141602e-01 -2.110398411750793457e-01 -1.628555655479431152e-01 -1.627240180969238281e-01
-4.216373562812805176e-01 -9.146100282669067383e-02 3.862612247467041016e-01 -2.517188787460327148e-01 -1.442855596542358398e-01 -1.966451406478881836e-01
-4.763828516006469727e-01 -1.734274625778198242e-02 4.875973463058471680e-01 -2.336325049400329590e-01 -3.195728063583374023e-01 -1.183199286460876465e-01
-3.463525772094726562e-01 -1.065791249275207520e-01 7.607213258743286133e-01 -2.630990147590637207e-01 -1.107453107833862305e-01 -1.085397601127624512e-01
-3.665696382522583008e-01 -3.920859098434448242e-02 7.521406412124633789e-01 1.318216323852539062e-02 -3.405064344406127930e-01 -4.616725444793701172e-02
-4.527136087417602539e-01 -2.472490072250366211e-02 3.590689897537231445e-01 -2.106183767318725586e-02 -3.843179345130920410e-01 -4.058456420898437500e-02
-6.364582180976867676e-01 -5.537515878677368164e-02 3.310499191284179688e-01 -1.218802332878112793e-01 -3.314041495323181152e-01 -1.013255715370178223e-01
-2.841017246246337891e-01 -1.304612755775451660e-01 5.932469367980957031e-01 -2.151312232017517090e-01 -3.903523087501525879e-01 -5.328696966171264648e-02
-2.838327288627624512e-01 -1.186492443084716797e-01 5.076953172683715820e-01 -1.804516911506652832e-01 -1.462519168853759766e-03 -6.457298994064331055e-02
-2.122845053672790527e-01 -1.423848867416381836e-01 2.146831750869750977e-01 -3.255891799926757812e-02 4.203747510910034180e-01 -5.465785264968872070e-01
-3.463193178176879883e-01 -9.366363286972045898e-02 2.708052396774291992e-01 -1.077185273170471191e-01 3.827277421951293945e-01 -5.313489437103271484e-01
-3.416309952735900879e-01 -2.589141726493835449e-01 5.410901308059692383e-01 -1.499838232994079590e-01 4.262669086456298828e-01 -4.398082494735717773e-01
-3.743386268615722656e-01 -4.216072559356689453e-01 5.950425863265991211e-01 -1.730925440788269043e-01 1.999272108078002930e-01 -4.347946047782897949e-01
-4.680090546607971191e-01 -4.996510148048400879e-01 6.663923263549804688e-01 -1.182005405426025391e-01 3.304777145385742188e-01 -5.356956720352172852e-01
-2.497118711471557617e-01 -5.026379823684692383e-01 6.383628845214843750e-01 -4.427385330200195312e-02 2.298073768615722656e-01 -3.185436129570007324e-01
-1.829285025596618652e-01 -5.066422224044799805e-01 6.312413215637207031e-01 -2.556853890419006348e-01 2.554262876510620117e-01 -3.925384283065795898e-01
-1.362490653991699219e-02 -4.969046711921691895e-01 6.301788091659545898e-01 -3.848814964294433594e-01 1.815048456192016602e-01 -4.852830767631530762e-01
-4.414106011390686035e-01 -6.191143989562988281e-01 4.357897043228149414e-01 -1.883007884025573730e-01 1.759877204895019531e-01 -6.687359809875488281e-01
-3.066134452819824219e-01 -4.801487922668457031e-01 4.846029281616210938e-01 -1.589267849922180176e-01 7.277488708496093750e-02 -4.727284908294677734e-01
-5.062320828437805176e-01 -3.939099907875061035e-01 4.663181304931640625e-01 -9.830152988433837891e-02 2.719584703445434570e-01 -5.436958670616149902e-01
-4.812468290328979492e-01 -1.960092186927795410e-01 5.057507753372192383e-01 -4.748481512069702148e-02 -2.716926932334899902e-01 -2.586382627487182617e-01
-5.580096244812011719e-01 -1.696624159812927246e-01 6.421955823898315430e-01 -7.514393329620361328e-02 -2.045206427574157715e-01 -2.628310918807983398e-01
-4.775431156158447266e-01 -1.800374984741210938e-01 5.294237136840820312e-01 -4.400068521499633789e-02 -1.926577687263488770e-01 -1.936153769493103027e-01
-5.991770029067993164e-01 -3.387486934661865234e-01 5.512959957122802734e-01 -2.447658777236938477e-02 1.290103197097778320e-01 -3.371956348419189453e-01
-5.312797427177429199e-01 -2.510198354721069336e-01 4.403030872344970703e-01 -1.069352626800537109e-01 -2.236126065254211426e-01 -2.348450422286987305e-01
-6.624990701675415039e-01 -1.845227479934692383e-01 5.088587999343872070e-01 1.650441884994506836e-01 -1.554791331291198730e-01 -1.415740847587585449e-01
-4.550073146820068359e-01 -1.516141295433044434e-01 5.678198337554931641e-01 1.140762567520141602e-01 -1.695607304573059082e-01 -7.428193092346191406e-02
-3.809711933135986328e-01 -2.900718450546264648e-01 6.120368242263793945e-01 -1.519221067428588867e-02 -6.817132234573364258e-02 -1.990899443626403809e-01
-5.155750513076782227e-01 -1.916840076446533203e-01 6.362754106521606445e-01 1.892050504684448242e-01 -1.125061511993408203e-01 2.723550796508789062e-02
-4.973625540733337402e-01 -8.570271730422973633e-02 4.646706581115722656e-01 -6.752967834472656250e-02 -3.290724158287048340e-01 2.799224853515625000e-02
-3.584323525428771973e-01 -1.603664159774780273e-01 6.788258552551269531e-01 -1.642018556594848633e-01 -1.953501105308532715e-01 -1.106286048889160156e-02
-4.332909584045410156e-01 -9.911537170410156250e-02 3.256263732910156250e-01 -1.367784738540649414e-01 -2.736742496490478516e-01 -2.570259571075439453e-02
-5.676414966583251953e-01 -1.566597819328308105e-01 6.052793264389038086e-01 -4.952704906463623047e-02 -3.770951032638549805e-01 -1.352512836456298828e-02
-3.350588679313659668e-01 -5.246186256408691406e-02 6.141500473022460938e-01 2.119314670562744141e-02 -3.723572492599487305e-01 1.620935201644897461e-01
-4.854794144630432129e-01 -8.590406179428100586e-02 3.746637105941772461e-01 1.623482704162597656e-01 -4.815695285797119141e-01 2.046778202056884766e-01
-3.264862298965454102e-01 -3.011147379875183105e-01 4.765120744705200195e-01 1.087665557861328125e-03 -2.367124557495117188e-01 4.709994792938232422e-02
1.107180118560791016e-02 -4.398314356803894043e-01 3.423668146133422852e-01 -3.319268226623535156e-01 -2.766348123550415039e-01 -9.824275970458984375e-03
1.960823535919189453e-01 -1.476944684982299805e-01 1.272857189178466797e-01 -5.578585863113403320e-01 -1.443637013435363770e-01 3.940379619598388672e-01
9.589278697967529297e-02 -1.396841406822204590e-01 -5.703324079513549805e-02 -6.105347871780395508e-01 -1.350620985031127930e-01 4.112397432327270508e-01
3.956985473632812500e-02 -1.430551409721374512e-01 -2.282190322875976562e-02 -5.208977460861206055e-01 -9.926009178161621094e-02 4.909197092056274414e-01
3.055059909820556641e-02 -9.068852663040161133e-02 -2.477693557739257812e-02 -4.683789610862731934e-01 -1.173136830329895020e-01 5.304275751113891602e-01
-1.010406017303466797e-02 -7.592791318893432617e-02 6.005167961120605469e-02 -4.946151375770568848e-01 -1.621329784393310547e-01 5.275322198867797852e-01
-3.143662214279174805e-02 -1.690995693206787109e-02 9.566676616668701172e-02 -5.401648283004760742e-01 -2.103807330131530762e-01 5.824313163757324219e-01
-1.235336065292358398e-02 -3.266143798828125000e-02 5.414474010467529297e-02 -5.000857114791870117e-01 -1.640850305557250977e-01 5.250072479248046875e-01
-7.769751548767089844e-02 -3.623372316360473633e-02 1.902043819427490234e-01 -5.186406373977661133e-01 -1.399689316749572754e-01 5.413620471954345703e-01
4.523396492004394531e-03 -1.289198994636535645e-01 1.318073272705078125e-01 -4.235802888870239258e-01 -2.369523048400878906e-02 4.311168193817138672e-01
-6.090909242630004883e-02 -1.771193742752075195e-01 1.969089508056640625e-01 -3.734990954399108887e-01 6.296575069427490234e-02 3.950507640838623047e-01
-1.631773114204406738e-01 2.124989032745361328e-02 3.369692564010620117e-01 -3.812386393547058105e-01 -1.479424238204956055e-01 6.692360639572143555e-01
-2.168493866920471191e-01 -7.139164209365844727e-02 3.325843811035156250e-01 -3.278875350952148438e-01 -4.447650909423828125e-02 4.957475662231445312e-01
-3.429990410804748535e-01 -1.645433306694030762e-01 4.223055839538574219e-01 -4.559899568557739258e-01 -1.876049637794494629e-01 4.661005735397338867e-01
-2.543553113937377930e-01 -1.590551137924194336e-01 3.712729215621948242e-01 -4.899473190307617188e-01 -1.281940340995788574e-01 4.457552433013916016e-01
