1.687568426132202148e-01 3.311361074447631836e-01 -8.327895402908325195e-02 3.958570957183837891e-02 -2.544492483139038086e-02 3.122019767761230469e-01
9.121584892272949219e-02 3.982698917388916016e-01 5.533874034881591797e-02 -2.189826965332031250e-02 2.919602394104003906e-02 2.263330221176147461e-01
2.060090303421020508e-01 3.563838005065917969e-01 1.453721523284912109e-01 7.399189472198486328e-02 1.346900463104248047e-01 2.885587215423583984e-01
1.707096099853515625e-01 4.885116815567016602e-01 -1.724864244461059570e-01 1.758890151977539062e-01 -6.268632411956787109e-02 2.259916067123413086e-01
3.520764112472534180e-01 5.107234716415405273e-01 -2.897322773933410645e-01 2.723859548568725586e-01 4.063653945922851562e-02 1.721957921981811523e-01
6.929349899291992188e-01 5.724021196365356445e-01 -4.246323704719543457e-01 4.001028537750244141e-01 9.504604339599609375e-02 1.786928176879882812e-01
6.041042804718017578e-01 3.990603685379028320e-01 -4.283657670021057129e-01 3.335412740707397461e-01 2.311227321624755859e-01 -2.504271268844604492e-02
7.447614669799804688e-01 5.296704769134521484e-01 -6.154882907867431641e-01 2.191259860992431641e-01 1.733125448226928711e-01 -8.151531219482421875e-03
8.410787582397460938e-01 5.209908485412597656e-01 -7.024285793304443359e-01 2.355681657791137695e-01 1.210924386978149414e-01 2.055144309997558594e-02
7.857027053833007812e-01 6.307337284088134766e-01 -5.477223396301269531e-01 1.181035041809082031e-01 6.190109252929687500e-02 1.457720994949340820e-01
8.471472263336181641e-01 7.014243602752685547e-01 -5.555941462516784668e-01 1.587693691253662109e-01 -6.282001733779907227e-02 2.088174819946289062e-01
7.687449455261230469e-01 6.504311561584472656e-01 -5.681238770484924316e-01 1.157329082489013672e-01 -5.952203273773193359e-02 1.117179393768310547e-01
7.972228527069091797e-01 5.836669206619262695e-01 -6.404105424880981445e-01 2.638974189758300781e-01 1.752495765686035156e-03 2.299010753631591797e-02
6.458917856216430664e-01 6.547855138778686523e-01 -6.024984121322631836e-01 2.186781167984008789e-01 -1.929792761802673340e-01 1.675635576248168945e-01
7.264965772628784180e-01 6.715420484542846680e-01 -6.014680862426757812e-01 1.951533555984497070e-01 -1.207525134086608887e-01 1.237936019897460938e-01
7.260510921478271484e-01 5.849767923355102539e-01 -6.737284660339355469e-01 2.966525554656982422e-01 -5.204725265502929688e-02 2.296638488769531250e-02
6.205353736877441406e-01 7.206009626388549805e-01 -5.753430128097534180e-01 2.282489538192749023e-01 -2.812994718551635742e-01 3.255618810653686523e-01
5.691990852355957031e-01 7.243601083755493164e-01 -5.599536895751953125e-01 2.939895391464233398e-01 -3.373075723648071289e-01 3.720768690109252930e-01
6.097953319549560547e-01 7.964831590652465820e-01 -5.961330533027648926e-01 2.593529224395751953e-01 -3.305273652076721191e-01 4.313551187515258789e-01
7.673422098159790039e-01 7.563765048980712891e-01 -7.055890560150146484e-01 3.830875158309936523e-01 -2.233998775482177734e-01 3.485053777694702148e-01
6.652803421020507812e-01 7.394309043884277344e-01 -6.898100376129150391e-01 5.146327018737792969e-01 -2.267991304397583008e-01 3.990397453308105469e-01
5.903928279876708984e-01 8.034325838088989258e-01 -6.095517873764038086e-01 5.477304458618164062e-01 -3.338255286216735840e-01 5.735784769058227539e-01
5.921659469604492188e-01 7.683132886886596680e-01 -6.744820475578308105e-01 5.162088871002197266e-01 -3.008154630661010742e-01 5.842413902282714844e-01
5.813710689544677734e-01 7.307097911834716797e-01 -6.496659517288208008e-01 5.303348302841186523e-01 -3.270260095596313477e-01 6.946765184402465820e-01
3.413679599761962891e-01 7.614734172821044922e-01 -6.432862281799316406e-01 4.589741230010986328e-01 -4.784768223762512207e-01 7.370674610137939453e-01
4.709166288375854492e-01 6.253980398178100586e-01 -8.532375097274780273e-01 5.912624597549438477e-01 -3.545837402343750000e-01 5.140092372894287109e-01
2.866966724395751953e-01 6.607044935226440430e-01 -7.229217290878295898e-01 4.229394197463989258e-01 -4.086977839469909668e-01 5.749695301055908203e-01
3.589133024215698242e-01 5.508900880813598633e-01 -7.718605995178222656e-01 3.645719289779663086e-01 -3.309089541435241699e-01 4.861845970153808594e-01
2.377395629882812500e-01 4.767261743545532227e-01 -6.812026500701904297e-01 4.617910385131835938e-01 -3.987596631050109863e-01 4.799199104309082031e-01
3.589105606079101562e-01 3.657430410385131836e-01 -6.187240481376647949e-01 4.301879405975341797e-01 -2.161425948143005371e-01 4.162698984146118164e-01
3.588868379592895508e-01 3.274894952774047852e-01 -5.830911993980407715e-01 4.420237541198730469e-01 -2.488043904304504395e-01 4.153426885604858398e-01
5.667369365692138672e-01 3.261772394180297852e-01 -8.510120511054992676e-01 5.222088098526000977e-01 -2.228955030441284180e-01 3.157712221145629883e-01
2.845029830932617188e-01 3.404152393341064453e-01 -5.476538538932800293e-01 4.532797336578369141e-01 -2.969283461570739746e-01 4.305565357208251953e-01
2.634742259979248047e-01 4.037160873413085938e-01 -4.925834536552429199e-01 3.256802558898925781e-01 -3.628654479980468750e-01 4.823789596557617188e-01
2.318232059478759766e-01 4.154387712478637695e-01 -6.219092607498168945e-01 4.614212512969970703e-01 -4.598475694656372070e-01 4.991809129714965820e-01
2.680056095123291016e-01 3.857061862945556641e-01 -6.060016155242919922e-01 5.890510082244873047e-01 -4.502920508384704590e-01 4.640320539474487305e-01
2.040286064147949219e-01 4.327523708343505859e-01 -5.827922821044921875e-01 4.377335309982299805e-01 -4.674314260482788086e-01 4.156112670898437500e-01
1.758366823196411133e-01 4.268773794174194336e-01 -5.811915397644042969e-01 4.062273502349853516e-01 -4.475538134574890137e-01 3.551793098449707031e-01
9.653198719024658203e-02 4.378800392150878906e-01 -5.155594348907470703e-01 1.753621101379394531e-01 -3.891502618789672852e-01 3.770732879638671875e-01
-9.461200237274169922e-02 3.494945764541625977e-01 -3.659656643867492676e-01 1.234717369079589844e-01 -2.607503533363342285e-01 2.909846305847167969e-01
-4.737079143524169922e-01 2.411361932754516602e-01 -2.676617503166198730e-01 -1.042183041572570801e-01 -2.888029813766479492e-01 1.848293542861938477e-01
-4.106076359748840332e-01 -3.470420837402343750e-03 -4.343622922897338867e-02 -2.546144723892211914e-01 -1.851929426193237305e-01 1.997804641723632812e-02
1.174449920654296875e-02 -1.532436013221740723e-01 3.762233257293701172e-02 -3.133265376091003418e-01 1.481547355651855469e-01 -1.493239998817443848e-01
-6.013466715812683105e-01 -1.758778095245361328e-01 7.386434078216552734e-02 -5.386102199554443359e-02 1.160429716110229492e-01 -1.440186500549316406e-01
-4.538949131965637207e-01 -7.295972108840942383e-02 1.859031915664672852e-01 -7.377934455871582031e-02 -1.133010387420654297e-01 2.960145473480224609e-02
8.732306957244873047e-02 -2.433388829231262207e-01 -1.821088790893554688e-01 -5.801861286163330078e-01 -3.908717632293701172e-02 -9.632951021194458008e-02
-1.922258734703063965e-01 -3.282470107078552246e-01 2.273514270782470703e-01 -3.186265230178833008e-01 -9.333425760269165039e-02 1.686465740203857422e-02
-2.041504979133605957e-01 -3.417964577674865723e-01 -7.317304611206054688e-03 -2.044559717178344727e-01 -2.179270386695861816e-01 -1.111170053482055664e-01
-1.139491796493530273e-01 -2.973740696907043457e-01 7.960772514343261719e-02 -3.431538343429565430e-01 -3.172413110733032227e-01 -4.282838106155395508e-02
-5.728596448898315430e-02 -5.309929847717285156e-01 1.048406362533569336e-01 -4.491969347000122070e-01 -2.751309275627136230e-01 -2.448585629463195801e-01
2.651787996292114258e-01 -3.717465996742248535e-01 6.860399246215820312e-02 -4.717238545417785645e-01 -2.310277223587036133e-01 -4.700785875320434570e-02
2.026792764663696289e-01 -2.922043800354003906e-01 -9.688329696655273438e-02 -4.512025117874145508e-01 -6.179872751235961914e-01 1.931877136230468750e-01
2.610305547714233398e-01 -2.291663885116577148e-01 -1.667463183403015137e-01 -3.964132070541381836e-01 -7.793582677841186523e-01 3.019360303878784180e-01
2.986640930175781250e-01 -1.995328068733215332e-01 -2.495280504226684570e-01 -3.855945467948913574e-01 -6.980345249176025391e-01 1.860064268112182617e-01
5.830597877502441406e-02 -2.171262502670288086e-01 -3.047427535057067871e-01 -3.051280379295349121e-01 -7.892991304397583008e-01 1.607145071029663086e-01
1.724609136581420898e-01 -4.176263809204101562e-01 -8.617389202117919922e-02 -2.666419744491577148e-01 -4.389494061470031738e-01 -5.373853445053100586e-02
3.120018243789672852e-01 -5.102977156639099121e-01 -1.746572852134704590e-01 -1.620476245880126953e-01 -3.036226630210876465e-01 -2.485401034355163574e-01
-4.801762104034423828e-02 -6.301526427268981934e-01 1.514708995819091797e-02 -8.563482761383056641e-02 -5.054020285606384277e-01 -3.385728597640991211e-01
-4.083992838859558105e-01 -5.958368778228759766e-01 3.782773017883300781e-02 6.739234924316406250e-02 -3.848107457160949707e-01 -4.215052723884582520e-01
-4.361828565597534180e-01 -4.214066863059997559e-01 1.399291753768920898e-01 -1.789402365684509277e-01 -4.467175602912902832e-01 -2.563236355781555176e-01
-2.313064336776733398e-01 -3.422346711158752441e-01 2.499666213989257812e-01 -1.754246950149536133e-01 -4.975451827049255371e-01 -1.444696784019470215e-01
-6.968092918395996094e-02 -3.052753210067749023e-01 3.567777872085571289e-01 -3.762642145156860352e-01 -1.819309592247009277e-01 -1.617499589920043945e-01
-2.545189261436462402e-01 -2.220167517662048340e-01 4.061863422393798828e-01 -1.603407859802246094e-01 -2.657626867294311523e-01 -9.686392545700073242e-02
-3.959937691688537598e-01 -2.560983896255493164e-01 4.097605943679809570e-01 -4.963064193725585938e-02 -1.751013398170471191e-01 -2.333382368087768555e-01
-4.578385949134826660e-01 -1.461474299430847168e-01 3.473231792449951172e-01 -4.304230213165283203e-02 -3.290486335754394531e-01 -1.503860950469970703e-02
-2.521958351135253906e-01 -1.517249345779418945e-01 4.221917390823364258e-01 -3.115710020065307617e-01 -2.402832508087158203e-01 -1.884526014328002930e-02
-4.546477198600769043e-01 -1.379510164260864258e-01 3.209549188613891602e-01 -2.352261543273925781e-01 -2.975368499755859375e-01 -9.726566076278686523e-02
-3.274980187416076660e-01 -2.255099415779113770e-01 1.434456110000610352e-01 -1.367376446723937988e-01 -3.850303292274475098e-01 -2.877643704414367676e-01
-1.262671947479248047e-01 -2.977002263069152832e-01 1.800130605697631836e-01 -2.130969166755676270e-01 -2.353368997573852539e-01 -3.486630916595458984e-01
-3.710094690322875977e-01 -2.674592137336730957e-01 3.591933250427246094e-01 -2.568352818489074707e-01 -2.197842597961425781e-01 -1.422690153121948242e-01
-3.676164746284484863e-01 -4.382959008216857910e-01 1.640769243240356445e-01 3.208787441253662109e-01 -5.051806569099426270e-01 -2.266116142272949219e-01
-5.223713517189025879e-01 -4.199999570846557617e-01 1.525361537933349609e-01 2.629888057708740234e-01 -5.416169166564941406e-01 -1.534459590911865234e-01
-2.540696859359741211e-01 -4.713504314422607422e-01 3.249788284301757812e-01 2.079963684082031250e-02 -4.468673467636108398e-01 -3.271819949150085449e-01
1.378148794174194336e-01 -6.771560907363891602e-01 -7.912337779998779297e-03 -1.969264149665832520e-01 -4.308972954750061035e-01 -5.607110261917114258e-01
1.920946836471557617e-01 -5.966627597808837891e-01 -5.855733156204223633e-02 -4.195289015769958496e-01 -3.738070726394653320e-01 -3.904025554656982422e-01
4.472399950027465820e-01 -4.757094383239746094e-01 -1.232824921607971191e-01 -5.698672533035278320e-01 -3.333815932273864746e-01 -2.847706675529479980e-01
5.401892662048339844e-01 -6.329872608184814453e-01 -1.006951332092285156e-01 -2.750582695007324219e-01 -2.664632797241210938e-01 -2.713559269905090332e-01
4.642747640609741211e-01 -5.561856031417846680e-01 -5.755460262298583984e-02 -3.061301112174987793e-01 -3.257682323455810547e-01 -1.562204360961914062e-01
3.692941665649414062e-01 -5.587714910507202148e-01 1.505279541015625000e-01 -3.856744170188903809e-01 -2.871282100677490234e-01 -3.395730257034301758e-02
3.288391828536987305e-01 -5.217914581298828125e-01 3.239309787750244141e-02 -4.042465090751647949e-01 -2.641937732696533203e-01 -8.347272872924804688e-02
3.125489950180053711e-01 -5.583418607711791992e-01 1.804006099700927734e-01 -2.946267127990722656e-01 -2.865265607833862305e-01 -3.091561794281005859e-02
3.863012790679931641e-02 -6.042259931564331055e-01 1.415982246398925781e-01 -4.416294097900390625e-01 -1.760621666908264160e-01 -3.351023793220520020e-01
-1.312118768692016602e-01 -5.038433670997619629e-01 2.490127086639404297e-01 -5.285458564758300781e-01 -2.173628807067871094e-01 -2.275192141532897949e-01
-3.427790403366088867e-01 -3.199958205223083496e-01 1.495457887649536133e-01 -3.367714881896972656e-01 -4.790644645690917969e-01 -2.986913919448852539e-01
-1.625591516494750977e-01 -3.502098321914672852e-01 8.347868919372558594e-02 -5.017211437225341797e-01 -1.895773410797119141e-01 -3.528778553009033203e-01
-1.161932945251464844e-01 -2.370000481605529785e-01 2.466591596603393555e-01 -3.731976151466369629e-01 -2.716056704521179199e-01 -1.853710412979125977e-01
-3.706776499748229980e-01 -1.067467927932739258e-01 1.341340541839599609e-01 -1.251844763755798340e-01 -3.596708774566650391e-01 5.913329124450683594e-02
-1.318304538726806641e-01 -1.717448234558105469e-01 1.815657615661621094e-01 -3.336563110351562500e-01 -4.568579792976379395e-01 -9.127825498580932617e-02
-2.254885435104370117e-01 -3.815259337425231934e-01 1.506425142288208008e-01 -4.005039334297180176e-01 -2.002375721931457520e-01 -4.982249736785888672e-01
-2.373319268226623535e-01 -2.395389080047607422e-01 2.234902381896972656e-01 -1.624868512153625488e-01 -3.200290203094482422e-01 -1.783413290977478027e-01
-3.223525881767272949e-01 -2.550351619720458984e-01 1.946947574615478516e-01 -2.372991442680358887e-01 -2.352838516235351562e-01 -2.064737081527709961e-01
-3.397909402847290039e-01 -3.662012219429016113e-01 1.145763397216796875e-01 -4.201974868774414062e-01 -1.616978645324707031e-01 -4.449936151504516602e-01
-2.049065232276916504e-01 -2.671078443527221680e-01 3.514635562896728516e-01 -4.261027574539184570e-01 -2.107070684432983398e-01 -3.174591064453125000e-01
-3.777627348899841309e-01 -2.849626541137695312e-01 2.588338851928710938e-01 9.419262409210205078e-02 -3.778325319290161133e-01 -5.024117231369018555e-02
-2.960579395294189453e-01 -3.341047763824462891e-01 1.775004863739013672e-01 9.641528129577636719e-02 -3.860961198806762695e-01 2.983891963958740234e-02
-3.415743112564086914e-01 -4.919197559356689453e-01 6.673431396484375000e-02 2.239056825637817383e-01 -5.757526755332946777e-01 -2.543130517005920410e-01
-4.640817642211914062e-01 -3.715348839759826660e-01 3.037850856781005859e-01 2.303892374038696289e-01 -5.223780870437622070e-01 -3.059729337692260742e-01
-6.898608207702636719e-01 -4.549177885055541992e-01 2.069600820541381836e-01 3.620419502258300781e-01 -5.201619863510131836e-01 -3.065709471702575684e-01
-6.417354941368103027e-01 -3.607228994369506836e-01 3.212932348251342773e-01 3.571501970291137695e-01 -5.143336057662963867e-01 -1.945528984069824219e-01
-4.167926311492919922e-01 -4.289067983627319336e-01 1.913698911666870117e-01 4.768630266189575195e-01 -6.194286346435546875e-01 -2.208377122879028320e-01
-2.583408951759338379e-01 -4.423801898956298828e-01 2.844721078872680664e-01 5.645346641540527344e-02 -5.897644758224487305e-01 -2.394352555274963379e-01
-1.473278403282165527e-01 -6.244500279426574707e-01 3.368837833404541016e-01 -2.223459482192993164e-01 -3.579186201095581055e-01 -3.012652993202209473e-01
-2.921904921531677246e-01 -4.669847488403320312e-01 -1.891833543777465820e-02 -1.233199834823608398e-01 -6.229850053787231445e-01 -4.037322402000427246e-01
-2.215140461921691895e-01 -5.841318368911743164e-01 -2.079854607582092285e-01 4.450201988220214844e-02 -6.423932313919067383e-01 -6.469134092330932617e-01
-1.821526885032653809e-01 -4.832575917243957520e-01 1.560126543045043945e-01 -1.206190586090087891e-01 -4.912673830986022949e-01 -3.458698987960815430e-01
-4.722549915313720703e-01 -2.844157814979553223e-01 3.256019353866577148e-01 -1.718679070472717285e-01 -4.635933041572570801e-01 -2.487694025039672852e-01
-4.662790298461914062e-01 -1.722363233566284180e-01 1.479489803314208984e-01 -1.002140045166015625e-01 -2.799298167228698730e-01 -2.840366959571838379e-01
-1.651668548583984375e-01 -2.251694798469543457e-01 2.806953191757202148e-01 -1.472767591476440430e-01 -2.664760947227478027e-01 -2.431181669235229492e-01
-5.433765649795532227e-01 -1.913182139396667480e-01 1.720770597457885742e-01 8.136129379272460938e-02 -2.649236917495727539e-01 -2.941578030586242676e-01
-3.108861446380615234e-01 -1.903594136238098145e-01 4.238467216491699219e-01 -2.824062705039978027e-01 -1.529342532157897949e-01 -1.375749111175537109e-01
-2.439898848533630371e-01 -9.082913398742675781e-02 3.947103023529052734e-01 -7.625472545623779297e-02 -5.177997946739196777e-01 3.045570850372314453e-02
-2.066643238067626953e-01 -1.444551944732666016e-01 4.656109809875488281e-01 -3.304233551025390625e-01 -3.188463449478149414e-01 -4.919457435607910156e-02
-2.075849771499633789e-01 -7.637238502502441406e-02 6.441432237625122070e-01 -1.646097898483276367e-01 -3.521430492401123047e-01 1.168193817138671875e-01
-5.172178745269775391e-01 -2.948946356773376465e-01 3.059241771697998047e-01 -1.488435268402099609e-02 -1.852044463157653809e-01 -1.378257274627685547e-01
-9.500988721847534180e-01 -1.078193187713623047e-01 2.260968685150146484e-01 5.051779747009277344e-02 -2.940429449081420898e-01 -1.101336479187011719e-01
-7.704160213470458984e-01 8.714199066162109375e-04 2.341369390487670898e-01 -2.273704409599304199e-01 -3.823143839836120605e-01 -7.208603620529174805e-02
-6.532046794891357422e-01 -1.650209426879882812e-01 2.069058418273925781e-01 -1.987920403480529785e-01 -3.134765625000000000e-01 -3.000989556312561035e-01
-3.293849229812622070e-01 -1.771998405456542969e-01 5.447218418121337891e-01 9.583616256713867188e-02 -3.066672086715698242e-01 8.920013904571533203e-02
-4.289591908454895020e-01 -2.867451310157775879e-01 5.716435909271240234e-01 2.365162372589111328e-01 -3.756092190742492676e-01 1.759450435638427734e-01
-3.639034628868103027e-01 -4.110775589942932129e-01 5.734478235244750977e-01 2.294504642486572266e-02 -4.416454434394836426e-01 -5.747616291046142578e-03
6.373095512390136719e-02 -2.813809514045715332e-01 2.524137496948242188e-01 -5.481280088424682617e-01 -2.597588300704956055e-01 1.293678283691406250e-01
4.876887798309326172e-02 -2.394960522651672363e-01 1.209330558776855469e-01 -5.585792064666748047e-01 -1.668252348899841309e-01 2.915831804275512695e-01
-8.051490783691406250e-02 -3.164486289024353027e-01 9.638464450836181641e-02 -4.755398035049438477e-01 -9.941852092742919922e-02 2.526912689208984375e-01
-1.331692934036254883e-02 -2.214009165763854980e-01 -5.335271358489990234e-03 -4.308073520660400391e-01 -1.000551581382751465e-01 2.963191270828247070e-01
6.563544273376464844e-03 -2.315551638603210449e-01 9.300541877746582031e-02 -4.292304515838623047e-01 -5.865502357482910156e-02 3.230984210968017578e-01
-4.971301555633544922e-02 -2.836498618125915527e-01 1.487168073654174805e-01 -4.235373735427856445e-01 5.437541007995605469e-02 2.858345508575439453e-01
-1.464225053787231445e-01 -2.733668684959411621e-01 1.839081048965454102e-01 -4.419482350349426270e-01 9.168243408203125000e-02 3.124459981918334961e-01
-2.558856010437011719e-01 -3.586452007293701172e-01 1.954196691513061523e-01 -2.247461676597595215e-01 9.804785251617431641e-02 2.738392353057861328e-01
-2.067295908927917480e-01 -3.608027100563049316e-01 2.944855690002441406e-01 -4.430046081542968750e-01 1.014047861099243164e-01 3.131151199340820312e-01
-1.487474441528320312e-01 -1.746241450309753418e-01 2.591232061386108398e-01 -3.557468652725219727e-01 7.757115364074707031e-02 4.444237947463989258e-01
-2.322649359703063965e-01 -1.104919314384460449e-01 3.402435779571533203e-01 -5.398138761520385742e-01 1.602673530578613281e-02 4.219616651535034180e-01
-2.752936482429504395e-01 -2.991936206817626953e-01 2.805358171463012695e-01 -2.368714213371276855e-01 1.624228954315185547e-01 3.111370801925659180e-01
-3.525075316429138184e-01 -3.187761902809143066e-01 1.893954277038574219e-01 -2.654913663864135742e-01 6.384885311126708984e-02 1.062461137771606445e-01
-7.183480262756347656e-02 -4.581009149551391602e-01 3.039674758911132812e-01 -3.687444329261779785e-01 1.029208898544311523e-01 -9.294003248214721680e-02
-4.120984077453613281e-01 -3.228865861892700195e-01 4.293428659439086914e-01 -4.142016768455505371e-01 2.020847797393798828e-02 7.229685783386230469e-02
-2.664594650268554688e-01 -1.402500271797180176e-01 6.236207485198974609e-01 -4.657573699951171875e-01 -1.663463115692138672e-01 3.119199275970458984e-01
-4.346476793289184570e-01 -1.360978484153747559e-01 5.542099475860595703e-01 -4.027861356735229492e-01 -1.894078850746154785e-01 1.994811296463012695e-01
-4.029068350791931152e-01 -1.097021102905273438e-01 5.569151639938354492e-01 -3.009975552558898926e-01 -1.743764281272888184e-01 3.708329200744628906e-01
