4.597148895263671875e-01 5.604079961776733398e-01 -2.871483564376831055e-01 1.127803325653076172e-02 -6.687802076339721680e-02 1.134692430496215820e-01
4.041792154312133789e-01 6.854324340820312500e-01 -7.757019996643066406e-02 6.342411041259765625e-03 -1.446282267570495605e-01 2.436541318893432617e-01
5.441969633102416992e-01 6.998305320739746094e-01 -3.442797064781188965e-01 7.594931125640869141e-02 -1.310871839523315430e-01 2.591246366500854492e-01
7.196453809738159180e-01 6.612514257431030273e-01 -3.988735675811767578e-01 3.085780143737792969e-02 -6.403732299804687500e-02 2.146962881088256836e-01
6.909849643707275391e-01 7.119847536087036133e-01 -3.472426533699035645e-01 5.368590354919433594e-02 -2.164059281349182129e-01 3.520995378494262695e-01
7.398605346679687500e-01 7.048221826553344727e-01 -4.950229525566101074e-01 8.510375022888183594e-02 -2.507025599479675293e-01 3.213344812393188477e-01
7.243061065673828125e-01 7.088274955749511719e-01 -4.899541735649108887e-01 3.431606292724609375e-02 -1.578409075736999512e-01 2.525619268417358398e-01
8.233777284622192383e-01 6.681330204010009766e-01 -6.013736724853515625e-01 2.223229408264160156e-02 -7.344698905944824219e-02 1.112226247787475586e-01
8.078179359436035156e-01 6.827744245529174805e-01 -6.115241050720214844e-01 4.498887062072753906e-02 -9.851568937301635742e-02 1.361111402511596680e-01
8.704344034194946289e-01 6.941497325897216797e-01 -6.380161046981811523e-01 9.748530387878417969e-02 -7.163059711456298828e-02 1.307536363601684570e-01
7.091814279556274414e-01 6.036278009414672852e-01 -5.351028442382812500e-01 8.155441284179687500e-02 -1.838517189025878906e-02 9.213125705718994141e-02
8.021309375762939453e-01 5.357633829116821289e-01 -6.501098275184631348e-01 7.731330394744873047e-02 6.429791450500488281e-02 -2.519273757934570312e-02
7.557357549667358398e-01 5.954753160476684570e-01 -6.245552897453308105e-01 1.683565378189086914e-01 -5.101740360260009766e-02 9.349048137664794922e-02
7.617013454437255859e-01 5.588420629501342773e-01 -5.153678059577941895e-01 1.022820472717285156e-01 -3.228336572647094727e-02 1.691837310791015625e-01
8.208515644073486328e-01 4.898282289505004883e-01 -5.121884346008300781e-01 -1.582580804824829102e-02 1.494826078414916992e-01 1.056092977523803711e-01
6.928583383560180664e-01 5.205105543136596680e-01 -5.497617721557617188e-01 1.240273714065551758e-01 5.194067955017089844e-03 1.699781417846679688e-01
6.752895116806030273e-01 4.509992599487304688e-01 -6.807972192764282227e-01 2.552334070205688477e-01 4.178464412689208984e-02 9.841215610504150391e-02
4.439628124237060547e-01 5.815682411193847656e-01 -5.663896799087524414e-01 2.082860469818115234e-01 -1.628007292747497559e-01 3.183825016021728516e-01
4.094065427780151367e-01 5.113327503204345703e-01 -6.578730344772338867e-01 4.325268268585205078e-01 -2.086614966392517090e-01 3.693002462387084961e-01
3.523617982864379883e-01 4.623168706893920898e-01 -6.165612936019897461e-01 4.252506494522094727e-01 -1.669049263000488281e-01 3.385577201843261719e-01
4.511923789978027344e-01 3.088270425796508789e-01 -7.052800655364990234e-01 3.826904296875000000e-01 -8.606630563735961914e-02 2.548391819000244141e-01
3.010239601135253906e-01 2.765606641769409180e-01 -6.372455954551696777e-01 3.819202184677124023e-01 -1.821887493133544922e-02 1.397097110748291016e-01
3.107379674911499023e-01 3.776199817657470703e-01 -7.046569585800170898e-01 3.865437507629394531e-01 -1.777321100234985352e-01 2.898659706115722656e-01
3.901921510696411133e-01 4.512524604797363281e-01 -6.548427939414978027e-01 2.964659929275512695e-01 -1.911708712577819824e-01 3.835561275482177734e-01
3.701410293579101562e-01 3.643953800201416016e-01 -6.454523205757141113e-01 3.447116613388061523e-01 -1.372301578521728516e-01 3.874464035034179688e-01
2.427107095718383789e-01 3.745770454406738281e-01 -5.023326873779296875e-01 3.778442144393920898e-01 -1.724685430526733398e-01 4.530386924743652344e-01
4.050976037979125977e-01 2.100062370300292969e-01 -4.312652349472045898e-01 2.479094266891479492e-01 3.307127952575683594e-02 3.940070867538452148e-01
3.136283159255981445e-01 2.924094200134277344e-01 -5.726507902145385742e-01 4.162746667861938477e-01 -1.630160808563232422e-01 4.454060792922973633e-01
2.029571533203125000e-01 3.536145687103271484e-01 -5.981903076171875000e-01 3.530231714248657227e-01 -2.588242292404174805e-01 4.444943666458129883e-01
1.649191379547119141e-01 3.329632282257080078e-01 -6.239242553710937500e-01 5.846360921859741211e-01 -3.603173494338989258e-01 4.262839555740356445e-01
6.892907619476318359e-02 3.236856460571289062e-01 -5.160330533981323242e-01 4.445519447326660156e-01 -3.728544712066650391e-01 5.203526020050048828e-01
2.962248325347900391e-01 2.590538263320922852e-01 -5.388787984848022461e-01 4.512702226638793945e-01 -2.837778329849243164e-01 4.188256263732910156e-01
1.716091632843017578e-01 2.798217535018920898e-01 -4.695015549659729004e-01 3.727488517761230469e-01 -2.285076975822448730e-01 3.685017824172973633e-01
2.192115783691406250e-02 3.181047439575195312e-01 -4.078673124313354492e-01 2.756572961807250977e-01 -2.947637438774108887e-01 4.404363632202148438e-01
1.311689615249633789e-01 2.517176866531372070e-01 -2.664725780487060547e-01 4.412829875946044922e-01 -2.013810276985168457e-01 4.281891584396362305e-01
8.221495151519775391e-02 2.864483594894409180e-01 -2.848799228668212891e-01 3.464906215667724609e-01 -1.734389662742614746e-01 3.811343908309936523e-01
-1.678164005279541016e-01 2.592138051986694336e-01 -2.930639982223510742e-01 4.023197889328002930e-01 -2.562962770462036133e-01 3.600203990936279297e-01
-2.592028379440307617e-01 2.637058496475219727e-01 -1.951467990875244141e-01 1.888649463653564453e-01 -3.369174003601074219e-01 4.476653337478637695e-01
-4.036992192268371582e-01 2.068268060684204102e-01 -3.832497000694274902e-01 2.034033536911010742e-01 -2.226117849349975586e-01 2.482159137725830078e-01
-4.288513660430908203e-01 1.706057786941528320e-01 -1.629120707511901855e-01 1.200361251831054688e-01 -2.347348928451538086e-01 1.449570655822753906e-01
-5.115241408348083496e-01 1.443189382553100586e-01 -2.634988427162170410e-01 2.400648593902587891e-02 -5.414330959320068359e-02 -1.478409767150878906e-02
-2.394265532493591309e-01 1.537764072418212891e-02 -2.638096213340759277e-01 -4.409860968589782715e-01 -8.544981479644775391e-02 -2.485641241073608398e-01
-1.624772548675537109e-01 -3.634576201438903809e-01 -7.619440555572509766e-02 -5.251493453979492188e-01 5.707280635833740234e-01 -6.074198484420776367e-01
-2.611916065216064453e-01 -2.950092554092407227e-01 5.919635295867919922e-02 -1.797346472740173340e-01 3.079292774200439453e-01 -3.247956633567810059e-01
7.574272155761718750e-02 -4.147657155990600586e-01 -4.174530506134033203e-02 -2.072695493698120117e-01 2.921161651611328125e-01 -3.208394050598144531e-01
-2.608186006546020508e-02 -5.242410898208618164e-01 1.637712717056274414e-01 -4.422035813331604004e-01 1.857860088348388672e-01 -3.390187025070190430e-02
7.175421714782714844e-02 -6.532058715820312500e-01 7.452368736267089844e-02 -5.092644691467285156e-01 1.064077615737915039e-01 -3.467764854431152344e-01
6.041681766510009766e-02 -7.639659047126770020e-01 -1.523707509040832520e-01 -4.321160316467285156e-01 -2.552229166030883789e-01 -4.731812477111816406e-01
2.192322015762329102e-01 -7.061330676078796387e-01 -2.612332105636596680e-01 -4.031752347946166992e-01 -1.276030540466308594e-01 -3.224235177040100098e-01
1.636935472488403320e-01 -6.471140384674072266e-01 -3.371632099151611328e-01 -3.338084220886230469e-01 -3.320773243904113770e-01 -2.229846119880676270e-01
3.592034578323364258e-01 -5.787025690078735352e-01 -2.980639338493347168e-01 -3.067951798439025879e-01 -3.613880276679992676e-01 -1.818071603775024414e-01
3.632376194000244141e-01 -5.191189050674438477e-01 -2.498553991317749023e-01 -2.934894561767578125e-01 -3.680917024612426758e-01 -3.428328037261962891e-02
3.236393928527832031e-01 -6.090859174728393555e-01 -2.317817211151123047e-01 -2.641664147377014160e-01 -3.080854415893554688e-01 -1.011784672737121582e-01
3.368407487869262695e-01 -6.111330986022949219e-01 -3.208848237991333008e-01 -2.491173148155212402e-01 -3.159559965133666992e-01 -1.755913496017456055e-01
2.209237813949584961e-01 -5.348038673400878906e-01 -2.292473912239074707e-01 -2.164216637611389160e-01 -4.047487974166870117e-01 -4.226398468017578125e-02
3.150169849395751953e-01 -5.926061272621154785e-01 -2.197067141532897949e-01 -3.306752443313598633e-01 -3.850022554397583008e-01 -8.955055475234985352e-02
2.628719806671142578e-01 -7.128732204437255859e-01 -7.408916950225830078e-02 -1.323102116584777832e-01 -4.056479334831237793e-01 -1.488243937492370605e-01
7.517111301422119141e-02 -6.056604385375976562e-01 -1.659328937530517578e-01 -1.582074165344238281e-02 -5.069297552108764648e-01 -2.138044238090515137e-01
-3.750027418136596680e-01 -4.996182918548583984e-01 6.665158271789550781e-02 1.186065673828125000e-01 -6.963275074958801270e-01 -8.667528629302978516e-03
-1.671752929687500000e-01 -5.109374523162841797e-01 8.793306350708007812e-02 -2.297919988632202148e-01 -4.320541024208068848e-01 -1.365728378295898438e-01
-1.811544299125671387e-01 -4.507307410240173340e-01 3.308433294296264648e-01 -3.801628947257995605e-01 -2.429120540618896484e-01 -1.039916872978210449e-01
-1.321365237236022949e-01 -3.289266824722290039e-01 3.037390708923339844e-01 -2.614431977272033691e-01 -3.989073038101196289e-01 2.218580245971679688e-02
-1.287577748298645020e-01 -3.423029184341430664e-01 1.862465143203735352e-01 -2.177065610885620117e-01 -2.267677187919616699e-01 4.405581951141357422e-02
-1.563202738761901855e-01 -3.135132789611816406e-01 2.832859754562377930e-01 -3.017446994781494141e-01 -3.439161181449890137e-01 2.570986747741699219e-03
-1.751436591148376465e-01 -2.176148891448974609e-01 6.016211509704589844e-01 -2.709787487983703613e-01 -3.949289321899414062e-01 2.424625158309936523e-01
-2.673479914665222168e-01 -2.250449657440185547e-01 4.504181146621704102e-01 -3.520730137825012207e-01 -3.685755133628845215e-01 4.687547683715820312e-03
-3.599870204925537109e-01 -1.489228606224060059e-01 4.360496997833251953e-01 -1.688544154167175293e-01 -3.579394817352294922e-01 1.077600717544555664e-01
-1.813123822212219238e-01 -4.157787561416625977e-01 2.372835874557495117e-01 6.269013881683349609e-02 -4.778912067413330078e-01 -1.588745713233947754e-01
-3.180674314498901367e-01 -6.284992694854736328e-01 5.491864681243896484e-02 4.266496896743774414e-01 -4.087519049644470215e-01 -5.208189487457275391e-01
-5.072373747825622559e-01 -4.502093791961669922e-01 2.244311571121215820e-01 3.707693815231323242e-01 -4.732104539871215820e-01 -1.271303296089172363e-01
-3.015055060386657715e-01 -5.133453607559204102e-01 2.667449712753295898e-01 2.064449787139892578e-01 -3.083526492118835449e-01 -2.374410629272460938e-01
-4.880878925323486328e-01 -4.633029699325561523e-01 2.913583517074584961e-01 3.855981826782226562e-01 -5.618796944618225098e-01 -3.058916330337524414e-01
-5.993695259094238281e-01 -3.509131073951721191e-01 3.926687240600585938e-01 5.678398609161376953e-01 -6.983851194381713867e-01 -2.150559425354003906e-02
-4.523564577102661133e-01 -5.018299818038940430e-01 3.958562612533569336e-01 5.658544301986694336e-01 -4.847280979156494141e-01 -7.301771640777587891e-02
-3.265581727027893066e-01 -5.207680463790893555e-01 1.530206203460693359e-01 5.984114408493041992e-01 -5.475973486900329590e-01 -2.194019556045532227e-01
-5.729717016220092773e-01 -4.706562757492065430e-01 3.182984590530395508e-01 7.121769189834594727e-01 -5.119162201881408691e-01 -8.747959136962890625e-02
-4.850473403930664062e-01 -6.057159900665283203e-01 2.601238489151000977e-01 5.157735347747802734e-01 -2.916674613952636719e-01 -2.188484072685241699e-01
-4.887050986289978027e-01 -5.175179243087768555e-01 3.374719619750976562e-02 6.371784210205078125e-01 -6.718444824218750000e-01 -1.179360151290893555e-01
-7.062014341354370117e-01 -5.676260590553283691e-01 3.149759769439697266e-02 5.774776935577392578e-01 -4.378350973129272461e-01 -3.341010808944702148e-01
-4.985350966453552246e-01 -7.031847238540649414e-01 -8.047419786453247070e-02 5.407086610794067383e-01 -5.577281713485717773e-01 -4.952301383018493652e-01
-4.175232648849487305e-01 -5.461945533752441406e-01 1.650607585906982422e-01 4.314888715744018555e-01 -6.388677954673767090e-01 -1.086120009422302246e-01
-6.156554222106933594e-01 -4.463512301445007324e-01 1.710578203201293945e-01 3.359180688858032227e-01 -6.086308360099792480e-01 -7.897639274597167969e-02
-6.397415995597839355e-01 -3.942587375640869141e-01 2.167582511901855469e-01 5.842351913452148438e-01 -5.876795649528503418e-01 -1.217531561851501465e-01
-8.559108972549438477e-01 -2.797760367393493652e-01 2.585046291351318359e-01 4.971981048583984375e-01 -5.056000947952270508e-01 -1.585772633552551270e-01
-5.963889360427856445e-01 -3.234720230102539062e-01 3.880462646484375000e-01 2.770898342132568359e-01 -4.328281879425048828e-01 -1.218504309654235840e-01
-4.498187303543090820e-01 -4.303196668624877930e-01 1.729497909545898438e-01 1.472198963165283203e-02 -4.412748813629150391e-01 -4.634268879890441895e-01
-3.451336622238159180e-01 -4.212537407875061035e-01 3.072930574417114258e-01 3.634154796600341797e-02 -2.705494761466979980e-01 -2.707287669181823730e-01
-3.724020123481750488e-01 -1.941775083541870117e-01 4.393390417098999023e-01 4.707574844360351562e-02 -4.627497196197509766e-01 2.281761169433593750e-02
-3.391708135604858398e-01 -3.448925614356994629e-01 4.223194122314453125e-01 4.327225685119628906e-02 -2.256950139999389648e-01 8.100628852844238281e-03
-3.272826075553894043e-01 -2.384024262428283691e-01 4.752985239028930664e-01 2.503716945648193359e-02 -3.217834234237670898e-01 -1.718193292617797852e-02
-2.812032699584960938e-01 -2.343402504920959473e-01 4.283879995346069336e-01 -1.614676117897033691e-01 -2.699261903762817383e-01 5.746221542358398438e-02
-2.580723166465759277e-01 -2.514797449111938477e-01 3.576834201812744141e-01 -1.044200062751770020e-01 -3.104578852653503418e-01 -8.236086368560791016e-02
-4.074490666389465332e-01 -3.324751257896423340e-01 1.883003711700439453e-01 7.102823257446289062e-02 -2.209645509719848633e-01 -2.165384292602539062e-01
-5.476706624031066895e-01 -3.162736892700195312e-01 7.021260261535644531e-02 3.521530628204345703e-01 -4.065901041030883789e-01 -2.402110099792480469e-01
-5.595051646232604980e-01 -2.293731570243835449e-01 3.944046497344970703e-01 3.778907060623168945e-01 -6.422519683837890625e-01 -7.537364959716796875e-03
-5.257759094238281250e-01 -3.370355367660522461e-01 2.731119394302368164e-01 4.516863822937011719e-01 -6.874821186065673828e-01 -4.109078645706176758e-02
-6.777468919754028320e-01 -4.147354960441589355e-01 1.419043540954589844e-01 4.096628427505493164e-01 -3.677821159362792969e-01 -2.344945669174194336e-01
-5.765833258628845215e-01 -4.917141795158386230e-01 -8.284151554107666016e-03 3.118586540222167969e-01 -3.650843501091003418e-01 -3.409937024116516113e-01
-5.895621180534362793e-01 -3.359548449516296387e-01 2.408158779144287109e-01 3.984905481338500977e-01 -4.224032163619995117e-01 -7.076042890548706055e-02
-4.314751625061035156e-01 -4.004294276237487793e-01 -3.344535827636718750e-03 4.738644361495971680e-01 -5.172592401504516602e-01 -2.059168815612792969e-01
-3.847425580024719238e-01 -3.200440406799316406e-01 1.201612949371337891e-01 4.033868312835693359e-01 -7.389775514602661133e-01 -5.309611558914184570e-02
-5.772595405578613281e-01 -3.018805980682373047e-01 -7.638454437255859375e-03 4.186269044876098633e-01 -6.239243745803833008e-01 -3.394770622253417969e-02
-6.211618781089782715e-01 -3.691366314888000488e-01 1.605274677276611328e-01 3.950299024581909180e-01 -5.258140563964843750e-01 -1.763038635253906250e-01
-7.363008856773376465e-01 -5.375696420669555664e-01 -3.288120031356811523e-02 6.003254652023315430e-01 -3.297051191329956055e-01 -3.937127590179443359e-01
-7.526193857192993164e-01 -4.709935784339904785e-01 7.819068431854248047e-02 6.676853895187377930e-01 -5.683636665344238281e-01 -2.591412663459777832e-01
-6.943277120590209961e-01 -2.709207534790039062e-01 3.965535163879394531e-01 3.686864376068115234e-01 -5.732806921005249023e-01 6.914865970611572266e-02
-6.063701510429382324e-01 -2.694013714790344238e-01 3.405411243438720703e-01 7.806587219238281250e-02 -4.265965223312377930e-01 -1.318106055259704590e-01
-5.574148893356323242e-01 -2.365086674690246582e-01 4.774148464202880859e-01 1.174755096435546875e-01 -3.675513267517089844e-01 1.049555540084838867e-01
-6.826105117797851562e-01 -1.922908425331115723e-01 4.093110561370849609e-01 2.081663608551025391e-01 -3.950269818305969238e-01 -8.233124017715454102e-02
-4.927732348442077637e-01 -1.288054585456848145e-01 2.514336109161376953e-01 7.166767120361328125e-02 -4.827762842178344727e-01 6.017744541168212891e-02
-6.417287588119506836e-01 -2.356592416763305664e-01 2.322648763656616211e-01 2.071872949600219727e-01 -4.373362660408020020e-01 -1.970761418342590332e-01
-4.979601502418518066e-01 -2.359241247177124023e-01 3.585156202316284180e-01 -9.834766387939453125e-03 -1.507602930068969727e-01 -5.295270681381225586e-02
-3.490313291549682617e-01 -2.158153653144836426e-01 3.414043188095092773e-01 7.022893428802490234e-02 -2.265810370445251465e-01 -8.880680799484252930e-02
-6.244271993637084961e-01 -1.823057532310485840e-01 4.109611511230468750e-01 4.897880554199218750e-02 -2.130442261695861816e-01 -4.168391227722167969e-03
-5.940396785736083984e-01 -1.988772153854370117e-01 3.807039260864257812e-01 9.283387660980224609e-02 -2.736645340919494629e-01 -5.223488807678222656e-02
-4.844719767570495605e-01 -3.189786076545715332e-01 2.209490537643432617e-01 1.512836217880249023e-01 -5.131880044937133789e-01 -1.122992038726806641e-01
-4.086135029792785645e-01 -5.173692703247070312e-01 2.151573896408081055e-01 4.670730829238891602e-01 -5.345094203948974609e-01 -2.657757997512817383e-01
-4.555290341377258301e-01 -5.529445409774780273e-01 1.999167203903198242e-01 3.087061643600463867e-01 -5.290400981903076172e-02 -3.399523496627807617e-01
-4.326215982437133789e-01 -5.256347656250000000e-01 1.306343078613281250e-02 4.182976484298706055e-01 -2.055813074111938477e-01 -2.813438773155212402e-01
-4.043008089065551758e-01 -5.917397737503051758e-01 7.254719734191894531e-02 5.314775705337524414e-01 -5.250490903854370117e-01 -2.243784070014953613e-01
-2.134249210357666016e-01 -5.117933750152587891e-01 8.771800994873046875e-02 -1.184388399124145508e-01 -2.687314152717590332e-01 -6.820368766784667969e-02
-1.155096292495727539e-02 -2.877256870269775391e-01 -8.308112621307373047e-02 -4.748958349227905273e-01 -1.342332363128662109e-01 2.400697469711303711e-01
-1.204888820648193359e-01 -2.251030802726745605e-01 5.981242656707763672e-02 -4.918060302734375000e-01 -2.312493324279785156e-02 4.209668636322021484e-01
-9.204453229904174805e-02 -2.707550525665283203e-01 -2.299237251281738281e-02 -4.698091745376586914e-01 8.747220039367675781e-02 3.610861301422119141e-01
-2.259294986724853516e-01 -1.822797656059265137e-01 1.645866632461547852e-01 -5.204792618751525879e-01 3.398311138153076172e-02 4.053623676300048828e-01
-2.277042269706726074e-01 -1.877964735031127930e-01 -1.028475165367126465e-01 -3.633015751838684082e-01 1.397395133972167969e-01 3.508266210556030273e-01
-2.033127546310424805e-01 -1.626029014587402344e-01 -1.438717842102050781e-01 -1.886104345321655273e-01 5.845224857330322266e-02 3.929452896118164062e-01
-1.680170297622680664e-01 -2.673327922821044922e-01 1.342742443084716797e-01 -2.668529748916625977e-01 6.764674186706542969e-02 4.179605245590209961e-01
-2.841172814369201660e-01 -1.940932869911193848e-01 3.079823255538940430e-01 -3.075054883956909180e-01 4.229903221130371094e-02 5.000865459442138672e-01
-2.680332660675048828e-01 -1.759745478630065918e-01 1.843143701553344727e-01 -3.314895629882812500e-01 9.618091583251953125e-02 4.477897882461547852e-01
-3.568492531776428223e-01 -1.984637379646301270e-01 2.474879026412963867e-01 -3.208944797515869141e-01 6.662917137145996094e-02 4.642267227172851562e-01
-3.205496072769165039e-01 -2.921680212020874023e-01 2.492583990097045898e-01 -1.880539655685424805e-01 1.703920364379882812e-01 3.577946424484252930e-01
-1.886847615242004395e-01 -2.920147776603698730e-01 3.106158971786499023e-01 -2.019618749618530273e-01 1.606835126876831055e-01 3.074702024459838867e-01
-3.192485570907592773e-01 -2.389594912528991699e-01 3.321942090988159180e-01 -1.771696805953979492e-01 8.626031875610351562e-02 3.378841876983642578e-01
-3.669763207435607910e-01 -2.564356327056884766e-01 2.303576469421386719e-01 -8.951723575592041016e-02 -2.420133352279663086e-02 1.899369955062866211e-01
-3.659142851829528809e-01 -1.178396344184875488e-01 4.996700286865234375e-01 -1.839010715484619141e-01 -1.498411893844604492e-01 6.315294504165649414e-01
-4.447931647300720215e-01 -1.229918003082275391e-01 4.345240592956542969e-01 -2.578215599060058594e-01 -4.644644260406494141e-02 4.375821352005004883e-01
-2.198325991630554199e-01 4.346251487731933594e-03 3.477191925048828125e-01 -6.620341539382934570e-02 -1.703256964683532715e-01 5.179201364517211914e-01
-3.850723505020141602e-01 -1.059120893478393555e-02 2.540537118911743164e-01 3.182291984558105469e-02 -1.474767923355102539e-01 5.190094709396362305e-01
