3.998314142227172852e-01 4.250671863555908203e-01 -3.060289621353149414e-01 1.678764820098876953e-01 -5.166882276535034180e-02 4.732978343963623047e-02
6.380418539047241211e-01 5.255392789840698242e-01 -5.233753323554992676e-01 1.785739660263061523e-01 -5.786782503128051758e-02 1.091428995132446289e-01
7.061139345169067383e-01 5.155930519104003906e-01 -7.751566171646118164e-01 2.704536914825439453e-01 -7.975232601165771484e-02 4.538869857788085938e-02
5.313397645950317383e-01 5.049685239791870117e-01 -6.662974357604980469e-01 2.686748504638671875e-01 -1.266005039215087891e-01 5.825722217559814453e-02
6.392642259597778320e-01 4.832730293273925781e-01 -7.789113521575927734e-01 2.568686008453369141e-01 -1.946175098419189453e-02 -4.664200544357299805e-02
7.073962688446044922e-01 5.226192474365234375e-01 -8.469200730323791504e-01 1.901305913925170898e-01 -1.557862758636474609e-02 -6.021195650100708008e-02
5.620145797729492188e-01 4.194166660308837891e-01 -7.313948869705200195e-01 2.081528902053833008e-01 4.357874393463134766e-02 -2.148916721343994141e-01
5.817322731018066406e-01 4.972673654556274414e-01 -7.160236835479736328e-01 8.630335330963134766e-02 -1.898527145385742188e-02 -1.111400723457336426e-01
6.634387969970703125e-01 5.733008384704589844e-01 -7.703219652175903320e-01 6.018805503845214844e-02 -9.223473072052001953e-02 -1.529085636138916016e-02
6.285467147827148438e-01 5.250731706619262695e-01 -7.349492311477661133e-01 7.559084892272949219e-02 -7.601487636566162109e-02 -3.793096542358398438e-02
5.426927804946899414e-01 6.038576364517211914e-01 -6.731151342391967773e-01 1.184052228927612305e-01 -1.835752129554748535e-01 5.089974403381347656e-02
6.007626056671142578e-01 5.708942413330078125e-01 -6.587722897529602051e-01 5.694103240966796875e-02 -1.780610680580139160e-01 1.071264743804931641e-01
6.325141191482543945e-01 4.983105659484863281e-01 -8.066000342369079590e-01 1.492676734924316406e-01 -1.000478267669677734e-01 -2.731102705001831055e-02
5.561623573303222656e-01 5.714679956436157227e-01 -7.100558280944824219e-01 1.287941932678222656e-01 -1.992306709289550781e-01 8.785963058471679688e-02
6.125588417053222656e-01 6.034229993820190430e-01 -7.403163909912109375e-01 1.206117868423461914e-01 -1.308723688125610352e-01 1.180844306945800781e-01
4.930046796798706055e-01 5.990477800369262695e-01 -7.410670518875122070e-01 1.889820098876953125e-01 -2.434893846511840820e-01 1.705740690231323242e-01
5.339301824569702148e-01 5.547211170196533203e-01 -8.323764204978942871e-01 2.857314348220825195e-01 -2.142536640167236328e-01 1.293131113052368164e-01
4.826805591583251953e-01 5.077164173126220703e-01 -8.286889791488647461e-01 3.734760284423828125e-01 -1.482962369918823242e-01 9.831488132476806641e-02
4.070917367935180664e-01 5.247364044189453125e-01 -8.494535088539123535e-01 3.460353612899780273e-01 -1.841550469398498535e-01 1.581637859344482422e-01
3.912653923034667969e-01 5.050240755081176758e-01 -8.612004518508911133e-01 3.788166046142578125e-01 -1.801512837409973145e-01 2.046432495117187500e-01
3.447878360748291016e-01 4.555561542510986328e-01 -7.604233622550964355e-01 3.678148984909057617e-01 -1.910393834114074707e-01 2.483131885528564453e-01
3.747824430465698242e-01 5.545505285263061523e-01 -7.809056043624877930e-01 3.186652660369873047e-01 -2.707963585853576660e-01 3.412182331085205078e-01
2.546501159667968750e-01 4.314355850219726562e-01 -7.807382941246032715e-01 5.348871946334838867e-01 -3.311268687248229980e-01 2.649748325347900391e-01
1.643139123916625977e-01 3.720921277999877930e-01 -6.487902998924255371e-01 3.710733652114868164e-01 -2.379780411720275879e-01 2.517375946044921875e-01
2.679406404495239258e-01 3.469084501266479492e-01 -6.177974939346313477e-01 3.897196054458618164e-01 -1.496784090995788574e-01 2.717177867889404297e-01
2.364724874496459961e-01 3.483955860137939453e-01 -6.949630975723266602e-01 4.408562183380126953e-01 -2.377713322639465332e-01 3.406642675399780273e-01
4.253638982772827148e-01 2.793163061141967773e-01 -6.607840061187744141e-01 4.578232765197753906e-01 -8.372992277145385742e-02 2.765345573425292969e-01
2.104886770248413086e-01 2.576414346694946289e-01 -5.638748407363891602e-01 4.427797794342041016e-01 -2.529728412628173828e-01 3.900444507598876953e-01
2.167099714279174805e-01 2.225179672241210938e-01 -6.853762865066528320e-01 4.282249212265014648e-01 -1.951765418052673340e-01 2.351170778274536133e-01
6.403744220733642578e-02 2.627792358398437500e-01 -6.944081187248229980e-01 5.383361577987670898e-01 -2.853879928588867188e-01 2.104651927947998047e-01
5.335164070129394531e-02 2.368056774139404297e-01 -5.626882910728454590e-01 4.946495294570922852e-01 -3.098834156990051270e-01 2.882168292999267578e-01
7.859623432159423828e-02 2.044817209243774414e-01 -6.012810468673706055e-01 4.292283058166503906e-01 -2.815532088279724121e-01 2.669488191604614258e-01
1.954531669616699219e-02 2.092587947845458984e-01 -4.962038993835449219e-01 4.403117895126342773e-01 -2.352800369262695312e-01 2.564271688461303711e-01
1.997888088226318359e-02 2.412009239196777344e-01 -4.623080492019653320e-01 4.311660528182983398e-01 -2.917097210884094238e-01 3.509904146194458008e-01
-1.234120130538940430e-02 2.268922328948974609e-01 -4.174603223800659180e-01 4.455082416534423828e-01 -2.781689763069152832e-01 3.193420171737670898e-01
-4.806423187255859375e-02 1.940370798110961914e-01 -3.995065689086914062e-01 4.210265874862670898e-01 -2.083061337471008301e-01 3.300913572311401367e-01
-1.579508185386657715e-01 1.560599803924560547e-01 -2.555133104324340820e-01 3.488239049911499023e-01 -3.352473378181457520e-01 3.323111534118652344e-01
-2.706450819969177246e-01 1.445734500885009766e-01 -4.049813151359558105e-01 4.453902244567871094e-01 -2.509985566139221191e-01 2.411258220672607422e-01
-2.965217232704162598e-01 1.158978939056396484e-01 -3.035104274749755859e-01 1.672636270523071289e-01 -3.960471749305725098e-01 1.512681245803833008e-01
-4.714675545692443848e-01 1.706259250640869141e-01 -4.696208834648132324e-01 2.989196777343750000e-02 -1.794331073760986328e-01 9.888982772827148438e-02
-6.283427476882934570e-01 2.402333021163940430e-01 -1.671923398971557617e-01 6.665802001953125000e-02 -3.897041082382202148e-01 2.440832853317260742e-01
-5.186674594879150391e-01 2.310533523559570312e-01 1.072578430175781250e-01 -8.174532651901245117e-02 -3.409767746925354004e-01 3.346686363220214844e-01
-4.823525547981262207e-01 9.966409206390380859e-02 2.103484869003295898e-01 -7.245546579360961914e-02 -2.945848107337951660e-01 1.940658092498779297e-01
-2.713534832000732422e-01 5.280971527099609375e-02 1.817331314086914062e-01 -6.879687309265136719e-02 -9.133672714233398438e-02 2.698615789413452148e-01
-2.008691430091857910e-01 -1.004164218902587891e-01 3.651968240737915039e-01 2.546668052673339844e-02 -8.524858951568603516e-02 2.364250421524047852e-01
-5.529791116714477539e-01 -3.949093818664550781e-02 1.274969577789306641e-01 -6.700366735458374023e-02 -1.807468533515930176e-01 2.021257877349853516e-01
-8.775645494461059570e-02 -3.263707160949707031e-01 3.626585006713867188e-02 -3.933821320533752441e-01 -2.919641733169555664e-01 4.740953445434570312e-04
-4.254567623138427734e-02 -6.499913334846496582e-01 -8.425354957580566406e-02 -5.711539983749389648e-01 -2.117281556129455566e-01 -1.913128495216369629e-01
5.901801586151123047e-02 -5.608702301979064941e-01 -8.351540565490722656e-02 -4.779447913169860840e-01 -2.383295297622680664e-01 -3.856784105300903320e-02
3.656914234161376953e-01 -4.230679273605346680e-01 -3.781211376190185547e-01 -3.371534943580627441e-01 -4.312272071838378906e-01 4.696583747863769531e-02
2.848286628723144531e-01 -4.320375323295593262e-01 -4.050062894821166992e-01 -3.600998520851135254e-01 -4.976390600204467773e-01 2.205348014831542969e-02
4.804273843765258789e-01 -4.880388379096984863e-01 -5.258626937866210938e-01 -2.288727164268493652e-01 -3.695117831230163574e-01 -6.688207387924194336e-02
3.630011081695556641e-01 -5.919402837753295898e-01 -4.639952778816223145e-01 -1.969490051269531250e-01 -4.075828194618225098e-01 -1.801329851150512695e-01
2.387788295745849609e-01 -5.671374797821044922e-01 -4.712401628494262695e-01 -2.625977993011474609e-02 -4.391714930534362793e-01 -2.200055122375488281e-01
3.512772321701049805e-01 -4.583998322486877441e-01 -3.398407101631164551e-01 -1.444112062454223633e-01 -4.808481931686401367e-01 -1.047371625900268555e-01
3.476040363311767578e-01 -6.269485354423522949e-01 -3.232234120368957520e-01 -1.109648942947387695e-01 -3.481326103210449219e-01 -2.906163334846496582e-01
3.206653594970703125e-01 -6.522848606109619141e-01 -3.106461763381958008e-01 -7.930499315261840820e-02 -4.732418656349182129e-01 -2.735914587974548340e-01
9.916675090789794922e-02 -5.774189829826354980e-01 -3.135691285133361816e-01 2.129423618316650391e-02 -6.277425289154052734e-01 -2.151513695716857910e-01
-1.055881977081298828e-01 -6.857180595397949219e-01 -1.833176016807556152e-01 8.884036540985107422e-02 -6.479890942573547363e-01 -3.574678301811218262e-01
-5.200070142745971680e-02 -8.863919377326965332e-01 1.245561838150024414e-01 6.406569480895996094e-02 -3.299769759178161621e-01 -3.959582448005676270e-01
-2.502749562263488770e-01 -5.703936815261840820e-01 2.408308982849121094e-01 -3.761456608772277832e-01 -6.193292737007141113e-01 -1.921457052230834961e-01
-8.349716663360595703e-02 -4.569991827011108398e-01 1.190502643585205078e-01 -3.450744152069091797e-01 -4.475403428077697754e-01 -1.993102431297302246e-01
-1.883744001388549805e-01 -5.571010708808898926e-01 9.071707725524902344e-02 -2.767080068588256836e-01 -2.727503180503845215e-01 -3.204275369644165039e-01
-3.109713792800903320e-01 -3.036421537399291992e-01 1.677385568618774414e-01 -3.767174482345581055e-02 -4.709778428077697754e-01 -1.584099531173706055e-01
-3.648743033409118652e-01 -3.788649439811706543e-01 5.325317382812500000e-02 6.442737579345703125e-02 -2.595559358596801758e-01 -2.866204380989074707e-01
-1.669342517852783203e-01 -4.192800521850585938e-01 1.899336576461791992e-01 -2.081595063209533691e-01 -2.509785890579223633e-01 -1.207293868064880371e-01
-1.321778893470764160e-01 -3.559467196464538574e-01 3.409674167633056641e-01 -3.620184063911437988e-01 -3.760799169540405273e-01 -6.406688690185546875e-02
-1.565959453582763672e-01 -2.597088217735290527e-01 4.056016206741333008e-01 -3.037433028221130371e-01 -5.256248712539672852e-01 -1.163530349731445312e-02
-7.227098941802978516e-02 -5.186307430267333984e-01 1.819708347320556641e-01 -3.411134481430053711e-01 -2.404218316078186035e-01 -2.396246790885925293e-01
-3.715214729309082031e-01 -4.807507991790771484e-01 3.911362886428833008e-01 1.331186294555664062e-01 -1.396331787109375000e-01 -7.888925075531005859e-02
-4.011061787605285645e-01 -3.949273824691772461e-01 2.815605401992797852e-01 2.147189378738403320e-01 -3.516601324081420898e-01 1.891732215881347656e-03
-4.398587942123413086e-01 -5.830428600311279297e-01 -1.842864751815795898e-01 4.029941558837890625e-01 -4.205638170242309570e-01 -4.835912585258483887e-01
-6.109389066696166992e-01 -5.209779739379882812e-01 1.007926464080810547e-01 3.983243703842163086e-01 -4.341455698013305664e-01 -1.669414639472961426e-01
-4.860875606536865234e-01 -5.164471268653869629e-01 1.290758848190307617e-01 2.394154071807861328e-01 -4.745639562606811523e-01 -1.933224201202392578e-01
-3.765631914138793945e-01 -5.167463421821594238e-01 -3.525137901306152344e-03 3.667255640029907227e-01 -5.046843290328979492e-01 -3.250165581703186035e-01
-4.861012697219848633e-01 -3.672257661819458008e-01 1.387461423873901367e-01 3.740407228469848633e-01 -5.908813476562500000e-01 -1.970594525337219238e-01
-6.566036939620971680e-01 -2.781773209571838379e-01 2.203122377395629883e-01 4.041900634765625000e-01 -5.684934258460998535e-01 -8.143877983093261719e-02
-3.829048275947570801e-01 -4.642081856727600098e-01 1.106250286102294922e-01 4.728780984878540039e-01 -3.370399475097656250e-01 -3.143994808197021484e-01
-4.346255064010620117e-01 -3.808816075325012207e-01 3.704857826232910156e-02 4.936023950576782227e-01 -6.295742988586425781e-01 -1.223490834236145020e-01
-3.273241519927978516e-01 -5.927796363830566406e-01 -1.310617923736572266e-01 7.684366703033447266e-01 -5.851225852966308594e-01 -3.239374160766601562e-01
-5.160305500030517578e-01 -5.452113151550292969e-01 -7.592099905014038086e-02 4.727996587753295898e-01 -5.026248693466186523e-01 -3.160704374313354492e-01
-5.452402234077453613e-01 -4.802667498588562012e-01 -5.766987800598144531e-02 7.228531837463378906e-01 -5.474522113800048828e-01 -2.595374584197998047e-01
-4.058095216751098633e-01 -6.106554269790649414e-01 -9.109127521514892578e-02 8.025019168853759766e-01 -4.991581439971923828e-01 -3.710059523582458496e-01
-6.566770076751708984e-01 -4.538964629173278809e-01 1.924276351928710938e-02 4.258726835250854492e-01 -3.728505373001098633e-01 -3.067832589149475098e-01
-7.101582884788513184e-01 -3.403791785240173340e-01 3.886284828186035156e-01 1.979364156723022461e-01 -3.507530093193054199e-01 -1.845379471778869629e-01
-4.428740739822387695e-01 -3.643165230751037598e-01 4.056650400161743164e-01 1.731182336807250977e-01 -2.494957447052001953e-01 -3.109019994735717773e-01
-4.421493411064147949e-01 -4.578967690467834473e-01 4.288861751556396484e-01 8.690524101257324219e-02 -2.415100336074829102e-01 -3.012438416481018066e-01
-3.478251099586486816e-01 -1.750476360321044922e-01 4.841964244842529297e-01 1.296343803405761719e-01 -6.459657549858093262e-01 1.237279176712036133e-01
-3.492695093154907227e-01 -3.082078695297241211e-01 4.033633470535278320e-01 1.352783441543579102e-01 -2.246799468994140625e-01 -4.897177219390869141e-02
-2.455983161926269531e-01 -3.455421328544616699e-01 1.215131282806396484e-01 8.467793464660644531e-03 -3.385378122329711914e-01 -2.775920629501342773e-01
-2.834414243698120117e-01 -3.367757797241210938e-01 3.291429281234741211e-01 -9.346306324005126953e-03 -2.999580502510070801e-01 -1.596667766571044922e-01
-4.393318295478820801e-01 -2.140043973922729492e-01 1.269021034240722656e-01 3.088159561157226562e-01 -5.074726939201354980e-01 -9.047526121139526367e-02
-1.150252223014831543e-01 -2.743536829948425293e-01 3.821272850036621094e-01 1.047310829162597656e-01 -4.249475002288818359e-01 -3.008067607879638672e-03
-2.041295170783996582e-01 -4.516057372093200684e-01 3.851752281188964844e-01 2.911281585693359375e-02 -1.419314742088317871e-01 -2.310638427734375000e-01
-2.670944333076477051e-01 -4.230973124504089355e-01 2.252506017684936523e-01 -8.731722831726074219e-03 -3.222245573997497559e-01 -1.922049522399902344e-01
-2.742654085159301758e-01 -2.080406546592712402e-01 5.432541370391845703e-01 1.568084955215454102e-01 -3.489499688148498535e-01 1.192482709884643555e-01
-5.127005577087402344e-01 2.529581785202026367e-01 2.120451927185058594e-01 -3.170859813690185547e-02 -2.775132656097412109e-02 7.006645202636718750e-02
-4.055692553520202637e-01 1.363800764083862305e-01 2.756834030151367188e-03 -5.406391620635986328e-02 6.152653694152832031e-02 -9.840160608291625977e-02
-3.860015273094177246e-01 -1.991069316864013672e-02 -4.664576053619384766e-02 -1.717750430107116699e-01 1.649688482284545898e-01 -3.660537600517272949e-01
-2.532267570495605469e-01 -3.589306473731994629e-01 2.829176187515258789e-01 -2.793639302253723145e-01 3.816324472427368164e-01 -4.252276420593261719e-01
-3.230962753295898438e-01 -3.844875693321228027e-01 2.528038024902343750e-01 -2.826856374740600586e-01 2.521657943725585938e-01 -4.348103404045104980e-01
2.030885219573974609e-02 -4.717242717742919922e-01 4.310022592544555664e-01 -3.189117312431335449e-01 9.152841567993164062e-02 -3.313877582550048828e-01
2.380050420761108398e-01 -5.298350453376770020e-01 5.251300334930419922e-02 -5.456364154815673828e-01 3.387892246246337891e-01 -5.942163467407226562e-01
1.916736364364624023e-01 -1.985416412353515625e-01 -2.863551378250122070e-01 -6.660933494567871094e-01 -3.221589326858520508e-02 -3.792351484298706055e-01
4.712190628051757812e-01 -2.868729233741760254e-01 -3.555786609649658203e-01 -6.953598260879516602e-01 1.133528947830200195e-01 -5.305277109146118164e-01
5.202808380126953125e-01 -3.693717122077941895e-01 -3.625745773315429688e-01 -6.671991348266601562e-01 3.474130630493164062e-01 -6.518046855926513672e-01
4.274488687515258789e-01 -2.981507182121276855e-01 -3.305113911628723145e-01 -6.795201301574707031e-01 1.846102476119995117e-01 -4.380213022232055664e-01
2.198326587677001953e-02 7.612252235412597656e-02 -1.034464240074157715e-01 -4.006875157356262207e-01 -3.004728555679321289e-01 8.798992633819580078e-02
-2.560836076736450195e-01 -1.202760934829711914e-01 2.792359590530395508e-01 -5.892226696014404297e-01 -1.563584804534912109e-01 -1.569057106971740723e-01
-9.182894229888916016e-02 -2.780772447586059570e-01 3.790580034255981445e-01 -4.869300723075866699e-01 -1.942000389099121094e-01 -2.910279035568237305e-01
8.114755153656005859e-02 -2.793978452682495117e-01 4.598712921142578125e-01 -5.203325748443603516e-01 -1.833885908126831055e-01 -2.055090665817260742e-01
-6.312501430511474609e-02 -2.513932585716247559e-01 4.384332895278930664e-01 -5.552337169647216797e-01 -3.037791848182678223e-01 -2.125717997550964355e-01
-3.187985420227050781e-01 -2.130153775215148926e-01 2.857393026351928711e-01 -2.273287177085876465e-01 -2.356094717979431152e-01 -2.401019334793090820e-01
-2.172545194625854492e-01 -3.356591463088989258e-01 2.334308624267578125e-01 -4.124155640602111816e-01 -6.256610155105590820e-02 -3.230425119400024414e-01
-2.253366708755493164e-01 -3.778954744338989258e-01 3.010680675506591797e-01 -4.277022480964660645e-01 -6.759721040725708008e-02 -2.212913632392883301e-01
-3.083050251007080078e-01 -3.443217277526855469e-01 1.515847444534301758e-01 -4.797222018241882324e-01 -2.620516419410705566e-01 -3.143140077590942383e-01
-4.911337494850158691e-01 -2.301038503646850586e-01 2.018510103225708008e-01 -3.183061480522155762e-01 -3.404064178466796875e-01 -1.609336137771606445e-01
-4.535880088806152344e-01 -6.951868534088134766e-03 2.733407020568847656e-01 -2.340844869613647461e-01 -3.977743387222290039e-01 4.969167709350585938e-02
-2.882631421089172363e-01 -6.083184480667114258e-02 2.331354618072509766e-01 -1.191617846488952637e-01 -5.141094923019409180e-01 5.480349063873291016e-02
-3.717032074928283691e-01 -5.177575349807739258e-02 2.320964336395263672e-01 -1.982051134109497070e-02 -6.286180019378662109e-02 4.353988170623779297e-02
-3.860465884208679199e-01 1.472966670989990234e-01 9.553503990173339844e-02 1.974180936813354492e-01 -1.493299007415771484e-02 8.967709541320800781e-02
-2.306768894195556641e-01 4.990901947021484375e-01 2.729773521423339844e-01 4.628875255584716797e-01 -3.258922100067138672e-01 3.720492124557495117e-01
-3.162252902984619141e-02 9.143662452697753906e-02 -8.020573854446411133e-02 2.497520446777343750e-01 -3.448526859283447266e-01 1.189796924591064453e-01
1.150826215744018555e-01 2.893654108047485352e-01 -4.202581048011779785e-01 4.188395738601684570e-01 -4.322054386138916016e-01 3.848001956939697266e-01
1.376053094863891602e-01 4.014303684234619141e-01 -5.318185687065124512e-01 4.125840663909912109e-01 -4.587286710739135742e-01 4.857567548751831055e-01
1.890238523483276367e-01 4.452582597732543945e-01 -5.688999891281127930e-01 3.519864082336425781e-01 -4.208186864852905273e-01 5.656682252883911133e-01
2.770167589187622070e-01 3.441241979598999023e-01 -6.492995619773864746e-01 5.683306455612182617e-01 -2.525536417961120605e-01 4.700018167495727539e-01
3.568583726882934570e-01 3.978341817855834961e-01 -5.853865146636962891e-01 6.984211206436157227e-01 -4.119898676872253418e-01 6.687146425247192383e-01
3.234567642211914062e-01 4.572800397872924805e-01 -5.241755247116088867e-01 6.204161643981933594e-01 -4.267154335975646973e-01 6.679452657699584961e-01
3.338816165924072266e-01 3.902264833450317383e-01 -4.921996593475341797e-01 6.132086515426635742e-01 -2.431374192237854004e-01 4.989951848983764648e-01
2.701290845870971680e-01 5.951119661331176758e-01 -3.645160198211669922e-01 4.852155447006225586e-01 -4.354993700981140137e-01 8.182886838912963867e-01
2.084622383117675781e-01 4.724947214126586914e-01 -4.323902726173400879e-01 5.074591636657714844e-01 -3.844391703605651855e-01 7.227452993392944336e-01
1.227866411209106445e-01 3.123196363449096680e-01 -7.978689670562744141e-02 2.836818695068359375e-01 -3.069471716880798340e-01 6.321421861648559570e-01
2.300477027893066406e-02 3.025691509246826172e-01 -2.376526594161987305e-02 3.507188558578491211e-01 -1.962833404541015625e-01 6.146326065063476562e-01
8.891308307647705078e-02 2.958056926727294922e-01 -1.989405155181884766e-01 5.877190828323364258e-01 -3.404341936111450195e-01 5.688824653625488281e-01
-1.078185439109802246e-01 2.464466094970703125e-01 1.403348445892333984e-01 5.143822431564331055e-01 -4.639990925788879395e-01 6.915297508239746094e-01
1.144038438796997070e-01 2.383023500442504883e-01 -2.313165664672851562e-01 4.998114109039306641e-01 -1.641020178794860840e-01 4.603990316390991211e-01
-1.801032423973083496e-01 3.216991424560546875e-01 2.874827384948730469e-01 1.893788576126098633e-01 -2.021292448043823242e-01 7.643326520919799805e-01
-2.856385707855224609e-02 3.221838474273681641e-01 2.513432502746582031e-02 4.628196954727172852e-01 -5.120213627815246582e-01 6.637181043624877930e-01
-2.558101415634155273e-01 1.895817518234252930e-01 1.931450366973876953e-01 1.723265647888183594e-01 -3.639316558837890625e-01 6.658592224121093750e-01
