4.211250543594360352e-01 6.435012817382812500e-01 -3.533158898353576660e-01 1.248470544815063477e-01 -1.605190038681030273e-01 2.250847816467285156e-01
5.927639007568359375e-01 6.841744184494018555e-01 -5.475257635116577148e-01 8.904826641082763672e-02 -1.813299059867858887e-01 1.997762918472290039e-01
6.252161264419555664e-01 6.632251739501953125e-01 -5.233412981033325195e-01 1.760257482528686523e-01 -2.829478383064270020e-01 2.123812437057495117e-01
7.240657806396484375e-01 5.973110198974609375e-01 -4.987177848815917969e-01 2.039191722869873047e-01 -2.110783457756042480e-01 1.771130561828613281e-01
7.022656202316284180e-01 6.064420938491821289e-01 -4.670009613037109375e-01 1.797717809677124023e-01 -3.333888053894042969e-01 2.482250928878784180e-01
7.582552433013916016e-01 6.453195810317993164e-01 -4.657580852508544922e-01 1.217629909515380859e-01 -3.288053870201110840e-01 2.766081094741821289e-01
7.351903915405273438e-01 5.000398159027099609e-01 -5.168403387069702148e-01 1.628891229629516602e-01 -1.756805777549743652e-01 1.278518438339233398e-01
6.864410638809204102e-01 5.378689765930175781e-01 -4.364218115806579590e-01 1.424584388732910156e-01 -1.643565893173217773e-01 1.563690900802612305e-01
8.394464254379272461e-01 5.931211709976196289e-01 -5.048533082008361816e-01 1.181595325469970703e-01 -1.301704645156860352e-01 1.824311017990112305e-01
7.087472677230834961e-01 6.350815296173095703e-01 -3.863910436630249023e-01 1.195501089096069336e-01 -1.951532363891601562e-01 2.830642461776733398e-01
6.406160593032836914e-01 5.681622028350830078e-01 -3.994669318199157715e-01 8.637130260467529297e-02 -1.230868697166442871e-01 2.063350677490234375e-01
5.957204103469848633e-01 4.684833288192749023e-01 -4.031357169151306152e-01 5.543792247772216797e-02 -2.952617406845092773e-02 1.383160352706909180e-01
5.031529664993286133e-01 3.786232471466064453e-01 -3.654239177703857422e-01 7.777619361877441406e-02 5.289912223815917969e-02 7.274448871612548828e-02
3.036023378372192383e-01 3.320901393890380859e-01 -3.623194694519042969e-01 2.227997779846191406e-02 1.114501953125000000e-01 5.055081844329833984e-02
2.333601713180541992e-01 2.871872186660766602e-01 -4.827951788902282715e-01 -4.682308435440063477e-02 1.726661920547485352e-01 9.621500968933105469e-03
2.218065261840820312e-01 1.298972368240356445e-01 -5.928247570991516113e-01 -2.294133305549621582e-01 3.623770475387573242e-01 -2.094240784645080566e-01
1.939306259155273438e-01 1.162925958633422852e-01 -6.043922305107116699e-01 -2.878962755203247070e-01 4.156054258346557617e-01 -2.587549686431884766e-01
3.871235847473144531e-01 -8.075708150863647461e-02 -6.687562465667724609e-01 -2.455204129219055176e-01 5.977377891540527344e-01 -3.813531994819641113e-01
2.253822088241577148e-01 1.183319091796875000e-02 -4.229984283447265625e-01 -4.287057518959045410e-01 3.765292167663574219e-01 -1.794942021369934082e-01
3.068166971206665039e-01 -5.999708175659179688e-02 -4.289646744728088379e-01 -4.577734470367431641e-01 3.331097364425659180e-01 -2.588003873825073242e-01
2.112710475921630859e-01 1.467967033386230469e-02 -3.367760181427001953e-01 -4.904537200927734375e-01 2.602263689041137695e-01 -1.768705248832702637e-01
2.767628431320190430e-01 -3.593111038208007812e-02 -3.779711723327636719e-01 -4.774915575981140137e-01 2.489280700683593750e-01 -2.574467062950134277e-01
3.960101604461669922e-01 -1.398329734802246094e-01 -4.047943949699401855e-01 -6.178998947143554688e-01 4.676247835159301758e-01 -4.330215454101562500e-01
4.576241970062255859e-01 -1.769548058509826660e-01 -2.864919900894165039e-01 -6.541825532913208008e-01 4.774646759033203125e-01 -3.905717134475708008e-01
3.482863903045654297e-01 -2.296339869499206543e-01 -2.865568399429321289e-01 -6.404255628585815430e-01 4.414941072463989258e-01 -4.521514773368835449e-01
3.831499814987182617e-01 -1.840366125106811523e-01 -3.424362540245056152e-01 -6.437790393829345703e-01 3.824893236160278320e-01 -4.527179002761840820e-01
3.217915296554565430e-01 -2.002787590026855469e-01 -2.225972414016723633e-01 -6.576064825057983398e-01 3.903497457504272461e-01 -3.957663178443908691e-01
3.886911869049072266e-01 -2.510942816734313965e-01 -2.039569020271301270e-01 -6.463670134544372559e-01 4.067778587341308594e-01 -4.108911752700805664e-01
4.282292127609252930e-01 -1.324028372764587402e-01 -3.031880855560302734e-01 -5.688284635543823242e-01 1.921014785766601562e-01 -3.614894151687622070e-01
4.743272066116333008e-01 -1.717941761016845703e-01 -3.794400691986083984e-01 -4.988112449645996094e-01 2.426533699035644531e-01 -4.056686162948608398e-01
4.168114662170410156e-01 -2.627726197242736816e-01 -2.459782958030700684e-01 -4.641341567039489746e-01 3.329916000366210938e-01 -3.781040310859680176e-01
4.322258234024047852e-01 -2.726388573646545410e-01 -3.020421266555786133e-01 -4.383791089057922363e-01 3.244024515151977539e-01 -4.172736406326293945e-01
4.238029718399047852e-01 -3.090143799781799316e-01 -2.617137432098388672e-01 -4.035105109214782715e-01 3.060467243194580078e-01 -4.146658778190612793e-01
4.545965194702148438e-01 -3.361899852752685547e-01 -2.734106183052062988e-01 -4.058583974838256836e-01 4.027754068374633789e-01 -4.223132729530334473e-01
5.416300296783447266e-01 -4.377646446228027344e-01 -2.528683543205261230e-01 -4.013915657997131348e-01 5.046473741531372070e-01 -4.746077060699462891e-01
5.742378234863281250e-01 -4.331262111663818359e-01 -3.243576288223266602e-01 -3.413402438163757324e-01 5.157418251037597656e-01 -4.975495338439941406e-01
5.207033157348632812e-01 -3.897733092308044434e-01 -2.456679940223693848e-01 -3.729674220085144043e-01 3.953304290771484375e-01 -4.001100659370422363e-01
3.845051527023315430e-01 -4.674742221832275391e-01 -1.934878230094909668e-01 -3.579618334770202637e-01 3.402122259140014648e-01 -4.468318223953247070e-01
3.740373849868774414e-01 -4.441511034965515137e-01 -1.779019832611083984e-01 -3.827317357063293457e-01 3.666614294052124023e-01 -4.195700883865356445e-01
4.159718751907348633e-01 -4.739205837249755859e-01 -2.603151798248291016e-01 -3.814961910247802734e-01 4.279657602310180664e-01 -4.096503257751464844e-01
3.687082529067993164e-01 -4.682437181472778320e-01 -1.760568022727966309e-01 -4.092184305191040039e-01 4.520747661590576172e-01 -3.067269921302795410e-01
2.651531696319580078e-01 -3.798506259918212891e-01 -2.047961950302124023e-02 -4.807582497596740723e-01 3.449919223785400391e-01 -5.222046375274658203e-02
2.544893026351928711e-01 -4.039273262023925781e-01 -1.773256063461303711e-02 -4.937808513641357422e-01 2.849889993667602539e-01 8.276093006134033203e-02
2.551709413528442383e-01 -3.563551902770996094e-01 3.423607349395751953e-02 -5.045977234840393066e-01 2.179437875747680664e-01 2.397453784942626953e-01
1.599136590957641602e-01 -3.053092360496520996e-01 4.164028167724609375e-02 -4.010858535766601562e-01 8.692872524261474609e-02 3.265634775161743164e-01
1.372396945953369141e-01 -2.664573788642883301e-01 -1.378166675567626953e-01 -3.032812476158142090e-01 2.721774578094482422e-02 2.743182182312011719e-01
1.671401262283325195e-01 -1.932414770126342773e-01 -1.036339402198791504e-01 -3.179288506507873535e-01 -6.505352258682250977e-02 3.450529575347900391e-01
3.414952754974365234e-02 -2.351155281066894531e-01 5.194187164306640625e-03 -2.875786423683166504e-01 -2.134704589843750000e-02 2.870237827301025391e-01
8.644270896911621094e-02 -2.003638744354248047e-01 -2.981162071228027344e-02 -3.235051631927490234e-01 -1.258790493011474609e-03 3.231706619262695312e-01
2.335399389266967773e-01 -2.214227318763732910e-01 -1.350879669189453125e-01 -3.323161005973815918e-01 4.131507873535156250e-02 2.719213962554931641e-01
1.150934696197509766e-01 -1.764720082283020020e-01 -4.236024618148803711e-02 -2.840650677680969238e-01 -5.638468265533447266e-02 3.608072996139526367e-01
1.320660114288330078e-01 -1.984083056449890137e-01 -3.366386890411376953e-02 -2.529449462890625000e-01 -4.461079835891723633e-02 3.338056802749633789e-01
2.169800996780395508e-01 -3.305062055587768555e-01 -1.242338418960571289e-01 -2.028282284736633301e-01 1.808059215545654297e-02 2.287324666976928711e-01
1.727646589279174805e-01 -3.562976121902465820e-01 -1.184926629066467285e-01 -1.810139417648315430e-01 -6.506705284118652344e-02 2.303910255432128906e-01
-1.113986968994140625e-02 -3.714126944541931152e-01 -2.602356672286987305e-02 -1.741459369659423828e-01 -7.036352157592773438e-02 2.890955209732055664e-01
1.512813568115234375e-02 -2.880560755729675293e-01 -5.948311090469360352e-02 -2.780997753143310547e-01 -7.148063182830810547e-02 3.789446353912353516e-01
-1.759799122810363770e-01 -5.552485585212707520e-01 -7.985138893127441406e-02 -2.711876034736633301e-01 4.414629936218261719e-02 -1.406210660934448242e-02
-1.931145787239074707e-01 -4.741747975349426270e-01 1.739835739135742188e-02 -3.584429621696472168e-01 9.148120880126953125e-03 1.251649856567382812e-02
-2.502914071083068848e-01 -4.070238471031188965e-01 -7.536947727203369141e-03 -1.719700694084167480e-01 -8.969992399215698242e-02 1.129260063171386719e-01
-1.774788498878479004e-01 -4.766701459884643555e-01 -5.765265226364135742e-02 -1.249231696128845215e-01 -3.155511617660522461e-01 4.292511940002441406e-02
-1.092292070388793945e-01 -6.251759529113769531e-01 7.055401802062988281e-03 -3.081392049789428711e-01 -2.104883193969726562e-01 -3.707069158554077148e-02
-1.393046379089355469e-01 -6.199526786804199219e-01 9.853661060333251953e-02 -4.248121380805969238e-01 -2.722293138504028320e-02 -1.068298816680908203e-01
1.031129360198974609e-01 -6.701555252075195312e-01 8.078742027282714844e-02 -5.247592329978942871e-01 2.716302871704101562e-03 -2.110971212387084961e-01
-7.857960462570190430e-02 -6.173196434974670410e-01 1.312146186828613281e-01 -4.458706378936767578e-01 9.870648384094238281e-03 -1.755999922752380371e-01
-1.233722567558288574e-01 -5.341988205909729004e-01 4.374241828918457031e-02 -3.165414929389953613e-01 -3.380836844444274902e-01 3.008210659027099609e-02
2.546668052673339844e-03 -5.420150160789489746e-01 -2.547091245651245117e-02 -4.572470784187316895e-01 -2.594106197357177734e-01 -2.857863903045654297e-02
2.858209609985351562e-02 -6.329784989356994629e-01 5.996704101562500000e-03 -4.508166313171386719e-01 -2.332484722137451172e-01 -1.684025526046752930e-01
4.181206226348876953e-02 -5.666383504867553711e-01 9.147763252258300781e-02 -4.656851291656494141e-01 -9.113782644271850586e-02 1.506328582763671875e-03
1.418344974517822266e-01 -5.586837530136108398e-01 -2.079165577888488770e-01 -3.288708329200744629e-01 -1.629738807678222656e-01 -2.019797563552856445e-01
2.171134948730468750e-02 -5.815341472625732422e-01 -8.049100637435913086e-02 -4.457698464393615723e-01 -2.204193472862243652e-01 -1.686609983444213867e-01
1.851081848144531250e-02 -4.836273789405822754e-01 -1.043158769607543945e-01 -3.966778516769409180e-01 -3.667914271354675293e-01 -5.492854118347167969e-02
1.474647521972656250e-01 -6.534856557846069336e-01 -5.152833461761474609e-02 -1.615552902221679688e-01 -2.961399555206298828e-01 -2.053563594818115234e-01
2.013301849365234375e-02 -4.417074918746948242e-01 1.788841485977172852e-01 -2.437474131584167480e-01 -4.957904219627380371e-01 3.388488292694091797e-02
-2.011498808860778809e-01 -4.186607003211975098e-01 4.124307632446289062e-02 -3.017031550407409668e-01 -4.034487605094909668e-01 -1.574766039848327637e-01
-1.282284855842590332e-01 -3.918464779853820801e-01 7.896900177001953125e-02 -3.667502999305725098e-01 -2.782539129257202148e-01 -1.389530897140502930e-01
-1.371456980705261230e-01 -4.587892889976501465e-01 1.806771755218505859e-01 -2.454048991203308105e-01 -3.441385030746459961e-01 -2.230441570281982422e-02
-1.005211472511291504e-01 -2.767676711082458496e-01 3.090192079544067383e-01 -3.111560940742492676e-01 -2.864342927932739258e-01 1.040238142013549805e-01
2.895700931549072266e-02 -1.853252649307250977e-01 5.198538303375244141e-01 -3.939346671104431152e-01 -3.423745036125183105e-01 2.063915729522705078e-01
-4.847860336303710938e-02 -5.578104853630065918e-01 1.971021890640258789e-01 -1.940980553627014160e-01 -4.581230878829956055e-02 -3.248130679130554199e-01
-2.760052084922790527e-01 -2.968608736991882324e-01 1.961252689361572266e-01 -1.934962272644042969e-01 -3.121596574783325195e-01 -4.020440578460693359e-02
-2.313557863235473633e-01 -2.298362255096435547e-01 2.990268468856811523e-01 -2.358701229095458984e-01 -2.458639144897460938e-01 1.051831245422363281e-02
-3.025971651077270508e-01 -1.948266625404357910e-01 4.639079570770263672e-01 -1.940690279006958008e-01 -3.055762648582458496e-01 9.495806694030761719e-02
-4.121504426002502441e-01 -3.101489543914794922e-01 4.636876583099365234e-01 -4.220575094223022461e-02 -1.283935308456420898e-01 2.566123008728027344e-02
-4.798699021339416504e-01 -3.873228430747985840e-01 4.704940319061279297e-02 5.821052789688110352e-01 -5.149391889572143555e-01 -1.992807984352111816e-01
-5.050721764564514160e-01 -4.311931729316711426e-01 1.743160486221313477e-01 5.875573158264160156e-01 -5.482066869735717773e-01 -4.914712905883789062e-02
-4.992837905883789062e-01 -4.663686752319335938e-01 -1.008177399635314941e-01 5.748364925384521484e-01 -6.349031925201416016e-01 -1.895965933799743652e-01
-4.708251953125000000e-01 -5.909648537635803223e-01 3.493762016296386719e-02 6.068109273910522461e-01 -5.737342834472656250e-01 -1.875915527343750000e-01
-4.699463248252868652e-01 -6.026599407196044922e-01 -4.562926292419433594e-02 6.264692544937133789e-01 -5.507476329803466797e-01 -3.006148934364318848e-01
-4.539014101028442383e-01 -5.321913957595825195e-01 1.280092000961303711e-01 4.897603988647460938e-01 -5.175616741180419922e-01 -1.668351888656616211e-01
-5.930936336517333984e-01 -4.439622163772583008e-01 8.484554290771484375e-02 6.854081153869628906e-01 -6.873871088027954102e-01 -2.199179530143737793e-01
-3.612057566642761230e-01 -4.776513576507568359e-01 8.180069923400878906e-02 7.082616090774536133e-01 -6.009520292282104492e-01 -1.539560556411743164e-01
-5.697319507598876953e-01 -4.870461225509643555e-01 1.131637096405029297e-01 7.594789266586303711e-01 -5.779817104339599609e-01 -2.386260032653808594e-02
-2.344724535942077637e-01 -7.036973237991333008e-01 -2.142244577407836914e-02 5.891753435134887695e-01 -4.255304336547851562e-01 -3.350438475608825684e-01
-4.159656167030334473e-01 -5.652609467506408691e-01 1.934766769409179688e-03 6.241064071655273438e-01 -5.293977856636047363e-01 -4.197797775268554688e-01
-3.159490823745727539e-01 -5.759465694427490234e-01 -6.493633985519409180e-02 5.797404050827026367e-01 -6.152317523956298828e-01 -3.045080304145812988e-01
-3.981448411941528320e-01 -5.423336029052734375e-01 8.669984340667724609e-02 6.704664230346679688e-01 -6.181299686431884766e-01 -3.195938467979431152e-01
-5.948463082313537598e-01 -6.046666502952575684e-01 8.297312259674072266e-02 6.189116239547729492e-01 -4.670213460922241211e-01 -4.211020469665527344e-01
-6.804683208465576172e-01 -4.322766661643981934e-01 3.170107603073120117e-01 4.606369733810424805e-01 -6.968470811843872070e-01 -7.045298814773559570e-02
-3.405067324638366699e-01 -5.011757612228393555e-01 4.205964803695678711e-01 2.583051919937133789e-01 -2.761597037315368652e-01 -2.592177987098693848e-01
-4.561768174171447754e-01 -5.368622541427612305e-01 6.075108051300048828e-02 3.290505409240722656e-01 -1.944347620010375977e-01 -4.014911055564880371e-01
-2.458854317665100098e-01 -4.855188727378845215e-01 3.551210165023803711e-01 1.909199953079223633e-01 -1.416558027267456055e-01 -2.465847134590148926e-01
-4.854926466941833496e-01 -3.545927405357360840e-01 2.110273838043212891e-01 -8.186250925064086914e-02 -4.039522409439086914e-01 -1.482659578323364258e-01
-5.545605421066284180e-01 -2.901031970977783203e-01 1.688457727432250977e-01 1.660417318344116211e-01 -3.529264926910400391e-01 -1.319150328636169434e-01
-3.541608452796936035e-01 -2.537690997123718262e-01 3.209335803985595703e-01 1.018335819244384766e-01 -3.846560716629028320e-01 -8.344727754592895508e-02
-3.949344754219055176e-01 -3.775575160980224609e-01 4.418663978576660156e-01 3.043401241302490234e-02 -2.323969602584838867e-01 -1.963415145874023438e-01
-3.560913801193237305e-01 -3.515105247497558594e-01 4.646667242050170898e-01 6.028032302856445312e-02 -1.330804228782653809e-01 -2.059549689292907715e-01
-2.772455811500549316e-01 -4.685057997703552246e-01 3.714312314987182617e-01 3.416705131530761719e-01 2.818608283996582031e-02 -4.449694156646728516e-01
-2.785894870758056641e-01 -4.521084427833557129e-01 2.327102422714233398e-01 5.879175662994384766e-01 1.711699962615966797e-01 -4.449076652526855469e-01
-2.645738720893859863e-01 -5.095320343971252441e-01 3.024405241012573242e-01 4.808166027069091797e-01 9.748220443725585938e-03 -4.593904018402099609e-01
-2.713347673416137695e-01 -2.965522408485412598e-01 4.093047380447387695e-01 1.425194740295410156e-01 -2.392812371253967285e-01 -2.017237544059753418e-01
-1.395339965820312500e-01 -3.825885057449340820e-02 6.526702642440795898e-01 6.804394721984863281e-02 -3.709534406661987305e-01 3.425312042236328125e-02
-2.205114364624023438e-01 -8.835226297378540039e-02 6.200598478317260742e-01 1.057986021041870117e-01 -3.016536235809326172e-01 8.353674411773681641e-02
3.724896907806396484e-02 -7.010960578918457031e-02 5.172395706176757812e-01 -1.765144467353820801e-01 -1.178726553916931152e-01 7.638263702392578125e-02
-6.566196680068969727e-02 2.315298318862915039e-01 6.250418424606323242e-01 -3.091226220130920410e-01 -3.335174322128295898e-01 3.152812719345092773e-01
4.838263988494873047e-02 3.013025522232055664e-01 5.071043968200683594e-01 -3.624484539031982422e-01 -3.147773742675781250e-01 3.431766033172607422e-01
2.214455604553222656e-01 1.033947467803955078e-01 5.222145318984985352e-01 -3.223230242729187012e-01 -1.222179532051086426e-01 1.242636442184448242e-01
1.210943460464477539e-01 -2.787053585052490234e-03 5.129653215408325195e-01 2.362442016601562500e-02 -1.120700240135192871e-01 1.843298673629760742e-01
6.219875812530517578e-02 -2.461074590682983398e-01 4.941074848175048828e-01 1.007871627807617188e-01 7.217764854431152344e-02 -9.544163942337036133e-02
8.687591552734375000e-02 -2.851695418357849121e-01 4.146063327789306641e-01 1.144121885299682617e-01 -6.724900007247924805e-02 -2.438514828681945801e-01
-2.436670064926147461e-01 -5.613416433334350586e-02 4.900021553039550781e-01 1.838052272796630859e-02 -2.785296440124511719e-01 -1.470482349395751953e-02
-1.389393210411071777e-01 -8.006006479263305664e-02 5.092166662216186523e-01 -3.442519903182983398e-02 -3.017411828041076660e-01 3.094971179962158203e-02
-1.249572038650512695e-01 -7.610005140304565430e-02 3.451741933822631836e-01 -2.236151099205017090e-01 -1.932102441787719727e-01 -3.201723098754882812e-02
3.522276878356933594e-03 -1.607685089111328125e-01 1.708284616470336914e-01 -6.749778985977172852e-02 4.131877422332763672e-02 -1.335753798484802246e-01
-4.428452253341674805e-01 -7.164597511291503906e-02 5.086219310760498047e-01 -1.868754625320434570e-02 -2.408395409584045410e-01 7.702207565307617188e-02
-3.171717524528503418e-01 -1.777447462081909180e-01 4.453660249710083008e-01 -1.631677150726318359e-02 -2.216482162475585938e-02 -3.473824262619018555e-02
-2.624258995056152344e-01 -3.597918748855590820e-01 2.377476692199707031e-01 1.712807416915893555e-01 -8.689892292022705078e-02 -2.228546142578125000e-01
-3.322519659996032715e-01 -4.074940681457519531e-01 -3.927743434906005859e-02 4.774020910263061523e-01 -4.853187203407287598e-01 -2.045069336891174316e-01
-5.147622227668762207e-01 -4.282711148262023926e-01 2.244393825531005859e-01 1.695899963378906250e-01 -2.385903000831604004e-01 -3.400986194610595703e-01
-5.581053495407104492e-01 -1.724758148193359375e-01 2.663968801498413086e-01 3.466933965682983398e-01 -6.758459806442260742e-01 -2.878016233444213867e-02
-6.349318027496337891e-01 -1.972667574882507324e-01 1.501135826110839844e-01 5.035334825515747070e-01 -7.728475332260131836e-01 3.139173984527587891e-02
-6.744406223297119141e-01 -3.136041760444641113e-01 1.385533809661865234e-02 4.488270282745361328e-01 -6.403374671936035156e-01 -1.692001819610595703e-01
-4.872223734855651855e-01 -4.618636965751647949e-01 2.958556413650512695e-01 2.865036725997924805e-01 -5.642969012260437012e-01 -1.639055013656616211e-01
-4.209240674972534180e-01 -5.493230819702148438e-01 2.047841548919677734e-01 5.143461227416992188e-01 -4.463474154472351074e-01 -1.942971348762512207e-01
-3.770422935485839844e-01 -6.860298514366149902e-01 -1.455610990524291992e-01 3.230162858963012695e-01 -3.187558650970458984e-01 -6.114733219146728516e-01
-6.829034090042114258e-01 -6.481695175170898438e-01 6.671178340911865234e-02 7.111145257949829102e-01 -4.790967106819152832e-01 -3.840926885604858398e-01
-6.393647193908691406e-01 -5.687494277954101562e-01 4.816138744354248047e-02 1.000000000000000000e+00 -5.628988742828369141e-01 -3.420565128326416016e-01
-6.817381381988525391e-01 -3.177319765090942383e-01 3.444840908050537109e-01 3.814003467559814453e-01 -3.371418118476867676e-01 -2.008942365646362305e-01
-7.466000318527221680e-01 -2.616955637931823730e-01 5.045083761215209961e-01 5.851840972900390625e-02 -3.667818307876586914e-01 -1.610970497131347656e-02
-6.829086542129516602e-01 -3.862959146499633789e-02 5.844484567642211914e-01 3.596134185791015625e-01 -5.874125957489013672e-01 2.339657545089721680e-01
-4.573652744293212891e-01 -1.646588444709777832e-01 4.533025026321411133e-01 1.160010099411010742e-01 -6.244602203369140625e-01 5.825626850128173828e-02
-5.171160697937011719e-01 -2.914925813674926758e-01 3.466341495513916016e-01 1.471121311187744141e-01 -4.152771234512329102e-01 -5.272287130355834961e-02
-4.250507950782775879e-01 -1.377632021903991699e-01 2.111533880233764648e-01 1.761949062347412109e-02 -4.871860742568969727e-01 -2.325594425201416016e-03
-4.296691417694091797e-01 -9.872299432754516602e-02 3.502066135406494141e-01 8.609902858734130859e-02 -5.405768752098083496e-01 9.557473659515380859e-02
-5.130836367607116699e-01 1.539547443389892578e-01 1.876535415649414062e-01 1.591669321060180664e-01 -3.905839920043945312e-01 2.889859676361083984e-02
-6.382876634597778320e-01 2.271516323089599609e-01 -5.208450555801391602e-02 4.264544248580932617e-01 -2.945241928100585938e-01 -1.187906861305236816e-01
-4.896872639656066895e-01 2.812688350677490234e-01 4.193902015686035156e-03 5.334556102752685547e-01 -2.688428759574890137e-01 1.282709836959838867e-01
-3.899968266487121582e-01 1.218436956405639648e-01 1.030516624450683594e-02 3.362324237823486328e-01 -3.431024551391601562e-01 1.671037673950195312e-01
-2.895560264587402344e-01 3.846085071563720703e-02 -9.648674726486206055e-02 1.402425765991210938e-02 -2.148666977882385254e-01 1.052012443542480469e-01
-2.605833411216735840e-01 2.035168409347534180e-01 -3.509715795516967773e-01 8.518409729003906250e-02 -3.178811669349670410e-01 2.508851289749145508e-01
-2.429997920989990234e-02 2.018578052520751953e-01 -5.642452239990234375e-01 1.936298608779907227e-01 -2.632769942283630371e-01 2.067623138427734375e-01
6.222236156463623047e-02 2.323911190032958984e-01 -6.283216476440429688e-01 3.352712392807006836e-01 -2.307600378990173340e-01 2.526836395263671875e-01
2.604722976684570312e-03 2.628159523010253906e-01 -4.791159629821777344e-01 3.239215612411499023e-01 -3.563863635063171387e-01 3.051189184188842773e-01
-1.247411370277404785e-01 9.312605857849121094e-02 -2.096558809280395508e-01 3.190230131149291992e-01 -4.450232386589050293e-01 3.128651380538940430e-01
-2.086988687515258789e-01 -7.657951116561889648e-02 4.561114311218261719e-02 1.697876453399658203e-01 -2.732149958610534668e-01 1.125814914703369141e-01
-1.425411701202392578e-01 1.272201538085937500e-03 2.037242650985717773e-01 2.257740497589111328e-01 -3.062127828598022461e-01 1.834504604339599609e-01
-3.039265871047973633e-01 3.348600864410400391e-01 3.825250864028930664e-01 -1.092195510864257812e-02 -5.907945036888122559e-01 3.432244062423706055e-01
-3.509797453880310059e-01 1.517201662063598633e-01 2.343792915344238281e-01 -2.375888824462890625e-01 -3.095723986625671387e-01 6.701052188873291016e-02
-7.327908277511596680e-02 1.086354255676269531e-03 4.051932096481323242e-01 2.455472946166992188e-03 -2.773766517639160156e-01 1.874843835830688477e-01
-2.350668907165527344e-01 6.435620784759521484e-02 3.932688236236572266e-01 6.031262874603271484e-02 -3.088554739952087402e-01 3.367885351181030273e-01
-3.182126283645629883e-01 1.340467929840087891e-01 2.711373567581176758e-01 1.247216463088989258e-01 -4.955558776855468750e-01 3.941498994827270508e-01
-2.510830760002136230e-01 -2.616240978240966797e-01 2.258071899414062500e-01 2.518664598464965820e-01 -3.943303823471069336e-01 -2.558130025863647461e-02
-2.906379103660583496e-01 -1.815096735954284668e-01 3.014239072799682617e-01 1.253638267517089844e-01 -4.235859513282775879e-01 3.939414024353027344e-02
-3.242272734642028809e-01 -5.979144573211669922e-02 7.059073448181152344e-02 -1.229028701782226562e-01 -5.287680625915527344e-01 3.255033493041992188e-02
-3.043728470802307129e-01 -5.861713886260986328e-01 -3.020371794700622559e-01 6.137952804565429688e-01 -4.631431102752685547e-01 -5.334746837615966797e-01
-4.892204403877258301e-01 -4.231449961662292480e-01 1.629090309143066406e-02 7.902476787567138672e-01 -6.255807876586914062e-01 -3.029201626777648926e-01
-6.799052953720092773e-01 -2.970397472381591797e-01 -6.191414594650268555e-02 7.028394937515258789e-01 -7.838208079338073730e-01 3.875613212585449219e-03
-6.485222578048706055e-01 -3.736903667449951172e-01 -1.507644057273864746e-01 7.251417636871337891e-01 -6.732180118560791016e-01 -1.741993427276611328e-01
-8.014914393424987793e-01 -4.254575967788696289e-01 -1.367514729499816895e-01 6.030371189117431641e-01 -6.650010347366333008e-01 -1.600998044013977051e-01
-5.851633548736572266e-01 -4.197475910186767578e-01 -8.073180913925170898e-02 6.019195318222045898e-01 -6.259828209877014160e-01 -7.461118698120117188e-02
-4.621247053146362305e-01 -4.337724447250366211e-01 3.775978088378906250e-02 4.762713909149169922e-01 -5.472160577774047852e-01 -8.170014619827270508e-02
-5.181008577346801758e-01 -4.247763156890869141e-01 -2.701187133789062500e-02 5.868561267852783203e-01 -6.383516788482666016e-01 -1.283920407295227051e-01
-4.611461162567138672e-01 -5.692943930625915527e-01 -1.190376281738281250e-02 5.669939517974853516e-01 -3.998641371726989746e-01 -1.816998720169067383e-01
-8.474415540695190430e-02 -6.005072593688964844e-01 1.533448696136474609e-02 2.617541551589965820e-01 -5.545520782470703125e-01 -1.914243698120117188e-01
-1.013873815536499023e-01 -5.761117935180664062e-01 -2.971571683883666992e-02 -1.809840202331542969e-01 -5.385251045227050781e-01 -1.684274673461914062e-01
2.141660451889038086e-01 -4.637992978096008301e-01 -1.550433635711669922e-01 -1.501809954643249512e-01 -6.830716133117675781e-01 4.252147674560546875e-02
2.588709592819213867e-01 -4.618539810180664062e-01 -2.471815347671508789e-01 -2.052265405654907227e-01 -6.048853397369384766e-01 -5.663812160491943359e-02
2.875456809997558594e-01 -4.416604042053222656e-01 -2.294274568557739258e-01 -1.651731729507446289e-01 -5.535577535629272461e-01 2.238893508911132812e-02
2.719678878784179688e-01 -5.702296495437622070e-01 -1.052585840225219727e-01 -2.244930863380432129e-01 -4.110394716262817383e-01 -1.099940538406372070e-01
3.686482906341552734e-01 -5.025154352188110352e-01 -7.272619009017944336e-02 -2.629320621490478516e-01 -3.954626917839050293e-01 -1.159906387329101562e-03
2.993651628494262695e-01 -5.333816409111022949e-01 -6.880444288253784180e-02 -4.051562547683715820e-01 -3.011924028396606445e-01 -7.522624731063842773e-02
2.611521482467651367e-01 -6.109107732772827148e-01 -2.353508472442626953e-01 -2.997289896011352539e-01 -3.268072009086608887e-01 -1.235697269439697266e-01
3.258283138275146484e-01 -5.815781354904174805e-01 -2.799139618873596191e-01 -1.686119437217712402e-01 -3.864369392395019531e-01 2.927064895629882812e-03
3.982001543045043945e-01 -6.826885342597961426e-01 -2.308740019798278809e-01 -3.360574841499328613e-01 -1.484470963478088379e-01 -2.217187285423278809e-01
1.056114435195922852e-01 -7.302140593528747559e-01 -7.354474067687988281e-02 -3.689019680023193359e-01 -1.267604827880859375e-01 -2.436341047286987305e-01
-4.076093435287475586e-02 -6.435864567756652832e-01 -6.447440385818481445e-02 -3.549262881278991699e-01 3.986644744873046875e-02 -3.719493150711059570e-01
1.128402948379516602e-01 -8.917059302330017090e-01 -9.764182567596435547e-02 -3.646976351737976074e-01 2.319872379302978516e-02 -5.375728607177734375e-01
6.531667709350585938e-02 -7.471960783004760742e-01 -2.262679338455200195e-01 -2.439688444137573242e-01 -5.102795362472534180e-02 -3.443640470504760742e-01
-1.189247965812683105e-01 -4.953970909118652344e-01 -8.125180006027221680e-02 -2.965369820594787598e-01 -3.297008872032165527e-01 -3.352844715118408203e-01
