2.314680814743041992e-01 6.877897977828979492e-01 -1.009136438369750977e-01 2.768182754516601562e-02 -3.150775432586669922e-01 2.992343902587890625e-01
4.374861717224121094e-01 7.538340091705322266e-01 -2.780672311782836914e-01 -2.162224054336547852e-02 -2.229701876640319824e-01 3.319581747055053711e-01
5.542225837707519531e-01 8.278940916061401367e-01 -3.303002119064331055e-01 8.689439296722412109e-02 -3.133379220962524414e-01 4.366854429244995117e-01
6.773645877838134766e-01 7.674129009246826172e-01 -5.793644785881042480e-01 1.640201807022094727e-01 -3.046752214431762695e-01 3.700981140136718750e-01
6.354484558105468750e-01 7.361005544662475586e-01 -4.620251655578613281e-01 1.287637948989868164e-01 -2.497187852859497070e-01 3.172984123229980469e-01
5.268900394439697266e-01 7.117774486541748047e-01 -4.045673608779907227e-01 8.101546764373779297e-02 -2.469835281372070312e-01 2.965048551559448242e-01
6.053123474121093750e-01 8.109589815139770508e-01 -4.520671367645263672e-01 8.273828029632568359e-02 -3.178915977478027344e-01 3.936141729354858398e-01
5.507251024246215820e-01 7.412887811660766602e-01 -4.336537122726440430e-01 1.250989437103271484e-01 -2.679582834243774414e-01 3.370838165283203125e-01
5.802192687988281250e-01 7.415257692337036133e-01 -4.594584107398986816e-01 1.104482412338256836e-01 -2.647589445114135742e-01 3.450223207473754883e-01
6.036067008972167969e-01 6.780430078506469727e-01 -4.124475121498107910e-01 1.163097620010375977e-01 -2.397831082344055176e-01 3.287986516952514648e-01
5.733902454376220703e-01 6.416430473327636719e-01 -3.645172119140625000e-01 1.019246578216552734e-01 -1.721881628036499023e-01 2.984879016876220703e-01
5.218414068222045898e-01 5.177500247955322266e-01 -2.754105329513549805e-01 4.121017456054687500e-02 -5.721604824066162109e-02 1.981947422027587891e-01
5.005804300308227539e-01 5.256083011627197266e-01 -3.032812476158142090e-01 8.919095993041992188e-02 -7.278585433959960938e-02 1.938577890396118164e-01
6.488709449768066406e-01 4.080619812011718750e-01 -4.339351058006286621e-01 5.788147449493408203e-02 1.271877288818359375e-01 6.793165206909179688e-02
5.516358613967895508e-01 3.281010389328002930e-01 -2.705641388893127441e-01 -8.067053556442260742e-02 3.068935871124267578e-01 5.073332786560058594e-02
3.516914844512939453e-01 2.112892866134643555e-01 -3.041100502014160156e-01 -1.194982528686523438e-01 4.080294370651245117e-01 -3.820073604583740234e-02
2.691059112548828125e-01 1.877881288528442383e-01 -3.120048642158508301e-01 -1.544560194015502930e-01 4.873268604278564453e-01 -4.732733964920043945e-02
2.709656953811645508e-01 5.869328975677490234e-02 -4.351293444633483887e-01 -3.092867136001586914e-01 6.031569242477416992e-01 -2.133219242095947266e-01
3.161860704421997070e-01 9.000515937805175781e-02 -4.779266715049743652e-01 -3.313942551612854004e-01 6.481733322143554688e-01 -1.956586837768554688e-01
2.172762155532836914e-01 -1.713222265243530273e-01 -4.164594411849975586e-01 -5.279794335365295410e-01 7.393064498901367188e-01 -4.253882169723510742e-01
2.882528305053710938e-01 -1.231628656387329102e-01 -2.312484383583068848e-01 -5.200718045234680176e-01 5.643377304077148438e-01 -2.290181517601013184e-01
3.595567941665649414e-01 -1.285528540611267090e-01 -2.806025147438049316e-01 -6.299986839294433594e-01 5.538963079452514648e-01 -2.632523179054260254e-01
3.025665283203125000e-01 -9.074437618255615234e-02 -3.064398169517517090e-01 -5.831013917922973633e-01 2.776687145233154297e-01 -2.424297928810119629e-01
2.490783929824829102e-01 -1.022933721542358398e-01 -2.602433562278747559e-01 -6.993218660354614258e-01 3.827295303344726562e-01 -3.188900351524353027e-01
4.358993768692016602e-01 -1.412730813026428223e-01 -2.382713556289672852e-01 -5.634405612945556641e-01 4.635500907897949219e-01 -3.600742816925048828e-01
4.316812753677368164e-01 -1.762640476226806641e-01 -3.894930481910705566e-01 -5.788081884384155273e-01 4.579855203628540039e-01 -4.746297597885131836e-01
4.778987169265747070e-01 -2.467173933982849121e-01 -5.318311452865600586e-01 -6.678982973098754883e-01 4.597162008285522461e-01 -6.434245109558105469e-01
3.166621923446655273e-01 -2.509595751762390137e-01 -2.992663979530334473e-01 -7.716660499572753906e-01 4.680389165878295898e-01 -5.306316614151000977e-01
3.503639698028564453e-01 -2.822373509407043457e-01 -2.388269901275634766e-01 -7.208256125450134277e-01 4.584717750549316406e-01 -4.869276285171508789e-01
3.632038831710815430e-01 -3.226967453956604004e-01 -3.854877352714538574e-01 -5.835654735565185547e-01 4.351248741149902344e-01 -5.965362787246704102e-01
3.956146240234375000e-01 -2.890357375144958496e-01 -4.186098575592041016e-01 -4.786275029182434082e-01 4.479318857192993164e-01 -5.329006910324096680e-01
4.385824203491210938e-01 -3.487597107887268066e-01 -4.083049893379211426e-01 -5.346750020980834961e-01 4.886076450347900391e-01 -5.484883785247802734e-01
4.007418155670166016e-01 -3.418089747428894043e-01 -4.193055033683776855e-01 -4.798917174339294434e-01 4.120211601257324219e-01 -5.277771949768066406e-01
4.027311801910400391e-01 -3.783310651779174805e-01 -4.069643616676330566e-01 -4.658641815185546875e-01 4.795252084732055664e-01 -5.180049538612365723e-01
3.733648061752319336e-01 -3.623799681663513184e-01 -2.997525334358215332e-01 -4.898608326911926270e-01 4.053494930267333984e-01 -4.794253706932067871e-01
4.222348928451538086e-01 -4.532397389411926270e-01 -4.887880086898803711e-01 -3.488374948501586914e-01 4.536582231521606445e-01 -6.191896200180053711e-01
1.918591260910034180e-01 -5.101830959320068359e-01 -3.060294389724731445e-01 -3.302357196807861328e-01 3.298346996307373047e-01 -5.628028512001037598e-01
3.297868967056274414e-01 -5.465133190155029297e-01 -2.993648052215576172e-01 -3.617963194847106934e-01 3.186286687850952148e-01 -5.568526983261108398e-01
3.031402826309204102e-01 -5.873204469680786133e-01 -2.906427979469299316e-01 -3.671327829360961914e-01 3.920528888702392578e-01 -5.990260839462280273e-01
2.751110792160034180e-01 -6.044296026229858398e-01 -2.388153076171875000e-01 -3.943284749984741211e-01 2.735412120819091797e-01 -5.850702524185180664e-01
1.296248435974121094e-01 -7.366483211517333984e-01 -2.035411596298217773e-01 -4.460737705230712891e-01 2.945680618286132812e-01 -7.126699686050415039e-01
1.486499309539794922e-01 -5.887916684150695801e-01 -1.434307098388671875e-01 -4.942067265510559082e-01 2.864680290222167969e-01 -5.130286216735839844e-01
1.652494668960571289e-01 -5.490348935127258301e-01 -1.619598865509033203e-01 -4.615706205368041992e-01 2.158387899398803711e-01 -3.537319302558898926e-01
7.545387744903564453e-02 -5.052489042282104492e-01 -5.661076307296752930e-02 -4.618353843688964844e-01 2.584923505783081055e-01 -1.824475526809692383e-01
7.296693325042724609e-02 -4.276203513145446777e-01 -1.177489757537841797e-01 -4.330102801322937012e-01 2.357736825942993164e-01 -7.165932655334472656e-02
8.654451370239257812e-02 -3.616068959236145020e-01 -1.488149762153625488e-01 -4.062955379486083984e-01 1.607924699783325195e-01 6.306362152099609375e-02
2.196609973907470703e-02 -3.523761034011840820e-01 -6.634467840194702148e-02 -3.197848200798034668e-01 9.406888484954833984e-02 1.519229412078857422e-01
2.016520500183105469e-02 -2.381051778793334961e-01 -3.995120525360107422e-03 -3.555012941360473633e-01 3.041017055511474609e-02 2.536308765411376953e-01
1.054562330245971680e-01 -2.942379117012023926e-01 -2.470749616622924805e-02 -2.334899902343750000e-01 8.971190452575683594e-02 2.158029079437255859e-01
1.002440452575683594e-01 -2.312347292900085449e-01 7.776236534118652344e-02 -2.606995105743408203e-01 4.184865951538085938e-02 3.029955625534057617e-01
1.448929309844970703e-01 -3.059526681900024414e-01 -6.998848915100097656e-02 -1.449576020240783691e-01 1.430715322494506836e-01 1.936118602752685547e-01
1.313461065292358398e-01 -2.830752134323120117e-01 -1.918530464172363281e-02 -1.673015952110290527e-01 1.439034938812255859e-01 2.324874401092529297e-01
3.258030414581298828e-01 -3.617622852325439453e-01 -2.515264749526977539e-01 -1.432795524597167969e-01 1.715303659439086914e-01 1.674323081970214844e-01
1.612325906753540039e-01 -3.207291960716247559e-01 -1.177840828895568848e-01 -1.029159426689147949e-01 -2.204328775405883789e-02 2.491236925125122070e-01
-1.070384383201599121e-01 -3.983958959579467773e-01 -1.019082665443420410e-01 -9.987413883209228516e-02 -1.604223251342773438e-01 1.862185001373291016e-01
9.539413452148437500e-02 -4.008744359016418457e-01 -1.314675807952880859e-01 -2.396323680877685547e-01 7.758700847625732422e-02 1.986181735992431641e-01
-6.450122594833374023e-02 -3.954808712005615234e-01 -7.477754354476928711e-02 -2.281420826911926270e-01 -4.681521654129028320e-02 2.512574195861816406e-01
-1.012451052665710449e-01 -5.527933835983276367e-01 2.151012420654296875e-03 -3.254734277725219727e-01 4.085886478424072266e-02 2.263569831848144531e-02
-2.610895037651062012e-01 -4.309662580490112305e-01 2.017391920089721680e-01 -2.875303030014038086e-01 -1.948555707931518555e-01 2.251951694488525391e-01
-2.129644155502319336e-01 -4.148600697517395020e-01 -1.128574609756469727e-01 -1.567358374595642090e-01 -2.315224409103393555e-01 4.293072223663330078e-02
1.842021942138671875e-02 -6.032723784446716309e-01 6.003487110137939453e-02 -1.860719323158264160e-01 -6.117260456085205078e-02 -1.688986420631408691e-01
-2.911101579666137695e-01 -5.675306916236877441e-01 -1.168977022171020508e-01 -2.319664955139160156e-01 -9.482961893081665039e-02 -1.814096570014953613e-01
-8.110499382019042969e-02 -5.426888465881347656e-01 9.449911117553710938e-02 -1.665669679641723633e-01 -3.240015506744384766e-01 -1.227325201034545898e-01
-5.945897102355957031e-02 -5.732752084732055664e-01 -1.259952783584594727e-02 -3.341031074523925781e-01 -1.436375975608825684e-01 -8.752179145812988281e-02
-8.148407936096191406e-02 -4.898166656494140625e-01 -1.909582018852233887e-01 -3.311644196510314941e-01 -3.020608425140380859e-01 -1.147251725196838379e-01
-2.650761604309082031e-02 -5.832798480987548828e-01 -1.479048728942871094e-01 -4.428133964538574219e-01 -6.045401096343994141e-02 -1.871966123580932617e-01
3.966188430786132812e-02 -5.888530015945434570e-01 -1.248660087585449219e-01 -4.735201001167297363e-01 4.210591316223144531e-03 -1.259150505065917969e-01
2.194356918334960938e-02 -6.478514671325683594e-01 -1.031820178031921387e-01 -5.580042004585266113e-01 -8.532255887985229492e-02 -1.375516057014465332e-01
-3.323882818222045898e-02 -7.240434885025024414e-01 -1.033006310462951660e-01 -3.617823719978332520e-01 -2.053482532501220703e-01 -1.653979420661926270e-01
1.317336559295654297e-01 -7.672454118728637695e-01 -8.546495437622070312e-02 -3.530585765838623047e-01 -1.706013083457946777e-01 -2.268282771110534668e-01
8.028829097747802734e-02 -7.134134173393249512e-01 -9.036064147949218750e-05 -1.157534122467041016e-01 -3.172959089279174805e-01 -2.494308948516845703e-01
7.551312446594238281e-02 -6.657992005348205566e-01 1.400641202926635742e-01 -2.991790175437927246e-01 -1.614161729812622070e-01 -2.937352657318115234e-01
-6.843101978302001953e-02 -5.117344856262207031e-01 1.778334379196166992e-01 -4.273362159729003906e-01 -1.973876357078552246e-01 -2.191562652587890625e-01
-7.882267236709594727e-02 -4.004716277122497559e-01 1.090406179428100586e-01 -4.936914443969726562e-01 -3.219152092933654785e-01 -6.091821193695068359e-02
-2.372831106185913086e-02 -4.597064852714538574e-01 1.067593097686767578e-01 -3.955870270729064941e-01 -3.620486855506896973e-01 -2.029263377189636230e-01
-6.948244571685791016e-02 -3.027545213699340820e-01 2.822418212890625000e-01 -3.432546257972717285e-01 -3.234183788299560547e-01 -1.773193478584289551e-01
-2.057880163192749023e-02 -5.424567461013793945e-01 2.803190946578979492e-01 -3.474710583686828613e-01 4.733431339263916016e-02 -3.394732475280761719e-01
-2.409808039665222168e-01 -3.963341712951660156e-01 2.378852367401123047e-01 -3.884936571121215820e-01 2.028310298919677734e-02 -1.350995302200317383e-01
-1.755583286285400391e-01 -3.796663880348205566e-01 1.729012727737426758e-01 -4.372845292091369629e-01 -1.633055806159973145e-01 -6.910252571105957031e-02
-2.179725766181945801e-01 -1.635596156120300293e-01 3.656517267227172852e-01 -2.766749858856201172e-01 -3.661842346191406250e-01 8.259701728820800781e-02
-1.584345102310180664e-01 -2.914999723434448242e-01 3.481203317642211914e-01 -6.115299463272094727e-02 -1.561812758445739746e-01 8.189356327056884766e-02
-2.548636794090270996e-01 -3.215197324752807617e-01 2.983185052871704102e-01 -5.580258369445800781e-02 -2.534747719764709473e-01 -1.364561915397644043e-01
-4.572243690490722656e-01 -2.527275681495666504e-01 3.320024013519287109e-01 2.239601612091064453e-01 -4.350019097328186035e-01 -4.306578636169433594e-02
-4.076204299926757812e-01 -3.776730895042419434e-01 -5.421292781829833984e-02 3.745460510253906250e-01 -3.461652398109436035e-01 -3.258380293846130371e-01
-5.440553426742553711e-01 -4.098297357559204102e-01 -7.370281219482421875e-02 5.232779979705810547e-01 -5.591002106666564941e-01 -2.173427343368530273e-01
-6.315854787826538086e-01 -3.820664286613464355e-01 1.110588312149047852e-01 4.920388460159301758e-01 -4.279673099517822266e-01 -2.657437920570373535e-01
-3.962486982345581055e-01 -4.867262244224548340e-01 -8.484083414077758789e-02 5.089188814163208008e-01 -3.323207497596740723e-01 -4.589077234268188477e-01
-4.736719727516174316e-01 -5.183561444282531738e-01 2.086961269378662109e-02 5.018409490585327148e-01 -4.512869119644165039e-01 -2.960413098335266113e-01
-3.653619289398193359e-01 -5.428774356842041016e-01 4.296517372131347656e-02 5.211356878280639648e-01 -2.119215726852416992e-01 -3.650801777839660645e-01
-4.538878798484802246e-01 -4.217612743377685547e-01 -5.114561319351196289e-02 5.645614862442016602e-01 -3.500369191169738770e-01 -1.847150325775146484e-01
-3.704466223716735840e-01 -4.465044736862182617e-01 4.062378406524658203e-02 3.787243366241455078e-01 -3.709717392921447754e-01 -1.123533844947814941e-01
-4.006050229072570801e-01 -5.277119874954223633e-01 5.244171619415283203e-02 6.606726646423339844e-01 -4.287794828414916992e-01 -3.223547935485839844e-01
-2.310374379158020020e-01 -6.197574138641357422e-01 7.552099227905273438e-02 5.814542770385742188e-01 -3.093945384025573730e-01 -4.201220273971557617e-01
-3.219559192657470703e-01 -6.944199800491333008e-01 7.875597476959228516e-02 6.611452102661132812e-01 -2.928971052169799805e-01 -5.230578184127807617e-01
-6.246916055679321289e-01 -4.090560674667358398e-01 2.211924791336059570e-01 5.825915336608886719e-01 -3.807800412178039551e-01 -2.783166170120239258e-01
-4.541944861412048340e-01 -4.519540667533874512e-01 1.912698745727539062e-01 4.271030426025390625e-01 -3.290860652923583984e-01 -3.594512939453125000e-01
-4.686081409454345703e-01 -3.574201464653015137e-01 4.800332784652709961e-01 2.542017698287963867e-01 -2.592167854309082031e-01 -1.255877017974853516e-01
-2.449000477790832520e-01 -3.645194172859191895e-01 4.462208747863769531e-01 -7.010883092880249023e-02 -3.348010182380676270e-01 -6.643140316009521484e-02
-2.598620057106018066e-01 -2.758358120918273926e-01 2.869144678115844727e-01 6.288290023803710938e-04 -2.634131312370300293e-01 -9.714406728744506836e-02
-4.063984751701354980e-01 -2.402001619338989258e-01 1.367281675338745117e-01 1.035932302474975586e-01 -4.196732640266418457e-01 -2.067658901214599609e-01
-3.015664219856262207e-01 -4.161205291748046875e-01 3.323158025741577148e-01 -1.104597449302673340e-01 -2.303029894828796387e-01 -1.766461730003356934e-01
-4.127787351608276367e-01 -2.793969511985778809e-01 2.763853073120117188e-01 -2.226266264915466309e-01 -4.316769838333129883e-01 -1.305495500564575195e-01
-3.367473483085632324e-01 -3.243557214736938477e-01 3.235570192337036133e-01 4.679083824157714844e-02 -2.446713447570800781e-01 -9.189838171005249023e-02
-5.209136009216308594e-01 -4.331191182136535645e-01 4.904210567474365234e-02 4.712625741958618164e-01 1.209646463394165039e-01 -5.449309349060058594e-01
-3.363562226295471191e-01 -4.851697683334350586e-01 9.299814701080322266e-02 5.824759006500244141e-01 3.231464624404907227e-01 -5.880454778671264648e-01
-2.542209625244140625e-01 -5.904154777526855469e-01 2.685292959213256836e-01 4.474831819534301758e-01 3.085299730300903320e-01 -5.906833410263061523e-01
-1.364437937736511230e-01 -2.861152291297912598e-01 4.629315137863159180e-01 4.049479961395263672e-02 -1.520111560821533203e-01 -1.961597800254821777e-01
-1.549788117408752441e-01 2.342224121093750000e-03 5.750979185104370117e-01 -1.639314293861389160e-01 -2.554575204849243164e-01 1.062377691268920898e-01
-1.426615118980407715e-01 2.344310283660888672e-02 4.687963724136352539e-01 -9.093379974365234375e-02 -1.447497606277465820e-01 3.887724876403808594e-02
5.515158176422119141e-02 3.686780929565429688e-01 2.807555198669433594e-01 -2.542726397514343262e-01 -1.103799343109130859e-01 2.267559766769409180e-01
8.911061286926269531e-02 2.676229476928710938e-01 1.955465078353881836e-01 -3.283740282058715820e-01 -7.504224777221679688e-03 1.160402297973632812e-01
1.574193239212036133e-01 2.784210443496704102e-01 3.147318363189697266e-01 -3.953963518142700195e-01 -3.804564476013183594e-04 1.950249671936035156e-01
2.643525600433349609e-01 3.325051069259643555e-01 2.979843616485595703e-01 -4.927294850349426270e-01 2.801454067230224609e-02 2.209812402725219727e-01
2.170794010162353516e-01 2.230638265609741211e-01 3.027603626251220703e-01 -4.626647830009460449e-01 7.697474956512451172e-02 1.544609069824218750e-01
-2.719223499298095703e-02 -1.739275455474853516e-02 1.956224441528320312e-01 -4.342243671417236328e-01 1.498162746429443359e-01 -8.223295211791992188e-02
-2.255692481994628906e-01 7.113790512084960938e-02 5.786025524139404297e-01 -1.043295264244079590e-01 -7.143050432205200195e-02 2.016794681549072266e-02
-6.783914566040039062e-02 1.658580303192138672e-01 5.715832710266113281e-01 -3.466221690177917480e-01 -8.517307043075561523e-02 2.255455255508422852e-01
-2.387057542800903320e-01 6.365096569061279297e-02 5.762932300567626953e-01 -4.263815879821777344e-01 -1.280406713485717773e-01 6.985127925872802734e-02
-1.824589371681213379e-01 1.522506475448608398e-01 6.740809679031372070e-01 -4.462566375732421875e-01 -1.286313533782958984e-01 1.003828048706054688e-01
-4.546776413917541504e-01 1.868835687637329102e-01 5.867774486541748047e-01 -1.947152614593505859e-01 -2.348513007164001465e-01 2.210701704025268555e-01
-3.489311337471008301e-01 8.993899822235107422e-02 5.218523740768432617e-01 -1.420945525169372559e-01 -8.060061931610107422e-02 1.723804473876953125e-01
-2.347629666328430176e-01 2.856755256652832031e-02 7.755316495895385742e-01 -1.617794632911682129e-01 -3.846931457519531250e-02 2.554951906204223633e-01
-1.615979671478271484e-01 1.588690280914306641e-02 4.054739475250244141e-01 -1.179527640342712402e-01 -3.213734030723571777e-01 8.067083358764648438e-02
-3.397170901298522949e-01 1.992831230163574219e-01 4.308708906173706055e-01 -1.070933341979980469e-01 -5.930881500244140625e-01 3.007541894912719727e-01
-2.562390565872192383e-01 9.539127349853515625e-02 6.592411994934082031e-01 -1.127066016197204590e-01 -3.849371671676635742e-01 3.189555406570434570e-01
-2.949450016021728516e-01 1.996936798095703125e-01 2.769076824188232422e-01 -2.262270450592041016e-02 -1.868273615837097168e-01 6.311452388763427734e-02
-2.974179387092590332e-01 2.903702259063720703e-01 2.143638134002685547e-01 3.116074800491333008e-01 -3.778077363967895508e-01 1.420998573303222656e-01
-1.998257637023925781e-02 1.897133588790893555e-01 -1.475477218627929688e-01 4.079377651214599609e-01 -4.208781719207763672e-01 3.746600151062011719e-01
-4.263395071029663086e-02 3.150109052658081055e-01 -2.469870448112487793e-01 5.691699981689453125e-01 -3.947345018386840820e-01 4.493182897567749023e-01
1.135206222534179688e-02 3.992108106613159180e-01 -3.949283361434936523e-01 6.504951715469360352e-01 -4.846208095550537109e-01 5.913448333740234375e-01
1.508084535598754883e-01 4.025076627731323242e-01 -3.582947850227355957e-01 6.349927186965942383e-01 -4.098539352416992188e-01 6.242405176162719727e-01
2.302359342575073242e-01 2.069983482360839844e-01 -3.309929370880126953e-01 6.657830476760864258e-01 -1.809490323066711426e-01 4.145292043685913086e-01
2.286012172698974609e-01 3.054425716400146484e-01 -2.550032734870910645e-01 5.123276710510253906e-01 -1.987413763999938965e-01 5.201970338821411133e-01
1.867332458496093750e-01 2.315163612365722656e-01 -3.158698678016662598e-01 6.323485374450683594e-01 -2.215232253074645996e-01 5.075229406356811523e-01
1.167448759078979492e-01 2.914314270019531250e-01 -2.588742375373840332e-01 5.941346883773803711e-01 -2.021768689155578613e-01 6.384501457214355469e-01
1.705064773559570312e-01 2.479038238525390625e-01 -4.276063442230224609e-01 5.665042400360107422e-01 -7.187020778656005859e-02 4.787102937698364258e-01
1.698184013366699219e-02 2.766774892807006836e-01 -2.711793780326843262e-01 5.435055494308471680e-01 -1.731992363929748535e-01 5.794199705123901367e-01
-2.184396982192993164e-02 2.223864793777465820e-01 5.944097042083740234e-02 4.788533449172973633e-01 -2.670907974243164062e-01 6.991635560989379883e-01
-2.306292653083801270e-01 2.458143234252929688e-02 4.178524017333984375e-01 2.148109674453735352e-01 -1.200462579727172852e-01 6.365789175033569336e-01
-1.092447638511657715e-01 3.182634115219116211e-01 -3.347545862197875977e-02 3.481744527816772461e-01 -3.304002881050109863e-01 7.019854784011840820e-01
-4.556501507759094238e-01 1.609872579574584961e-01 4.083559513092041016e-01 3.015562295913696289e-01 -2.213379144668579102e-01 7.985222339630126953e-01
5.812978744506835938e-02 1.528367996215820312e-01 9.166526794433593750e-02 1.574037075042724609e-01 -2.149240970611572266e-01 5.794787406921386719e-01
-2.872974872589111328e-01 3.011888265609741211e-01 2.183979749679565430e-01 2.137302160263061523e-01 -2.559499144554138184e-01 7.410973310470581055e-01
-2.857974171638488770e-01 3.195033073425292969e-01 2.084742784500122070e-01 2.426892518997192383e-01 -2.542318701744079590e-01 7.149325609207153320e-01
