1.612398624420166016e-01 4.193259477615356445e-01 -1.576095223426818848e-01 2.707707881927490234e-02 -1.086920499801635742e-01 1.060628890991210938e-02
4.903038740158081055e-01 5.566278696060180664e-01 -4.861351251602172852e-01 1.355172395706176758e-01 -6.239241361618041992e-02 7.032358646392822266e-02
5.328100919723510742e-01 5.401172637939453125e-01 -4.449362754821777344e-01 1.123479604721069336e-01 -1.626560091972351074e-01 9.528529644012451172e-02
7.345638275146484375e-01 4.973021745681762695e-01 -4.677115082740783691e-01 5.829763412475585938e-02 -9.336113929748535156e-02 5.080628395080566406e-02
6.485443115234375000e-01 3.890727758407592773e-01 -4.692251682281494141e-01 1.651934385299682617e-01 -4.357439279556274414e-02 -3.958821296691894531e-02
6.424705982208251953e-01 4.873694181442260742e-01 -4.581466317176818848e-01 4.690265655517578125e-02 -9.575217962265014648e-02 7.099699974060058594e-02
6.850371360778808594e-01 4.507621526718139648e-01 -5.261418819427490234e-01 1.079719066619873047e-01 -5.664777755737304688e-02 -4.677891731262207031e-03
6.836537122726440430e-01 4.093605279922485352e-01 -5.374553203582763672e-01 1.387531757354736328e-01 -7.129263877868652344e-02 -1.435279846191406250e-04
6.729675531387329102e-01 4.549636840820312500e-01 -5.925675630569458008e-01 1.260840892791748047e-01 -9.959346055984497070e-02 2.163791656494140625e-02
7.516607046127319336e-01 4.725644588470458984e-01 -6.069202423095703125e-01 1.086552143096923828e-01 -6.024324893951416016e-02 3.872311115264892578e-02
6.240425109863281250e-01 4.458506107330322266e-01 -4.908193945884704590e-01 1.311148405075073242e-01 -3.479689359664916992e-02 5.401217937469482422e-02
6.251134872436523438e-01 4.175802469253540039e-01 -5.226017236709594727e-01 1.747812032699584961e-01 1.997804641723632812e-02 1.202034950256347656e-02
6.680619716644287109e-01 3.283424377441406250e-01 -5.665503144264221191e-01 1.606558561325073242e-01 1.406428813934326172e-01 -5.761080980300903320e-02
5.088602304458618164e-01 3.534524440765380859e-01 -4.341666102409362793e-01 6.680977344512939453e-02 1.339100599288940430e-01 1.551723480224609375e-02
4.583493471145629883e-01 2.257095575332641602e-01 -4.752223491668701172e-01 4.421746730804443359e-02 2.342598438262939453e-01 -4.717218875885009766e-02
5.159171819686889648e-01 1.851183176040649414e-01 -6.129956245422363281e-01 -1.786994934082031250e-02 3.263094425201416016e-01 -1.353135108947753906e-01
2.827898263931274414e-01 9.827852249145507812e-02 -5.915391445159912109e-01 -1.658434271812438965e-01 3.202975988388061523e-01 -2.354125976562500000e-01
2.441350221633911133e-01 5.059850215911865234e-02 -6.169903278350830078e-01 -2.298323512077331543e-01 3.597925901412963867e-01 -3.000326752662658691e-01
2.503753900527954102e-01 3.576028347015380859e-02 -6.201852560043334961e-01 -3.064234256744384766e-01 2.503890991210937500e-01 -2.449208498001098633e-01
2.994725704193115234e-01 -6.329756975173950195e-02 -5.163564085960388184e-01 -3.066849708557128906e-01 2.296190261840820312e-01 -2.760163545608520508e-01
3.038522005081176758e-01 6.111276149749755859e-02 -4.701792597770690918e-01 -2.618820667266845703e-01 6.987607479095458984e-02 -1.239894628524780273e-01
1.613988876342773438e-01 -3.751474618911743164e-02 -3.110994100570678711e-01 -4.673511981964111328e-01 1.777514219284057617e-01 -1.842629909515380859e-01
2.690871953964233398e-01 -9.946119785308837891e-02 -4.838364720344543457e-01 -2.683297395706176758e-01 1.153116226196289062e-01 -2.804661393165588379e-01
3.262708187103271484e-01 -1.321842670440673828e-01 -4.488139748573303223e-01 -4.831086993217468262e-01 2.622091770172119141e-01 -4.109005928039550781e-01
3.988940715789794922e-01 -2.105168104171752930e-01 -3.933303356170654297e-01 -6.354359388351440430e-01 4.183644056320190430e-01 -4.663016796112060547e-01
3.682048320770263672e-01 -2.143864035606384277e-01 -4.468377828598022461e-01 -7.016373276710510254e-01 4.126828908920288086e-01 -5.595345497131347656e-01
4.089370965957641602e-01 -2.515817284584045410e-01 -3.939077258110046387e-01 -6.686559915542602539e-01 4.680668115615844727e-01 -5.211263895034790039e-01
3.378735780715942383e-01 -1.862203478813171387e-01 -2.881345152854919434e-01 -7.179423570632934570e-01 4.264676570892333984e-01 -3.966579437255859375e-01
3.534498214721679688e-01 -2.323557138442993164e-01 -3.197340369224548340e-01 -6.190779209136962891e-01 3.866426944732666016e-01 -4.253781437873840332e-01
4.956644773483276367e-01 -2.183571457862854004e-01 -4.228169918060302734e-01 -5.867595672607421875e-01 3.449597358703613281e-01 -3.972909450531005859e-01
4.247732162475585938e-01 -2.249065637588500977e-01 -3.658227324485778809e-01 -5.669859051704406738e-01 3.630621433258056641e-01 -3.853873014450073242e-01
4.194657802581787109e-01 -2.538850903511047363e-01 -4.194247126579284668e-01 -4.076561927795410156e-01 3.600354194641113281e-01 -4.384067654609680176e-01
4.050455093383789062e-01 -3.016877770423889160e-01 -3.789322972297668457e-01 -4.510045051574707031e-01 3.868994712829589844e-01 -4.602501392364501953e-01
5.099879503250122070e-01 -2.599290013313293457e-01 -4.867846369743347168e-01 -5.000688433647155762e-01 3.649141788482666016e-01 -4.389457106590270996e-01
3.195554018020629883e-01 -3.338157534599304199e-01 -3.162317872047424316e-01 -4.165163040161132812e-01 3.478603363037109375e-01 -4.482185840606689453e-01
3.324153423309326172e-01 -3.539751768112182617e-01 -4.106588363647460938e-01 -3.425709605216979980e-01 3.495898246765136719e-01 -5.056636333465576172e-01
3.120608329772949219e-01 -3.515636920928955078e-01 -2.751203775405883789e-01 -4.091230630874633789e-01 3.542432785034179688e-01 -4.312934279441833496e-01
3.362239599227905273e-01 -3.783007264137268066e-01 -2.624098062515258789e-01 -3.547310233116149902e-01 3.263839483261108398e-01 -3.997222185134887695e-01
3.176248073577880859e-01 -4.139719009399414062e-01 -3.080646395683288574e-01 -3.002452254295349121e-01 3.395042419433593750e-01 -4.684871435165405273e-01
4.146858453750610352e-01 -4.082668423652648926e-01 -2.528893947601318359e-01 -4.078730940818786621e-01 3.095974922180175781e-01 -3.634154796600341797e-01
4.164347648620605469e-01 -4.810534715652465820e-01 -2.542846202850341797e-01 -4.345918893814086914e-01 3.715893030166625977e-01 -4.903554320335388184e-01
3.877035379409790039e-01 -5.165222883224487305e-01 -2.391528487205505371e-01 -4.179608225822448730e-01 4.265685081481933594e-01 -5.158718228340148926e-01
3.069870471954345703e-01 -5.044867992401123047e-01 -2.123409509658813477e-01 -3.890683054924011230e-01 3.997670412063598633e-01 -3.870980143547058105e-01
3.007705211639404297e-01 -4.145111441612243652e-01 -1.729161739349365234e-01 -3.863908648490905762e-01 3.772213459014892578e-01 -2.252672314643859863e-01
2.541468143463134766e-01 -3.421868085861206055e-01 -1.335011720657348633e-01 -4.206968545913696289e-01 3.225445747375488281e-01 -5.809193849563598633e-02
3.680887222290039062e-01 -2.790483832359313965e-01 -2.101218700408935547e-01 -4.247747659683227539e-01 2.715877294540405273e-01 5.913054943084716797e-02
1.790062189102172852e-01 -3.589128255844116211e-01 -3.126412630081176758e-02 -3.743195533752441406e-01 2.850935459136962891e-01 7.876074314117431641e-02
1.536449193954467773e-01 -2.981128096580505371e-01 4.665279388427734375e-02 -3.455393314361572266e-01 1.587238311767578125e-01 2.520980834960937500e-01
1.891180276870727539e-01 -2.881208062171936035e-01 -3.612220287322998047e-03 -2.630451917648315430e-01 9.968829154968261719e-02 2.778126001358032227e-01
2.469106912612915039e-01 -1.774877309799194336e-01 -3.299403190612792969e-02 -3.189062476158142090e-01 4.572248458862304688e-02 3.489407300949096680e-01
2.311811447143554688e-01 -1.625135540962219238e-01 -4.645341634750366211e-02 -2.862276434898376465e-01 -9.461104869842529297e-03 3.883516788482666016e-01
1.990098953247070312e-01 -1.571152210235595703e-01 -2.090060710906982422e-02 -2.561895847320556641e-01 -6.894332170486450195e-02 4.340920448303222656e-01
2.380102872848510742e-01 -1.472387313842773438e-01 -1.559728384017944336e-02 -2.877025008201599121e-01 -5.391532182693481445e-02 4.414761066436767578e-01
2.487893104553222656e-01 -2.371752858161926270e-01 -2.155321836471557617e-02 -2.559766173362731934e-01 3.936684131622314453e-02 3.312721252441406250e-01
2.631589174270629883e-01 -2.841189503669738770e-01 -3.153520822525024414e-02 -2.243171334266662598e-01 5.788612365722656250e-02 2.881052494049072266e-01
3.148441314697265625e-01 -3.013673424720764160e-01 -3.732007741928100586e-02 -2.040569782257080078e-01 7.652580738067626953e-02 3.026357889175415039e-01
1.431026458740234375e-01 -2.436123490333557129e-01 -4.315912723541259766e-02 -5.392503738403320312e-02 -5.662232637405395508e-02 3.594194650650024414e-01
7.585847377777099609e-02 -1.930232048034667969e-01 -1.856627464294433594e-01 -5.320680141448974609e-02 -1.128358840942382812e-01 3.911237716674804688e-01
1.007115840911865234e-01 -2.630398273468017578e-01 -2.518951892852783203e-02 -2.386950850486755371e-01 5.963945388793945312e-02 3.758162260055541992e-01
-9.259378910064697266e-02 -4.101045131683349609e-01 -9.159314632415771484e-02 -1.833379864692687988e-01 1.380741596221923828e-02 1.528002023696899414e-01
-2.481553554534912109e-01 -4.745420813560485840e-01 6.046915054321289062e-02 -1.205912232398986816e-01 -6.887757778167724609e-02 1.600728034973144531e-01
-2.145686745643615723e-01 -3.858170509338378906e-01 2.699863910675048828e-02 -5.082434415817260742e-02 -2.394124269485473633e-01 2.409580945968627930e-01
-1.504914760589599609e-01 -4.639482498168945312e-01 -1.825398206710815430e-02 -6.280869245529174805e-02 -2.272127866744995117e-01 5.719757080078125000e-02
-2.387561798095703125e-01 -5.645630359649658203e-01 -2.176094055175781250e-02 -4.254865646362304688e-02 -2.072521448135375977e-01 4.779839515686035156e-02
-2.844471931457519531e-01 -5.295832157135009766e-01 -1.157031059265136719e-01 -1.133683919906616211e-01 -2.686575651168823242e-01 6.309950351715087891e-02
-3.843924403190612793e-01 -3.345093727111816406e-01 3.558863401412963867e-01 -1.331518888473510742e-01 -4.231125116348266602e-02 3.143317699432373047e-01
-1.428847908973693848e-01 -5.048606991767883301e-01 1.210374832153320312e-01 -2.059627175331115723e-01 -2.582055926322937012e-01 -1.547318696975708008e-02
2.620160579681396484e-02 -6.547973155975341797e-01 9.918522834777832031e-02 -1.823979020118713379e-01 -9.684538841247558594e-02 -4.129391908645629883e-02
-7.641017436981201172e-02 -6.797012090682983398e-01 -1.002927422523498535e-01 -3.008525371551513672e-01 -1.423955559730529785e-01 -1.756959557533264160e-01
1.909714937210083008e-01 -7.546322941780090332e-01 -1.489439606666564941e-01 -3.439583778381347656e-01 -7.676357030868530273e-02 -3.750115633010864258e-01
3.400706052780151367e-01 -7.835659980773925781e-01 -2.844931483268737793e-01 -3.534755706787109375e-01 -8.312582969665527344e-03 -3.843670487403869629e-01
2.135059833526611328e-01 -6.573982834815979004e-01 -2.187572717666625977e-01 -4.483046531677246094e-01 -6.039088964462280273e-02 -2.779554724693298340e-01
3.186507225036621094e-01 -6.345475316047668457e-01 -4.483817219734191895e-01 -3.419625759124755859e-01 -1.326394081115722656e-01 -2.923390865325927734e-01
3.569877147674560547e-01 -6.092661619186401367e-01 -4.102557301521301270e-01 -3.131698369979858398e-01 -3.834096193313598633e-01 -1.722759604454040527e-01
4.221713542938232422e-01 -7.175738215446472168e-01 -4.569456577301025391e-01 -2.996557354927062988e-01 -1.998573541641235352e-01 -4.352380633354187012e-01
2.389216423034667969e-01 -6.019437909126281738e-01 -1.545726060867309570e-01 -1.606579422950744629e-01 -4.479163289070129395e-01 -3.022386431694030762e-01
-6.846797466278076172e-02 -6.586257815361022949e-01 -1.291382312774658203e-02 4.805111885070800781e-02 -5.849416255950927734e-01 -2.158737182617187500e-01
-6.046777963638305664e-02 -5.998872518539428711e-01 -1.393719315528869629e-01 1.633020639419555664e-01 -4.559004306793212891e-01 -1.958110928535461426e-01
-1.540960669517517090e-01 -5.388304591178894043e-01 3.384342193603515625e-01 -2.398943305015563965e-01 -1.655303835868835449e-01 -2.973389625549316406e-02
-2.307803630828857422e-01 -4.096968770027160645e-01 2.441778182983398438e-01 -4.377788901329040527e-01 -1.473907828330993652e-01 -6.010115146636962891e-02
-3.391844034194946289e-01 -3.015291690826416016e-01 2.169007062911987305e-01 -3.293573260307312012e-01 -2.877991795539855957e-01 -1.580607891082763672e-02
-1.267095804214477539e-01 -4.563305377960205078e-01 2.253563404083251953e-01 -3.439109921455383301e-01 -1.695041060447692871e-01 -1.313058137893676758e-01
-2.688806056976318359e-01 -4.808593392372131348e-01 2.027778625488281250e-01 -3.130685687065124512e-01 -2.029889822006225586e-01 -1.871328949928283691e-01
-2.258619070053100586e-01 -5.141731500625610352e-01 1.530851125717163086e-01 -4.414543509483337402e-01 -5.777418613433837891e-03 -3.485554456710815430e-01
-1.274309754371643066e-01 -4.464591145515441895e-01 2.101068496704101562e-01 -1.907962560653686523e-01 -6.963926553726196289e-02 -2.013834714889526367e-01
-4.820623397827148438e-01 -3.964853286743164062e-01 2.694472074508666992e-01 3.817919492721557617e-01 -2.124105691909790039e-01 -1.371052861213684082e-01
-6.866319179534912109e-01 -3.025716543197631836e-01 2.040048837661743164e-01 4.155048131942749023e-01 -5.948851108551025391e-01 -1.579949855804443359e-01
-2.948044538497924805e-01 -6.418858766555786133e-01 2.281283140182495117e-01 2.793660163879394531e-01 -3.544580936431884766e-01 -2.329153418540954590e-01
-5.413930416107177734e-01 -5.145329236984252930e-01 4.144454002380371094e-02 7.687656879425048828e-01 -6.123937368392944336e-01 -1.637757420539855957e-01
-4.796777963638305664e-01 -3.715819716453552246e-01 1.190130710601806641e-01 6.166725158691406250e-01 -6.058953404426574707e-01 -4.313790798187255859e-02
-2.338660955429077148e-01 -6.023259162902832031e-01 1.363635063171386719e-03 4.640467166900634766e-01 -3.554680943489074707e-01 -2.212976813316345215e-01
-3.145531415939331055e-01 -5.204645991325378418e-01 3.316847085952758789e-01 5.367232561111450195e-01 -4.154242277145385742e-01 -1.038954257965087891e-01
-5.168695449829101562e-01 -5.926358103752136230e-01 1.938050985336303711e-01 5.723671913146972656e-01 -3.825139999389648438e-01 -3.041343092918395996e-01
-6.322435140609741211e-01 -4.757087230682373047e-01 3.456330299377441406e-01 5.275957584381103516e-01 -4.424084424972534180e-01 -1.504784822463989258e-01
-5.217673778533935547e-01 -6.933908462524414062e-01 7.055139541625976562e-02 4.059325456619262695e-01 -2.334995865821838379e-01 -3.703785538673400879e-01
-4.399613142013549805e-01 -6.672128438949584961e-01 6.045579910278320312e-03 5.188320875167846680e-01 -3.217118978500366211e-01 -3.044689297676086426e-01
-3.946480751037597656e-01 -4.913680553436279297e-01 2.182102203369140625e-02 6.059689521789550781e-01 -6.878886222839355469e-01 -1.919641494750976562e-01
-4.813057184219360352e-01 -4.705771803855895996e-01 2.246730327606201172e-01 4.536206722259521484e-01 -4.931709170341491699e-01 -2.526608705520629883e-01
-4.010632634162902832e-01 -4.119096994400024414e-01 3.251098394393920898e-01 3.642894029617309570e-01 -5.682268142700195312e-01 -1.767098307609558105e-01
-4.399210810661315918e-01 -3.605516552925109863e-01 4.113880395889282227e-01 3.295716047286987305e-01 -3.897706866264343262e-01 -1.307803392410278320e-01
-2.232635617256164551e-01 -3.485028147697448730e-01 3.946321010589599609e-01 1.023426055908203125e-01 -4.406647682189941406e-01 -1.323825716972351074e-01
-3.362382650375366211e-01 -3.136877417564392090e-01 3.940929174423217773e-01 4.325067996978759766e-02 -2.885680198669433594e-01 -8.426403999328613281e-02
-3.145675659179687500e-01 -5.471554994583129883e-01 2.662088871002197266e-01 1.117604970932006836e-01 -1.034454703330993652e-01 -2.331421375274658203e-01
-4.483259916305541992e-01 -5.537003874778747559e-01 3.770401477813720703e-01 6.860756874084472656e-02 -4.580551385879516602e-02 -2.409337759017944336e-01
-4.294064044952392578e-01 -3.769568204879760742e-01 1.622680425643920898e-01 1.936403512954711914e-01 -3.138074874877929688e-01 -2.104657292366027832e-01
-4.088764786720275879e-01 -2.863530516624450684e-01 1.406989097595214844e-01 7.366636991500854492e-01 -1.599301099777221680e-01 -4.773884415626525879e-01
-2.215080857276916504e-01 -5.744960308074951172e-01 9.848463535308837891e-02 6.067630052566528320e-01 1.497415304183959961e-01 -7.904823422431945801e-01
5.383455753326416016e-02 -3.386363983154296875e-01 4.163432121276855469e-01 2.703154087066650391e-02 1.897194385528564453e-01 -3.407363891601562500e-01
9.301233291625976562e-02 -3.749847412109375000e-03 3.086520433425903320e-01 -7.404148578643798828e-02 1.588613986968994141e-01 -9.711241722106933594e-02
7.402491569519042969e-02 1.557241678237915039e-01 1.319727897644042969e-01 -2.030569314956665039e-01 1.144491434097290039e-01 -2.354049682617187500e-02
8.642089366912841797e-02 4.688720703125000000e-01 1.943148374557495117e-01 -4.290620684623718262e-01 -8.946657180786132812e-05 2.734410762786865234e-01
1.591305732727050781e-01 4.851838350296020508e-01 2.110564708709716797e-02 -3.959838747978210449e-01 -9.140431880950927734e-03 2.177106142044067383e-01
1.004651784896850586e-01 4.958513975143432617e-01 4.605853557586669922e-02 -4.411536455154418945e-01 -1.047855615615844727e-02 2.309310436248779297e-01
2.179353237152099609e-01 4.450172185897827148e-01 9.427547454833984375e-03 -4.697492718696594238e-01 7.431423664093017578e-02 2.034251689910888672e-01
2.734134197235107422e-01 3.702595233917236328e-01 3.173589706420898438e-03 -4.670770168304443359e-01 1.828384399414062500e-01 1.065225601196289062e-01
3.828922510147094727e-01 2.035920619964599609e-01 -1.696518063545227051e-01 -4.152178764343261719e-01 2.830628156661987305e-01 -9.393310546875000000e-02
5.256664752960205078e-02 1.873970031738281250e-03 8.929407596588134766e-02 -5.737200975418090820e-01 2.164216041564941406e-01 -2.440882325172424316e-01
-3.640589118003845215e-01 2.772589921951293945e-01 4.563566446304321289e-01 -4.585629105567932129e-01 -1.285767555236816406e-02 1.693366765975952148e-01
-2.831065654754638672e-01 2.465029954910278320e-01 6.083046197891235352e-01 -3.298869729042053223e-01 3.338181972503662109e-02 2.044732570648193359e-01
-3.521968722343444824e-01 3.438956737518310547e-01 6.676142215728759766e-01 -4.636887311935424805e-01 9.509849548339843750e-02 2.802401781082153320e-01
-7.067471742630004883e-02 4.294466972351074219e-01 7.012031078338623047e-01 -5.804057121276855469e-01 1.593581438064575195e-01 2.937676906585693359e-01
-3.331499695777893066e-01 2.602604627609252930e-01 7.951471805572509766e-01 -4.087796807289123535e-01 2.592654228210449219e-01 1.128472089767456055e-01
-3.562168478965759277e-01 3.279066085815429688e-01 6.859610080718994141e-01 -5.565514564514160156e-01 6.419193744659423828e-02 2.365820407867431641e-01
-4.295518398284912109e-01 3.210347890853881836e-01 6.786074638366699219e-01 -4.110013842582702637e-01 -7.844257354736328125e-02 2.457903623580932617e-01
-3.074569106101989746e-01 1.614981889724731445e-01 7.475118637084960938e-01 -5.077271461486816406e-01 -1.339610815048217773e-01 1.334581375122070312e-01
-1.756882071495056152e-01 2.410160303115844727e-01 6.507853269577026367e-01 -3.391498327255249023e-01 -2.433131933212280273e-01 3.360077142715454102e-01
-2.980024814605712891e-01 2.515428066253662109e-01 7.410471439361572266e-01 8.459663391113281250e-02 -1.292325854301452637e-01 4.473845958709716797e-01
-4.293384552001953125e-01 3.197319507598876953e-01 3.013235330581665039e-01 7.172775268554687500e-02 -2.182662487030029297e-01 2.467488050460815430e-01
-1.952424049377441406e-01 1.821765899658203125e-01 2.725466489791870117e-01 4.942631721496582031e-02 -3.202912807464599609e-01 8.666038513183593750e-02
-7.203698158264160156e-03 -5.789035558700561523e-02 -1.709137558937072754e-01 3.910961151123046875e-01 -3.302327394485473633e-01 2.677726745605468750e-01
-1.134914159774780273e-02 2.727186679840087891e-01 -2.796589136123657227e-01 3.521698713302612305e-01 -3.958142995834350586e-01 4.773958921432495117e-01
2.360310554504394531e-01 2.938863039016723633e-01 -4.911158680915832520e-01 4.612991809844970703e-01 -2.332380414009094238e-01 4.198971986770629883e-01
1.454035043716430664e-01 3.728609085083007812e-01 -3.828721046447753906e-01 5.492752790451049805e-01 -3.827459216117858887e-01 6.458151340484619141e-01
3.215936422348022461e-01 3.958812952041625977e-01 -4.221844673156738281e-01 6.050175428390502930e-01 -3.301649093627929688e-01 6.003981828689575195e-01
2.198381423950195312e-01 4.572966098785400391e-01 -4.063551425933837891e-01 5.188245773315429688e-01 -3.706315755844116211e-01 6.520376205444335938e-01
1.291530132293701172e-01 4.501146078109741211e-01 -4.573697447776794434e-01 5.257843732833862305e-01 -3.953187465667724609e-01 6.900506019592285156e-01
8.388829231262207031e-02 3.573989868164062500e-01 -4.558817148208618164e-01 5.441135168075561523e-01 -3.866305947303771973e-01 6.258178949356079102e-01
7.756602764129638672e-02 2.131801843643188477e-01 -2.567713260650634766e-01 2.649405002593994141e-01 -2.400391697883605957e-01 5.720471143722534180e-01
6.521344184875488281e-02 2.290759086608886719e-01 -2.119164466857910156e-01 5.838876962661743164e-01 -2.865294218063354492e-01 6.680636405944824219e-01
3.347516059875488281e-02 1.332074403762817383e-01 -3.641736507415771484e-02 3.422027826309204102e-01 -9.080576896667480469e-02 4.887897968292236328e-01
8.337569236755371094e-02 2.972819805145263672e-01 -3.246310353279113770e-01 4.538547992706298828e-01 -1.411731839179992676e-01 6.343332529067993164e-01
7.494091987609863281e-02 1.492971181869506836e-01 -1.289505362510681152e-01 2.723796367645263672e-01 -1.551900506019592285e-01 4.043041467666625977e-01
1.551139354705810547e-01 2.576490640640258789e-01 -2.159222960472106934e-01 4.306222200393676758e-01 -2.024118304252624512e-01 6.141340732574462891e-01
-1.782463192939758301e-01 3.055869340896606445e-01 -7.635897397994995117e-02 5.609956979751586914e-01 -3.103153109550476074e-01 7.766777276992797852e-01
-6.441777944564819336e-02 1.760232448577880859e-01 2.344882488250732422e-01 1.858801841735839844e-01 -3.026925325393676758e-01 6.639842987060546875e-01
-3.968042135238647461e-02 1.455150842666625977e-01 8.717322349548339844e-02 1.919432878494262695e-01 -4.027075767517089844e-01 5.485674142837524414e-01
