1.611104011535644531e-01 4.787626266479492188e-01 -9.561926126480102539e-02 -1.604592800140380859e-02 -4.023420810699462891e-02 3.152251243591308594e-03
1.653689146041870117e-01 7.086595296859741211e-01 -2.857611179351806641e-01 2.287638187408447266e-02 -2.995313405990600586e-01 2.639300823211669922e-01
3.121938705444335938e-01 5.853829383850097656e-01 -1.293346881866455078e-01 2.413606643676757812e-02 -2.544191479682922363e-01 2.889304161071777344e-01
6.509858369827270508e-01 7.755950689315795898e-01 -4.862667918205261230e-01 1.077475547790527344e-01 -2.116912007331848145e-01 3.612334728240966797e-01
6.777468919754028320e-01 8.040378093719482422e-01 -4.960008263587951660e-01 9.510862827301025391e-02 -2.549948096275329590e-01 3.741595745086669922e-01
7.815058231353759766e-01 7.688219547271728516e-01 -5.484306812286376953e-01 6.565856933593750000e-02 -2.622707486152648926e-01 3.543733358383178711e-01
7.074022293090820312e-01 7.954492568969726562e-01 -3.626285195350646973e-01 -1.653110980987548828e-02 -3.756411671638488770e-01 4.661980867385864258e-01
6.858861446380615234e-01 6.831445693969726562e-01 -4.053699374198913574e-01 5.340504646301269531e-02 -2.523064017295837402e-01 2.720880508422851562e-01
6.930654048919677734e-01 6.730196475982666016e-01 -4.217171669006347656e-01 6.175994873046875000e-02 -2.692908048629760742e-01 2.931063175201416016e-01
6.786074638366699219e-01 6.788510084152221680e-01 -4.578648805618286133e-01 9.891140460968017578e-02 -2.959372997283935547e-01 3.087878227233886719e-01
6.634688377380371094e-01 6.380354166030883789e-01 -4.703196883201599121e-01 1.226149797439575195e-01 -2.232451438903808594e-01 2.326325178146362305e-01
6.105774641036987305e-01 5.595116615295410156e-01 -4.058977365493774414e-01 1.315426826477050781e-01 -1.021570563316345215e-01 1.767153739929199219e-01
6.851373910903930664e-01 4.538297653198242188e-01 -4.706065058708190918e-01 1.424183845520019531e-01 7.687509059906005859e-02 8.201456069946289062e-02
4.778840541839599609e-01 3.372437953948974609e-01 -3.677558898925781250e-01 3.127288818359375000e-02 1.998097896575927734e-01 2.874636650085449219e-02
4.469007253646850586e-01 3.220505714416503906e-01 -4.261983633041381836e-01 -2.604562044143676758e-02 2.992446422576904297e-01 3.558397293090820312e-03
3.314324617385864258e-01 2.335658073425292969e-01 -4.297450780868530273e-01 -9.812736511230468750e-02 4.080698490142822266e-01 -8.735466003417968750e-02
3.388253450393676758e-01 9.320187568664550781e-02 -4.790668487548828125e-01 -2.574864625930786133e-01 5.427254438400268555e-01 -2.216421365737915039e-01
2.891147136688232422e-01 5.985009670257568359e-02 -4.034572243690490723e-01 -3.669273853302001953e-01 5.420770645141601562e-01 -2.034218311309814453e-01
3.072246313095092773e-01 -1.960033178329467773e-02 -4.458425641059875488e-01 -6.051696538925170898e-01 4.708672761917114258e-01 -2.382855415344238281e-01
2.649881839752197266e-01 -2.351844310760498047e-02 -4.327706694602966309e-01 -5.432633161544799805e-01 3.307117223739624023e-01 -3.186284899711608887e-01
1.941900253295898438e-01 -1.259070038795471191e-01 -3.046783208847045898e-01 -6.608871221542358398e-01 3.120505809783935547e-01 -3.200366497039794922e-01
1.793842315673828125e-01 -7.179117202758789062e-02 -3.139436841011047363e-01 -5.725905299186706543e-01 2.310612201690673828e-01 -2.561622858047485352e-01
3.162389993667602539e-01 -4.931992292404174805e-02 -3.786410093307495117e-01 -5.636603832244873047e-01 1.559233665466308594e-01 -2.640123963356018066e-01
4.020128250122070312e-01 -1.854873895645141602e-01 -3.752660155296325684e-01 -6.074267625808715820e-01 3.973509073257446289e-01 -3.202375173568725586e-01
4.029223918914794922e-01 -2.517581582069396973e-01 -2.506425380706787109e-01 -6.937797069549560547e-01 4.061833620071411133e-01 -3.778097033500671387e-01
4.937143325805664062e-01 -2.307244539260864258e-01 -3.281644582748413086e-01 -6.138213276863098145e-01 4.398211240768432617e-01 -4.493569135665893555e-01
4.939366579055786133e-01 -2.493953704833984375e-01 -3.258967399597167969e-01 -5.244701504707336426e-01 4.138196706771850586e-01 -4.035501480102539062e-01
4.450209140777587891e-01 -2.910152673721313477e-01 -2.966034412384033203e-01 -5.266739130020141602e-01 4.187391996383666992e-01 -4.169490933418273926e-01
4.465794563293457031e-01 -3.878998756408691406e-01 -2.858977913856506348e-01 -5.215975046157836914e-01 4.681367874145507812e-01 -5.159878730773925781e-01
4.599918127059936523e-01 -3.489626049995422363e-01 -2.654488086700439453e-01 -4.990920424461364746e-01 4.385371208190917969e-01 -4.537316560745239258e-01
4.042472839355468750e-01 -3.691154122352600098e-01 -2.777630090713500977e-01 -4.329457283020019531e-01 3.830834627151489258e-01 -4.837698936462402344e-01
4.389852285385131836e-01 -2.896191477775573730e-01 -1.790025234222412109e-01 -4.559510350227355957e-01 3.556225299835205078e-01 -3.195047378540039062e-01
5.411939620971679688e-01 -2.949045896530151367e-01 -2.607333660125732422e-01 -5.012502670288085938e-01 3.750147819519042969e-01 -3.970981240272521973e-01
5.013744831085205078e-01 -3.179090619087219238e-01 -2.350659966468811035e-01 -4.474678635597229004e-01 3.835754394531250000e-01 -4.159692525863647461e-01
5.602073669433593750e-01 -3.890976309776306152e-01 -2.054795622825622559e-01 -4.203846454620361328e-01 4.397474527359008789e-01 -4.139620065689086914e-01
4.774917364120483398e-01 -3.911582231521606445e-01 -1.492109894752502441e-01 -4.595711827278137207e-01 4.016807079315185547e-01 -3.624591231346130371e-01
6.389238834381103516e-01 -4.488486051559448242e-01 -2.048053145408630371e-01 -4.319045543670654297e-01 5.025118589401245117e-01 -4.467614293098449707e-01
6.102459430694580078e-01 -4.601995944976806641e-01 -2.004526853561401367e-01 -4.035173654556274414e-01 4.316290616989135742e-01 -3.937145471572875977e-01
4.439576864242553711e-01 -4.846409559249877930e-01 -1.575307250022888184e-01 -4.162894487380981445e-01 3.555872440338134766e-01 -3.805657029151916504e-01
3.972184658050537109e-01 -5.086175203323364258e-01 -2.038191556930541992e-01 -4.264963865280151367e-01 3.485362529754638672e-01 -4.189398288726806641e-01
2.677981853485107422e-01 -5.257407426834106445e-01 -1.072012186050415039e-01 -4.264021515846252441e-01 3.092275857925415039e-01 -2.967361807823181152e-01
2.178407907485961914e-01 -4.578015208244323730e-01 -7.441586256027221680e-02 -4.008373618125915527e-01 3.223466873168945312e-01 -1.219150424003601074e-01
2.399609088897705078e-01 -3.446870446205139160e-01 -7.429391145706176758e-02 -3.568376898765563965e-01 2.314302921295166016e-01 5.847060680389404297e-02
2.795218229293823242e-01 -3.329228162765502930e-01 -1.464463472366333008e-01 -3.011930584907531738e-01 1.750245094299316406e-01 1.304063796997070312e-01
2.646758556365966797e-01 -2.695196270942687988e-01 -1.173884272575378418e-01 -3.020400404930114746e-01 1.012641191482543945e-01 2.358800172805786133e-01
1.763598918914794922e-01 -2.142592072486877441e-01 -2.961057424545288086e-02 -2.658965587615966797e-01 5.544900894165039062e-03 3.503262996673583984e-01
3.209757804870605469e-01 -2.347261309623718262e-01 -9.911262989044189453e-02 -2.071976661682128906e-01 1.039928197860717773e-01 2.984814643859863281e-01
2.565152645111083984e-01 -1.995247602462768555e-01 -2.778947353363037109e-02 -1.669505834579467773e-01 8.956038951873779297e-02 3.563516139984130859e-01
2.295243740081787109e-01 -2.355198860168457031e-01 -1.714587211608886719e-03 -8.989411592483520508e-02 6.699931621551513672e-02 3.504935503005981445e-01
1.745997667312622070e-01 -2.395249009132385254e-01 2.573728561401367188e-04 -3.091764450073242188e-02 4.761052131652832031e-02 2.969075441360473633e-01
2.023167610168457031e-01 -2.335742115974426270e-01 -7.594937086105346680e-02 -6.264466047286987305e-02 -3.542137145996093750e-02 3.185317516326904297e-01
2.575716972351074219e-01 -3.079028725624084473e-01 -1.300157904624938965e-01 -1.760153770446777344e-01 4.169476032257080078e-02 2.126113176345825195e-01
2.315520048141479492e-01 -3.013293743133544922e-01 -1.893113851547241211e-01 -1.648550033569335938e-01 5.006206035614013672e-02 2.526911497116088867e-01
1.261413097381591797e-01 -3.942409753799438477e-01 -1.572254300117492676e-01 -1.899594068527221680e-01 1.608349084854125977e-01 1.319226026535034180e-01
-1.292231082916259766e-01 -4.666357040405273438e-01 -3.016084432601928711e-02 -9.594368934631347656e-02 1.266678571701049805e-01 1.945459842681884766e-02
-3.510489463806152344e-01 -4.952716827392578125e-01 -4.591822624206542969e-02 -1.077054738998413086e-01 -4.238730669021606445e-02 7.130217552185058594e-02
-3.679077029228210449e-01 -6.206276416778564453e-01 -5.340939760208129883e-02 -8.284217119216918945e-02 2.078485488891601562e-02 -1.374929547309875488e-01
-2.223607301712036133e-01 -5.781053304672241211e-01 1.834452152252197266e-02 -1.710237264633178711e-01 1.538991928100585938e-04 -9.937328100204467773e-02
-4.955464601516723633e-02 -4.840648174285888672e-01 1.595163345336914062e-02 -1.966449618339538574e-01 -3.675311803817749023e-02 2.621138095855712891e-02
-3.458470106124877930e-02 -7.421913146972656250e-01 1.438486576080322266e-02 -2.584840059280395508e-01 -2.053527235984802246e-01 -3.097757697105407715e-01
6.459438800811767578e-02 -5.973187685012817383e-01 3.703629970550537109e-02 -1.946586370468139648e-01 -3.140902519226074219e-02 -1.271823048591613770e-01
1.030929088592529297e-01 -7.064394950866699219e-01 2.282142639160156250e-03 -5.125117897987365723e-01 1.352878808975219727e-01 -2.837722897529602051e-01
1.148428916931152344e-01 -7.330218553543090820e-01 -3.328472375869750977e-02 -3.640342354774475098e-01 -2.614587545394897461e-02 -1.951813697814941406e-01
-6.340146064758300781e-02 -4.760605692863464355e-01 -1.912988424301147461e-01 -4.026002287864685059e-01 -3.645154833793640137e-01 -1.388317346572875977e-02
1.772134304046630859e-01 -6.042662858963012695e-01 -2.498601078987121582e-01 -4.218292236328125000e-01 -1.727355122566223145e-01 -1.093981266021728516e-01
3.383696079254150391e-02 -6.302352547645568848e-01 -9.168553352355957031e-02 -3.657997250556945801e-01 -2.286962866783142090e-01 -4.079204797744750977e-02
6.334877014160156250e-02 -7.094181776046752930e-01 -1.586742997169494629e-01 -2.387746572494506836e-01 -2.720357179641723633e-01 -2.834382653236389160e-01
-8.591711521148681641e-03 -6.677446365356445312e-01 -2.287060022354125977e-02 -2.829694747924804688e-01 -3.341155052185058594e-01 -3.049592971801757812e-01
-4.631400108337402344e-02 -5.785712003707885742e-01 9.968042373657226562e-03 -1.211074590682983398e-01 -2.574645876884460449e-01 -2.194202542304992676e-01
-2.343260645866394043e-01 -4.123662710189819336e-01 2.133730649948120117e-01 -1.394081115722656250e-01 -3.592218160629272461e-01 -1.693620085716247559e-01
-1.366426348686218262e-01 -2.920655012130737305e-01 3.146563768386840820e-01 -3.925177454948425293e-01 -3.004279732704162598e-01 2.903020381927490234e-02
-2.253586649894714355e-01 -4.600570797920227051e-01 4.242337942123413086e-01 -5.802222490310668945e-01 -1.520019173622131348e-01 -1.269363760948181152e-01
-1.909074783325195312e-01 -2.802277207374572754e-01 4.259530305862426758e-01 -5.904901027679443359e-01 -2.505165934562683105e-01 -3.156810998916625977e-02
-3.321533203125000000e-01 -3.637058734893798828e-01 1.166950464248657227e-01 -3.649339675903320312e-01 -2.556327581405639648e-01 -1.787498593330383301e-01
-3.511264324188232422e-01 -3.716887831687927246e-01 8.843863010406494141e-02 -4.452980756759643555e-01 -3.057610988616943359e-02 -2.668022513389587402e-01
-2.708190083503723145e-01 -5.027567148208618164e-01 9.199023246765136719e-03 -3.174130916595458984e-01 1.227724552154541016e-02 -3.017150163650512695e-01
-3.242123126983642578e-01 -4.110274314880371094e-01 1.648939847946166992e-01 -2.329431176185607910e-01 -7.671159505844116211e-02 -2.562914490699768066e-01
-4.147274494171142578e-01 -2.293121814727783203e-01 2.880282402038574219e-01 2.438354492187500000e-02 -2.906545400619506836e-01 3.502631187438964844e-02
-2.278598546981811523e-01 -4.864839911460876465e-01 2.424052953720092773e-01 2.242711782455444336e-01 -2.588580846786499023e-01 -2.862665653228759766e-01
-5.736972093582153320e-01 -4.737764596939086914e-01 -6.418848037719726562e-02 3.938673734664916992e-01 -4.128077030181884766e-01 -4.309592843055725098e-01
-4.941157102584838867e-01 -5.054535269737243652e-01 4.059350490570068359e-02 4.147922992706298828e-01 -5.085119009017944336e-01 -4.098090529441833496e-01
-4.919704794883728027e-01 -4.565166234970092773e-01 1.978241205215454102e-01 3.832757472991943359e-01 -4.129365086555480957e-01 -2.777710556983947754e-01
-4.993174672126770020e-01 -4.929829239845275879e-01 2.329587936401367188e-02 6.517189741134643555e-01 -5.748749375343322754e-01 -2.169601917266845703e-01
-6.004817485809326172e-01 -5.063522458076477051e-01 1.232718229293823242e-01 4.860553741455078125e-01 -3.484652042388916016e-01 -2.527701854705810547e-01
-6.817101836204528809e-01 -3.856382369995117188e-01 1.095972061157226562e-01 5.723577737808227539e-01 -5.285457372665405273e-01 -1.405375003814697266e-01
-4.562534689903259277e-01 -5.814582109451293945e-01 5.061984062194824219e-02 7.179994583129882812e-01 -4.053726792335510254e-01 -2.026978731155395508e-01
-5.216683149337768555e-01 -5.526739358901977539e-01 1.778829097747802734e-02 7.652970552444458008e-01 -2.903187274932861328e-01 -1.937397718429565430e-01
-3.706703186035156250e-01 -5.067378282546997070e-01 2.227853536605834961e-01 8.645839691162109375e-01 -5.367625355720520020e-01 -9.814834594726562500e-02
-2.441403865814208984e-01 -6.509307622909545898e-01 1.965616941452026367e-01 7.138483524322509766e-01 -3.916515707969665527e-01 -3.240658044815063477e-01
-5.495511293411254883e-01 -5.338085889816284180e-01 3.852478265762329102e-01 4.666571617126464844e-01 -3.839512467384338379e-01 -2.599849104881286621e-01
-4.784575700759887695e-01 -4.987250566482543945e-01 4.200829267501831055e-01 2.195370197296142578e-01 -3.535689115524291992e-01 -2.794489860534667969e-01
-4.816860556602478027e-01 -4.017777442932128906e-01 4.075344800949096680e-01 1.688489913940429688e-01 -3.315939903259277344e-01 -1.738263368606567383e-01
-5.569256544113159180e-01 -3.529707193374633789e-01 5.469232797622680664e-01 2.644078731536865234e-01 -2.458644509315490723e-01 -4.426789283752441406e-02
-6.712598204612731934e-01 -3.077203631401062012e-01 3.840972185134887695e-01 1.431101560592651367e-01 -2.551832199096679688e-01 -5.864119529724121094e-02
-3.299222588539123535e-01 -3.519839048385620117e-01 3.915423154830932617e-01 3.977406024932861328e-02 -1.767333149909973145e-01 -8.726000785827636719e-02
-2.503692507743835449e-01 -3.026546239852905273e-01 4.164512157440185547e-01 7.223808765411376953e-02 -4.044342041015625000e-01 -7.915282249450683594e-02
-4.473878741264343262e-01 -2.576029896736145020e-01 4.449523687362670898e-01 2.338742017745971680e-01 -2.857464551925659180e-01 4.762589931488037109e-02
-2.421082854270935059e-01 -4.094929099082946777e-01 2.939773797988891602e-01 2.090178728103637695e-01 3.057508468627929688e-01 -5.044609308242797852e-01
-1.113045215606689453e-01 -4.404336810111999512e-01 3.551368713378906250e-01 4.070392847061157227e-01 3.020656108856201172e-01 -4.794886708259582520e-01
-4.031062126159667969e-02 -5.619951486587524414e-01 3.534283638000488281e-01 4.062525033950805664e-01 8.334410190582275391e-02 -5.040706396102905273e-01
-2.338876724243164062e-01 -4.556361436843872070e-01 4.603382349014282227e-01 6.871831417083740234e-02 7.130849361419677734e-02 -4.371340870857238770e-01
4.744434356689453125e-02 -2.025136351585388184e-01 4.627135992050170898e-01 -9.900051355361938477e-02 -7.749539613723754883e-02 -3.085033893585205078e-01
2.671599388122558594e-03 2.445734739303588867e-01 5.862034559249877930e-01 -4.994719028472900391e-01 -1.190864443778991699e-01 1.909282207489013672e-01
-8.753299713134765625e-02 4.240894317626953125e-01 3.819282054901123047e-01 -3.563678860664367676e-01 -3.452020883560180664e-01 3.238933086395263672e-01
1.950454711914062500e-01 4.279915094375610352e-01 3.041713237762451172e-01 -5.445653200149536133e-01 -1.825853586196899414e-01 2.151006460189819336e-01
3.389314413070678711e-01 2.197185754776000977e-01 4.151656627655029297e-01 -2.888560891151428223e-01 -2.014482021331787109e-02 8.130574226379394531e-02
3.232011795043945312e-01 2.363948822021484375e-01 3.279455900192260742e-01 -1.501808762550354004e-01 -1.690080761909484863e-01 2.107621431350708008e-01
2.504242658615112305e-01 5.915617942810058594e-02 3.252308368682861328e-01 -1.112164258956909180e-01 -7.399296760559082031e-02 8.265137672424316406e-03
4.867005348205566406e-02 -2.663539052009582520e-01 2.267247438430786133e-01 -6.137526035308837891e-02 1.520962715148925781e-01 -4.117444157600402832e-01
-8.484899997711181641e-02 -3.335630297660827637e-01 5.367168188095092773e-01 -2.702007889747619629e-01 1.658471822738647461e-01 -3.412606120109558105e-01
-3.745993375778198242e-01 1.263436079025268555e-01 5.396171808242797852e-01 -2.200744152069091797e-01 -3.884550333023071289e-01 9.233140945434570312e-02
-2.521786093711853027e-01 2.005844116210937500e-01 5.349735021591186523e-01 -3.619522452354431152e-01 -2.861968874931335449e-01 9.542536735534667969e-02
-1.180372238159179688e-01 -5.873894691467285156e-02 5.119742155075073242e-01 -9.968864917755126953e-02 -8.008575439453125000e-02 -7.409638166427612305e-02
-3.748574256896972656e-01 -1.515530943870544434e-01 6.123380661010742188e-01 -2.790303230285644531e-01 3.318917751312255859e-02 -2.149252891540527344e-01
-2.129729986190795898e-01 -1.368706822395324707e-01 5.911149978637695312e-01 -1.197053790092468262e-01 -9.547549486160278320e-02 -9.366130828857421875e-02
-7.176339626312255859e-03 -1.686245203018188477e-01 5.042117834091186523e-01 -1.708047986030578613e-01 -7.925707101821899414e-02 -2.515399456024169922e-02
-2.699493765830993652e-01 -5.656063556671142578e-03 2.963799238204956055e-01 -1.693164110183715820e-01 -1.778138279914855957e-01 -2.188284397125244141e-01
-3.979675769805908203e-01 -4.355114698410034180e-02 1.426366567611694336e-01 -1.171556711196899414e-01 1.388965845108032227e-01 -4.492858648300170898e-01
-1.249877810478210449e-01 -3.966950774192810059e-01 3.808848857879638672e-01 -1.986104249954223633e-02 5.577685832977294922e-01 -6.131794452667236328e-01
-2.661415338516235352e-01 -4.284243583679199219e-01 5.373004674911499023e-01 -1.021873950958251953e-01 5.872468948364257812e-01 -5.867258310317993164e-01
-2.170210480690002441e-01 -5.096511840820312500e-01 7.032877206802368164e-01 -4.326111078262329102e-02 1.630238294601440430e-01 -4.108005166053771973e-01
-3.448507785797119141e-01 -5.633838176727294922e-01 6.906353235244750977e-01 7.289087772369384766e-02 2.836054563522338867e-01 -5.734854936599731445e-01
-3.794606924057006836e-01 -6.130123734474182129e-01 5.786875486373901367e-01 3.804981708526611328e-02 3.875685930252075195e-01 -3.471626043319702148e-01
-3.003758192062377930e-01 -5.326101779937744141e-01 3.941589593887329102e-01 -1.423242688179016113e-01 4.277528524398803711e-01 -4.254156351089477539e-01
-2.499051094055175781e-01 -4.918515682220458984e-01 4.821139574050903320e-01 -1.347167491912841797e-01 2.144956588745117188e-01 -4.759250283241271973e-01
-1.488319635391235352e-01 -4.342185258865356445e-01 5.618524551391601562e-01 -5.558711290359497070e-02 1.763812303543090820e-01 -4.367212653160095215e-01
-4.452046155929565430e-01 -5.828851461410522461e-02 7.032002210617065430e-01 -8.737796545028686523e-02 6.418478488922119141e-02 -3.460842370986938477e-02
-5.649658441543579102e-01 -1.370358467102050781e-02 6.308344602584838867e-01 -1.320671439170837402e-01 -6.733602285385131836e-02 2.635312080383300781e-02
-3.173418641090393066e-01 -1.388239860534667969e-01 7.948799133300781250e-01 -1.123643517494201660e-01 -2.743573188781738281e-01 1.223379373550415039e-01
-3.755022287368774414e-01 -2.775313258171081543e-01 6.304035186767578125e-01 -1.756309270858764648e-01 8.146011829376220703e-02 -1.698034405708312988e-01
-2.934363484382629395e-01 -3.278805017471313477e-01 7.423564195632934570e-01 -1.898716092109680176e-01 1.568775177001953125e-01 -2.048878073692321777e-01
-2.711344361305236816e-01 -3.605410456657409668e-01 7.429392337799072266e-01 -3.359162807464599609e-01 1.091381311416625977e-01 -1.461027264595031738e-01
-3.700792789459228516e-01 -1.681545972824096680e-01 6.538406610488891602e-01 -1.741938591003417969e-01 -9.786164760589599609e-02 -3.291594982147216797e-02
-2.590385675430297852e-01 -1.561270356178283691e-01 7.079814672470092773e-01 -2.457087635993957520e-01 -1.681123971939086914e-01 2.523994445800781250e-02
-4.624671339988708496e-01 -9.259271621704101562e-02 5.956628322601318359e-01 -9.997713565826416016e-02 -2.947275042533874512e-01 3.542041778564453125e-02
-5.291588306427001953e-01 -3.591656088829040527e-01 6.232678890228271484e-01 1.300692558288574219e-01 -3.509598970413208008e-01 -5.052495002746582031e-02
-5.138107538223266602e-01 -2.132549881935119629e-01 4.785048961639404297e-01 1.629636287689208984e-01 -2.269921302795410156e-01 -1.969593763351440430e-02
-4.721010327339172363e-01 -3.983572125434875488e-01 4.059768915176391602e-01 4.677426815032958984e-02 6.361758708953857422e-02 -1.252758502960205078e-02
-4.796147346496582031e-01 -3.993695974349975586e-01 2.252168655395507812e-01 1.134724617004394531e-01 -1.504127383232116699e-01 -2.458541393280029297e-01
-9.608089923858642578e-02 -5.873559713363647461e-01 1.718333959579467773e-01 1.576838493347167969e-01 -2.319306731224060059e-01 -1.535465121269226074e-01
-1.998580694198608398e-01 -3.530939221382141113e-01 1.059578657150268555e-01 -4.415043592453002930e-01 -7.464683055877685547e-02 2.054922580718994141e-01
-3.466929793357849121e-01 -3.018128275871276855e-01 7.967507839202880859e-02 -4.830736517906188965e-01 -8.074408769607543945e-02 2.544652223587036133e-01
-1.510190963745117188e-01 -1.960911750793457031e-01 -3.920918703079223633e-02 -4.299782514572143555e-01 -5.035734176635742188e-02 3.608176708221435547e-01
-1.956095695495605469e-01 -2.211659550666809082e-01 2.094697952270507812e-02 -3.561094403266906738e-01 -1.447105407714843750e-02 3.717389106750488281e-01
-1.489603519439697266e-01 -2.085263729095458984e-01 1.133693456649780273e-01 -4.078361392021179199e-01 -6.125313043594360352e-02 3.943221569061279297e-01
-1.558529734611511230e-01 -2.379274964332580566e-01 2.097356319427490234e-01 -3.920796513557434082e-01 3.035271167755126953e-02 3.808591365814208984e-01
-1.960005760192871094e-01 -2.266089916229248047e-01 2.783546447753906250e-01 -4.195930957794189453e-01 7.511258125305175781e-03 4.536051750183105469e-01
-1.378605365753173828e-01 -1.564046740531921387e-01 1.369062662124633789e-01 -3.365714550018310547e-01 -1.002717018127441406e-02 4.599977731704711914e-01
-1.050295829772949219e-01 -2.249266505241394043e-01 1.225452423095703125e-01 -3.183181285858154297e-01 1.174598932266235352e-01 3.513106107711791992e-01
-9.161859750747680664e-02 -1.897192001342773438e-01 1.417171955108642578e-01 -3.258017897605895996e-01 7.169890403747558594e-02 4.301594495773315430e-01
-2.671481966972351074e-01 -1.756824851036071777e-01 2.456287145614624023e-01 -3.552010059356689453e-01 7.002353668212890625e-03 5.344120264053344727e-01
-3.629785180091857910e-01 -1.765937805175781250e-01 3.273411989212036133e-01 -3.246455192565917969e-01 4.197454452514648438e-02 4.899258613586425781e-01
-2.986142635345458984e-01 -2.324474453926086426e-01 3.654835224151611328e-01 -2.302909493446350098e-01 8.362972736358642578e-02 4.167851209640502930e-01
-3.017874956130981445e-01 -2.425378561019897461e-01 4.128690958023071289e-01 -3.350299000740051270e-01 3.833127021789550781e-02 2.780987024307250977e-01
