3.173363208770751953e-02 6.158331632614135742e-01 1.072818040847778320e-01 -7.132166624069213867e-02 -1.997561454772949219e-01 2.289991378784179688e-01
3.025126457214355469e-01 6.817535161972045898e-01 -3.903664350509643555e-01 6.278383731842041016e-02 -2.294225096702575684e-01 2.709275484085083008e-01
6.169080734252929688e-01 6.790794134140014648e-01 -4.605712890625000000e-01 5.146217346191406250e-02 -2.081491351127624512e-01 2.110952138900756836e-01
6.399511098861694336e-01 6.529128551483154297e-01 -4.042477011680603027e-01 -1.823675632476806641e-02 -2.579166889190673828e-01 2.569646835327148438e-01
7.381509542465209961e-01 6.088840961456298828e-01 -4.687981605529785156e-01 5.237853527069091797e-02 -1.942391395568847656e-01 1.697001457214355469e-01
6.121565103530883789e-01 6.778264045715332031e-01 -3.716340065002441406e-01 2.788937091827392578e-02 -2.975860834121704102e-01 2.933312654495239258e-01
7.168452739715576172e-01 6.574273109436035156e-01 -4.628390669822692871e-01 3.799438476562500000e-03 -2.480755448341369629e-01 2.581754922866821289e-01
6.918776035308837891e-01 6.430414915084838867e-01 -4.127686619758605957e-01 -7.028758525848388672e-03 -2.033874392509460449e-01 2.297433614730834961e-01
6.679048538208007812e-01 6.483598947525024414e-01 -3.668212294578552246e-01 -2.106720209121704102e-02 -2.166856527328491211e-01 2.666043043136596680e-01
6.035546064376831055e-01 5.268585681915283203e-01 -3.761157393455505371e-01 2.733218669891357422e-02 -1.201320290565490723e-01 1.375972032546997070e-01
6.060864925384521484e-01 5.563768148422241211e-01 -4.067903757095336914e-01 1.009488105773925781e-02 -1.445405483245849609e-01 1.841142177581787109e-01
5.723203420639038086e-01 5.350649356842041016e-01 -4.131422042846679688e-01 3.978788852691650391e-02 -1.161265969276428223e-01 1.959257125854492188e-01
5.113805532455444336e-01 5.348222255706787109e-01 -3.378863930702209473e-01 6.603920459747314453e-02 -6.774336099624633789e-02 2.032241821289062500e-01
5.995826721191406250e-01 3.670452833175659180e-01 -5.286828279495239258e-01 5.575621128082275391e-02 1.463063955307006836e-01 4.882979393005371094e-02
4.375200271606445312e-01 2.955434322357177734e-01 -4.960204362869262695e-01 -7.987058162689208984e-02 2.177803516387939453e-01 -2.074563503265380859e-02
4.127011299133300781e-01 1.906175613403320312e-01 -4.989150166511535645e-01 -1.721168756484985352e-01 3.325226306915283203e-01 -9.194040298461914062e-02
2.633455991744995117e-01 5.480182170867919922e-02 -6.377317309379577637e-01 -2.614113092422485352e-01 3.546177148818969727e-01 -2.820946574211120605e-01
1.365092992782592773e-01 -1.285308599472045898e-02 -3.973938226699829102e-01 -5.266766548156738281e-01 3.991348743438720703e-01 -2.084605693817138672e-01
3.378100395202636719e-01 -2.693712711334228516e-02 -4.275234937667846680e-01 -6.055281162261962891e-01 4.413937330245971680e-01 -2.842735648155212402e-01
4.005210399627685547e-01 -3.388184309005737305e-02 -4.214923381805419922e-01 -6.889830827713012695e-01 3.778049945831298828e-01 -3.452920913696289062e-01
4.664133787155151367e-01 -9.841239452362060547e-02 -3.371029496192932129e-01 -7.140099406242370605e-01 4.873827695846557617e-01 -3.549070358276367188e-01
5.119354724884033203e-01 -1.202156543731689453e-01 -4.756944775581359863e-01 -6.245198249816894531e-01 4.401494264602661133e-01 -4.601911306381225586e-01
5.081290006637573242e-01 -2.388273477554321289e-01 -4.739884734153747559e-01 -6.510064601898193359e-01 4.660196304321289062e-01 -5.661498904228210449e-01
3.263795375823974609e-01 -2.417992949485778809e-01 -4.301151633262634277e-01 -6.793490648269653320e-01 4.193192720413208008e-01 -5.553475618362426758e-01
4.242408275604248047e-01 -2.292342782020568848e-01 -4.199225306510925293e-01 -5.362222790718078613e-01 4.292964935302734375e-01 -5.026010274887084961e-01
4.368954896926879883e-01 -1.844822764396667480e-01 -4.137718677520751953e-01 -5.597096681594848633e-01 4.031594991683959961e-01 -4.601342678070068359e-01
4.635263681411743164e-01 -1.722012758255004883e-01 -5.014371871948242188e-01 -5.042256116867065430e-01 3.751814365386962891e-01 -4.992409348487854004e-01
4.319913387298583984e-01 -2.536560297012329102e-01 -5.040608048439025879e-01 -5.511999130249023438e-01 4.420531988143920898e-01 -5.650324821472167969e-01
3.762280941009521484e-01 -2.800584435462951660e-01 -4.773554801940917969e-01 -5.055269002914428711e-01 4.357024431228637695e-01 -5.407707095146179199e-01
3.974499702453613281e-01 -2.083522081375122070e-01 -4.671059250831604004e-01 -5.282912850379943848e-01 3.329916000366210938e-01 -4.050458073616027832e-01
4.577189683914184570e-01 -2.500482201576232910e-01 -4.349599480628967285e-01 -5.515948534011840820e-01 3.850607872009277344e-01 -4.049675464630126953e-01
3.766314983367919922e-01 -2.888853549957275391e-01 -4.008436203002929688e-01 -5.746855735778808594e-01 3.837196826934814453e-01 -4.632518291473388672e-01
6.358224153518676758e-01 -3.581786155700683594e-01 -6.204583644866943359e-01 -5.128324031829833984e-01 5.142143964767456055e-01 -5.937221050262451172e-01
4.616605043411254883e-01 -3.250216841697692871e-01 -4.561886787414550781e-01 -4.955518245697021484e-01 4.339050054550170898e-01 -5.289007425308227539e-01
4.560451507568359375e-01 -3.364446163177490234e-01 -4.239488840103149414e-01 -5.109806656837463379e-01 4.373884201049804688e-01 -4.975118041038513184e-01
4.938825368881225586e-01 -3.153760433197021484e-01 -4.457848072052001953e-01 -5.021373033523559570e-01 3.829287290573120117e-01 -4.699484705924987793e-01
4.364209175109863281e-01 -3.571084737777709961e-01 -3.307069540023803711e-01 -5.262025594711303711e-01 3.944255113601684570e-01 -4.641346931457519531e-01
4.350565671920776367e-01 -4.163048863410949707e-01 -3.028032183647155762e-01 -4.772033095359802246e-01 4.215253591537475586e-01 -4.549940228462219238e-01
2.301620244979858398e-01 -4.444874525070190430e-01 -1.873961091041564941e-01 -5.393530726432800293e-01 4.589179754257202148e-01 -4.483906030654907227e-01
3.367815017700195312e-01 -4.372774958610534668e-01 -2.727695107460021973e-01 -4.293946623802185059e-01 4.708584547042846680e-01 -4.053550362586975098e-01
3.901160955429077148e-01 -4.090266227722167969e-01 -2.996627092361450195e-01 -3.347060084342956543e-01 4.946060180664062500e-01 -3.068941235542297363e-01
3.589447736740112305e-01 -3.993290662765502930e-01 -1.991611719131469727e-01 -3.257084488868713379e-01 4.958330392837524414e-01 -1.872239112854003906e-01
3.587236404418945312e-01 -2.953470349311828613e-01 -9.741324186325073242e-02 -3.900133967399597168e-01 4.359079599380493164e-01 -1.122277975082397461e-02
3.518544435501098633e-01 -2.955515980720520020e-01 -1.053131222724914551e-01 -3.830155134201049805e-01 4.148936271667480469e-01 4.825651645660400391e-02
1.910527944564819336e-01 -2.087308764457702637e-01 3.512811660766601562e-02 -3.604892492294311523e-01 2.032456398010253906e-01 2.685090303421020508e-01
2.244030237197875977e-01 -2.285656332969665527e-01 -5.451381206512451172e-03 -3.544109463691711426e-01 1.905810832977294922e-01 3.111962080001831055e-01
2.457188367843627930e-01 -2.089640498161315918e-01 -6.034064292907714844e-02 -2.702549695968627930e-01 9.401941299438476562e-02 3.646377325057983398e-01
3.162555694580078125e-01 -1.693277359008789062e-01 -4.759347438812255859e-02 -2.513555884361267090e-01 3.516161441802978516e-02 4.150909185409545898e-01
1.846078634262084961e-01 -2.317590117454528809e-01 8.555436134338378906e-02 -1.940699815750122070e-01 1.578450202941894531e-03 4.192353487014770508e-01
1.999498605728149414e-01 -2.692425847053527832e-01 6.547880172729492188e-02 -1.717897653579711914e-01 6.755018234252929688e-02 3.409634828567504883e-01
3.207690715789794922e-01 -1.971834301948547363e-01 -1.389595866203308105e-01 -6.865829229354858398e-02 3.963148593902587891e-02 3.424109220504760742e-01
1.227936744689941406e-01 -1.687756180763244629e-01 -1.203159689903259277e-01 -3.463751077651977539e-02 -5.907917022705078125e-02 4.238246679306030273e-01
1.145867109298706055e-01 -2.012812495231628418e-01 -8.294588327407836914e-02 -1.998789310455322266e-01 3.575122356414794922e-02 4.313180446624755859e-01
2.646696567535400391e-02 -3.150817751884460449e-01 -4.700487852096557617e-02 -2.097271084785461426e-01 1.589187383651733398e-01 2.633122205734252930e-01
-3.757923841476440430e-02 -4.183167815208435059e-01 1.322363615036010742e-01 -2.876994013786315918e-01 1.450171470642089844e-01 1.920841932296752930e-01
-2.529181241989135742e-01 -4.639093875885009766e-01 2.739870548248291016e-01 -2.930307984352111816e-01 9.154677391052246094e-03 1.985594034194946289e-01
-2.574498057365417480e-01 -4.124825000762939453e-01 1.883813142776489258e-01 -2.578458786010742188e-01 7.709372043609619141e-02 1.870399713516235352e-01
1.748991012573242188e-01 -3.552668690681457520e-01 1.925693750381469727e-01 -9.183263778686523438e-02 -1.144211292266845703e-01 3.092015981674194336e-01
-2.282997369766235352e-01 -3.808888196945190430e-01 2.451841831207275391e-01 -2.822068929672241211e-01 5.393409729003906250e-02 1.800537109375000000e-01
-4.760690331459045410e-01 -4.839314818382263184e-01 2.119083404541015625e-01 -7.508021593093872070e-02 -1.401988267898559570e-01 -1.587373018264770508e-02
-1.399731040000915527e-01 -4.909389019012451172e-01 1.407057046890258789e-01 -6.161874532699584961e-02 -2.169168591499328613e-01 2.608489990234375000e-02
-6.338012218475341797e-02 -6.337831616401672363e-01 7.057881355285644531e-02 -7.049113512039184570e-02 -1.474832892417907715e-01 -1.018143296241760254e-01
5.517601966857910156e-02 -5.945180058479309082e-01 7.471811771392822266e-02 -3.170399665832519531e-01 -2.110875248908996582e-01 -1.668351888656616211e-01
1.834826469421386719e-01 -6.888275146484375000e-01 -1.200482249259948730e-01 -4.370908737182617188e-01 -5.624872446060180664e-02 -3.529171943664550781e-01
7.239437103271484375e-02 -5.618874430656433105e-01 -9.769147634506225586e-02 -2.392584681510925293e-01 -2.018076181411743164e-01 -6.160432100296020508e-02
1.197540760040283203e-01 -6.709039807319641113e-01 -8.341223001480102539e-02 -5.027033090591430664e-01 -7.761162519454956055e-02 -2.614108324050903320e-01
2.833522558212280273e-01 -6.115783452987670898e-01 -2.752403020858764648e-01 -4.791319370269775391e-01 -1.835441589355468750e-01 -3.228232264518737793e-01
4.371728897094726562e-01 -5.467215776443481445e-01 -3.106455802917480469e-01 -4.083036780357360840e-01 -2.942122220993041992e-01 -1.366605162620544434e-01
2.835590839385986328e-01 -5.437140464782714844e-01 -5.053877830505371094e-02 -3.308494091033935547e-01 -3.525196909904479980e-01 5.634689331054687500e-02
1.552186012268066406e-01 -6.524409055709838867e-01 2.168405055999755859e-02 -1.854625940322875977e-01 -3.840754032135009766e-01 -2.343791723251342773e-01
3.867685794830322266e-02 -5.830270051956176758e-01 4.861080646514892578e-02 -5.649328231811523438e-02 -6.861896514892578125e-01 -1.457244753837585449e-01
-4.534184932708740234e-03 -4.501184225082397461e-01 2.970868349075317383e-01 -5.251772403717041016e-01 -2.682397365570068359e-01 -1.095197200775146484e-01
-5.576735734939575195e-02 -4.532286524772644043e-01 3.473577499389648438e-01 -4.515055418014526367e-01 -6.795132160186767578e-02 1.425766944885253906e-02
-5.253875255584716797e-02 -4.631673693656921387e-01 4.220881462097167969e-01 -2.999666929244995117e-01 -1.275132894515991211e-01 5.313611030578613281e-02
-1.635099053382873535e-01 -4.851598739624023438e-01 3.799195289611816406e-01 -4.073281288146972656e-01 -8.735942840576171875e-02 -7.438421249389648438e-02
4.051518440246582031e-02 -5.454869270324707031e-01 3.018021583557128906e-01 -2.647306919097900391e-01 -1.813864707946777344e-02 -2.754828929901123047e-01
-3.275369405746459961e-01 -2.352048158645629883e-01 2.679687738418579102e-01 -2.937846183776855469e-01 -2.892739772796630859e-01 7.793354988098144531e-02
-2.168359756469726562e-01 -3.337485790252685547e-01 3.721663951873779297e-01 -3.635847568511962891e-01 -1.030555367469787598e-01 -4.859381914138793945e-02
-2.542635202407836914e-01 -3.244684934616088867e-01 3.798555135726928711e-01 -4.835461378097534180e-01 -1.291769742965698242e-02 -6.330269575119018555e-02
-3.108789920806884766e-01 -4.456837773323059082e-01 2.788574695587158203e-01 1.203469038009643555e-01 -2.994470000267028809e-01 -1.270195841789245605e-01
-3.476423025131225586e-01 -4.375298023223876953e-01 2.912074327468872070e-01 3.578152656555175781e-01 -3.008800148963928223e-01 -1.113824248313903809e-01
-3.994438052177429199e-01 -5.211607217788696289e-01 -3.012955188751220703e-02 3.975379467010498047e-01 -2.024627923965454102e-01 -3.085038065910339355e-01
-4.739189743995666504e-01 -4.198192358016967773e-01 1.964606046676635742e-01 4.320975542068481445e-01 -6.268085241317749023e-01 -1.155502200126647949e-01
-5.322501659393310547e-01 -4.841911196708679199e-01 1.944861412048339844e-01 5.922443866729736328e-01 -5.479211211204528809e-01 -1.222015619277954102e-01
-4.912634491920471191e-01 -6.509974002838134766e-01 8.012127876281738281e-02 4.962586164474487305e-01 -3.968096375465393066e-01 -2.051247358322143555e-01
-4.648826122283935547e-01 -4.915224909782409668e-01 1.752912998199462891e-02 5.400348901748657227e-01 -5.869726538658142090e-01 -1.601104140281677246e-01
-4.431406855583190918e-01 -5.034288167953491211e-01 1.204330921173095703e-01 6.368310451507568359e-01 -5.073657035827636719e-01 -1.459680199623107910e-01
-4.447459578514099121e-01 -4.580270051956176758e-01 6.326460838317871094e-02 7.232336997985839844e-01 -6.336132287979125977e-01 -1.743540167808532715e-01
-5.014743804931640625e-01 -3.639433979988098145e-01 1.300301551818847656e-01 4.760071039199829102e-01 -7.244025468826293945e-01 -1.678683161735534668e-01
-5.829550027847290039e-01 -4.667930006980895996e-01 2.002989053726196289e-01 4.541988372802734375e-01 -7.336946725845336914e-01 -1.795096993446350098e-01
-4.099888205528259277e-01 -5.722609162330627441e-01 3.250056505203247070e-01 1.559457778930664062e-01 -3.636686205863952637e-01 -1.911442875862121582e-01
-3.303519487380981445e-01 -4.784559011459350586e-01 3.928331136703491211e-01 1.467511653900146484e-01 -3.419755697250366211e-01 -1.540027856826782227e-01
-3.376981019973754883e-01 -3.331152200698852539e-01 4.225795269012451172e-01 9.473943710327148438e-02 -3.654111027717590332e-01 -1.787626743316650391e-02
-5.362569093704223633e-01 -3.325322866439819336e-01 4.974849224090576172e-01 1.208317279815673828e-02 -2.477170228958129883e-01 -2.361750602722167969e-02
-7.476300597190856934e-01 -2.392610311508178711e-01 4.177454710006713867e-01 1.810501813888549805e-01 -4.013884067535400391e-01 -2.019345760345458984e-03
-6.640615463256835938e-01 -2.945535182952880859e-01 2.237499952316284180e-01 3.266811370849609375e-01 -4.001088738441467285e-01 -1.353517174720764160e-01
-3.705132007598876953e-01 -2.046695351600646973e-01 4.605649709701538086e-01 1.794331073760986328e-01 -3.401920199394226074e-01 6.747066974639892578e-02
-4.048948884010314941e-01 -3.310950398445129395e-01 4.892539978027343750e-01 -2.182354927062988281e-01 -3.836098313331604004e-01 -1.200962662696838379e-01
-3.813539147377014160e-01 -3.445859551429748535e-01 3.694677352905273438e-01 1.105855703353881836e-01 -3.259990215301513672e-01 -3.334623575210571289e-02
-5.424317121505737305e-01 -3.690448999404907227e-01 4.762729406356811523e-01 2.573773860931396484e-01 -3.259863853454589844e-01 -1.769012212753295898e-02
-4.810603857040405273e-01 -5.152553915977478027e-01 4.181504249572753906e-02 2.636634111404418945e-01 -3.269604444503784180e-01 -3.243534564971923828e-01
-7.490178346633911133e-01 -4.505312442779541016e-01 6.269395351409912109e-02 3.626689910888671875e-01 -4.178805947303771973e-01 -3.020157814025878906e-01
-6.194846630096435547e-01 -3.752095103263854980e-01 -8.560985326766967773e-02 5.148651599884033203e-01 -6.715973615646362305e-01 -2.413167953491210938e-01
-4.845994114875793457e-01 -4.416305422782897949e-01 3.736972808837890625e-02 4.592343568801879883e-01 -3.507930040359497070e-01 -2.488051652908325195e-01
-6.054575443267822266e-01 -4.936547875404357910e-01 -2.156674861907958984e-02 4.936530590057373047e-01 -4.273837208747863770e-01 -3.354725241661071777e-01
-5.277373790740966797e-01 -3.838595151901245117e-01 7.167840003967285156e-02 4.139226675033569336e-01 -4.506003260612487793e-01 -2.252711653709411621e-01
-4.685864448547363281e-01 -5.485823154449462891e-01 -5.013138055801391602e-02 5.177003145217895508e-01 -4.293645620346069336e-01 -4.483984112739562988e-01
-4.506106972694396973e-01 -5.242567062377929688e-01 1.958172321319580078e-01 3.148895502090454102e-01 -4.796270132064819336e-01 -3.416001796722412109e-01
-5.283286571502685547e-01 -3.486288785934448242e-01 3.422502279281616211e-01 1.257791519165039062e-01 -5.737980008125305176e-01 -8.171319961547851562e-02
-7.114098072052001953e-01 -4.147588014602661133e-01 1.946024894714355469e-01 2.003631591796875000e-01 -2.210825681686401367e-01 -3.418349027633666992e-01
-5.705711245536804199e-01 -2.260842919349670410e-01 3.853139877319335938e-01 5.417597293853759766e-02 -3.118210434913635254e-01 -1.258537769317626953e-01
-7.064659595489501953e-01 -2.662820816040039062e-01 3.375008106231689453e-01 1.534913778305053711e-01 -2.997557520866394043e-01 -2.374897599220275879e-01
-5.119549036026000977e-01 -3.270250558853149414e-01 1.486870050430297852e-01 -4.944401979446411133e-02 -3.617553114891052246e-01 -3.753647804260253906e-01
-4.711156487464904785e-01 -1.281619668006896973e-01 3.801646232604980469e-01 3.739869594573974609e-02 -3.288578987121582031e-01 -3.752845525741577148e-02
-4.207606315612792969e-01 -1.900140047073364258e-01 5.462791919708251953e-01 -3.050643205642700195e-02 -2.758741974830627441e-01 -3.872817754745483398e-02
-4.218612313270568848e-01 -2.263101935386657715e-01 7.449914216995239258e-01 3.007490634918212891e-01 -2.699551582336425781e-01 1.420090198516845703e-01
-3.369546532630920410e-01 -4.085595011711120605e-01 4.318470954895019531e-01 2.547261714935302734e-01 -3.272992372512817383e-01 -2.096291780471801758e-01
-4.598910212516784668e-01 -3.077598810195922852e-01 2.318595647811889648e-01 2.881808280944824219e-01 -3.449969291687011719e-01 -9.676164388656616211e-02
-5.701262950897216797e-01 -5.265302062034606934e-01 3.778364658355712891e-01 4.634723663330078125e-01 -2.325528264045715332e-01 9.906172752380371094e-03
-3.615218997001647949e-01 -6.824765205383300781e-01 1.331455707550048828e-01 4.578799009323120117e-01 -2.982406616210937500e-01 -2.126641869544982910e-01
-3.257946372032165527e-01 -5.344774723052978516e-01 3.891025781631469727e-01 3.842484951019287109e-02 -4.261567592620849609e-01 -1.032180190086364746e-01
-2.824763655662536621e-01 -3.663004636764526367e-01 1.465333700180053711e-01 -3.693484663963317871e-01 -2.896423935890197754e-01 1.751104593276977539e-01
-2.864265441894531250e-01 -3.017647862434387207e-01 1.993908882141113281e-01 -4.090543985366821289e-01 -1.376296877861022949e-01 3.266972303390502930e-01
-1.018655896186828613e-01 -2.021272182464599609e-01 8.458387851715087891e-02 -5.382376909255981445e-01 7.905173301696777344e-02 3.815416097640991211e-01
-1.580895781517028809e-01 -2.085017561912536621e-01 2.884137630462646484e-02 -4.742050170898437500e-01 2.010853290557861328e-01 3.323471546173095703e-01
-8.882457017898559570e-02 -4.028517007827758789e-02 -3.587168455123901367e-02 -3.391215205192565918e-01 1.192234754562377930e-01 4.454247951507568359e-01
-7.793623208999633789e-02 -1.411275267601013184e-01 6.409883499145507812e-03 -2.244569063186645508e-01 1.465595960617065430e-01 4.147156476974487305e-01
-2.044070363044738770e-01 -1.427268385887145996e-01 2.157673835754394531e-01 -3.832904696464538574e-01 7.178974151611328125e-02 5.045695304870605469e-01
-1.815448403358459473e-01 -1.651589870452880859e-01 2.580816745758056641e-01 -3.812961578369140625e-01 1.889637708663940430e-01 4.806885719299316406e-01
-2.776608467102050781e-01 -2.062062621116638184e-01 3.726664781570434570e-01 -2.834923267364501953e-01 2.130694389343261719e-01 4.688055515289306641e-01
-3.407087326049804688e-01 -2.502958178520202637e-01 3.456474542617797852e-01 -2.415149211883544922e-01 1.990152597427368164e-01 4.222681522369384766e-01
-2.797836661338806152e-01 -2.880431413650512695e-01 3.488184213638305664e-01 -1.805251836776733398e-01 1.122943162918090820e-01 3.730911016464233398e-01
-2.576161026954650879e-01 -3.071438074111938477e-01 3.079352378845214844e-01 -1.255645155906677246e-01 1.686856746673583984e-01 2.534055709838867188e-01
-3.350695371627807617e-01 -3.383129239082336426e-01 2.046639919281005859e-01 -1.728397607803344727e-02 2.862110137939453125e-01 2.608380317687988281e-01
-1.907263398170471191e-01 -3.079164624214172363e-01 4.935016632080078125e-01 -2.519397139549255371e-01 3.168227672576904297e-01 3.917611837387084961e-01
-2.252711653709411621e-01 -2.838402390480041504e-01 1.949707269668579102e-01 -2.479535341262817383e-02 1.020550727844238281e-01 2.638814449310302734e-01
-4.198783040046691895e-01 -2.926678657531738281e-01 3.558090925216674805e-01 9.763646125793457031e-02 1.564860343933105469e-01 3.224062919616699219e-01
-3.083664178848266602e-01 -3.348531723022460938e-01 3.987318277359008789e-01 -1.962450146675109863e-01 5.299985408782958984e-02 2.211707830429077148e-01
-7.182568311691284180e-02 -2.497994303703308105e-01 2.552974224090576172e-01 -1.604282855987548828e-01 -1.796301007270812988e-01 1.785138845443725586e-01
-2.008051276206970215e-01 -1.450208425521850586e-01 3.501046895980834961e-01 4.024481773376464844e-02 -2.196342945098876953e-01 3.878917694091796875e-01
