4.436733722686767578e-01 5.510460138320922852e-01 -4.653304815292358398e-01 8.967626094818115234e-02 -5.069977045059204102e-02 1.118409633636474609e-02
5.667771100997924805e-01 5.211455821990966797e-01 -5.352916717529296875e-01 1.006135940551757812e-01 -9.017592668533325195e-02 1.909995079040527344e-02
5.895738601684570312e-01 4.701805114746093750e-01 -3.899831771850585938e-01 -1.526939868927001953e-02 -1.636013984680175781e-01 2.762782573699951172e-02
6.629501581192016602e-01 4.418264627456665039e-01 -4.515474438667297363e-01 1.858270168304443359e-02 -1.915725469589233398e-01 -2.555310726165771484e-02
6.052943468093872070e-01 4.144384860992431641e-01 -3.954083323478698730e-01 7.243812084197998047e-02 -1.971166729927062988e-01 -2.536398172378540039e-02
8.306542634963989258e-01 4.071656465530395508e-01 -5.330621004104614258e-01 1.140323877334594727e-01 -1.252453327178955078e-01 -5.163323879241943359e-02
6.778974533081054688e-01 5.076389312744140625e-01 -3.374440670013427734e-01 6.149959564208984375e-02 -2.096656560897827148e-01 1.605677604675292969e-01
7.108340263366699219e-01 4.108419418334960938e-01 -4.227696657180786133e-01 8.849799633026123047e-02 -6.672567129135131836e-02 3.006827831268310547e-02
6.656891107559204102e-01 4.705400466918945312e-01 -3.799891471862792969e-01 2.302038669586181641e-02 -6.567531824111938477e-02 9.328520298004150391e-02
6.468534469604492188e-01 3.964043855667114258e-01 -5.043903589248657227e-01 9.745621681213378906e-02 -3.194338083267211914e-02 2.812457084655761719e-02
6.692337989807128906e-01 4.148250818252563477e-01 -4.743956923484802246e-01 9.423303604125976562e-02 3.301966190338134766e-02 8.380055427551269531e-03
5.738557577133178711e-01 2.959523200988769531e-01 -4.748709201812744141e-01 3.525626659393310547e-02 1.682558059692382812e-01 -9.378588199615478516e-02
6.242117881774902344e-01 2.660577297210693359e-01 -5.748029351234436035e-01 -7.482051849365234375e-03 2.238975763320922852e-01 -1.117053031921386719e-01
5.036559104919433594e-01 1.081980466842651367e-01 -4.427142739295959473e-01 -1.024352312088012695e-01 4.040209054946899414e-01 -1.767346262931823730e-01
3.299607038497924805e-01 5.674946308135986328e-02 -4.310457110404968262e-01 -1.508385539054870605e-01 3.856475353240966797e-01 -2.401987314224243164e-01
1.705276966094970703e-01 2.413392066955566406e-02 -4.987774491310119629e-01 -2.217844128608703613e-01 3.307911157608032227e-01 -2.382307648658752441e-01
5.658400058746337891e-02 4.930794239044189453e-02 -4.750381708145141602e-01 -4.328498244285583496e-01 2.697187662124633789e-01 -2.607766985893249512e-01
4.811835289001464844e-02 -2.563548088073730469e-02 -3.179145455360412598e-01 -6.200301051139831543e-01 3.190842866897583008e-01 -2.515683174133300781e-01
1.216884851455688477e-01 -1.102403402328491211e-01 -4.197551608085632324e-01 -6.076525449752807617e-01 2.937363386154174805e-01 -3.886954188346862793e-01
1.816973686218261719e-01 -3.398221731185913086e-02 -3.452396392822265625e-01 -6.716892719268798828e-01 1.720011234283447266e-01 -2.816768288612365723e-01
1.958042383193969727e-01 -1.406496763229370117e-01 -3.913767933845520020e-01 -7.416748404502868652e-01 3.594133853912353516e-01 -4.245244860649108887e-01
3.520046472549438477e-01 -2.707235813140869141e-01 -4.149496555328369141e-01 -6.479475498199462891e-01 4.754965305328369141e-01 -5.641216635704040527e-01
5.121558904647827148e-01 -1.450632810592651367e-01 -5.013549327850341797e-01 -8.076207637786865234e-01 4.917634725570678711e-01 -4.627545475959777832e-01
3.163025379180908203e-01 -1.794590353965759277e-01 -3.508772850036621094e-01 -7.929449677467346191e-01 4.493616819381713867e-01 -4.506587386131286621e-01
4.100725650787353516e-01 -2.054831385612487793e-01 -2.589152455329895020e-01 -7.488731145858764648e-01 5.120891332626342773e-01 -4.024823307991027832e-01
4.345828294754028320e-01 -2.357983589172363281e-01 -3.112702965736389160e-01 -6.475925445556640625e-01 4.594023227691650391e-01 -4.450677633285522461e-01
5.025823116302490234e-01 -2.471235394477844238e-01 -3.852925896644592285e-01 -4.864296317100524902e-01 5.012811422348022461e-01 -4.682592749595642090e-01
5.860342979431152344e-01 -2.748039960861206055e-01 -3.615731000900268555e-01 -4.535796046257019043e-01 5.954065322875976562e-01 -4.553211927413940430e-01
4.522418975830078125e-01 -3.131488561630249023e-01 -2.637922167778015137e-01 -4.322493672370910645e-01 4.982277154922485352e-01 -4.265093207359313965e-01
5.852119922637939453e-01 -3.048304915428161621e-01 -4.726083874702453613e-01 -3.707437515258789062e-01 4.640893936157226562e-01 -4.542850255966186523e-01
3.671404123306274414e-01 -3.488457798957824707e-01 -3.239050507545471191e-01 -3.270311951637268066e-01 4.424620866775512695e-01 -4.293424487113952637e-01
4.349633455276489258e-01 -3.056412935256958008e-01 -3.163351416587829590e-01 -3.435389399528503418e-01 4.064280986785888672e-01 -3.804522752761840820e-01
4.904828071594238281e-01 -3.394282460212707520e-01 -3.425741791725158691e-01 -3.347437381744384766e-01 4.118558168411254883e-01 -3.774418830871582031e-01
4.274811744689941406e-01 -3.210421204566955566e-01 -2.506560683250427246e-01 -3.681250214576721191e-01 4.010341167449951172e-01 -3.540138602256774902e-01
4.399108886718750000e-01 -3.841646313667297363e-01 -2.645273208618164062e-01 -2.897369265556335449e-01 3.758565187454223633e-01 -3.695632219314575195e-01
4.697010517120361328e-01 -4.523223042488098145e-01 -2.881051898002624512e-01 -2.842210531234741211e-01 3.984003067016601562e-01 -4.305732250213623047e-01
4.705673456192016602e-01 -5.032525062561035156e-01 -2.808681130409240723e-01 -2.573353648185729980e-01 4.369413852691650391e-01 -4.849175810813903809e-01
3.719602823257446289e-01 -4.737146496772766113e-01 -1.332231163978576660e-01 -3.994936347007751465e-01 3.883398771286010742e-01 -4.533393979072570801e-01
4.398803710937500000e-01 -5.001009702682495117e-01 -2.687662839889526367e-01 -3.498707413673400879e-01 4.254566431045532227e-01 -4.437017440795898438e-01
3.954046964645385742e-01 -5.110709667205810547e-01 -2.643166780471801758e-01 -3.562937974929809570e-01 4.787797927856445312e-01 -4.237576723098754883e-01
3.499152660369873047e-01 -3.709348440170288086e-01 -2.487866282463073730e-01 -4.314677119255065918e-01 4.006119966506958008e-01 -2.025450468063354492e-01
4.025894403457641602e-01 -4.504290819168090820e-01 -3.703669905662536621e-01 -3.091765642166137695e-01 4.294284582138061523e-01 -2.014998793601989746e-01
2.944169044494628906e-01 -4.184216856956481934e-01 -1.651449203491210938e-01 -3.417159914970397949e-01 3.968414068222045898e-01 -6.694501638412475586e-02
2.855020761489868164e-01 -3.364314436912536621e-01 -2.832245826721191406e-02 -3.520756959915161133e-01 2.987940311431884766e-01 1.183955669403076172e-01
2.623550891876220703e-01 -3.124562501907348633e-01 -5.644208192825317383e-02 -3.010331392288208008e-01 2.734786272048950195e-01 1.528786420822143555e-01
2.599776983261108398e-01 -3.176717758178710938e-01 -1.804206967353820801e-01 -2.661609649658203125e-01 2.204082012176513672e-01 1.866905689239501953e-01
1.803010702133178711e-01 -3.715354800224304199e-01 -2.549660205841064453e-02 -2.757914662361145020e-01 2.693943977355957031e-01 1.930468082427978516e-01
1.262021064758300781e-01 -3.658162951469421387e-01 1.730263233184814453e-02 -2.625529766082763672e-01 2.475143671035766602e-01 2.018253803253173828e-01
2.621389627456665039e-01 -2.962107062339782715e-01 -5.990886688232421875e-02 -1.990833878517150879e-01 1.682834625244140625e-01 2.957293987274169922e-01
2.909237146377563477e-01 -2.571531534194946289e-01 -4.087936878204345703e-02 -1.639059782028198242e-01 1.207470893859863281e-01 3.427740335464477539e-01
1.759381294250488281e-01 -3.065586090087890625e-01 -1.142042875289916992e-02 -4.107505083084106445e-02 8.722293376922607422e-02 2.752538919448852539e-01
2.932657003402709961e-01 -2.730657458305358887e-01 -1.300686597824096680e-01 6.348848342895507812e-02 6.771063804626464844e-02 2.569886445999145508e-01
1.907916069030761719e-01 -2.843574285507202148e-01 -1.698780059814453125e-01 6.422209739685058594e-02 5.939412117004394531e-02 2.494786977767944336e-01
1.056838035583496094e-01 -2.302526831626892090e-01 -1.523576378822326660e-01 5.226564407348632812e-02 -3.718376159667968750e-03 2.887433767318725586e-01
2.889990806579589844e-03 -2.828454375267028809e-01 -7.627052068710327148e-02 -4.170966148376464844e-02 7.484090328216552734e-02 3.239855766296386719e-01
6.006014347076416016e-02 -4.235054850578308105e-01 6.328725814819335938e-02 -1.144894361495971680e-01 1.641224622726440430e-01 2.849699258804321289e-01
-7.465195655822753906e-02 -4.306392073631286621e-01 1.064522266387939453e-01 -1.379085779190063477e-01 9.110605716705322266e-02 1.883307695388793945e-01
-2.623215317726135254e-01 -4.590240120887756348e-01 5.948352813720703125e-02 -3.517740964889526367e-02 -1.057386398315429688e-01 1.458382606506347656e-01
-8.210968971252441406e-02 -5.092956423759460449e-01 -3.607416152954101562e-02 -3.156179189682006836e-02 -6.771773099899291992e-02 5.791926383972167969e-02
-1.011834740638732910e-01 -6.290875077247619629e-01 1.306998729705810547e-02 -4.919147491455078125e-02 7.151305675506591797e-02 -4.565727710723876953e-02
-2.553754448890686035e-01 -6.621949672698974609e-01 -2.716273069381713867e-01 1.183792352676391602e-01 -5.778348445892333984e-02 -2.261422276496887207e-01
-1.832677721977233887e-01 -7.217227220535278320e-01 -1.584400534629821777e-01 -1.118029356002807617e-01 7.968199253082275391e-02 -2.780539989471435547e-01
-1.053854823112487793e-01 -5.601975917816162109e-01 3.536033630371093750e-02 -1.928241252899169922e-01 -1.511620283126831055e-01 -7.210284471511840820e-02
5.723619461059570312e-02 -7.194609045982360840e-01 -1.938416957855224609e-01 -1.654276847839355469e-01 -9.882450103759765625e-02 -2.110881209373474121e-01
8.875572681427001953e-02 -7.471253871917724609e-01 -2.369135618209838867e-01 -3.160458207130432129e-01 -1.477708220481872559e-01 -3.189480304718017578e-01
2.526417970657348633e-01 -6.433870792388916016e-01 -4.836763143539428711e-01 -9.861290454864501953e-02 -2.183173298835754395e-01 -2.602584362030029297e-01
3.254237174987792969e-01 -6.110354661941528320e-01 -2.394329309463500977e-01 -2.859828472137451172e-01 -7.976859807968139648e-02 -1.174086332321166992e-01
4.812804460525512695e-01 -7.217421531677246094e-01 -3.665243387222290039e-01 -2.612533569335937500e-01 -1.656985878944396973e-01 -3.314433693885803223e-01
2.826372385025024414e-01 -6.197940111160278320e-01 -2.379786968231201172e-01 -1.176728606224060059e-01 -3.210695981979370117e-01 -2.277611494064331055e-01
3.834092617034912109e-02 -5.670845508575439453e-01 -1.799398660659790039e-02 4.612386226654052734e-02 -5.525058507919311523e-01 -6.836998462677001953e-02
-3.101968765258789062e-02 -5.911062955856323242e-01 -1.239096522331237793e-01 7.507812976837158203e-02 -4.746378064155578613e-01 -2.813864946365356445e-01
-4.093337059020996094e-02 -4.322881698608398438e-01 2.976417541503906250e-01 -2.391018867492675781e-01 -2.352234125137329102e-01 -3.213882446289062500e-02
-1.046209931373596191e-01 -2.951290607452392578e-01 4.360289573669433594e-01 -3.110742568969726562e-01 -3.122230172157287598e-01 2.026095390319824219e-01
-1.601137518882751465e-01 -3.269701600074768066e-01 4.220252037048339844e-01 -4.653577208518981934e-01 -1.129613518714904785e-01 5.194389820098876953e-02
-1.499077081680297852e-01 -4.226055145263671875e-01 3.059810400009155273e-01 -3.246738910675048828e-01 -1.783003211021423340e-01 -1.127839088439941406e-01
-1.175283789634704590e-01 -4.793437123298645020e-01 5.770063400268554688e-02 -2.473623156547546387e-01 -7.321494817733764648e-02 -1.822621822357177734e-01
-3.429458141326904297e-01 -2.714306116104125977e-01 9.080696105957031250e-02 -2.456833124160766602e-01 -1.746059656143188477e-01 -6.602621078491210938e-02
-1.811754107475280762e-01 -4.254656434059143066e-01 3.348379135131835938e-01 -4.028409719467163086e-01 -9.126710891723632812e-02 -1.560749411582946777e-01
-2.824912071228027344e-01 -1.409143805503845215e-01 5.150014162063598633e-01 -1.489352583885192871e-01 -2.819610834121704102e-01 1.362612247467041016e-01
-4.026957750320434570e-01 -2.816927433013916016e-01 1.666032075881958008e-01 2.089293003082275391e-01 -4.458502531051635742e-01 -3.827702999114990234e-02
-4.154405593872070312e-01 -3.413555026054382324e-01 -7.832050323486328125e-03 4.421253204345703125e-01 -5.784536600112915039e-01 -1.434547305107116699e-01
-5.149141550064086914e-01 -4.131233096122741699e-01 1.564264297485351562e-02 5.688832998275756836e-01 -4.447035193443298340e-01 -2.601948976516723633e-01
-3.807194828987121582e-01 -6.790964603424072266e-01 2.140203714370727539e-01 5.657567977905273438e-01 -2.859789729118347168e-01 -2.974849343299865723e-01
-3.007009625434875488e-01 -5.837591886520385742e-01 9.959769248962402344e-02 5.399022102355957031e-01 -5.350894331932067871e-01 -2.154760956764221191e-01
1.993242502212524414e-01 -9.546190500259399414e-01 -1.354458928108215332e-01 4.577326774597167969e-02 -1.605784296989440918e-01 -5.977835655212402344e-01
1.293059587478637695e-01 -6.497608423233032227e-01 -1.713140606880187988e-01 -3.616037368774414062e-01 -2.196702361106872559e-01 -3.232092857360839844e-01
1.802006959915161133e-01 -5.876476764678955078e-01 -1.878257393836975098e-01 -1.934440135955810547e-01 -3.532903194427490234e-01 -7.111209630966186523e-02
2.763850688934326172e-01 -6.081572771072387695e-01 -1.945798993110656738e-01 -1.332624554634094238e-01 -3.912909030914306641e-01 -7.589036226272583008e-02
3.937613964080810547e-01 -7.232333421707153320e-01 -3.043923974037170410e-01 -8.638209104537963867e-02 -3.052716851234436035e-01 -2.193534970283508301e-01
5.409896373748779297e-02 -5.751770734786987305e-01 -1.255482435226440430e-02 -6.089550256729125977e-02 -5.360841751098632812e-01 -9.345114231109619141e-02
-4.528194665908813477e-02 -6.691193580627441406e-01 4.802203178405761719e-02 -5.739241838455200195e-02 -4.843068718910217285e-01 -1.857166886329650879e-01
-1.564710736274719238e-01 -6.102092266082763672e-01 2.445563077926635742e-01 -2.402669191360473633e-01 -3.955645561218261719e-01 -2.024918794631958008e-01
-8.463913202285766602e-02 -4.719623327255249023e-01 2.385066747665405273e-01 -2.804471850395202637e-01 -2.540112137794494629e-01 -1.232548952102661133e-01
-1.199679374694824219e-01 -5.051811933517456055e-01 1.221690177917480469e-01 -9.297955036163330078e-02 -2.667963504791259766e-01 -2.451081871986389160e-01
2.169370651245117188e-02 -5.619889497756958008e-01 3.231685161590576172e-01 -2.726124525070190430e-01 -8.350443840026855469e-02 -2.237846255302429199e-01
3.361940383911132812e-02 -4.630898237228393555e-01 4.562834501266479492e-01 -4.019798636436462402e-01 -4.310810565948486328e-02 -1.565066576004028320e-01
-2.105340957641601562e-01 -2.815499901771545410e-01 4.515581130981445312e-01 -3.132736682891845703e-01 -2.776670455932617188e-01 6.520831584930419922e-02
-9.717416763305664062e-02 -4.110947251319885254e-01 2.245819568634033203e-01 -1.882677078247070312e-01 -3.373525142669677734e-01 -8.484995365142822266e-02
-3.043529987335205078e-01 -5.554974079132080078e-02 -1.287728548049926758e-01 -5.896508693695068359e-02 -6.742227077484130859e-01 -1.275693774223327637e-01
-3.899961709976196289e-01 -1.511998176574707031e-01 -9.905707836151123047e-02 2.547293901443481445e-01 -5.675912499427795410e-01 -2.531513571739196777e-01
-4.150398969650268555e-01 -8.518779277801513672e-02 -1.727312207221984863e-01 -1.352074742317199707e-01 -8.152242302894592285e-01 -3.734474182128906250e-01
-3.367355465888977051e-01 -2.951995134353637695e-01 -2.761936187744140625e-02 -6.240189075469970703e-03 -6.716378927230834961e-01 -3.672405481338500977e-01
-5.481498241424560547e-01 -3.297473192214965820e-01 2.806059122085571289e-01 1.620652675628662109e-01 -5.261247158050537109e-01 -1.428420543670654297e-01
-5.260469913482666016e-01 -3.387106657028198242e-01 1.644637584686279297e-01 2.656501531600952148e-01 -6.824564933776855469e-01 -9.567832946777343750e-02
-5.723521709442138672e-01 -4.039306640625000000e-01 2.131576538085937500e-01 3.482298851013183594e-01 -4.817399978637695312e-01 -2.058563232421875000e-01
-5.143820643424987793e-01 -4.631862044334411621e-01 5.421102046966552734e-02 5.862615108489990234e-01 -5.486111044883728027e-01 -2.180579304695129395e-01
-5.393796563148498535e-01 -3.663311004638671875e-01 3.826737403869628906e-03 4.738225936889648438e-01 -5.758116841316223145e-01 -1.624662876129150391e-01
-3.953451514244079590e-01 -4.008153676986694336e-01 1.117730140686035156e-01 4.118301868438720703e-01 -5.732158422470092773e-01 -2.700747847557067871e-01
-6.518945693969726562e-01 -5.266417264938354492e-01 -5.979418754577636719e-03 4.606003761291503906e-01 -5.354230999946594238e-01 -2.910853624343872070e-01
-5.202921032905578613e-01 -5.692862868309020996e-01 9.940671920776367188e-02 4.195384979248046875e-01 -5.700811147689819336e-01 -4.179702997207641602e-01
-5.624659061431884766e-01 -4.731029272079467773e-01 1.411474943161010742e-01 3.217246532440185547e-01 -7.015212774276733398e-01 -3.072263598442077637e-01
-6.014807224273681641e-01 -2.709273695945739746e-01 3.567674160003662109e-01 3.483872413635253906e-01 -6.547099351882934570e-01 -8.653897047042846680e-02
-4.769355058670043945e-01 -2.767403125762939453e-01 6.334040164947509766e-01 1.822667121887207031e-01 -4.552523493766784668e-01 1.244354248046875000e-02
-6.085591316223144531e-01 -2.659598588943481445e-01 3.471926450729370117e-01 8.516883850097656250e-02 -4.112636446952819824e-01 -1.424638628959655762e-01
-4.138275980949401855e-01 -2.259064912796020508e-01 5.258069038391113281e-01 3.804743289947509766e-02 -4.132835268974304199e-01 -2.600145339965820312e-02
-4.380737543106079102e-01 -1.896935701370239258e-01 3.598542213439941406e-01 -1.744003295898437500e-01 -4.568846225738525391e-01 -1.670863032341003418e-01
-4.854759573936462402e-01 -1.619654893875122070e-01 3.163976669311523438e-01 -3.802645206451416016e-02 -4.210050702095031738e-01 -4.503959417343139648e-02
-3.885129690170288086e-01 -2.795569300651550293e-01 1.894006729125976562e-01 1.006669998168945312e-01 -3.820697069168090820e-01 -1.866989731788635254e-01
-4.573243856430053711e-01 -1.920442581176757812e-01 3.574370145797729492e-01 1.104270219802856445e-01 -4.443754553794860840e-01 2.897644042968750000e-02
-5.256384611129760742e-01 -2.530860304832458496e-01 4.055660963058471680e-01 1.097999811172485352e-01 -3.934123516082763672e-01 -7.165491580963134766e-02
-3.074417710304260254e-01 -5.506794452667236328e-01 3.508909940719604492e-01 2.923815250396728516e-01 -2.927621603012084961e-01 -2.077035307884216309e-01
-3.643798828125000000e-01 -7.336187958717346191e-01 2.320742607116699219e-02 2.344579696655273438e-01 -9.895521402359008789e-02 -4.388737082481384277e-01
-5.505663156509399414e-01 -8.149443268775939941e-01 4.161524772644042969e-02 3.865261077880859375e-01 1.458632946014404297e-02 -4.493853449821472168e-01
-3.223494291305541992e-01 -4.594890475273132324e-01 2.185418605804443359e-01 2.904131412506103516e-01 -5.169670581817626953e-01 -1.038901209831237793e-01
-1.909065246582031250e-01 -5.301262140274047852e-01 1.570234298706054688e-01 1.339163780212402344e-01 -3.565320372581481934e-01 -2.679044008255004883e-02
-1.641071438789367676e-01 -4.242044091224670410e-01 2.921152114868164062e-02 -3.665539026260375977e-01 -1.642562150955200195e-01 3.210210800170898438e-02
-2.740772366523742676e-01 -3.627665042877197266e-01 1.606365442276000977e-01 -4.536246657371520996e-01 -7.300871610641479492e-02 2.021026611328125000e-01
-1.671603918075561523e-01 -3.293012380599975586e-01 9.286594390869140625e-02 -5.490923523902893066e-01 1.204665899276733398e-01 2.466894388198852539e-01
-1.958199143409729004e-01 -2.460245490074157715e-01 1.172004938125610352e-01 -3.891487121582031250e-01 1.396354436874389648e-01 3.180931806564331055e-01
-1.687465310096740723e-01 -2.638971805572509766e-01 1.087256669998168945e-01 -2.895236015319824219e-01 1.177829504013061523e-01 3.218286037445068359e-01
-1.925621032714843750e-01 -2.637334465980529785e-01 2.056517601013183594e-01 -3.127694129943847656e-01 1.054847240447998047e-01 3.513091802597045898e-01
-2.009980082511901855e-01 -2.112723588943481445e-01 3.077613115310668945e-01 -4.129592180252075195e-01 1.204864978790283203e-01 4.852786064147949219e-01
-2.753165960311889648e-01 -1.865267157554626465e-01 3.168748617172241211e-01 -4.358134865760803223e-01 1.495206356048583984e-01 4.577614068984985352e-01
-2.941018342971801758e-01 -2.449112534523010254e-01 3.097792863845825195e-01 -3.082978129386901855e-01 -2.580195665359497070e-02 5.429095029830932617e-01
-2.309314012527465820e-01 -4.019780158996582031e-01 2.951881885528564453e-01 -1.869190931320190430e-01 -1.175868511199951172e-02 2.331637144088745117e-01
-2.356210947036743164e-01 -3.142364025115966797e-01 2.632410526275634766e-01 -2.043389081954956055e-01 1.106100082397460938e-01 2.489664554595947266e-01
-1.570483446121215820e-01 -2.296185493469238281e-01 4.786912202835083008e-01 -2.677101492881774902e-01 -1.392912864685058594e-02 3.936039209365844727e-01
-1.224980354309082031e-01 -2.693494558334350586e-01 2.329881191253662109e-01 5.106401443481445312e-02 1.422469615936279297e-01 3.271256685256958008e-01
-2.075033187866210938e-01 -1.855090856552124023e-01 2.504887580871582031e-01 -8.204221725463867188e-03 -1.216977834701538086e-01 3.260807991027832031e-01
-1.376228928565979004e-01 -1.300762295722961426e-01 2.695533037185668945e-01 5.262267589569091797e-02 -2.877805829048156738e-01 4.018410444259643555e-01
-1.049049496650695801e-01 -1.268665194511413574e-01 2.945271730422973633e-01 1.164519786834716797e-01 -1.671473979949951172e-01 3.997339010238647461e-01
