5.491769313812255859e-02 -3.798523545265197754e-01 -4.069814682006835938e-01 -3.240081071853637695e-01 -3.888188600540161133e-01 -9.084177017211914062e-02
-6.238973140716552734e-02 -3.002563714981079102e-01 -4.982451796531677246e-01 -3.319203257560729980e-01 -5.943245291709899902e-01 2.423107624053955078e-02
-3.524988889694213867e-02 -3.941404819488525391e-01 -3.357830643653869629e-01 -3.963722586631774902e-01 -6.060414314270019531e-01 -1.582306623458862305e-02
8.591413497924804688e-02 -3.936554789543151855e-01 -3.190852403640747070e-01 -2.923464775085449219e-01 -8.257322311401367188e-01 2.064192295074462891e-02
1.495052576065063477e-01 -4.669973850250244141e-01 -3.221859335899353027e-01 -2.853101491928100586e-01 -6.794284582138061523e-01 -2.101004123687744141e-02
2.274215221405029297e-01 -5.017984509468078613e-01 -2.975932955741882324e-01 -1.730594038963317871e-01 -6.810938119888305664e-01 -4.987895488739013672e-02
2.502561807632446289e-01 -3.443774580955505371e-01 -2.882415056228637695e-01 -3.476665019989013672e-01 -7.486623525619506836e-01 -1.952719688415527344e-02
2.006565332412719727e-01 -4.230302572250366211e-01 -2.130303382873535156e-01 -2.092364430427551270e-01 -7.219234704971313477e-01 -7.729291915893554688e-03
3.035361766815185547e-01 -4.261291027069091797e-01 -2.378244996070861816e-01 -2.490973472595214844e-01 -5.226743221282958984e-01 -6.728398799896240234e-02
3.704326152801513672e-01 -4.587988853454589844e-01 -2.875407338142395020e-01 -3.553912043571472168e-01 -4.982852339744567871e-01 -1.212943792343139648e-01
3.038580417633056641e-01 -4.406512379646301270e-01 -1.849170327186584473e-01 -2.765012979507446289e-01 -5.574615001678466797e-01 -4.654932022094726562e-02
1.416517496109008789e-01 -6.543836593627929688e-01 -2.473582625389099121e-01 -2.161533832550048828e-01 -5.250705480575561523e-01 -2.692193984985351562e-01
5.526363849639892578e-02 -6.870009899139404297e-01 -1.821349859237670898e-01 -2.744384407997131348e-01 -4.686533212661743164e-01 -2.663890123367309570e-01
2.679015398025512695e-01 -5.910323858261108398e-01 -3.194373846054077148e-01 -2.486819624900817871e-01 -5.182028412818908691e-01 -2.258607745170593262e-01
3.326501846313476562e-01 -4.429127573966979980e-01 -2.817459702491760254e-01 -3.281962871551513672e-01 -5.926569104194641113e-01 -1.232838630676269531e-02
4.467078447341918945e-01 -4.751403927803039551e-01 -4.503189921379089355e-01 -2.359624505043029785e-01 -5.852850675582885742e-01 -5.173879861831665039e-02
4.749262332916259766e-01 -4.781256318092346191e-01 -5.451208949089050293e-01 -2.198324203491210938e-01 -5.676504969596862793e-01 -1.428748965263366699e-01
3.138811588287353516e-01 -3.909085988998413086e-01 -4.335184097290039062e-01 -2.666349411010742188e-01 -6.350530385971069336e-01 -4.171526432037353516e-02
3.530701398849487305e-01 -3.736795783042907715e-01 -5.164171457290649414e-01 -2.172461152076721191e-01 -5.063823461532592773e-01 -2.774125337600708008e-02
3.312959671020507812e-01 -4.130576252937316895e-01 -4.473693966865539551e-01 -1.413089632987976074e-01 -3.860558271408081055e-01 -9.503662586212158203e-03
3.262177705764770508e-01 -3.693819642066955566e-01 -4.869142174720764160e-01 -1.259484291076660156e-01 -3.536270856857299805e-01 5.381762981414794922e-02
3.378269672393798828e-01 -3.810527920722961426e-01 -4.784206748008728027e-01 -1.566309928894042969e-01 -2.134951353073120117e-01 7.512712478637695312e-02
2.123631238937377930e-01 -3.596946001052856445e-01 -3.268920183181762695e-01 -1.961685419082641602e-01 -1.399287581443786621e-01 1.248661279678344727e-01
2.409040927886962891e-01 -2.950138449668884277e-01 -3.743456006050109863e-01 -9.830605983734130859e-02 -1.431005597114562988e-01 2.472605705261230469e-01
2.649999856948852539e-01 -3.108423948287963867e-01 -4.559618830680847168e-01 -1.133357286453247070e-01 -7.016927003860473633e-02 2.215268611907958984e-01
1.030137538909912109e-01 -2.659382224082946777e-01 -2.256084680557250977e-01 -1.564542651176452637e-01 -8.562362194061279297e-02 3.174557685852050781e-01
1.337329149246215820e-01 -2.843695282936096191e-01 -3.464484214782714844e-01 -1.294575929641723633e-01 -1.176702976226806641e-02 2.448205947875976562e-01
9.207463264465332031e-02 -2.278987765312194824e-01 -3.929761648178100586e-01 -1.449990272521972656e-01 -5.805015563964843750e-02 3.502697944641113281e-01
2.834415435791015625e-02 -2.246547341346740723e-01 -3.698678016662597656e-01 -1.023035645484924316e-01 -9.504860639572143555e-02 3.789621591567993164e-01
2.074747085571289062e-01 -2.940557003021240234e-01 -4.386435747146606445e-01 -6.280297040939331055e-02 -1.420199871063232422e-03 2.552545070648193359e-01
1.527190208435058594e-01 -2.841123938560485840e-01 -2.047810554504394531e-01 -1.032002568244934082e-01 1.905739307403564453e-02 2.891329526901245117e-01
3.334544897079467773e-01 -3.241587877273559570e-01 -2.604675292968750000e-01 -6.293809413909912109e-02 1.199278831481933594e-01 2.324254512786865234e-01
4.497128725051879883e-01 -2.842506766319274902e-01 -3.686582446098327637e-01 1.076090335845947266e-02 7.711219787597656250e-02 2.338713407516479492e-01
3.384366035461425781e-01 -4.362635612487792969e-01 -3.082601428031921387e-01 1.260435581207275391e-02 1.854898929595947266e-01 1.248477697372436523e-01
3.150737285614013672e-01 -5.065601468086242676e-01 -3.497281074523925781e-01 7.606709003448486328e-02 2.176407575607299805e-01 3.728389739990234375e-03
1.888853311538696289e-01 -4.556673169136047363e-01 -2.698113918304443359e-01 -2.297168970108032227e-02 9.108412265777587891e-02 6.141090393066406250e-02
-5.672734975814819336e-02 -4.466847181320190430e-01 -1.842949986457824707e-01 -8.292806148529052734e-02 1.005133390426635742e-01 1.139916181564331055e-01
3.275811672210693359e-02 -4.707112908363342285e-01 -2.270979881286621094e-01 -1.125637292861938477e-01 1.000313758850097656e-01 5.792140960693359375e-02
4.086482524871826172e-02 -5.404271483421325684e-01 -2.259584665298461914e-01 -8.199501037597656250e-02 1.327022314071655273e-01 1.037836074829101562e-03
-4.265511035919189453e-02 -6.619406938552856445e-01 -1.776108741760253906e-01 -7.876551151275634766e-02 9.137749671936035156e-02 -1.253856420516967773e-01
-7.158285379409790039e-02 -7.604747414588928223e-01 -2.498595714569091797e-01 3.932952880859375000e-03 9.790527820587158203e-02 -3.165506720542907715e-01
7.719326019287109375e-02 -7.358621358871459961e-01 -7.823657989501953125e-02 -1.538435220718383789e-01 1.536176204681396484e-01 -2.560800313949584961e-01
-1.096750497817993164e-01 -7.063311934471130371e-01 -1.087003946304321289e-02 -2.060133218765258789e-01 2.362763881683349609e-02 -1.063526868820190430e-01
-8.597213029861450195e-02 -7.070789337158203125e-01 -1.210298538208007812e-01 -1.832396984100341797e-01 6.296539306640625000e-02 -2.952739000320434570e-01
-1.082263588905334473e-01 -6.421105265617370605e-01 2.380657196044921875e-02 -1.822925806045532227e-01 -7.854449748992919922e-02 -1.838315725326538086e-01
-7.306516170501708984e-03 -5.845034122467041016e-01 4.504489898681640625e-02 -2.751319408416748047e-01 -2.843796610832214355e-01 -1.010847687721252441e-01
1.606807708740234375e-01 -7.089070081710815430e-01 1.218398809432983398e-01 -2.789672613143920898e-01 -2.290862202644348145e-01 -5.809295177459716797e-02
6.047701835632324219e-02 -5.900578498840332031e-01 1.194436550140380859e-01 -4.168819785118103027e-01 -6.775331497192382812e-02 1.909673213958740234e-02
1.403926610946655273e-01 -5.584691762924194336e-01 -3.435260057449340820e-02 -3.401036858558654785e-01 -1.485474705696105957e-01 -7.129061222076416016e-02
2.026559114456176758e-01 -6.183950901031494141e-01 -5.202054977416992188e-03 -4.927284717559814453e-01 -7.392239570617675781e-02 -1.757876276969909668e-01
1.932734251022338867e-01 -5.358243584632873535e-01 -5.241614580154418945e-02 -4.856922030448913574e-01 -3.076245784759521484e-01 9.994029998779296875e-03
4.472525119781494141e-01 -6.388071775436401367e-01 -1.616699099540710449e-01 -3.877612352371215820e-01 -3.083171248435974121e-01 -1.700503230094909668e-01
2.053639888763427734e-01 -5.856505632400512695e-01 1.299779415130615234e-01 -3.939997553825378418e-01 -4.112079143524169922e-01 -7.076311111450195312e-02
-9.371250867843627930e-02 -4.561865925788879395e-01 1.998800039291381836e-01 -3.387848138809204102e-01 -7.351198792457580566e-01 -3.356575965881347656e-03
6.366074085235595703e-02 -4.400655031204223633e-01 4.100677967071533203e-01 -2.933016419410705566e-01 -4.712250232696533203e-01 -2.532184123992919922e-02
-3.673356771469116211e-02 -4.945980906486511230e-01 3.356657028198242188e-01 -3.764789700508117676e-01 -4.856994152069091797e-01 -1.542333364486694336e-01
-9.124076366424560547e-02 -2.985761761665344238e-01 4.509330987930297852e-01 -3.800742626190185547e-01 -4.556025266647338867e-01 4.372692108154296875e-02
-7.134217023849487305e-02 -3.873530626296997070e-01 3.625155687332153320e-01 -4.052174687385559082e-01 -2.976557016372680664e-01 -1.258209347724914551e-01
-2.430610656738281250e-01 -4.261965751647949219e-01 2.797696590423583984e-01 -4.285438656806945801e-01 -2.296804785728454590e-01 -1.653436422348022461e-01
-2.493344545364379883e-01 -4.451602697372436523e-01 2.777398824691772461e-01 -2.541788816452026367e-01 -6.789743900299072266e-02 -1.687735319137573242e-01
-2.718992233276367188e-01 -3.865271806716918945e-01 3.028579950332641602e-01 -3.385869860649108887e-01 -7.162791490554809570e-02 -1.710953116416931152e-01
-2.680055499076843262e-01 -3.279997706413269043e-01 3.224409818649291992e-01 -1.392137408256530762e-01 -2.028795480728149414e-01 3.610813617706298828e-02
-1.577919721603393555e-01 -5.509909391403198242e-01 1.878854036331176758e-01 -3.171544075012207031e-01 5.342304706573486328e-02 -3.751261830329895020e-01
-3.598476648330688477e-01 -3.679684996604919434e-01 2.723841667175292969e-01 -1.618915200233459473e-01 -1.003519296646118164e-01 -2.039794921875000000e-01
-4.061184525489807129e-01 -2.977318763732910156e-01 3.896762132644653320e-01 -1.712710857391357422e-01 -2.094172835350036621e-01 -8.386099338531494141e-02
-2.942089438438415527e-01 -3.177658915519714355e-01 3.833917379379272461e-01 -3.275571465492248535e-01 -1.704183816909790039e-01 -1.414673924446105957e-01
-2.456153631210327148e-01 -3.181502819061279297e-01 2.717115879058837891e-01 2.728676795959472656e-02 -4.597772955894470215e-01 -1.738828420639038086e-02
-4.313794970512390137e-01 -3.314441442489624023e-01 1.391388177871704102e-01 3.743209838867187500e-01 -6.672483682632446289e-01 1.019120216369628906e-03
-5.701208114624023438e-01 -3.089612126350402832e-01 6.219160556793212891e-02 2.876166105270385742e-01 -5.969333648681640625e-01 -1.457033157348632812e-01
-7.108178138732910156e-01 -2.410288453102111816e-01 2.176725864410400391e-01 1.990686655044555664e-01 -6.511453390121459961e-01 3.763198852539062500e-02
-4.155816435813903809e-01 -5.594953298568725586e-01 1.922388076782226562e-01 2.612267732620239258e-01 -5.260661840438842773e-01 -1.721801161766052246e-01
-5.949658155441284180e-01 -2.949376106262207031e-01 3.014755249023437500e-01 5.751981735229492188e-01 -7.512059211730957031e-01 1.366126537322998047e-01
-3.584423661231994629e-01 -5.017820000648498535e-01 3.085027933120727539e-01 5.488321781158447266e-01 -2.787088751792907715e-01 -1.413106918334960938e-01
-5.522899627685546875e-01 -3.453104496002197266e-01 1.952039003372192383e-01 5.299960374832153320e-01 -6.215933561325073242e-01 -2.142665386199951172e-01
-5.068861842155456543e-01 -3.444648385047912598e-01 2.347648143768310547e-01 4.532231092453002930e-01 -5.632170438766479492e-01 -9.669244289398193359e-02
-4.896444678306579590e-01 -4.261400103569030762e-01 4.470639228820800781e-01 5.200188159942626953e-01 -4.935332536697387695e-01 -5.654156208038330078e-02
-5.495972633361816406e-01 -4.671888947486877441e-01 1.279994249343872070e-01 4.447824954986572266e-01 -5.216190814971923828e-01 -2.811701297760009766e-01
-4.521273374557495117e-01 -5.032134652137756348e-01 1.058119535446166992e-01 4.718708992004394531e-01 -6.136587262153625488e-01 -1.817064881324768066e-01
-5.908010005950927734e-01 -5.601633787155151367e-01 4.939019680023193359e-02 5.466334819793701172e-01 -5.664975643157958984e-01 -2.321545481681823730e-01
-6.693294048309326172e-01 -4.706293344497680664e-01 2.652401924133300781e-01 5.816857814788818359e-01 -4.892330765724182129e-01 -1.824346184730529785e-01
-6.016692519187927246e-01 -3.574497103691101074e-01 6.610089540481567383e-01 3.167458772659301758e-01 -5.838720798492431641e-01 7.799589633941650391e-02
-5.556812286376953125e-01 -3.841156959533691406e-01 4.133158922195434570e-01 2.584809064865112305e-01 -3.957642912864685059e-01 -3.938287496566772461e-02
-4.963749647140502930e-01 -3.254668116569519043e-01 1.702401638031005859e-01 2.123230695724487305e-01 -4.869986772537231445e-01 -2.494512796401977539e-01
-6.494557857513427734e-01 -7.518863677978515625e-02 2.943774461746215820e-01 2.067191600799560547e-01 -5.877785086631774902e-01 6.124389171600341797e-02
-4.424636363983154297e-01 -2.781009078025817871e-01 4.227397441864013672e-01 8.907639980316162109e-02 -2.509313225746154785e-01 -1.741629838943481445e-02
-4.479115605354309082e-01 -1.149349808692932129e-01 4.465124607086181641e-01 1.604578495025634766e-01 -5.970859527587890625e-01 2.349389791488647461e-01
-6.652614474296569824e-01 -1.190586686134338379e-01 5.433177947998046875e-01 1.714910268783569336e-01 -5.124623775482177734e-01 1.555476188659667969e-01
-4.427773952484130859e-01 -2.579017877578735352e-01 4.720934629440307617e-01 -3.641307353973388672e-02 -2.294263243675231934e-01 -3.916209936141967773e-02
-3.990229964256286621e-01 -2.038756608963012695e-01 6.867285966873168945e-01 -3.376382589340209961e-02 5.730342864990234375e-02 -6.766033172607421875e-02
-5.727645754814147949e-01 -2.276037335395812988e-01 4.970769882202148438e-01 2.818528413772583008e-01 2.601447105407714844e-01 -2.476791739463806152e-01
-8.741670846939086914e-02 -6.329337358474731445e-01 3.031406402587890625e-01 1.536666154861450195e-01 6.852732896804809570e-01 -6.923139095306396484e-01
-6.146848201751708984e-02 -6.263763904571533203e-01 4.493315219879150391e-01 -1.491796970367431641e-01 4.140994548797607422e-01 -4.598496556282043457e-01
4.138314723968505859e-02 -4.174710512161254883e-01 5.666060447692871094e-01 -1.987143754959106445e-01 2.398980855941772461e-01 -2.143408656120300293e-01
2.827477455139160156e-01 -1.921194195747375488e-01 2.829028367996215820e-01 9.931445121765136719e-03 2.549839019775390625e-01 -1.589304208755493164e-01
2.154955863952636719e-01 -1.301234960556030273e-02 1.147931814193725586e-01 9.330749511718750000e-03 -2.747344970703125000e-02 -2.073395252227783203e-02
3.130495548248291016e-01 -4.672688245773315430e-02 3.555297851562500000e-02 -1.518498063087463379e-01 2.395753860473632812e-01 -1.988632678985595703e-01
4.622806310653686523e-01 -8.183723688125610352e-02 -2.157819271087646484e-02 -9.222924709320068359e-03 4.383381605148315430e-01 -3.227503895759582520e-01
3.765479326248168945e-01 -1.650461554527282715e-01 1.343154907226562500e-02 1.061327457427978516e-01 3.618900775909423828e-01 -2.994884848594665527e-01
3.015997409820556641e-01 -1.353937387466430664e-01 1.489341259002685547e-01 -1.923698186874389648e-02 2.533072233200073242e-01 -1.862803101539611816e-01
3.927221298217773438e-01 -1.568149924278259277e-01 3.622651100158691406e-02 -1.257580518722534180e-02 2.503005266189575195e-01 -2.733373641967773438e-01
3.221137523651123047e-01 -3.551062345504760742e-01 1.278417110443115234e-01 -1.101179122924804688e-01 5.215314626693725586e-01 -5.540573596954345703e-01
1.293307542800903320e-01 -2.966217994689941406e-01 3.008581399917602539e-01 1.874649524688720703e-02 1.800038814544677734e-01 -2.951040267944335938e-01
-1.239796876907348633e-01 -2.719758152961730957e-01 4.047589302062988281e-01 -9.609937667846679688e-02 2.051405906677246094e-01 -3.170602321624755859e-01
1.674890518188476562e-03 -7.355999946594238281e-02 7.456318140029907227e-01 -3.831176161766052246e-01 1.584253311157226562e-01 -1.608920097351074219e-02
8.426284790039062500e-02 -1.542630791664123535e-01 5.236893892288208008e-01 -2.230670452117919922e-01 3.165547847747802734e-01 -1.388996243476867676e-01
-2.274830341339111328e-01 -1.045682430267333984e-01 3.619453907012939453e-01 -1.651538610458374023e-01 7.511007785797119141e-02 -1.661711931228637695e-01
-1.315370202064514160e-01 -1.212419271469116211e-01 4.368890523910522461e-01 -2.034711241722106934e-01 1.307444572448730469e-01 -2.296919822692871094e-01
-3.277051448822021484e-01 -2.499280571937561035e-01 3.658154010772705078e-01 -1.585502028465270996e-01 1.778312921524047852e-01 -2.996020913124084473e-01
-1.254609227180480957e-01 -2.724615335464477539e-01 4.865654706954956055e-01 -4.552497267723083496e-01 1.114255189895629883e-01 -2.314543128013610840e-01
-5.766010284423828125e-02 -1.652691364288330078e-01 4.942355155944824219e-01 -2.319160103797912598e-01 -4.199779033660888672e-02 -4.307508468627929688e-02
-4.368318319320678711e-01 -3.306762576103210449e-01 2.030990123748779297e-01 1.124907732009887695e-01 -8.188241720199584961e-02 -1.499959230422973633e-01
-3.227245807647705078e-01 -4.271766543388366699e-01 2.779746055603027344e-01 2.007645368576049805e-01 -1.457684040069580078e-01 -1.457880735397338867e-01
-3.599028587341308594e-01 -4.184466004371643066e-01 2.104915380477905273e-01 2.832318544387817383e-01 -1.950291991233825684e-01 -3.052221536636352539e-01
-2.910653352737426758e-01 -3.193060159683227539e-01 4.219723939895629883e-01 2.497935295104980469e-01 -4.542360901832580566e-01 -4.411709308624267578e-02
-3.752251863479614258e-01 -2.702492475509643555e-01 1.728904247283935547e-02 4.866372346878051758e-01 -7.242419719696044922e-01 -2.309907078742980957e-01
-4.400264620780944824e-01 -4.322543144226074219e-01 -3.635644912719726562e-02 4.776670932769775391e-01 -4.550361037254333496e-01 -3.123726248741149902e-01
-4.573452472686767578e-01 -5.174023509025573730e-01 5.193662643432617188e-02 3.729925155639648438e-01 -4.820491075515747070e-01 -3.447554707527160645e-01
-4.448128938674926758e-01 -3.792237639427185059e-01 2.675639390945434570e-01 2.666060924530029297e-01 -4.556448459625244141e-01 -3.223456740379333496e-01
-4.978880286216735840e-01 -4.433166980743408203e-01 1.139019727706909180e-01 3.860077857971191406e-01 -4.608982801437377930e-01 -3.366327881813049316e-01
-5.507217049598693848e-01 -3.344332575798034668e-01 4.449579715728759766e-01 3.413947820663452148e-01 -5.497615933418273926e-01 -8.852130174636840820e-02
-4.914111495018005371e-01 -3.778027892112731934e-01 2.493444681167602539e-01 5.431635379791259766e-01 -4.891996979713439941e-01 -1.714577674865722656e-01
-6.516761183738708496e-01 -2.541928291320800781e-01 1.242231130599975586e-01 5.601207017898559570e-01 -7.491565942764282227e-01 5.964136123657226562e-02
-5.466221570968627930e-01 -2.945761680603027344e-01 1.541005373001098633e-01 6.280162334442138672e-01 -8.210549354553222656e-01 -3.117120265960693359e-02
-3.078235983848571777e-01 -5.830907821655273438e-01 2.341123819351196289e-01 5.209610462188720703e-01 -4.001609683036804199e-01 -2.679030895233154297e-01
-7.120288014411926270e-01 -5.234825611114501953e-01 2.056306600570678711e-01 6.390930414199829102e-01 -2.986593842506408691e-01 -2.890646457672119141e-01
-5.738143920898437500e-01 -4.480447769165039062e-01 2.906072139739990234e-01 2.919597625732421875e-01 -1.264430284500122070e-01 -3.311227560043334961e-01
-5.338636636734008789e-01 -4.355617165565490723e-01 4.223021268844604492e-01 1.350196599960327148e-01 2.549517154693603516e-02 -1.726117730140686035e-01
-2.835913896560668945e-01 -1.541108489036560059e-01 3.539744615554809570e-01 2.057635784149169922e-01 -5.535169243812561035e-01 1.718932390213012695e-01
-6.116143465042114258e-01 -1.986525654792785645e-01 2.371209859848022461e-01 2.126377820968627930e-01 -4.668767452239990234e-01 -5.701392889022827148e-02
-6.030071377754211426e-01 -2.404761314392089844e-01 2.243585586547851562e-01 1.102535724639892578e-01 -3.473842144012451172e-01 -1.418166756629943848e-01
-5.157598853111267090e-01 -2.353797554969787598e-01 3.024545907974243164e-01 -1.590144634246826172e-02 -2.589361667633056641e-01 -1.265257000923156738e-01
-4.376264810562133789e-01 -3.502240180969238281e-01 2.286210060119628906e-01 -7.983863353729248047e-03 -1.945485472679138184e-01 -2.630199790000915527e-01
-5.757887363433837891e-01 -2.140231728553771973e-01 3.506886959075927734e-01 2.589247226715087891e-01 -4.556588530540466309e-01 -7.637381553649902344e-02
-5.321623086929321289e-01 2.413089275360107422e-01 2.328289747238159180e-01 1.018319129943847656e-01 -6.130051612854003906e-01 2.962768077850341797e-01
-3.205527663230895996e-01 3.374347686767578125e-01 -1.895588636398315430e-02 1.031961441040039062e-01 -3.284049034118652344e-01 1.112461090087890625e-03
-3.774343729019165039e-01 4.424390792846679688e-01 -2.715092897415161133e-02 9.053301811218261719e-02 -2.705639600753784180e-01 5.551326274871826172e-02
-2.409588098526000977e-01 1.628271341323852539e-01 -1.045235991477966309e-01 4.115378856658935547e-02 -1.931878924369812012e-01 -2.804848551750183105e-01
-7.519507408142089844e-02 -1.020698547363281250e-01 -5.793571472167968750e-05 -5.763399600982666016e-02 9.314298629760742188e-03 -6.084585189819335938e-02
-1.965260505676269531e-01 2.007315158843994141e-01 -2.140759825706481934e-01 7.065856456756591797e-02 -2.972792387008666992e-01 1.889133453369140625e-01
-3.113108873367309570e-02 2.274575233459472656e-01 -4.174047708511352539e-01 2.216376066207885742e-01 -3.439584970474243164e-01 2.663440704345703125e-01
1.752054691314697266e-02 3.365856409072875977e-01 -5.244563817977905273e-01 2.258200645446777344e-01 -4.211387038230895996e-01 3.580113649368286133e-01
2.167495489120483398e-01 3.236933946609497070e-01 -6.505542397499084473e-01 3.440264463424682617e-01 -3.340859413146972656e-01 3.042333126068115234e-01
1.746501922607421875e-01 2.754713296890258789e-01 -5.496798753738403320e-01 4.267524480819702148e-01 -3.529450297355651855e-01 2.929786443710327148e-01
1.035274267196655273e-01 3.532069921493530273e-01 -5.189667940139770508e-01 3.805322647094726562e-01 -5.601904392242431641e-01 3.285330533981323242e-01
-1.526064276695251465e-01 1.997979879379272461e-01 -1.882761120796203613e-01 2.508530616760253906e-01 -6.404571533203125000e-01 3.351119756698608398e-01
-2.281351089477539062e-01 8.145141601562500000e-02 1.470630168914794922e-01 -4.349219799041748047e-02 -4.208669066429138184e-01 2.425950765609741211e-01
-3.610346317291259766e-01 3.182717561721801758e-01 3.141376972198486328e-01 -8.895361423492431641e-02 -7.123996019363403320e-01 4.446785449981689453e-01
-3.097596764564514160e-01 3.384311199188232422e-01 3.186466693878173828e-01 4.365587234497070312e-02 -5.562208890914916992e-01 3.744608163833618164e-01
-3.855347633361816406e-01 1.228076219558715820e-01 2.505519390106201172e-01 1.085032224655151367e-01 -3.220382928848266602e-01 2.428262233734130859e-01
-1.847618818283081055e-01 7.779872417449951172e-02 4.352902173995971680e-01 6.944215297698974609e-02 -3.016389012336730957e-01 3.480130434036254883e-01
-2.727764248847961426e-01 -3.972953557968139648e-02 2.551130056381225586e-01 1.298742294311523438e-01 -2.901836037635803223e-01 3.111166954040527344e-01
-5.100474357604980469e-01 1.667615175247192383e-01 3.489909172058105469e-01 7.480502128601074219e-03 -5.534045696258544922e-01 3.968997001647949219e-01
-4.781475067138671875e-01 6.692469120025634766e-02 3.912731409072875977e-01 -1.911127567291259766e-02 -4.436112046241760254e-01 2.827811241149902344e-01
-2.698367834091186523e-01 6.929874420166015625e-03 2.691981792449951172e-01 -1.094332933425903320e-01 -3.670833110809326172e-01 1.892888545989990234e-01
-3.860296607017517090e-01 1.108133792877197266e-02 -7.381963729858398438e-02 1.493966579437255859e-02 -5.507626533508300781e-01 1.297188997268676758e-01
-4.275021553039550781e-01 -1.890794038772583008e-01 -1.151267290115356445e-01 3.464069366455078125e-01 -6.460489034652709961e-01 -9.416490793228149414e-02
-5.425370335578918457e-01 -2.586936354637145996e-01 3.483915328979492188e-02 4.113593101501464844e-01 -6.704587936401367188e-01 -1.492159366607666016e-01
-7.454891204833984375e-01 -2.757358551025390625e-01 1.136744022369384766e-02 5.238744020462036133e-01 -5.782049894332885742e-01 -1.639968752861022949e-01
-6.595640182495117188e-01 -4.554438591003417969e-01 -2.528723478317260742e-01 6.432056427001953125e-01 -7.068000435829162598e-01 -2.715880274772644043e-01
-4.775198698043823242e-01 -4.190867543220520020e-01 1.095618009567260742e-01 4.318003654479980469e-01 -6.212407350540161133e-01 -2.051814198493957520e-01
-6.545839905738830566e-01 -2.744981646537780762e-01 2.637300491333007812e-01 5.141115188598632812e-01 -6.830646991729736328e-01 -7.196491956710815430e-02
-4.743896126747131348e-01 -5.007709860801696777e-01 -1.580965518951416016e-02 5.639853477478027344e-01 -6.075432300567626953e-01 -2.748079895973205566e-01
-5.671855211257934570e-01 -5.798574686050415039e-01 2.641701698303222656e-01 4.463403224945068359e-01 -3.754616975784301758e-01 -1.141695380210876465e-01
-6.320501565933227539e-01 -4.983596801757812500e-01 2.189636230468750000e-03 6.197317838668823242e-01 -5.098912715911865234e-01 -1.763855814933776855e-01
-5.042178630828857422e-01 -3.070622682571411133e-01 1.573021411895751953e-01 5.126675367355346680e-01 -6.151775717735290527e-01 -3.597944974899291992e-02
-7.761031389236450195e-02 -6.290861964225769043e-01 -1.041210889816284180e-01 3.117306232452392578e-01 -5.846809148788452148e-01 -3.526126146316528320e-01
1.038626432418823242e-01 -4.962312579154968262e-01 -2.424472570419311523e-02 -1.069349646568298340e-01 -5.461598634719848633e-01 -7.304257154464721680e-02
3.617278337478637695e-01 -3.079399466514587402e-01 -2.410401701927185059e-01 -2.320652008056640625e-01 -5.688171386718750000e-01 1.175823211669921875e-01
4.101673364639282227e-01 -4.496371746063232422e-01 -3.427112698554992676e-01 -1.821869015693664551e-01 -4.588552713394165039e-01 -2.942204475402832031e-02
3.104759454727172852e-01 -3.923271894454956055e-01 -3.029431104660034180e-01 -1.692107319831848145e-01 -6.275257468223571777e-01 1.569834947586059570e-01
3.685275316238403320e-01 -4.569182395935058594e-01 -3.034230470657348633e-01 -2.171304821968078613e-01 -4.976156949996948242e-01 8.128166198730468750e-03
2.483844757080078125e-01 -5.077696442604064941e-01 -2.658858895301818848e-01 -2.477189898490905762e-01 -4.804474115371704102e-01 -1.035734415054321289e-01
4.724239110946655273e-01 -5.431935787200927734e-01 -1.784147024154663086e-01 -2.422969937324523926e-01 -5.782921314239501953e-01 -1.734442114830017090e-01
3.566119670867919922e-01 -4.972743391990661621e-01 -1.943929195404052734e-01 -2.594873309135437012e-01 -5.866214036941528320e-01 -6.696873903274536133e-02
5.089790821075439453e-01 -6.878049373626708984e-01 -3.143669366836547852e-01 -3.366641998291015625e-01 -1.576277017593383789e-01 -3.243662714958190918e-01
3.212924003601074219e-01 -7.051944732666015625e-01 -2.660493850708007812e-01 -3.647845983505249023e-01 -1.461722254753112793e-01 -3.481396436691284180e-01
1.992988586425781250e-01 -6.569560766220092773e-01 -2.498682737350463867e-01 -4.071875214576721191e-01 -2.212411165237426758e-01 -2.930430173873901367e-01
2.243430614471435547e-01 -6.408371925354003906e-01 -9.841471910476684570e-02 -5.177097320556640625e-01 -2.916781902313232422e-01 -3.821182847023010254e-01
1.182913780212402344e-02 -6.457169055938720703e-01 4.502236843109130859e-02 -3.023203611373901367e-01 -1.598845124244689941e-01 -3.120453357696533203e-01
-8.094227313995361328e-02 -5.626572370529174805e-01 3.309965133666992188e-03 -3.633062839508056641e-01 -1.478873491287231445e-01 -3.038660287857055664e-01
