1.581279039382934570e-01 -4.090963006019592285e-01 -1.521120071411132812e-01 -5.592371225357055664e-01 -4.501984715461730957e-01 -8.131468296051025391e-02
1.650917530059814453e-01 -2.702278494834899902e-01 -1.278471946716308594e-01 -6.211815476417541504e-01 -5.011450052261352539e-01 7.129168510437011719e-02
1.886702775955200195e-01 -2.478038668632507324e-01 -2.104455828666687012e-01 -6.570221781730651855e-01 -4.237684607505798340e-01 6.364226341247558594e-02
2.028683423995971680e-01 -4.020347595214843750e-01 -1.482656598091125488e-01 -5.234117507934570312e-01 -3.517249226570129395e-01 1.696991920471191406e-02
2.303094863891601562e-01 -2.832463383674621582e-01 -1.624087095260620117e-01 -7.201970815658569336e-01 -4.225394129753112793e-01 8.603978157043457031e-02
3.015502691268920898e-01 -2.988638281822204590e-01 -2.033996582031250000e-01 -5.833683013916015625e-01 -5.214592814445495605e-01 9.528231620788574219e-02
3.423538208007812500e-01 -3.743320703506469727e-01 -1.695795655250549316e-01 -5.299088954925537109e-01 -5.015108585357666016e-01 3.902113437652587891e-02
2.883229255676269531e-01 -3.265721797943115234e-01 -1.471555829048156738e-01 -4.198681116104125977e-01 -7.237259149551391602e-01 4.635584354400634766e-02
2.459794282913208008e-01 -4.176939725875854492e-01 -2.070299983024597168e-01 -3.378576040267944336e-01 -7.164500951766967773e-01 -1.336067914962768555e-02
2.699593305587768555e-01 -3.241866230964660645e-01 -2.168585658073425293e-01 -3.075904250144958496e-01 -7.576442360877990723e-01 8.037841320037841797e-02
3.990657329559326172e-01 -3.217099308967590332e-01 -3.010947108268737793e-01 -3.359972834587097168e-01 -7.761964201927185059e-01 -2.264207601547241211e-02
2.945749759674072266e-01 -3.463264107704162598e-01 -1.229757070541381836e-01 -3.116632103919982910e-01 -6.369500756263732910e-01 1.067495346069335938e-02
2.980065345764160156e-01 -5.749391317367553711e-01 -9.430789947509765625e-02 -2.171777486801147461e-01 -4.227972030639648438e-01 -5.564260482788085938e-02
2.605129480361938477e-01 -4.493235945701599121e-01 -9.496682882308959961e-02 -1.933361887931823730e-01 -4.205664992332458496e-01 6.404852867126464844e-02
4.703593254089355469e-01 -4.052821993827819824e-01 -3.015864491462707520e-01 -2.608416676521301270e-01 -3.506609201431274414e-01 5.497360229492187500e-02
5.008569955825805664e-01 -4.118379950523376465e-01 -2.082871198654174805e-01 -3.148072361946105957e-01 -2.040725350379943848e-01 3.069758415222167969e-02
4.938427209854125977e-01 -4.094307422637939453e-01 -2.054976820945739746e-01 -1.129485964775085449e-01 -3.096452951431274414e-01 1.873832941055297852e-01
4.903967380523681641e-01 -4.305328726768493652e-01 -2.701562643051147461e-01 -1.051102280616760254e-01 -3.215815424919128418e-01 1.858718395233154297e-01
5.074077844619750977e-01 -3.626490831375122070e-01 -2.436233162879943848e-01 -1.328280568122863770e-01 -2.570436000823974609e-01 2.631766796112060547e-01
5.965327024459838867e-01 -3.153288960456848145e-01 -3.605539202690124512e-01 -8.704566955566406250e-02 -2.101473808288574219e-01 2.864097356796264648e-01
3.831554651260375977e-01 -1.477186679840087891e-01 -2.358191013336181641e-01 -1.840626001358032227e-01 -3.118981719017028809e-01 4.442466497421264648e-01
3.444156646728515625e-01 -9.905135631561279297e-02 -2.086982727050781250e-01 -2.426830530166625977e-01 -2.501449584960937500e-01 4.926015138626098633e-01
3.474066257476806641e-01 -1.190351843833923340e-01 -2.642356753349304199e-01 -2.559067606925964355e-01 -1.989399790763854980e-01 4.464454650878906250e-01
5.023630857467651367e-01 -2.089069485664367676e-01 -3.717924356460571289e-01 -2.216438651084899902e-01 -1.202225685119628906e-03 2.837358713150024414e-01
4.367489814758300781e-01 -1.578232049942016602e-01 -3.271025419235229492e-01 -2.791077494621276855e-01 1.403903961181640625e-02 2.976720333099365234e-01
5.470795631408691406e-01 -2.000334262847900391e-01 -3.371558785438537598e-01 -2.170236110687255859e-01 1.304870843887329102e-01 2.461588382720947266e-01
5.315520763397216797e-01 -2.182172536849975586e-01 -2.977916598320007324e-01 -2.032553553581237793e-01 1.650424003601074219e-01 2.259675264358520508e-01
5.062817335128784180e-01 -1.909642219543457031e-01 -2.975312471389770508e-01 -2.137243151664733887e-01 1.105071306228637695e-01 2.628238201141357422e-01
3.958207368850708008e-01 -1.554076075553894043e-01 -1.597436070442199707e-01 -2.924505472183227539e-01 5.556631088256835938e-02 3.305964469909667969e-01
4.335830211639404297e-01 -1.501266956329345703e-01 -1.401280760765075684e-01 -2.203774452209472656e-01 3.424632549285888672e-02 3.516234159469604492e-01
3.092306852340698242e-01 -1.262648105621337891e-01 -1.599300503730773926e-01 -1.251821517944335938e-01 -8.638685941696166992e-02 3.653560876846313477e-01
2.085950374603271484e-01 -1.549789309501647949e-01 -5.226755142211914062e-02 -1.274480819702148438e-01 2.431786060333251953e-02 4.201750755310058594e-01
1.529892683029174805e-01 -1.470087766647338867e-01 3.989458084106445312e-02 -2.914013266563415527e-01 4.956698417663574219e-02 3.796780109405517578e-01
3.195059299468994141e-02 -1.947900652885437012e-01 5.627155303955078125e-02 -3.205368518829345703e-01 6.054306030273437500e-02 2.366428375244140625e-01
-1.145233511924743652e-01 -4.021672606468200684e-01 1.897997856140136719e-01 -5.384080410003662109e-01 1.979551315307617188e-01 9.915387630462646484e-02
1.042175292968750000e-02 -2.368194460868835449e-01 1.816841363906860352e-01 -3.953103423118591309e-01 -4.103183746337890625e-02 3.379364013671875000e-01
-4.368830323219299316e-01 -3.733166456222534180e-01 1.693524122238159180e-01 -3.015427589416503906e-01 -1.411220431327819824e-01 2.338904142379760742e-01
-1.877922415733337402e-01 -4.201775193214416504e-01 1.513494253158569336e-01 -4.347603917121887207e-01 1.455502510070800781e-01 1.140832901000976562e-02
-3.001358509063720703e-01 -2.998318076133728027e-01 3.145636320114135742e-01 -2.266587615013122559e-01 -1.501188278198242188e-01 1.513715982437133789e-01
-5.444933176040649414e-01 -1.786038279533386230e-01 2.614332437515258789e-01 -3.488522171974182129e-01 -1.743808388710021973e-01 1.740952730178833008e-01
-5.751227140426635742e-01 -2.278704643249511719e-01 2.779045104980468750e-01 -2.328901886940002441e-01 -1.625591516494750977e-01 3.152644634246826172e-01
-4.323943257331848145e-01 -3.424521684646606445e-01 3.014041185379028320e-01 -1.462624669075012207e-01 7.473516464233398438e-02 4.856121540069580078e-02
-2.678203582763671875e-01 -4.365234971046447754e-01 3.340518474578857422e-01 -3.638238310813903809e-01 9.186112880706787109e-02 1.781940460205078125e-03
-1.142802238464355469e-01 -6.315342187881469727e-01 2.115118503570556641e-02 -3.848699927330017090e-01 -2.807901501655578613e-01 -2.572681307792663574e-01
8.636391162872314453e-02 -6.963225007057189941e-01 1.660399436950683594e-01 -4.229857921600341797e-01 -3.293401002883911133e-02 -2.563123703002929688e-01
1.859418153762817383e-01 -7.158714532852172852e-01 1.884083747863769531e-01 -5.401178002357482910e-01 3.691959381103515625e-02 -2.980343103408813477e-01
7.698678970336914062e-02 -6.644568443298339844e-01 6.642806529998779297e-02 -4.832041859626770020e-01 -2.965002059936523438e-01 -2.450554966926574707e-01
2.082443237304687500e-01 -6.639410853385925293e-01 4.020249843597412109e-02 -5.338816642761230469e-01 -9.071552753448486328e-02 -3.039070367813110352e-01
2.322365045547485352e-01 -6.129946708679199219e-01 5.521249771118164062e-02 -4.466933608055114746e-01 -8.526283502578735352e-02 -1.919100284576416016e-01
2.208963632583618164e-01 -5.557081103324890137e-01 -4.133421182632446289e-02 -4.379816651344299316e-01 -2.169937491416931152e-01 -1.061165928840637207e-01
2.540036439895629883e-01 -6.145530939102172852e-01 1.317501068115234375e-02 -3.316937685012817383e-01 -2.343305945396423340e-01 -1.425783634185791016e-01
1.295250654220581055e-01 -4.994093179702758789e-01 -3.119838237762451172e-02 -4.039655327796936035e-01 -4.737178683280944824e-01 -1.351675987243652344e-01
2.003329992294311523e-01 -4.138263463973999023e-01 1.091306209564208984e-01 -3.334032297134399414e-01 -6.584333777427673340e-01 -1.193714141845703125e-02
1.028765439987182617e-01 -5.389043092727661133e-01 -9.316521883010864258e-02 -3.254103660583496094e-01 -4.781522750854492188e-01 -3.294560909271240234e-01
-2.805602550506591797e-02 -5.374090671539306641e-01 1.051130294799804688e-01 -4.029395580291748047e-01 -2.792852520942687988e-01 -4.012754559516906738e-01
-2.326761484146118164e-01 -3.210055828094482422e-01 2.932606935501098633e-01 -2.018396854400634766e-01 -3.884551525115966797e-01 -7.202386856079101562e-03
-3.296729326248168945e-01 -3.379538655281066895e-01 1.262679100036621094e-01 -4.317104816436767578e-01 -2.192775607109069824e-01 -2.421220541000366211e-01
-1.043634414672851562e-01 -2.863875031471252441e-01 3.324991464614868164e-01 -3.468843102455139160e-01 -3.630232810974121094e-01 -1.300534605979919434e-01
-3.774847388267517090e-01 -2.974624037742614746e-01 1.756490468978881836e-01 -3.279151916503906250e-01 -4.924809932708740234e-01 -1.635314226150512695e-01
-2.419286966323852539e-01 -2.690918445587158203e-01 3.680866956710815430e-01 -2.435487508773803711e-01 -3.890113830566406250e-01 2.181673049926757812e-02
-3.759460449218750000e-01 -1.688302755355834961e-01 4.671461582183837891e-01 -3.420917391777038574e-01 -3.749506473541259766e-01 3.475499153137207031e-02
-3.984750509262084961e-01 -2.299138307571411133e-01 4.009957313537597656e-01 -1.426478028297424316e-01 -2.993718385696411133e-01 -3.015762567520141602e-02
-4.275819659233093262e-01 -3.097934126853942871e-01 3.812574148178100586e-01 -1.861134767532348633e-01 -1.971756219863891602e-01 -9.761881828308105469e-02
-4.633988142013549805e-01 -2.583391070365905762e-01 3.971245288848876953e-01 -2.882497906684875488e-01 -2.303650379180908203e-01 -3.291875123977661133e-02
-3.842815756797790527e-01 -1.375326514244079590e-01 4.588375091552734375e-01 -1.939312815666198730e-01 -3.623020648956298828e-01 2.643203735351562500e-02
-4.013384580612182617e-01 -2.455210089683532715e-01 4.829763174057006836e-01 3.439787626266479492e-01 -4.881214499473571777e-01 1.624704599380493164e-01
-4.517935514450073242e-01 -3.987057805061340332e-01 5.630160570144653320e-01 2.549141645431518555e-01 -4.305231571197509766e-01 3.888583183288574219e-02
-6.150634288787841797e-01 -4.899444580078125000e-01 3.063874244689941406e-01 1.054768562316894531e-01 -2.038596868515014648e-01 -2.883631587028503418e-01
-3.732525110244750977e-01 -5.861156582832336426e-01 1.611077785491943359e-01 3.577026128768920898e-01 -3.901541829109191895e-01 -3.998931050300598145e-01
-1.070725917816162109e-01 -6.566529870033264160e-01 1.232711076736450195e-01 1.635861396789550781e-01 -5.467336177825927734e-01 -4.719582200050354004e-01
-1.407265663146972656e-02 -6.211012601852416992e-01 4.188919067382812500e-02 -1.807513833045959473e-01 -5.286667346954345703e-01 -3.599494099617004395e-01
1.447831392288208008e-01 -6.204996109008789062e-01 6.947517395019531250e-04 -4.912276864051818848e-01 -3.084793090820312500e-01 -4.089490175247192383e-01
7.465505599975585938e-02 -6.285337805747985840e-01 3.086709976196289062e-02 -3.166038393974304199e-01 -3.253781199455261230e-01 -2.826353907585144043e-01
2.378923892974853516e-01 -7.201653718948364258e-01 1.628874540328979492e-01 -4.396085143089294434e-01 -5.860370397567749023e-02 -2.658348679542541504e-01
3.270993232727050781e-01 -8.366217017173767090e-01 2.820644378662109375e-01 -2.020366191864013672e-01 3.065836429595947266e-02 -3.592600822448730469e-01
1.477843523025512695e-01 -8.287689089775085449e-01 1.788588762283325195e-01 -1.569205522537231445e-01 2.338886260986328125e-04 -3.598127365112304688e-01
7.321619987487792969e-02 -8.751362562179565430e-01 1.306331157684326172e-01 -2.482360601425170898e-02 -1.454226970672607422e-01 -3.168860673904418945e-01
-8.615422248840332031e-02 -9.702555537223815918e-01 -1.671226620674133301e-01 1.644650697708129883e-01 -2.383459210395812988e-01 -7.158436775207519531e-01
-1.257120370864868164e-01 -9.030013084411621094e-01 6.199800968170166016e-02 8.459234237670898438e-02 -1.871370673179626465e-01 -5.844144821166992188e-01
-5.841118097305297852e-02 -8.131686449050903320e-01 2.399432659149169922e-01 1.164089441299438477e-01 -4.962915182113647461e-02 -4.616115093231201172e-01
-3.544623851776123047e-01 -3.585272431373596191e-01 2.971466779708862305e-01 -6.030970811843872070e-02 -3.458979129791259766e-01 -1.423978805541992188e-01
-3.153300881385803223e-01 -3.325042724609375000e-01 2.470870018005371094e-01 -1.411972641944885254e-01 -1.613380312919616699e-01 -1.785947680473327637e-01
-2.692621946334838867e-02 -2.529253959655761719e-01 3.987703323364257812e-01 -3.986396193504333496e-01 -2.977671623229980469e-01 -1.006966829299926758e-01
-3.144987821578979492e-01 -2.354574799537658691e-01 5.060658454895019531e-01 -3.485448956489562988e-01 -2.593234777450561523e-01 -3.131973743438720703e-02
-2.590656876564025879e-01 -3.984693884849548340e-01 1.762340068817138672e-01 -1.314530968666076660e-01 -2.076009511947631836e-01 -2.661808729171752930e-01
-1.791178584098815918e-01 -3.109963536262512207e-01 4.406492710113525391e-01 -3.649243712425231934e-01 -1.961145401000976562e-01 -5.539631843566894531e-02
-2.003025412559509277e-01 -3.568661808967590332e-01 3.921819925308227539e-01 -2.321740984916687012e-01 -1.407945156097412109e-01 -6.349229812622070312e-02
-3.177785277366638184e-01 -1.269400119781494141e-01 3.105905055999755859e-01 1.001484394073486328e-01 -6.845176219940185547e-03 -3.649373054504394531e-01
-1.971036195755004883e-01 -1.148184537887573242e-01 5.531220436096191406e-01 3.150502443313598633e-01 1.701285839080810547e-01 -2.142577767372131348e-01
-3.543311357498168945e-02 -3.616406917572021484e-01 5.073765516281127930e-01 3.701399564743041992e-01 2.327134609222412109e-01 -4.210131168365478516e-01
-1.430674195289611816e-01 -3.597905039787292480e-01 5.730966329574584961e-01 2.901637554168701172e-01 -2.499400377273559570e-01 -3.024011850357055664e-01
-7.246446609497070312e-02 1.002871990203857422e-02 5.842815637588500977e-01 3.379380702972412109e-02 -4.574144482612609863e-01 3.602170944213867188e-02
1.301223039627075195e-01 2.114862203598022461e-01 4.518082141876220703e-01 -3.349628448486328125e-01 -4.522134065628051758e-01 1.676834821701049805e-01
1.114464998245239258e-01 4.561020135879516602e-01 3.089557886123657227e-01 -6.816901564598083496e-01 -2.832036614418029785e-01 3.671803474426269531e-01
2.254074811935424805e-01 5.237730741500854492e-01 2.355600595474243164e-01 -5.758956670761108398e-01 -2.724574804306030273e-01 2.779195308685302734e-01
4.669702053070068359e-01 5.696866512298583984e-01 8.045184612274169922e-02 -4.486973881721496582e-01 -2.979633808135986328e-01 2.928637266159057617e-01
6.881527900695800781e-01 6.006733179092407227e-01 1.171126365661621094e-01 -5.961520671844482422e-01 -1.827471256256103516e-01 3.710163831710815430e-01
5.153055191040039062e-01 6.318057775497436523e-01 8.666324615478515625e-02 -5.396379232406616211e-01 -1.780699491500854492e-01 3.586951494216918945e-01
5.528045892715454102e-01 4.372732639312744141e-01 5.108904838562011719e-02 -4.917281270027160645e-01 3.326272964477539062e-02 1.931998729705810547e-01
5.410994291305541992e-01 1.610095500946044922e-01 1.409995555877685547e-02 -5.021492242813110352e-01 1.976344585418701172e-01 -9.884452819824218750e-02
1.056950092315673828e-01 1.683037281036376953e-01 2.432138919830322266e-01 -5.717335343360900879e-01 1.247525215148925781e-02 -2.605491876602172852e-02
-4.516516923904418945e-01 1.010712385177612305e-01 4.475167989730834961e-01 -3.779743313789367676e-01 -3.158354759216308594e-01 2.635514736175537109e-02
-3.896144628524780273e-01 1.880896091461181641e-02 3.457292318344116211e-01 -2.354906201362609863e-01 -1.479440331459045410e-01 -1.708536744117736816e-01
-5.311332345008850098e-01 -6.492757797241210938e-02 3.632898330688476562e-01 -2.600675225257873535e-01 7.457852363586425781e-02 -1.678274273872375488e-01
-4.744209647178649902e-01 -1.714913249015808105e-01 3.720642328262329102e-01 -2.647669315338134766e-01 1.361442804336547852e-01 -3.099582195281982422e-01
-2.488554716110229492e-01 -3.109782934188842773e-02 5.130099058151245117e-01 -9.342175722122192383e-02 -4.326993227005004883e-02 -3.176665306091308594e-02
-2.101048231124877930e-01 -8.488953113555908203e-03 4.957250356674194336e-01 -1.230811476707458496e-01 -1.777350306510925293e-01 5.246257781982421875e-02
-2.269919514656066895e-01 5.506193637847900391e-02 3.083778619766235352e-01 7.669031620025634766e-02 -3.195220828056335449e-01 7.052969932556152344e-02
-2.349152565002441406e-01 1.343153715133666992e-01 6.117691993713378906e-01 -1.846446394920349121e-01 -2.316011786460876465e-01 1.801817417144775391e-01
-4.623195528984069824e-01 1.739135980606079102e-01 6.119446754455566406e-01 -1.321685314178466797e-01 -3.493317961692810059e-01 2.936207056045532227e-01
-3.278397917747497559e-01 -9.961724281311035156e-03 7.085449695587158203e-01 -2.612650394439697266e-03 -2.723211050033569336e-01 3.298437595367431641e-02
-2.165555357933044434e-01 -1.470788717269897461e-01 5.623291730880737305e-01 -2.650181651115417480e-01 -1.738836765289306641e-01 -1.116030216217041016e-01
-3.861840367317199707e-01 3.620351552963256836e-01 1.473503112792968750e-01 9.050726890563964844e-02 -3.652184009552001953e-01 1.954325437545776367e-01
-3.903080224990844727e-01 3.175719976425170898e-01 3.338844776153564453e-01 2.384376525878906250e-01 -3.018201589584350586e-01 2.896946668624877930e-01
-1.546641588211059570e-01 1.370098590850830078e-01 5.024501085281372070e-01 6.791675090789794922e-02 -4.026468992233276367e-01 5.116809606552124023e-01
5.833089351654052734e-02 2.635987997055053711e-01 1.322572231292724609e-01 2.631485462188720703e-02 -3.436630964279174805e-01 5.720394849777221680e-01
1.421838998794555664e-01 3.722647428512573242e-01 -8.260667324066162109e-02 3.732806444168090820e-01 -4.847958683967590332e-01 7.954133749008178711e-01
1.039878129959106445e-01 3.347960710525512695e-01 -2.923065423965454102e-02 3.764255046844482422e-01 -3.484967350959777832e-01 7.224533557891845703e-01
2.605283260345458984e-02 3.940809965133666992e-01 8.075118064880371094e-03 2.414716482162475586e-01 -3.527254462242126465e-01 7.700980901718139648e-01
8.325946331024169922e-02 2.557001113891601562e-01 -6.613242626190185547e-02 3.748589754104614258e-01 -3.081469535827636719e-01 6.518051624298095703e-01
1.866126060485839844e-02 2.923655509948730469e-02 6.470274925231933594e-02 1.220002174377441406e-01 -8.749425411224365234e-02 5.277491807937622070e-01
-2.449125051498413086e-02 9.282708168029785156e-02 4.377055168151855469e-02 1.227021217346191406e-02 -1.696459054946899414e-01 5.960439443588256836e-01
1.697852611541748047e-01 2.123600244522094727e-01 -3.477239608764648438e-02 3.056101799011230469e-01 -1.799758076667785645e-01 7.386447191238403320e-01
2.310037612915039062e-02 2.029618024826049805e-01 1.519657373428344727e-01 1.348117589950561523e-01 -6.975048780441284180e-02 6.689482927322387695e-01
-2.499896287918090820e-02 1.052055358886718750e-01 6.241917610168457031e-03 2.193678617477416992e-01 -1.238516569137573242e-01 6.036781072616577148e-01
-2.992639541625976562e-01 4.609441757202148438e-02 2.382940053939819336e-01 2.577444314956665039e-01 -1.186126470565795898e-02 7.051808834075927734e-01
-2.658675909042358398e-01 -5.086028575897216797e-02 1.951980590820312500e-01 5.977261066436767578e-02 4.491567611694335938e-03 2.910730838775634766e-01
-2.843250632286071777e-01 -6.484895944595336914e-02 4.153488874435424805e-01 -1.008602380752563477e-01 -7.633167505264282227e-02 3.842803239822387695e-01
2.292573451995849609e-02 2.285931110382080078e-01 1.470537185668945312e-01 -8.067607879638671875e-03 -2.630358934402465820e-01 7.035477161407470703e-01
-9.035313129425048828e-02 1.882187128067016602e-01 1.945393085479736328e-01 -3.766995668411254883e-02 5.192244052886962891e-02 5.526999235153198242e-01
