-1.333223581314086914e-01 -4.462214708328247070e-01 6.333494186401367188e-02 -3.108803033828735352e-01 -5.285029411315917969e-01 2.168631553649902344e-02
1.136779785156250000e-03 -4.106457233428955078e-01 -2.131651639938354492e-01 -2.519724965095520020e-01 -5.168798565864562988e-01 8.579003810882568359e-02
6.322562694549560547e-02 -4.568364024162292480e-01 -3.085989356040954590e-01 -2.419115900993347168e-01 -7.221902608871459961e-01 7.447719573974609375e-03
2.954223155975341797e-01 -4.058840274810791016e-01 -3.358615636825561523e-01 -2.879401445388793945e-01 -5.881880521774291992e-01 -1.858037710189819336e-02
3.031795024871826172e-01 -2.910614609718322754e-01 -3.701959252357482910e-01 -3.039369583129882812e-01 -6.683202981948852539e-01 6.008815765380859375e-02
3.847546577453613281e-01 -4.025550484657287598e-01 -3.754168748855590820e-01 -2.811547517776489258e-01 -5.232604742050170898e-01 -1.317983865737915039e-02
3.285948038101196289e-01 -4.607411026954650879e-01 -2.780225276947021484e-01 -3.545517325401306152e-01 -4.277300834655761719e-01 -2.912944555282592773e-02
2.376626729965209961e-01 -4.543798565864562988e-01 -1.966638565063476562e-01 -2.992545962333679199e-01 -5.253173112869262695e-01 9.710550308227539062e-03
2.931185960769653320e-01 -4.069768786430358887e-01 -5.512571334838867188e-02 -4.035483598709106445e-01 -3.816225528717041016e-01 1.246535778045654297e-02
3.208180665969848633e-01 -5.496394634246826172e-01 -9.369462728500366211e-02 -2.178832888603210449e-01 -3.791537880897521973e-01 -9.668600559234619141e-02
3.223291635513305664e-01 -4.700127840042114258e-01 -2.418234944343566895e-01 -1.581625938415527344e-01 -4.733799695968627930e-01 -2.723419666290283203e-02
5.120754241943359375e-01 -5.702549815177917480e-01 -3.719988465309143066e-01 -1.783888936042785645e-01 -3.435129523277282715e-01 -1.088186502456665039e-01
4.072067737579345703e-01 -5.407832860946655273e-01 -2.154126763343811035e-01 -1.759912967681884766e-01 -2.627885937690734863e-01 -1.169359683990478516e-01
3.782954216003417969e-01 -6.644396185874938965e-01 -1.216475963592529297e-01 -2.495464086532592773e-01 -1.280177235603332520e-01 -1.585190296173095703e-01
3.454093933105468750e-01 -5.796711444854736328e-01 -2.185500264167785645e-01 -1.998074054718017578e-01 -2.761458158493041992e-01 -9.718358516693115234e-02
3.003531694412231445e-01 -5.439935922622680664e-01 -1.604377627372741699e-01 -1.761915683746337891e-01 -3.132103085517883301e-01 1.099085807800292969e-02
3.981919288635253906e-01 -5.151038169860839844e-01 -2.770553827285766602e-01 -2.332456111907958984e-01 -1.556467413902282715e-01 -1.605178117752075195e-01
4.416971206665039062e-01 -4.739669561386108398e-01 -3.514829874038696289e-01 -1.212002635002136230e-01 -2.636510133743286133e-01 -7.036393880844116211e-02
4.079797267913818359e-01 -5.040118694305419922e-01 -2.391535639762878418e-01 -1.347761750221252441e-01 -2.434056997299194336e-01 -4.041743278503417969e-02
3.177386522293090820e-01 -4.368749856948852539e-01 -1.445680856704711914e-01 -1.431449055671691895e-01 -3.165895938873291016e-01 1.095823049545288086e-01
4.021211862564086914e-01 -4.547163844108581543e-01 -2.347477674484252930e-01 -1.034621596336364746e-01 -2.222059369087219238e-01 1.248133182525634766e-01
4.505426883697509766e-01 -4.142743349075317383e-01 -2.034268975257873535e-01 -7.182186841964721680e-02 -1.297631859779357910e-01 1.265004873275756836e-01
2.989320755004882812e-01 -2.709198594093322754e-01 -1.243817210197448730e-01 -1.103111505508422852e-01 -2.425261139869689941e-01 3.127707242965698242e-01
3.008610010147094727e-01 -1.818016171455383301e-01 -1.323122978210449219e-01 -1.962655186653137207e-01 -2.531961798667907715e-01 4.018974304199218750e-01
3.480825424194335938e-01 -1.872365474700927734e-01 -2.128518223762512207e-01 -2.306534647941589355e-01 -1.728444099426269531e-01 3.737704753875732422e-01
4.024976491928100586e-01 -1.920002698898315430e-01 -2.396901845932006836e-01 -2.242590785026550293e-01 -9.468597173690795898e-02 3.464899063110351562e-01
4.752497673034667969e-01 -1.753611564636230469e-01 -2.835862040519714355e-01 -2.966920137405395508e-01 2.781772613525390625e-02 2.578592300415039062e-01
5.428858995437622070e-01 -2.272705435752868652e-01 -2.434569001197814941e-01 -2.670500278472900391e-01 1.344151496887207031e-01 2.172253131866455078e-01
5.074110031127929688e-01 -2.286977767944335938e-01 -1.685932874679565430e-01 -2.200061082839965820e-01 1.503840684890747070e-01 2.591584920883178711e-01
4.409104585647583008e-01 -2.309540510177612305e-01 -1.108766198158264160e-01 -2.019325494766235352e-01 6.819868087768554688e-02 2.937330007553100586e-01
5.509028434753417969e-01 -1.898598670959472656e-01 -2.628248929977416992e-01 -1.031488180160522461e-01 8.522081375122070312e-02 2.461297512054443359e-01
4.837805032730102539e-01 -1.866238117218017578e-01 -1.882311105728149414e-01 -1.249696016311645508e-01 6.171548366546630859e-02 2.838318347930908203e-01
5.108860731124877930e-01 -1.869291067123413086e-01 -1.097850799560546875e-01 -2.358027696609497070e-01 8.100581169128417969e-02 3.141909837722778320e-01
5.154396295547485352e-01 -1.484744548797607422e-01 -1.368650197982788086e-01 -1.939042806625366211e-01 -1.009756326675415039e-02 3.670119047164916992e-01
3.210749626159667969e-01 -1.370416879653930664e-01 -5.313771963119506836e-02 -1.617713570594787598e-01 -1.256089806556701660e-01 3.528897762298583984e-01
2.189880609512329102e-01 -3.047418594360351562e-02 -9.986251592636108398e-02 -9.298247098922729492e-02 -3.069564700126647949e-01 5.399215221405029297e-01
1.321700811386108398e-01 -1.153005361557006836e-01 9.828567504882812500e-03 -1.701025366783142090e-01 -4.813760519027709961e-02 5.275337696075439453e-01
-4.014426469802856445e-02 -2.138313055038452148e-01 1.783481836318969727e-01 -1.104109883308410645e-01 -2.237027883529663086e-01 3.803114891052246094e-01
-1.989414691925048828e-01 -3.979856371879577637e-01 1.742117404937744141e-01 -2.803439497947692871e-01 -9.793692827224731445e-02 1.331212520599365234e-01
-1.627740263938903809e-01 -4.206716418266296387e-01 3.119788169860839844e-01 -2.252236604690551758e-01 -2.477748990058898926e-01 2.368808984756469727e-01
-2.007050514221191406e-01 -4.024959206581115723e-01 2.539995908737182617e-01 -1.558308601379394531e-01 -3.355899453163146973e-01 2.869975566864013672e-01
9.220647811889648438e-02 -6.520664691925048828e-01 2.008244991302490234e-01 -3.231056332588195801e-01 -7.555586099624633789e-02 -3.304845094680786133e-02
6.552612781524658203e-02 -6.574286222457885742e-01 1.915587186813354492e-01 -4.728481173515319824e-01 -9.106475114822387695e-02 -1.993471384048461914e-02
2.324553728103637695e-01 -6.038577556610107422e-01 1.426565647125244141e-02 -3.360762596130371094e-01 -1.598733663558959961e-01 -4.835033416748046875e-02
1.434276103973388672e-01 -5.953899621963500977e-01 -3.619515895843505859e-02 -2.475010156631469727e-01 -2.276803255081176758e-01 -1.231569051742553711e-01
1.526628732681274414e-01 -5.996924638748168945e-01 -8.430653810501098633e-02 -2.649778723716735840e-01 -2.189770936965942383e-01 -1.578068733215332031e-01
1.832315921783447266e-01 -6.859722733497619629e-01 8.396744728088378906e-03 -4.422256946563720703e-01 4.660022258758544922e-02 -2.292153239250183105e-01
2.963685989379882812e-01 -6.551875472068786621e-01 2.126097679138183594e-02 -4.830875992774963379e-01 6.689858436584472656e-02 -1.896752715110778809e-01
3.119758367538452148e-01 -5.009539723396301270e-01 -1.016304492950439453e-01 -3.137077689170837402e-01 -2.076066732406616211e-01 -6.584227085113525391e-02
2.683475017547607422e-01 -5.085840225219726562e-01 -9.931969642639160156e-02 -2.640925645828247070e-01 -3.167642951011657715e-01 -3.052347898483276367e-02
2.804979085922241211e-01 -6.784189939498901367e-01 -5.321311950683593750e-02 -3.474891185760498047e-01 -1.612609028816223145e-01 -2.671652436256408691e-01
3.518220186233520508e-01 -6.926071643829345703e-01 -2.163237333297729492e-01 -4.591864347457885742e-01 -1.621512770652770996e-01 -4.142574667930603027e-01
1.402553319931030273e-01 -6.288923621177673340e-01 4.861831665039062500e-02 -3.014889955520629883e-01 -4.062206745147705078e-01 -2.690210938453674316e-01
5.793130397796630859e-02 -4.090119600296020508e-01 2.228653430938720703e-01 -3.386881947517395020e-01 -5.514453649520874023e-01 -2.543240785598754883e-02
-2.642174363136291504e-01 -3.943724632263183594e-01 1.492867469787597656e-01 -2.937548160552978516e-01 -2.939741015434265137e-01 -1.453401446342468262e-01
-1.217954158782958984e-01 -6.015430688858032227e-01 1.869996786117553711e-01 -4.462366104125976562e-01 -5.859839916229248047e-02 -2.731294035911560059e-01
-1.500012874603271484e-01 -6.414052248001098633e-01 1.896921396255493164e-01 -3.282938599586486816e-01 2.098238468170166016e-02 -3.502724766731262207e-01
-1.263411045074462891e-01 -3.699862360954284668e-01 3.585497140884399414e-01 -1.912047863006591797e-01 -1.368643641471862793e-01 -1.549124717712402344e-04
-3.341429233551025391e-01 -3.289223313331604004e-01 2.114157676696777344e-01 -2.789632678031921387e-01 -2.011114954948425293e-01 -1.611360907554626465e-01
-3.793042898178100586e-01 -3.166800141334533691e-01 1.719979047775268555e-01 -3.701171278953552246e-01 -3.316060900688171387e-01 -1.688772439956665039e-01
-1.373794078826904297e-01 -4.096091389656066895e-01 1.438512802124023438e-01 -3.831799626350402832e-01 -5.674612522125244141e-02 -2.256376147270202637e-01
-5.826395750045776367e-02 -4.334187507629394531e-01 3.023909330368041992e-01 -3.526170253753662109e-01 -7.033056020736694336e-02 -2.493072152137756348e-01
-3.482663631439208984e-01 -4.131572246551513672e-01 2.608726024627685547e-01 -2.721656560897827148e-01 -1.476431488990783691e-01 -2.107195258140563965e-01
-5.237187147140502930e-01 -3.558953404426574707e-01 1.414679288864135742e-01 8.784925937652587891e-02 -2.755052447319030762e-01 -2.161984443664550781e-01
-1.807582974433898926e-01 -3.748733997344970703e-01 1.538333892822265625e-01 -1.781310439109802246e-01 -1.922734975814819336e-01 -1.967183351516723633e-01
-5.520044565200805664e-01 -1.326392889022827148e-01 3.086543083190917969e-01 1.529934406280517578e-01 -6.407648921012878418e-01 5.750072002410888672e-02
-8.076059818267822266e-01 -1.099036931991577148e-01 4.983675479888916016e-01 5.746607780456542969e-01 -6.220769882202148438e-01 1.347892284393310547e-01
-4.035632610321044922e-01 -4.532597064971923828e-01 2.099323272705078125e-01 3.248027563095092773e-01 -7.506882548332214355e-01 -1.764788627624511719e-01
-5.464229583740234375e-01 -5.365977287292480469e-01 3.527983427047729492e-01 2.859544754028320312e-01 -4.869299530982971191e-01 -3.321553468704223633e-01
-4.203107953071594238e-01 -5.153418183326721191e-01 2.775144577026367188e-01 3.319892883300781250e-01 -5.585314035415649414e-01 -3.100164532661437988e-01
-1.241395473480224609e-01 -6.393809318542480469e-01 2.207404375076293945e-01 2.065788507461547852e-01 -6.013109683990478516e-01 -2.790699005126953125e-01
2.741432189941406250e-02 -7.135794162750244141e-01 -4.335379600524902344e-02 5.392193794250488281e-02 -5.405476689338684082e-01 -3.984353542327880859e-01
-5.199253559112548828e-03 -6.631346344947814941e-01 -1.174319386482238770e-01 9.748470783233642578e-02 -5.386043787002563477e-01 -3.373962640762329102e-01
1.125969886779785156e-01 -6.524167060852050781e-01 4.921102523803710938e-02 2.504563331604003906e-02 -2.651121616363525391e-01 -2.437025308609008789e-01
1.299959421157836914e-01 -6.326552629470825195e-01 1.585836410522460938e-01 -1.660400032997131348e-01 -1.735864877700805664e-01 -2.065106630325317383e-01
1.511875391006469727e-01 -8.029513359069824219e-01 1.625195741653442383e-01 -2.823746204376220703e-02 -1.280729770660400391e-01 -2.880118489265441895e-01
1.328032016754150391e-01 -8.221951127052307129e-01 2.390910387039184570e-01 -1.318817734718322754e-01 -7.506084442138671875e-02 -3.551653623580932617e-01
1.213378906250000000e-01 -7.906101346015930176e-01 1.336929798126220703e-01 7.970857620239257812e-02 -1.630977988243103027e-01 -3.393368721008300781e-01
-1.061391234397888184e-01 -7.273376584053039551e-01 5.793011188507080078e-02 7.082927227020263672e-02 -2.539377212524414062e-01 -3.914015293121337891e-01
-1.383522748947143555e-01 -5.804465413093566895e-01 1.522992849349975586e-01 1.567125320434570312e-03 -9.899437427520751953e-02 -3.348668813705444336e-01
-4.748394489288330078e-01 -3.928695917129516602e-01 2.250558137893676758e-01 -6.182694435119628906e-02 -2.237183451652526855e-01 -2.830480933189392090e-01
-1.570611596107482910e-01 -2.209352850914001465e-01 4.030623435974121094e-01 -4.083520174026489258e-02 -3.743059635162353516e-01 3.831303119659423828e-02
-2.206158638000488281e-01 -2.806881666183471680e-01 4.918825626373291016e-01 -1.131340265274047852e-01 -2.443667054176330566e-01 4.135859012603759766e-02
-3.665779829025268555e-01 -3.451545238494873047e-01 5.288730859756469727e-01 -8.541470766067504883e-02 -1.582646369934082031e-01 -1.004657745361328125e-01
-1.667875647544860840e-01 -3.471000790596008301e-01 4.876649379730224609e-01 -2.288212776184082031e-01 -1.976835727691650391e-01 -1.471897363662719727e-01
-2.973081469535827637e-01 -3.062911629676818848e-01 3.746869564056396484e-01 -3.041074275970458984e-01 -2.977589964866638184e-01 -2.018501162528991699e-01
-2.634360790252685547e-01 -3.388301134109497070e-01 3.410955667495727539e-01 -9.716093540191650391e-02 -1.792903542518615723e-01 -2.011267542839050293e-01
-2.622118592262268066e-01 -3.543889522552490234e-01 3.711996078491210938e-01 9.137392044067382812e-04 1.600527763366699219e-02 -2.974944114685058594e-01
-3.075477480888366699e-01 -3.596517443656921387e-01 3.252704143524169922e-01 4.816615581512451172e-01 1.887699365615844727e-01 -4.950038790702819824e-01
-5.782175064086914062e-02 -4.325313568115234375e-01 3.126928806304931641e-01 4.479337930679321289e-01 2.813925743103027344e-01 -6.103385686874389648e-01
-1.857628226280212402e-01 -5.208413600921630859e-01 4.473102092742919922e-01 3.251185417175292969e-01 -8.333325386047363281e-02 -5.246607065200805664e-01
-1.488310098648071289e-02 -2.293360829353332520e-01 4.909464120864868164e-01 9.169697761535644531e-03 -2.975093722343444824e-01 -2.672352194786071777e-01
3.096565008163452148e-01 2.842568159103393555e-01 3.495668172836303711e-01 -2.363006472587585449e-01 -2.285707592964172363e-01 1.868056058883666992e-01
3.373982906341552734e-01 3.108286857604980469e-01 2.757987976074218750e-01 -3.103618025779724121e-01 -1.374740004539489746e-01 1.856765747070312500e-01
4.856348037719726562e-01 4.448945522308349609e-01 2.733283042907714844e-01 -4.018960595130920410e-01 -1.010054349899291992e-01 2.464332580566406250e-01
5.967727899551391602e-01 5.578994750976562500e-01 2.890818119049072266e-01 -4.751290678977966309e-01 -9.477883577346801758e-02 3.167788982391357422e-01
6.965798139572143555e-01 3.637005090713500977e-01 1.427859067916870117e-01 -3.221449255943298340e-01 6.777262687683105469e-02 1.858614683151245117e-01
7.291107177734375000e-01 2.415525913238525391e-01 9.569561481475830078e-02 -3.645964264869689941e-01 2.523783445358276367e-01 1.278996467590332031e-02
6.251797676086425781e-01 4.219222068786621094e-02 1.224752664566040039e-01 -4.102722406387329102e-01 4.007048606872558594e-01 -1.887179017066955566e-01
3.128437995910644531e-01 -2.775561809539794922e-02 3.306667804718017578e-01 -4.791048765182495117e-01 2.575715780258178711e-01 -1.239887475967407227e-01
-3.780569434165954590e-01 3.792917728424072266e-02 4.429627656936645508e-01 -2.697371244430541992e-01 -1.612972021102905273e-01 -1.846715211868286133e-01
-5.650332570075988770e-01 4.939782619476318359e-02 4.040390253067016602e-01 -3.864688873291015625e-01 -1.523376107215881348e-01 -9.378838539123535156e-02
-3.704939484596252441e-01 1.038706302642822266e-02 4.035137891769409180e-01 -3.489123582839965820e-01 -1.945155858993530273e-02 -7.440370321273803711e-02
-4.075904488563537598e-01 -8.093637228012084961e-02 6.281186342239379883e-01 -2.391988635063171387e-01 -4.585689306259155273e-02 1.927173137664794922e-02
-1.700019240379333496e-01 -8.026921749114990234e-02 5.292418003082275391e-01 -8.902311325073242188e-02 -1.488474607467651367e-01 -1.232451200485229492e-02
-3.935266137123107910e-01 1.280982494354248047e-01 4.294149875640869141e-01 7.009088993072509766e-02 -3.832803368568420410e-01 1.403638124465942383e-01
-3.106189966201782227e-01 4.748380184173583984e-02 4.411642551422119141e-01 -4.003924131393432617e-02 -2.314446568489074707e-01 1.512662172317504883e-01
-2.654711604118347168e-01 6.769061088562011719e-03 5.379219055175781250e-01 -3.975844383239746094e-02 -2.435641884803771973e-01 9.869670867919921875e-02
-3.282446861267089844e-01 6.777453422546386719e-02 7.104002237319946289e-01 -8.257275819778442383e-02 -1.688098907470703125e-01 2.563971281051635742e-01
-3.049199581146240234e-01 -1.954764127731323242e-02 7.494426965713500977e-01 -2.238704562187194824e-01 -2.108171582221984863e-01 1.166344881057739258e-01
-1.943370699882507324e-01 5.824363231658935547e-02 4.677697420120239258e-01 6.956458091735839844e-02 -3.390762805938720703e-01 1.078073978424072266e-01
-2.410748600959777832e-01 4.643388986587524414e-01 3.993687629699707031e-01 2.357637882232666016e-01 -6.878285408020019531e-01 5.765006542205810547e-01
-1.248602867126464844e-01 2.748546600341796875e-01 5.577409267425537109e-01 2.071483135223388672e-01 -4.309773445129394531e-01 4.855356216430664062e-01
-4.203319549560546875e-02 1.948128938674926758e-01 3.636515140533447266e-02 3.172595500946044922e-01 -3.436233401298522949e-01 4.152117967605590820e-01
6.215107440948486328e-02 4.430502653121948242e-01 -1.596159338951110840e-01 3.221334218978881836e-01 -4.356286525726318359e-01 6.440212726593017578e-01
1.785593032836914062e-01 5.654394626617431641e-01 -1.850509047508239746e-01 3.303248882293701172e-01 -4.566158056259155273e-01 7.699345350265502930e-01
3.571462631225585938e-02 4.747742414474487305e-01 -2.176154255867004395e-01 3.900318145751953125e-01 -4.010369777679443359e-01 6.961359977722167969e-01
-8.258640766143798828e-03 2.956485748291015625e-01 -2.207384109497070312e-01 3.926433324813842773e-01 -2.990027070045471191e-01 5.743044614791870117e-01
1.578301191329956055e-01 3.533115386962890625e-01 -1.939913630485534668e-01 3.966629505157470703e-01 -4.053799510002136230e-01 6.784737110137939453e-01
1.319284439086914062e-01 2.935409545898437500e-01 -6.197887659072875977e-02 2.818104028701782227e-01 -3.884600996971130371e-01 7.121646404266357422e-01
6.323778629302978516e-02 4.150189161300659180e-01 -7.972609996795654297e-02 3.104526996612548828e-01 -3.711390495300292969e-01 7.566730976104736328e-01
-2.650243043899536133e-02 1.959969997406005859e-01 1.522022485733032227e-01 1.397641897201538086e-01 -1.955661177635192871e-01 5.897650718688964844e-01
-2.199047803878784180e-02 3.087744712829589844e-01 -5.119729042053222656e-02 3.413431644439697266e-01 -2.583113312721252441e-01 7.167952060699462891e-01
7.108926773071289062e-03 1.403266191482543945e-01 7.174718379974365234e-02 1.098296642303466797e-01 -3.002575039863586426e-01 5.715980529785156250e-01
-3.163057565689086914e-02 3.176721334457397461e-01 -7.144057750701904297e-02 7.408273220062255859e-02 -2.510159015655517578e-01 7.133835554122924805e-01
-4.888945221900939941e-01 1.327559947967529297e-01 2.464711666107177734e-01 1.587214469909667969e-01 -1.643795371055603027e-01 6.833542585372924805e-01
-3.492749333381652832e-01 -9.798103570938110352e-02 2.122917175292968750e-01 1.008642911911010742e-01 -8.446359634399414062e-02 2.066457271575927734e-01
1.960027217864990234e-02 2.696639299392700195e-01 1.485145092010498047e-01 1.212159395217895508e-01 -5.993508100509643555e-01 5.593332052230834961e-01
-3.087432980537414551e-01 9.341895580291748047e-02 4.707351922988891602e-01 1.080595254898071289e-01 -5.036156177520751953e-01 6.324105262756347656e-01
3.133857250213623047e-02 -1.609221100807189941e-01 1.013374328613281250e-01 -4.676812887191772461e-02 -1.532779932022094727e-01 1.273469924926757812e-01
