2.692556381225585938e-01 -3.140689730644226074e-01 -2.220101952552795410e-01 -3.159476518630981445e-01 -4.381336569786071777e-01 9.618639945983886719e-02
2.833826541900634766e-01 -2.999663949012756348e-01 -3.654447793960571289e-01 -2.374185919761657715e-01 -5.537827610969543457e-01 5.768477916717529297e-02
3.049482107162475586e-01 -4.344983100891113281e-01 -3.283007144927978516e-01 -2.111858725547790527e-01 -4.214627742767333984e-01 4.515051841735839844e-02
1.355783939361572266e-01 -3.822619915008544922e-01 -2.159636616706848145e-01 -3.472876548767089844e-01 -4.106624126434326172e-01 2.160191535949707031e-02
3.681235313415527344e-01 -4.091079831123352051e-01 -2.312502264976501465e-01 -3.732184171676635742e-01 -2.943833470344543457e-01 3.174901008605957031e-02
3.668631315231323242e-01 -5.001765489578247070e-01 -1.375289559364318848e-01 -4.238409399986267090e-01 -2.631947994232177734e-01 -2.163290977478027344e-02
2.255355119705200195e-01 -3.514674305915832520e-01 -3.280045390129089355e-01 -3.209163546562194824e-01 -6.640258431434631348e-01 1.684776544570922852e-01
5.866599082946777344e-02 -5.276907682418823242e-01 -2.567388415336608887e-01 -3.137151598930358887e-01 -6.373027563095092773e-01 -8.102405071258544922e-02
2.618924379348754883e-01 -3.640539050102233887e-01 -3.309497237205505371e-01 -4.223232865333557129e-01 -5.881078839302062988e-01 -1.486176252365112305e-02
2.157160043716430664e-01 -4.605787992477416992e-01 -2.418205142021179199e-01 -3.741775155067443848e-01 -5.138809680938720703e-01 -1.189442276954650879e-01
3.215550184249877930e-01 -3.616232275962829590e-01 -1.452061533927917480e-01 -4.291129708290100098e-01 -5.694153308868408203e-01 4.198181629180908203e-02
2.984443902969360352e-01 -5.352756381034851074e-01 -2.303877472877502441e-01 -3.852185010910034180e-01 -3.822026252746582031e-01 -2.070267796516418457e-01
4.623833894729614258e-01 -4.598737955093383789e-01 -2.471060752868652344e-01 -3.700519204139709473e-01 -4.006301164627075195e-01 -5.514490604400634766e-02
3.757039308547973633e-01 -4.183303117752075195e-01 -1.799800992012023926e-01 -4.094370603561401367e-01 -3.723752498626708984e-01 3.960108757019042969e-02
6.045144796371459961e-01 -5.670673251152038574e-01 -3.012379407882690430e-01 -4.618546962738037109e-01 -6.442946195602416992e-02 -1.323615312576293945e-01
4.316684007644653320e-01 -4.311760663986206055e-01 -2.149525284767150879e-01 -2.230818867683410645e-01 -2.935181856155395508e-01 4.149186611175537109e-02
5.992847681045532227e-01 -5.579254627227783203e-01 -3.142144680023193359e-01 -9.637606143951416016e-02 -1.735737323760986328e-01 -1.004189848899841309e-01
4.926214218139648438e-01 -4.782971143722534180e-01 -2.765915989875793457e-01 -1.400208473205566406e-02 -2.560833692550659180e-01 6.624698638916015625e-03
4.893577098846435547e-01 -3.611079454421997070e-01 -5.290424823760986328e-01 3.916323184967041016e-02 -4.226998686790466309e-01 6.030893325805664062e-02
3.255543708801269531e-01 -2.168257832527160645e-01 -4.233865141868591309e-01 -1.849671602249145508e-01 -3.824499249458312988e-01 1.968400478363037109e-01
4.120202064514160156e-01 -2.908323407173156738e-01 -4.412742853164672852e-01 -1.847469806671142578e-01 -1.772969365119934082e-01 1.328059434890747070e-01
6.153018474578857422e-01 -3.073919415473937988e-01 -4.831898808479309082e-01 -9.019267559051513672e-02 -3.481543064117431641e-02 9.842574596405029297e-02
5.606399774551391602e-01 -3.090193867683410645e-01 -4.162943959236145020e-01 -2.208974957466125488e-01 8.420574665069580078e-02 6.591844558715820312e-02
7.352401018142700195e-01 -2.939183115959167480e-01 -3.610598444938659668e-01 -1.986906528472900391e-01 1.661663055419921875e-01 1.277097463607788086e-01
6.455470323562622070e-01 -2.865357398986816406e-01 -2.551592588424682617e-01 -2.507410645484924316e-01 1.586438417434692383e-01 1.529457569122314453e-01
6.637673377990722656e-01 -2.990257740020751953e-01 -2.497552037239074707e-01 -1.545869112014770508e-01 1.605836153030395508e-01 1.577666997909545898e-01
6.938512325286865234e-01 -3.397247791290283203e-01 -2.213920950889587402e-01 -1.607326269149780273e-01 1.757148504257202148e-01 1.416231393814086914e-01
6.691683530807495117e-01 -3.293017745018005371e-01 -2.455406188964843750e-01 -2.087183594703674316e-01 2.273970842361450195e-01 1.089571714401245117e-01
5.563585758209228516e-01 -3.489834070205688477e-01 -1.455399394035339355e-01 -1.970809698104858398e-01 1.388267278671264648e-01 1.740547418594360352e-01
4.835743904113769531e-01 -2.419323921203613281e-01 -1.081426739692687988e-01 -1.483681201934814453e-01 -4.226410388946533203e-02 2.543504238128662109e-01
3.595087528228759766e-01 -1.674019694328308105e-01 -1.550539731979370117e-01 -1.528929471969604492e-01 -2.325836420059204102e-01 3.492475748062133789e-01
3.120491504669189453e-01 -1.154393553733825684e-01 -3.068032860755920410e-01 -5.415856838226318359e-02 -1.783955693244934082e-01 4.207327365875244141e-01
3.553440570831298828e-01 -2.607333064079284668e-01 -9.722191095352172852e-02 -1.901983022689819336e-01 7.176792621612548828e-02 3.229618072509765625e-01
-1.603522896766662598e-01 -4.236476421356201172e-01 2.285877466201782227e-01 -3.039364218711853027e-01 -9.640181064605712891e-02 2.846376895904541016e-01
-2.254113554954528809e-01 -5.043013095855712891e-01 2.072827816009521484e-01 -3.426228761672973633e-01 -3.590583801269531250e-02 9.862768650054931641e-02
-3.096562623977661133e-02 -5.399206876754760742e-01 1.957584619522094727e-01 -2.437092661857604980e-01 5.717945098876953125e-02 2.928340435028076172e-02
-4.214143753051757812e-02 -4.615928530693054199e-01 1.226164102554321289e-01 -3.674466609954833984e-01 -6.447601318359375000e-02 3.833580017089843750e-02
1.390137672424316406e-01 -4.442303180694580078e-01 7.950663566589355469e-02 -3.884688615798950195e-01 -5.795496702194213867e-02 7.362294197082519531e-02
-9.938025474548339844e-02 -5.442855358123779297e-01 1.894010305404663086e-01 -2.442418336868286133e-01 -2.262701392173767090e-01 3.332614898681640625e-02
1.017975807189941406e-01 -6.645470857620239258e-01 -5.156099796295166016e-03 -2.078751325607299805e-01 -2.569167613983154297e-01 -7.520121335983276367e-02
9.911298751831054688e-03 -7.231650352478027344e-01 3.101348876953125000e-03 -2.282252907752990723e-01 -1.595234274864196777e-01 -1.642750501632690430e-01
1.639865636825561523e-01 -6.638286709785461426e-01 3.045785427093505859e-02 -2.383292913436889648e-01 -2.098386883735656738e-01 -1.077027916908264160e-01
2.764221429824829102e-01 -7.025339007377624512e-01 3.762304782867431641e-02 -4.493923783302307129e-01 -1.385426521301269531e-02 -2.004374861717224121e-01
3.661901950836181641e-01 -6.233017444610595703e-01 -8.538120985031127930e-02 -3.465731143951416016e-01 -6.222605705261230469e-02 -1.640456914901733398e-01
3.913832902908325195e-01 -6.571139693260192871e-01 -1.306611299514770508e-01 -1.554476618766784668e-01 -9.147971868515014648e-02 -1.692455410957336426e-01
3.349400758743286133e-01 -6.293450593948364258e-01 -1.212811470031738281e-01 -1.509221792221069336e-01 -1.965023875236511230e-01 -1.223413944244384766e-01
4.251084327697753906e-01 -6.614090204238891602e-01 -1.365635991096496582e-01 -7.604891061782836914e-02 -9.663462638854980469e-02 -2.218130230903625488e-01
4.840046167373657227e-01 -6.430274248123168945e-01 -2.604240179061889648e-02 -6.469273567199707031e-02 -1.809121966361999512e-01 -1.390781998634338379e-01
2.843948602676391602e-01 -6.229152083396911621e-01 -1.225618720054626465e-01 -2.005050182342529297e-01 -2.926440238952636719e-01 -2.325879335403442383e-01
1.427861452102661133e-01 -7.305005788803100586e-01 -5.372101068496704102e-02 -1.251510977745056152e-01 -3.920333385467529297e-01 -3.837661147117614746e-01
-6.611412763595581055e-02 -4.814740419387817383e-01 3.092019557952880859e-01 -1.443308591842651367e-02 -4.292294979095458984e-01 -8.459186553955078125e-02
2.307724952697753906e-02 -4.214145541191101074e-01 2.838652133941650391e-01 -3.319548964500427246e-01 -2.032991647720336914e-01 -8.199900388717651367e-02
-1.071686148643493652e-01 -4.836218953132629395e-01 1.546165943145751953e-01 -2.424149513244628906e-01 -2.495173811912536621e-01 -2.051175236701965332e-01
-2.737317681312561035e-01 -3.959540724754333496e-01 1.407932043075561523e-01 -3.131360411643981934e-01 -2.492874264717102051e-01 -1.094655394554138184e-01
-2.390941977500915527e-01 -5.378111600875854492e-01 1.494686603546142578e-01 -3.746096491813659668e-01 -7.967412471771240234e-02 -2.760146856307983398e-01
-3.042553067207336426e-01 -4.190142750740051270e-01 4.448622465133666992e-01 -2.317572236061096191e-01 -1.501447558403015137e-01 -5.134224891662597656e-03
-5.372339487075805664e-01 -2.988134026527404785e-01 2.438470125198364258e-01 -1.017882823944091797e-01 -3.415051698684692383e-01 -5.987167358398437500e-03
-1.201387047767639160e-01 -4.028892517089843750e-01 2.183262109756469727e-01 -1.734375357627868652e-01 -1.502737998962402344e-01 -2.094416618347167969e-01
-2.218279838562011719e-01 -2.648733854293823242e-01 3.266440629959106445e-01 -3.982881307601928711e-01 -3.092736005783081055e-01 -7.203096151351928711e-02
-2.515856027603149414e-01 -2.491926550865173340e-01 1.792404651641845703e-01 -1.184337735176086426e-01 -5.087685585021972656e-01 -2.373993396759033203e-03
-4.151057004928588867e-01 -3.474594354629516602e-01 1.918524503707885742e-01 -2.393063306808471680e-01 -2.252808213233947754e-01 -2.119958996772766113e-01
-3.519153594970703125e-01 -2.940582036972045898e-01 3.748927116394042969e-01 4.304766654968261719e-03 -3.973903656005859375e-01 -1.044080257415771484e-01
-4.584136605262756348e-01 -4.240783452987670898e-01 4.185340404510498047e-01 2.741130590438842773e-01 -2.675508856773376465e-01 -2.216467261314392090e-01
-4.267662167549133301e-01 -5.743588805198669434e-01 2.747917175292968750e-02 2.331068515777587891e-01 -2.949609160423278809e-01 -3.853514790534973145e-01
-3.059946894645690918e-01 -5.403944253921508789e-01 4.551243782043457031e-02 4.016385078430175781e-01 -5.036115646362304688e-01 -2.894049882888793945e-01
-3.303214907646179199e-01 -4.581351876258850098e-01 2.901408672332763672e-01 3.418480157852172852e-01 -4.557968378067016602e-01 -1.970367431640625000e-01
1.189239025115966797e-01 -7.382484674453735352e-01 2.214814424514770508e-01 1.829911470413208008e-01 -3.578849434852600098e-01 -3.039721250534057617e-01
2.820885181427001953e-02 -6.888253688812255859e-01 1.486706733703613281e-02 7.365465164184570312e-02 -4.900097846984863281e-01 -2.732384204864501953e-01
2.027505636215209961e-01 -6.655525565147399902e-01 1.747562885284423828e-01 -6.091928482055664062e-02 -3.413599729537963867e-01 -2.554953694343566895e-01
3.231706619262695312e-01 -6.008126735687255859e-01 2.869453430175781250e-01 -1.860429048538208008e-01 -2.316069006919860840e-01 -2.035626769065856934e-01
2.033690214157104492e-01 -5.656114816665649414e-01 2.601848840713500977e-01 -1.423320770263671875e-01 -2.947726845741271973e-01 -8.941906690597534180e-02
1.720572710037231445e-01 -6.136456727981567383e-01 1.005762815475463867e-01 9.513127803802490234e-02 -3.792644143104553223e-01 -1.819118261337280273e-01
1.826808452606201172e-01 -7.128912210464477539e-01 1.958131790161132812e-01 2.322090864181518555e-01 -2.938458323478698730e-01 -2.349745035171508789e-01
1.188056468963623047e-01 -8.097242116928100586e-01 -4.865068197250366211e-02 1.484185457229614258e-01 -2.995356917381286621e-01 -4.899867773056030273e-01
1.250791549682617188e-01 -8.591890335083007812e-01 -2.950346469879150391e-02 1.743459701538085938e-01 -8.856970071792602539e-02 -6.584318876266479492e-01
-1.750166416168212891e-01 -5.942196846008300781e-01 -6.701248884201049805e-02 1.042764186859130859e-01 -3.431380391120910645e-01 -3.938422203063964844e-01
-2.513934969902038574e-01 -3.473619818687438965e-01 3.802822828292846680e-01 -1.894221305847167969e-01 -3.347966074943542480e-01 -6.065642833709716797e-02
-2.404382228851318359e-01 -2.906960844993591309e-01 3.798171281814575195e-01 -2.190262079238891602e-01 -2.200388908386230469e-01 -1.650422811508178711e-01
-1.748210787773132324e-01 -3.852668404579162598e-01 3.233126401901245117e-01 -2.530505657196044922e-01 -2.201415896415710449e-01 -1.533012390136718750e-01
-2.199948430061340332e-01 -3.458372950553894043e-01 2.394486665725708008e-01 -8.897608518600463867e-02 -4.214333295822143555e-01 -2.060522437095642090e-01
-2.923031449317932129e-01 -2.469137907028198242e-01 4.728517532348632812e-01 -1.542212963104248047e-01 -2.174413204193115234e-01 3.457975387573242188e-02
-1.338559389114379883e-01 -2.245685458183288574e-01 3.939956426620483398e-01 -2.826353311538696289e-01 -4.645612239837646484e-01 -4.107356071472167969e-02
-1.936936974525451660e-01 -2.320879101753234863e-01 3.863923549652099609e-01 -1.960277557373046875e-01 -3.307938575744628906e-01 5.785596370697021484e-02
-7.548338174819946289e-02 -4.571175575256347656e-01 4.563173055648803711e-01 4.166413545608520508e-01 1.162102222442626953e-01 -3.651090860366821289e-01
-5.235213041305541992e-02 -5.930457711219787598e-01 2.575994729995727539e-01 4.884035587310791016e-01 3.952531814575195312e-01 -6.706703901290893555e-01
-2.773401141166687012e-01 -3.624716401100158691e-01 2.184151411056518555e-01 5.372139215469360352e-01 -1.054650545120239258e-02 -4.529479742050170898e-01
-3.904844522476196289e-01 -5.592436790466308594e-01 1.951730251312255859e-01 3.725514411926269531e-01 7.104837894439697266e-02 -5.096241235733032227e-01
-1.358585357666015625e-01 -4.284560084342956543e-01 3.936938047409057617e-01 2.277215719223022461e-01 -1.506440639495849609e-01 -4.047642946243286133e-01
4.718530178070068359e-02 -3.006124496459960938e-02 3.525131940841674805e-01 1.209303140640258789e-01 -5.659343004226684570e-01 2.767598628997802734e-02
6.934034824371337891e-02 4.066550731658935547e-02 1.844875812530517578e-01 -1.234278082847595215e-01 -4.637281894683837891e-01 -3.306084871292114258e-02
5.201394557952880859e-01 2.218241691589355469e-01 1.808263063430786133e-01 8.256661891937255859e-02 -5.392295122146606445e-01 1.586028337478637695e-01
4.763573408126831055e-01 3.100318908691406250e-01 3.497644662857055664e-01 -2.964496016502380371e-01 -3.063858151435852051e-01 1.918215751647949219e-01
3.650029897689819336e-01 3.859297037124633789e-01 3.171356916427612305e-01 -2.179425954818725586e-01 -3.254773020744323730e-01 2.878640890121459961e-01
5.294753313064575195e-01 2.880096435546875000e-01 2.624114751815795898e-01 -2.025696039199829102e-01 -1.484257578849792480e-01 1.769331693649291992e-01
3.629237413406372070e-01 2.267835140228271484e-01 3.601473569869995117e-01 -1.254464983940124512e-01 -1.396792531013488770e-01 1.688278913497924805e-01
2.462933063507080078e-01 9.357702732086181641e-02 4.292496442794799805e-01 -2.699720859527587891e-01 -2.847480773925781250e-02 8.525371551513671875e-03
1.252595186233520508e-01 -1.006571054458618164e-01 4.721701145172119141e-01 -2.387667298316955566e-01 1.000356674194335938e-02 -1.120962500572204590e-01
-1.010932326316833496e-01 -1.822537779808044434e-01 3.974056243896484375e-01 -3.532440066337585449e-01 -1.349302530288696289e-01 -3.012092709541320801e-01
-2.797144055366516113e-01 -2.218233942985534668e-01 4.548693895339965820e-01 -4.191089272499084473e-01 -8.080017566680908203e-02 -3.483933806419372559e-01
-1.360624432563781738e-01 -3.174422979354858398e-01 4.821715354919433594e-01 -2.403171658515930176e-01 -1.653569936752319336e-02 -3.503163456916809082e-01
-3.330420851707458496e-01 -1.144794821739196777e-01 5.335943698883056641e-01 -4.296004772186279297e-02 -2.119304537773132324e-01 -2.002900838851928711e-02
-2.567360401153564453e-01 3.086328506469726562e-03 5.437161922454833984e-01 -6.716197729110717773e-02 -3.029696345329284668e-01 1.127486228942871094e-01
-5.563640594482421875e-01 1.301157474517822266e-02 6.027588844299316406e-01 -1.161509752273559570e-02 -3.157260417938232422e-01 1.241695880889892578e-02
-3.236204385757446289e-01 -1.286966800689697266e-01 5.683085918426513672e-01 -6.778120994567871094e-02 -1.356209516525268555e-01 -1.017333865165710449e-01
-3.992040753364562988e-01 -1.663923263549804688e-02 6.386010646820068359e-01 -1.076396703720092773e-01 -2.775954604148864746e-01 1.033763885498046875e-01
-3.922671675682067871e-01 -5.824077129364013672e-02 4.619913101196289062e-01 -2.019087076187133789e-01 -1.823741793632507324e-01 2.156960964202880859e-02
-1.067580580711364746e-01 -3.456531763076782227e-01 2.022554874420166016e-01 -2.186357975006103516e-02 5.257656574249267578e-01 -6.651699542999267578e-01
-2.784925699234008789e-01 -2.595886588096618652e-01 2.803738117218017578e-01 -9.720087051391601562e-03 5.945171117782592773e-01 -6.339839696884155273e-01
-1.487458348274230957e-01 -4.670296311378479004e-01 1.586500406265258789e-01 -7.037818431854248047e-03 6.049071550369262695e-01 -8.386789560317993164e-01
-4.621156454086303711e-01 -3.434389829635620117e-01 1.867635250091552734e-01 1.305119991302490234e-01 3.622419834136962891e-01 -5.048075914382934570e-01
-6.800841093063354492e-01 -4.736935496330261230e-01 3.189954757690429688e-01 3.423193693161010742e-01 3.015595674514770508e-01 -5.200806260108947754e-01
-3.723430037498474121e-01 -6.146880388259887695e-01 4.589527845382690430e-01 5.567646026611328125e-02 3.507471084594726562e-01 -5.768896341323852539e-01
-2.354235649108886719e-01 -4.682886600494384766e-01 3.849685192108154297e-01 2.171317338943481445e-01 1.603257656097412109e-01 -4.305828213691711426e-01
-3.168565034866333008e-01 -6.034075021743774414e-01 5.116814374923706055e-01 1.740356683731079102e-01 2.306821346282958984e-01 -5.297443866729736328e-01
-2.755627632141113281e-01 -6.754317283630371094e-01 3.635649681091308594e-01 2.544947862625122070e-01 4.753586053848266602e-01 -7.428165674209594727e-01
-4.293498992919921875e-01 -4.565994739532470703e-01 4.120299816131591797e-01 9.352946281433105469e-02 2.666971683502197266e-01 -3.712929487228393555e-01
-4.759108424186706543e-01 -4.696039557456970215e-01 4.792883396148681641e-01 8.924615383148193359e-02 2.434707880020141602e-01 -4.741538763046264648e-01
-5.044836401939392090e-01 -5.118255615234375000e-01 3.394111394882202148e-01 2.894383668899536133e-01 1.296341419219970703e-01 -5.791414976119995117e-01
-5.006370544433593750e-01 -4.997084736824035645e-01 6.870784759521484375e-01 2.474359273910522461e-01 2.574431896209716797e-01 -3.553739786148071289e-01
-5.987325310707092285e-01 -1.670649647712707520e-01 6.017396450042724609e-01 2.372499704360961914e-01 -2.638704776763916016e-01 -4.657745361328125000e-03
-5.684017539024353027e-01 -2.613109946250915527e-01 4.641633033752441406e-01 1.201573610305786133e-01 -2.064980268478393555e-01 -1.019678711891174316e-01
-5.294163823127746582e-01 -2.656345963478088379e-01 5.562059879302978516e-01 1.036119461059570312e-02 -9.708827733993530273e-02 -2.159171104431152344e-01
-5.625205039978027344e-01 -3.648734688758850098e-01 4.994014501571655273e-01 -1.294918060302734375e-01 6.871759891510009766e-02 -2.468116879463195801e-01
-3.964481353759765625e-01 -1.874708533287048340e-01 5.509865283966064453e-01 -2.386395931243896484e-01 -1.321088671684265137e-01 -9.988683462142944336e-02
-2.319527864456176758e-01 -1.754955053329467773e-01 4.623583555221557617e-01 -8.398097753524780273e-02 -2.737973928451538086e-01 -1.368817090988159180e-01
-4.678211212158203125e-01 -2.255474328994750977e-01 5.362766981124877930e-01 -1.388269662857055664e-01 -3.941404819488525391e-02 -1.319310069084167480e-01
-6.372125148773193359e-01 -2.900452017784118652e-01 5.361385345458984375e-01 1.418366432189941406e-01 -8.338940143585205078e-02 -7.349091768264770508e-02
-5.183885693550109863e-01 -3.048034906387329102e-01 3.478560447692871094e-01 7.301926612854003906e-02 -1.148383021354675293e-01 -2.491068840026855469e-01
-3.377484679222106934e-01 -2.467046380043029785e-01 4.042118787765502930e-01 9.231352806091308594e-02 -1.545652151107788086e-01 1.141786575317382812e-02
-2.194766402244567871e-01 -4.288898706436157227e-01 4.174451828002929688e-01 1.477109193801879883e-01 -8.531177043914794922e-02 -2.502715587615966797e-01
-2.654774785041809082e-01 -6.249705553054809570e-01 3.407480716705322266e-01 1.132231950759887695e-01 -1.259120702743530273e-01 -3.569740653038024902e-01
-1.336331963539123535e-01 -3.813745975494384766e-01 3.557128906250000000e-01 -5.895733833312988281e-01 -5.239939689636230469e-02 1.274278163909912109e-01
-2.998650074005126953e-02 -2.563281655311584473e-01 7.770442962646484375e-02 -6.518216729164123535e-01 -4.711568355560302734e-02 2.076719999313354492e-01
-7.033824920654296875e-03 -1.418381929397583008e-01 6.644916534423828125e-02 -6.524259448051452637e-01 -2.482211589813232422e-02 3.434686660766601562e-01
5.633068084716796875e-02 -7.447534799575805664e-02 1.306871175765991211e-01 -5.745990276336669922e-01 1.020169258117675781e-02 4.599152803421020508e-01
4.224622249603271484e-02 -1.686549186706542969e-01 1.858870983123779297e-01 -4.864952564239501953e-01 2.391588687896728516e-02 4.180769920349121094e-01
5.898129940032958984e-02 -1.497706770896911621e-01 1.566309928894042969e-01 -4.982607960700988770e-01 4.300904273986816406e-02 4.280623197555541992e-01
-1.743620634078979492e-02 -1.179895997047424316e-01 1.537113189697265625e-01 -4.925374388694763184e-01 -1.466137170791625977e-02 4.906613826751708984e-01
5.721569061279296875e-02 -1.363466382026672363e-01 6.782603263854980469e-02 -4.182744026184082031e-01 2.616047859191894531e-02 4.504866600036621094e-01
4.592108726501464844e-02 -1.344575881958007812e-01 1.352409124374389648e-01 -3.946095108985900879e-01 7.083511352539062500e-02 4.259260892868041992e-01
9.440660476684570312e-03 -2.222386002540588379e-01 1.934090852737426758e-01 -3.857859969139099121e-01 1.111075878143310547e-01 4.108693599700927734e-01
-4.704463481903076172e-02 -2.430183291435241699e-01 2.232677936553955078e-01 -3.516997098922729492e-01 1.558004617691040039e-01 3.566411733627319336e-01
-9.655356407165527344e-04 -2.395892143249511719e-01 2.549604177474975586e-01 -3.489115238189697266e-01 2.498039007186889648e-01 3.295792341232299805e-01
-1.052610278129577637e-01 -2.135391831398010254e-01 4.329562187194824219e-01 -3.450708985328674316e-01 1.883896589279174805e-01 3.901120424270629883e-01
-1.831515431404113770e-01 -2.199550271034240723e-01 4.361548423767089844e-01 -5.006603002548217773e-01 6.830656528472900391e-02 3.937910795211791992e-01
8.608889579772949219e-02 -1.019009351730346680e-01 1.634660959243774414e-01 -2.240107059478759766e-01 1.444729566574096680e-01 3.894069194793701172e-01
-4.295017719268798828e-01 -2.760216593742370605e-01 3.298733234405517578e-01 -1.997502446174621582e-01 8.209824562072753906e-03 3.112047910690307617e-01
-9.474503993988037109e-02 -6.543618440628051758e-02 1.549205780029296875e-01 -3.011353015899658203e-01 -1.271387338638305664e-01 4.268751144409179688e-01
-5.340110063552856445e-01 -4.485071301460266113e-01 3.167419433593750000e-01 -4.498155713081359863e-01 2.070192098617553711e-01 1.487314701080322266e-02
-4.875072836875915527e-01 -4.042530655860900879e-01 3.292155265808105469e-01 -4.551418423652648926e-01 2.512971162796020508e-01 1.006938219070434570e-01
-6.568454504013061523e-01 -1.879397630691528320e-01 3.458232879638671875e-01 -5.601527690887451172e-01 -3.088277578353881836e-02 2.395279407501220703e-01
