-7.659167051315307617e-02 -6.759420633316040039e-01 7.538199424743652344e-02 -4.462831616401672363e-01 -1.359832286834716797e-02 -3.591829538345336914e-01
-2.589490413665771484e-01 -5.017764568328857422e-01 8.604288101196289062e-02 -3.715451359748840332e-01 -2.381941080093383789e-01 -1.896572709083557129e-01
-2.348567843437194824e-01 -4.097288846969604492e-01 -5.350679159164428711e-02 -4.159212708473205566e-01 -3.749624490737915039e-01 -1.816883087158203125e-01
-1.155273914337158203e-01 -3.707252144813537598e-01 -1.308534741401672363e-01 -4.517080187797546387e-01 -4.277246594429016113e-01 -9.056502580642700195e-02
4.701375961303710938e-02 -4.404098391532897949e-01 -1.481193304061889648e-01 -3.699911236763000488e-01 -1.879820823669433594e-01 -3.113667368888854980e-01
9.394562244415283203e-02 -2.723022699356079102e-01 -2.965060472488403320e-01 -2.516044974327087402e-01 -3.921622037887573242e-01 -8.638793230056762695e-02
2.164325714111328125e-01 -1.741771697998046875e-01 -4.263469576835632324e-01 -2.589634656906127930e-01 -6.414346098899841309e-01 1.332265138626098633e-01
3.060736656188964844e-01 -1.942037940025329590e-01 -4.617035388946533203e-01 -2.035844922065734863e-01 -7.332102656364440918e-01 1.247155666351318359e-01
3.428750038146972656e-01 -4.172077178955078125e-01 -5.923221111297607422e-01 -1.976765990257263184e-01 -6.361709833145141602e-01 -1.169031262397766113e-01
3.535009622573852539e-01 -3.435478210449218750e-01 -5.149905085563659668e-01 -1.763371825218200684e-01 -6.923828125000000000e-01 -4.396003484725952148e-02
4.198809862136840820e-01 -4.280893802642822266e-01 -6.124054789543151855e-01 -9.787446260452270508e-02 -5.019202232360839844e-01 -1.928256750106811523e-01
4.384161233901977539e-01 -3.544757962226867676e-01 -5.349041223526000977e-01 -1.808840036392211914e-02 -5.617498159408569336e-01 -6.663519144058227539e-02
3.027442693710327148e-01 -3.944428563117980957e-01 -3.689153790473937988e-01 -1.037007570266723633e-02 -5.927176475524902344e-01 -4.779189825057983398e-02
4.035769701004028320e-01 -5.037616491317749023e-01 -4.233413338661193848e-01 1.503717899322509766e-02 -4.441656470298767090e-01 -8.789950609207153320e-02
2.995133399963378906e-01 -5.323221683502197266e-01 -3.314451575279235840e-01 -4.801750183105468750e-03 -4.659703969955444336e-01 -3.598296642303466797e-02
2.989102602005004883e-01 -5.387063026428222656e-01 -4.050003290176391602e-01 -7.159620523452758789e-02 -4.276059269905090332e-01 -2.815270423889160156e-02
1.658905744552612305e-01 -4.446641802787780762e-01 -5.119008421897888184e-01 -9.159374237060546875e-02 -5.383724570274353027e-01 1.350986957550048828e-02
4.230254888534545898e-01 -6.324093937873840332e-01 -6.105526685714721680e-01 1.154065132141113281e-03 -1.176676154136657715e-01 -2.632116675376892090e-01
3.152600526809692383e-01 -4.779471158981323242e-01 -4.821316003799438477e-01 -6.178933382034301758e-02 -3.299275636672973633e-01 6.581366062164306641e-02
2.658590078353881836e-01 -5.398052930831909180e-01 -3.193157315254211426e-01 -1.613977551460266113e-01 -9.072858095169067383e-02 5.275535583496093750e-02
3.166347742080688477e-01 -5.487849712371826172e-01 -3.928162455558776855e-01 -1.676582694053649902e-01 3.823041915893554688e-04 -4.156970977783203125e-02
4.765518903732299805e-01 -5.676716566085815430e-01 -5.393496751785278320e-01 -1.268811225891113281e-01 1.359552145004272461e-01 -1.777698993682861328e-01
3.686753511428833008e-01 -5.906873345375061035e-01 -3.920984268188476562e-01 -2.410638332366943359e-02 1.404784917831420898e-01 -8.955067396163940430e-02
4.121270179748535156e-01 -5.257537364959716797e-01 -2.749750614166259766e-01 -1.785457134246826172e-02 7.428801059722900391e-02 4.980206489562988281e-02
3.893303871154785156e-01 -4.853639006614685059e-01 -2.036244869232177734e-01 -4.955142736434936523e-02 1.151250600814819336e-01 8.023273944854736328e-02
3.975456953048706055e-01 -3.914158344268798828e-01 -1.633701324462890625e-01 -1.765239238739013672e-02 6.793200969696044922e-02 1.818213462829589844e-01
3.760424852371215820e-01 -3.282641768455505371e-01 -1.007875204086303711e-01 -6.683945655822753906e-03 2.798175811767578125e-02 2.507776021957397461e-01
4.644328355789184570e-01 -3.738091588020324707e-01 -1.506538987159729004e-01 2.446568012237548828e-02 3.501808643341064453e-02 2.161858081817626953e-01
4.988344907760620117e-01 -3.104581236839294434e-01 -1.333714127540588379e-01 8.413267135620117188e-02 -2.310830354690551758e-02 2.514941692352294922e-01
4.964772462844848633e-01 -3.382056355476379395e-01 -1.799992918968200684e-01 1.393054723739624023e-01 -2.146548032760620117e-02 1.719343662261962891e-01
3.998544216156005859e-01 -2.672843933105468750e-01 -1.028472781181335449e-01 1.183805465698242188e-01 -1.679090857505798340e-01 3.448827266693115234e-01
3.047187328338623047e-01 -2.718181014060974121e-01 -1.757826209068298340e-01 3.523457050323486328e-02 -1.976605057716369629e-01 3.035060167312622070e-01
2.442053556442260742e-01 -2.517214417457580566e-01 -1.759246587753295898e-01 -6.267458200454711914e-02 -1.887230277061462402e-01 3.239175081253051758e-01
2.796396017074584961e-01 -2.693092823028564453e-01 -1.409716606140136719e-01 -1.572173833847045898e-01 -8.277314901351928711e-02 3.120580911636352539e-01
2.018330097198486328e-01 -3.359219431877136230e-01 -1.243451237678527832e-01 -3.658175468444824219e-02 -9.077650308609008789e-02 3.005542755126953125e-01
1.698899269104003906e-01 -3.115752935409545898e-01 -1.383931636810302734e-01 -5.710375308990478516e-02 -8.873629570007324219e-02 2.811081409454345703e-01
2.309159040451049805e-01 -2.812162041664123535e-01 -3.013787865638732910e-01 -2.280491590499877930e-02 -1.028037667274475098e-01 2.505655288696289062e-01
1.904757022857666016e-01 -3.011093735694885254e-01 -2.709540724754333496e-01 -2.578508853912353516e-02 -5.940538644790649414e-02 2.189247608184814453e-01
2.172631025314331055e-01 -3.242317438125610352e-01 -1.018214821815490723e-01 -6.269872188568115234e-03 9.344267845153808594e-02 2.125656604766845703e-01
1.853760480880737305e-01 -4.569835662841796875e-01 -1.264965534210205078e-01 -1.478534936904907227e-01 2.959470748901367188e-01 7.996523380279541016e-02
8.376824855804443359e-02 -4.530040025711059570e-01 -1.705884933471679688e-02 -1.868928074836730957e-01 8.259034156799316406e-02 1.793158054351806641e-01
2.018899917602539062e-01 -5.221527814865112305e-01 -1.139152050018310547e-01 -2.727879881858825684e-01 2.218148708343505859e-01 -2.257466316223144531e-02
9.840905666351318359e-02 -5.393358469009399414e-01 -5.437731742858886719e-02 -1.684967875480651855e-01 5.917119979858398438e-02 1.429522037506103516e-02
1.325340270996093750e-01 -5.746202468872070312e-01 -7.822388410568237305e-02 -1.095680594444274902e-01 -1.190871000289916992e-01 8.016943931579589844e-03
2.175275087356567383e-01 -8.225072622299194336e-01 -7.922506332397460938e-02 -2.537434697151184082e-01 2.347035408020019531e-01 -2.661734819412231445e-01
2.428511381149291992e-01 -7.272772789001464844e-01 -1.913118958473205566e-01 -2.532078027725219727e-01 8.832359313964843750e-02 -1.996099948883056641e-01
1.649749279022216797e-01 -7.361953258514404297e-01 -1.259807944297790527e-01 -2.727110385894775391e-01 7.226586341857910156e-02 -1.907467842102050781e-01
-9.299874305725097656e-03 -6.073150634765625000e-01 -6.100547313690185547e-02 -2.479012012481689453e-01 -1.711822152137756348e-01 2.910661697387695312e-02
7.104945182800292969e-02 -8.220027685165405273e-01 -1.387028694152832031e-01 -3.018710017204284668e-01 3.360712528228759766e-02 -3.452184200286865234e-01
8.428752422332763672e-02 -8.318490982055664062e-01 -2.868388295173645020e-01 -1.842028498649597168e-01 -1.014587879180908203e-01 -3.949344158172607422e-01
2.826414108276367188e-01 -7.473720312118530273e-01 -3.409053683280944824e-01 -1.595461964607238770e-01 -1.355314850807189941e-01 -3.630783557891845703e-01
2.754011154174804688e-01 -6.430427432060241699e-01 -2.256582379341125488e-01 -8.139806985855102539e-02 -3.295710682868957520e-01 -2.172074317932128906e-01
4.121973514556884766e-01 -6.407923102378845215e-01 -1.999263167381286621e-01 -1.154375076293945312e-01 -4.663948416709899902e-01 -3.161918520927429199e-01
2.538347244262695312e-01 -5.221559405326843262e-01 -3.982305526733398438e-02 -3.730606436729431152e-01 -5.047138929367065430e-01 -2.356461286544799805e-01
-7.565236091613769531e-02 -2.958534359931945801e-01 2.207531929016113281e-01 -2.534677386283874512e-01 -6.105970144271850586e-01 6.581103801727294922e-02
-1.153940558433532715e-01 -3.888590931892395020e-01 3.037307262420654297e-01 -2.725641131401062012e-01 -4.995824098587036133e-01 1.416722536087036133e-01
-1.659718751907348633e-01 -3.324865698814392090e-01 3.296816349029541016e-01 -2.111437916755676270e-01 -5.097205638885498047e-01 1.208186149597167969e-02
-2.511484026908874512e-01 -4.763641357421875000e-01 2.158228158950805664e-01 -1.328324079513549805e-01 -1.901604533195495605e-01 -1.725582480430603027e-01
-4.344087243080139160e-01 -3.473199605941772461e-01 2.344734668731689453e-01 -1.836364865303039551e-01 -1.434924006462097168e-01 1.838445663452148438e-03
-1.835161447525024414e-01 -3.559379577636718750e-01 2.592127323150634766e-01 -2.391321659088134766e-01 -1.827846169471740723e-01 -5.536669492721557617e-02
-5.675959587097167969e-02 -2.836667299270629883e-01 1.945848464965820312e-01 -3.358496427536010742e-01 -2.779638767242431641e-01 1.382136344909667969e-02
-2.617120146751403809e-01 -4.130963683128356934e-01 1.148428916931152344e-01 -1.873574256896972656e-01 -1.621099114418029785e-01 -2.448207736015319824e-01
-1.348981261253356934e-01 -3.767083883285522461e-01 3.540741205215454102e-01 -2.833889722824096680e-01 -9.970140457153320312e-02 -1.184722185134887695e-01
-2.838711738586425781e-01 -5.253800153732299805e-01 4.856252670288085938e-02 -1.647982001304626465e-01 6.783425807952880859e-02 -3.108435273170471191e-01
-2.871081233024597168e-01 -2.866683006286621094e-01 2.313199043273925781e-01 -1.392369866371154785e-01 -1.905243992805480957e-01 -2.642798423767089844e-02
-4.215850234031677246e-01 -2.799034118652343750e-01 1.180152893066406250e-01 -1.915159225463867188e-01 -4.249904155731201172e-01 -2.082923650741577148e-01
-2.108153104782104492e-01 -5.177048444747924805e-01 9.317278861999511719e-02 -3.890679478645324707e-01 -4.401564598083496094e-03 -5.119365453720092773e-01
-2.211423516273498535e-01 -8.086662292480468750e-01 5.882477760314941406e-02 6.679767370223999023e-01 -1.377458572387695312e-01 -6.141278147697448730e-01
-4.806510806083679199e-01 -7.790728807449340820e-01 5.011510848999023438e-02 6.273496150970458984e-01 -2.608775496482849121e-01 -5.143201351165771484e-01
-4.365973472595214844e-01 -6.025976538658142090e-01 9.152233600616455078e-02 4.065145254135131836e-01 -3.004606366157531738e-01 -3.551072478294372559e-01
-4.736083149909973145e-01 -6.162199974060058594e-01 9.014749526977539062e-02 4.530998468399047852e-01 -4.348896741867065430e-01 -2.898690104484558105e-01
-4.155938029289245605e-01 -7.596018314361572266e-01 -1.612347364425659180e-02 6.450616121292114258e-01 -4.117411971092224121e-01 -4.434781670570373535e-01
-1.420291066169738770e-01 -8.107781410217285156e-01 3.267645835876464844e-02 4.352749586105346680e-01 -4.839968681335449219e-01 -3.970217108726501465e-01
2.051799297332763672e-01 -9.724636077880859375e-01 -5.791586637496948242e-02 3.031564950942993164e-01 -2.588576674461364746e-01 -5.601961612701416016e-01
2.555267810821533203e-01 -8.622961640357971191e-01 1.286354064941406250e-01 2.072217464447021484e-01 -2.923172712326049805e-02 -4.189321994781494141e-01
2.749330997467041016e-01 -7.978565692901611328e-01 1.466383934020996094e-01 9.826195240020751953e-02 -9.436279535293579102e-02 -2.659087777137756348e-01
2.419419288635253906e-01 -6.962678432464599609e-01 9.489035606384277344e-02 1.052364110946655273e-01 -2.806987762451171875e-01 -8.984899520874023438e-02
1.750158071517944336e-01 -6.759274601936340332e-01 1.013379096984863281e-01 -1.168351173400878906e-01 -1.703598499298095703e-01 -2.455305457115173340e-01
2.354632616043090820e-01 -6.977930068969726562e-01 1.323461532592773438e-01 -1.395455002784729004e-01 -3.199881315231323242e-02 -2.740890383720397949e-01
2.558441162109375000e-01 -7.458484172821044922e-01 9.104740619659423828e-02 -7.754421234130859375e-02 5.654692649841308594e-02 -3.373972773551940918e-01
2.390767335891723633e-01 -7.452250719070434570e-01 -2.921211719512939453e-02 1.901412010192871094e-02 -1.070196628570556641e-01 -3.203346729278564453e-01
2.465782165527343750e-01 -8.899835944175720215e-01 8.743298053741455078e-02 -9.354948997497558594e-03 7.835114002227783203e-02 -4.046165943145751953e-01
1.053365468978881836e-01 -7.971945405006408691e-01 1.254080533981323242e-01 -2.513587474822998047e-02 -1.051657199859619141e-01 -3.825248479843139648e-01
-2.178286910057067871e-01 -6.208594441413879395e-01 9.137642383575439453e-02 -2.906632423400878906e-02 -1.344688534736633301e-01 -3.213273286819458008e-01
-2.771478891372680664e-01 -3.564474582672119141e-01 4.862531423568725586e-01 -1.937614083290100098e-01 -2.515456080436706543e-01 -6.055855751037597656e-02
-1.930254697799682617e-01 -2.827359437942504883e-01 3.518120050430297852e-01 -9.629893302917480469e-02 -2.536886334419250488e-01 -2.629029750823974609e-02
-2.898187041282653809e-01 -2.182565331459045410e-01 4.607743024826049805e-01 5.321693420410156250e-02 -3.425283432006835938e-01 1.362942457199096680e-01
-3.345007300376892090e-01 -1.593549847602844238e-01 4.095820188522338867e-01 -1.068459153175354004e-01 -4.963009357452392578e-01 1.075695753097534180e-01
-1.024136543273925781e-01 -2.741544842720031738e-01 3.890067338943481445e-01 -2.733237743377685547e-01 -2.030002474784851074e-01 -1.456357836723327637e-01
-1.985347270965576172e-02 -4.821276068687438965e-01 5.065896511077880859e-01 -2.183483242988586426e-01 5.438339710235595703e-02 -1.732244491577148438e-01
-2.492690086364746094e-02 -4.100416302680969238e-01 3.126287460327148438e-01 -3.915780782699584961e-02 -4.746621847152709961e-02 -3.378623127937316895e-01
-1.042565703392028809e-01 -6.284396648406982422e-01 5.325055122375488281e-02 4.910407066345214844e-01 5.318304300308227539e-01 -7.943159937858581543e-01
-1.706194877624511719e-01 -5.338996648788452148e-01 8.529782295227050781e-03 4.338041543960571289e-01 3.956056833267211914e-01 -8.701766133308410645e-01
-2.952685952186584473e-01 -6.223964691162109375e-01 6.996095180511474609e-02 3.668311834335327148e-01 3.796628713607788086e-01 -9.119356870651245117e-01
-2.394191026687622070e-01 -3.936427831649780273e-01 7.247849702835083008e-01 2.467851638793945312e-01 1.981282234191894531e-01 -2.086803913116455078e-01
1.792562007904052734e-02 -3.735661506652832031e-01 4.200991392135620117e-01 6.829702854156494141e-02 6.561946868896484375e-02 -3.819231390953063965e-01
3.141897916793823242e-01 -3.093953132629394531e-01 5.407369136810302734e-01 -1.006642580032348633e-01 2.601819038391113281e-01 -1.881611943244934082e-01
1.556017398834228516e-01 2.481579780578613281e-03 6.435939073562622070e-01 -1.102556586265563965e-01 -4.896807670593261719e-02 1.654530763626098633e-01
2.357308864593505859e-01 1.771993637084960938e-01 6.732639074325561523e-01 -1.563819646835327148e-01 -7.587605714797973633e-02 2.706944942474365234e-01
4.075417518615722656e-01 -1.412826776504516602e-02 4.190081357955932617e-01 7.724261283874511719e-02 1.211067438125610352e-01 -1.054185628890991211e-02
3.680733442306518555e-01 -2.214959859848022461e-01 5.362148284912109375e-01 -1.832252740859985352e-02 2.135444879531860352e-01 -1.453469395637512207e-01
4.075580835342407227e-01 -8.119797706604003906e-02 5.114897489547729492e-01 -3.418320417404174805e-02 1.485711336135864258e-01 3.600239753723144531e-03
1.823529005050659180e-01 -1.744149923324584961e-01 5.099669694900512695e-01 -2.376475930213928223e-01 3.126057386398315430e-01 -2.285324931144714355e-01
1.160335540771484375e-01 -3.645820617675781250e-01 3.828345537185668945e-01 -2.730894684791564941e-01 2.703197002410888672e-01 -4.103742837905883789e-01
6.473290920257568359e-02 -3.565050363540649414e-01 6.382937431335449219e-01 -3.347275853157043457e-01 3.266526460647583008e-01 -3.469492793083190918e-01
-1.941528320312500000e-01 -3.214612603187561035e-01 5.203583240509033203e-01 -3.668290972709655762e-01 1.328808069229125977e-01 -3.382346630096435547e-01
-2.137694954872131348e-01 -1.222271323204040527e-01 5.260509252548217773e-01 -4.392987489700317383e-02 -6.603330373764038086e-02 -3.056871891021728516e-02
-3.156272768974304199e-01 -5.794966220855712891e-02 5.680072307586669922e-01 4.334747791290283203e-02 -1.815389990806579590e-01 9.872722625732421875e-02
-2.857194542884826660e-01 -1.499547958374023438e-01 5.525777339935302734e-01 1.097679138183593750e-02 -3.722757101058959961e-02 -1.793050765991210938e-02
-2.643437981605529785e-01 -1.713241338729858398e-01 5.929644107818603516e-01 3.204536437988281250e-02 -1.075420379638671875e-01 -7.357126474380493164e-02
-2.410663962364196777e-01 6.122779846191406250e-02 8.376057147979736328e-01 -1.645795106887817383e-01 -2.201344370841979980e-01 1.874088048934936523e-01
-5.058984160423278809e-01 -1.309657096862792969e-01 6.622407436370849609e-01 -2.463367581367492676e-01 -8.926337957382202148e-02 1.846075057983398438e-02
-2.031280994415283203e-01 -2.505503892898559570e-01 5.267609357833862305e-01 -1.396378278732299805e-01 4.200470447540283203e-02 -7.828408479690551758e-02
-1.783448457717895508e-01 -2.691510319709777832e-01 2.363457679748535156e-01 -7.425075769424438477e-02 2.931325435638427734e-01 -5.216628313064575195e-01
1.247723102569580078e-01 -3.297917246818542480e-01 2.662749290466308594e-01 1.594387292861938477e-01 5.350641012191772461e-01 -5.830537080764770508e-01
-7.222694158554077148e-02 -3.784574866294860840e-01 2.231209278106689453e-01 1.724575757980346680e-01 5.063091516494750977e-01 -6.032419204711914062e-01
-3.680501580238342285e-01 -5.077704191207885742e-01 1.707917451858520508e-01 2.721488475799560547e-01 4.345111846923828125e-01 -6.298351287841796875e-01
-3.007577061653137207e-01 -5.023033618927001953e-01 2.571229934692382812e-01 1.932766437530517578e-01 5.186313390731811523e-01 -5.368776321411132812e-01
-2.575629949569702148e-01 -6.125394105911254883e-01 5.518040657043457031e-01 2.415630817413330078e-01 2.994689941406250000e-01 -5.756376981735229492e-01
-2.501707077026367188e-01 -6.223293542861938477e-01 4.906632900238037109e-01 1.970062255859375000e-01 4.032989740371704102e-01 -5.631178617477416992e-01
-4.016650319099426270e-01 -5.113666057586669922e-01 4.745596647262573242e-01 3.948609828948974609e-01 1.921488046646118164e-01 -3.701177239418029785e-01
-2.336938381195068359e-01 -6.750116348266601562e-01 5.535900592803955078e-01 1.235028505325317383e-01 3.937400579452514648e-01 -5.487614870071411133e-01
-3.126031160354614258e-01 -8.490011692047119141e-01 4.150960445404052734e-01 2.805998325347900391e-01 4.870566129684448242e-01 -7.479231357574462891e-01
-2.434539794921875000e-01 -7.308112382888793945e-01 2.288792133331298828e-01 3.385530710220336914e-01 5.105594396591186523e-01 -7.977082729339599609e-01
-3.891640305519104004e-01 -6.486552953720092773e-01 4.958527088165283203e-01 3.337484598159790039e-01 4.786325693130493164e-01 -6.985965967178344727e-01
-3.914933204650878906e-01 -6.147609949111938477e-01 5.871465206146240234e-01 1.468026638031005859e-02 3.675783872604370117e-01 -5.357077717781066895e-01
-6.131701469421386719e-01 -3.370477557182312012e-01 6.075091361999511719e-01 -8.865219354629516602e-02 1.002761125564575195e-01 -2.740074992179870605e-01
-4.892537593841552734e-01 -2.128491997718811035e-01 6.208330392837524414e-01 -1.103454232215881348e-01 4.695296287536621094e-03 -2.139248847961425781e-01
-2.809768319129943848e-01 -4.972594976425170898e-01 6.355549097061157227e-01 5.983436107635498047e-02 2.283439636230468750e-01 -3.810541033744812012e-01
-4.407409429550170898e-01 -4.059516787528991699e-01 6.998316049575805664e-01 -8.462929725646972656e-02 9.953534603118896484e-02 -2.521940469741821289e-01
-1.806957125663757324e-01 -3.892382383346557617e-01 6.347544193267822266e-01 -1.915162205696105957e-01 1.480220556259155273e-01 -1.981996297836303711e-01
-5.236319303512573242e-01 -2.122249603271484375e-01 5.473757982254028320e-01 -4.715842008590698242e-02 -4.706108570098876953e-02 -6.420028209686279297e-02
-3.581543564796447754e-01 -2.594334483146667480e-01 3.836828470230102539e-01 8.629989624023437500e-02 -9.419971704483032227e-02 -1.540025472640991211e-01
-4.003193974494934082e-01 -4.270462393760681152e-01 4.667164087295532227e-01 -4.544925689697265625e-02 1.127665042877197266e-01 -3.669011592864990234e-01
-6.110275983810424805e-01 -2.904917597770690918e-01 3.504301309585571289e-01 2.116286754608154297e-01 -1.632447838783264160e-01 -1.632448434829711914e-01
-3.547124862670898438e-01 -2.487364411354064941e-01 3.474831581115722656e-01 9.251010417938232422e-02 -8.690631389617919922e-02 -2.597761154174804688e-02
-2.767451405525207520e-01 -1.934033036231994629e-01 5.236328840255737305e-01 1.757738590240478516e-01 -1.282517313957214355e-01 9.358048439025878906e-02
-9.538239240646362305e-02 -5.571158528327941895e-01 4.905886650085449219e-01 -3.253072500228881836e-02 -2.368783950805664062e-02 -1.474096179008483887e-01
3.240871429443359375e-02 -5.724917650222778320e-01 3.425788879394531250e-01 -3.650693297386169434e-01 4.807817935943603516e-02 -1.322121024131774902e-01
-7.743072509765625000e-02 -4.578590393066406250e-01 2.220294475555419922e-01 -4.679279923439025879e-01 7.415401935577392578e-02 8.009552955627441406e-03
-1.162138581275939941e-01 -3.916314244270324707e-01 2.016388177871704102e-01 -5.050418972969055176e-01 3.663337230682373047e-02 1.461580991744995117e-01
-7.127875089645385742e-02 -2.798979282379150391e-01 1.180287599563598633e-01 -4.622185826301574707e-01 2.442193031311035156e-02 2.661066055297851562e-01
-3.205555677413940430e-02 -1.815689206123352051e-01 2.033703327178955078e-01 -4.896201491355895996e-01 3.891587257385253906e-02 3.446484804153442383e-01
1.451098918914794922e-02 -1.777131557464599609e-01 1.799677610397338867e-01 -3.847897648811340332e-01 7.876360416412353516e-02 3.906838893890380859e-01
-1.667533516883850098e-01 -2.875562906265258789e-01 2.024040222167968750e-01 -3.408816456794738770e-01 1.459045410156250000e-01 2.863276004791259766e-01
-2.287002205848693848e-01 -2.944278717041015625e-01 2.112921476364135742e-01 -3.475143909454345703e-01 1.390151977539062500e-01 2.823046445846557617e-01
-2.736833095550537109e-01 -2.562318444252014160e-01 2.930933237075805664e-01 -2.833400368690490723e-01 1.497862339019775391e-01 2.987099885940551758e-01
-2.702902555465698242e-01 -3.299017548561096191e-01 3.374459743499755859e-01 -2.609351277351379395e-01 2.353873252868652344e-01 2.740066051483154297e-01
-1.792771816253662109e-01 -3.410984873771667480e-01 3.583502769470214844e-01 -4.128596782684326172e-01 1.073225736618041992e-01 2.300676107406616211e-01
-1.576499938964843750e-01 -4.506329298019409180e-01 2.472507953643798828e-01 -1.340450644493103027e-01 3.690439462661743164e-01 2.465641498565673828e-02
-3.836764097213745117e-01 -3.370122909545898438e-01 4.241709709167480469e-01 -1.712995171546936035e-01 2.010358572006225586e-01 2.726594209671020508e-01
-1.106044650077819824e-01 -3.514973521232604980e-01 4.042469263076782227e-01 -2.154263257980346680e-01 1.214914321899414062e-01 1.887021064758300781e-01
