-9.208720922470092773e-02 -4.155522584915161133e-01 -2.865167260169982910e-01 -3.571179509162902832e-01 -4.680069088935852051e-01 -8.954966068267822266e-02
1.207170486450195312e-01 -2.944782376289367676e-01 -4.788269996643066406e-01 -3.092420697212219238e-01 -5.103798508644104004e-01 -6.227552890777587891e-03
-4.168802499771118164e-02 -2.023695111274719238e-01 -4.034271240234375000e-01 -2.699797153472900391e-01 -6.742680072784423828e-01 1.917319297790527344e-01
-5.692082643508911133e-02 -2.233555316925048828e-01 -3.568632602691650391e-01 -1.579682230949401855e-01 -8.879207372665405273e-01 2.577112913131713867e-01
1.342619657516479492e-01 -4.122186899185180664e-01 -3.440560102462768555e-01 -2.629222869873046875e-01 -6.351976394653320312e-01 -5.146890878677368164e-02
3.510001897811889648e-01 -4.728434681892395020e-01 -4.484333992004394531e-01 -2.264496088027954102e-01 -6.538009643554687500e-01 -1.215794086456298828e-01
2.103550434112548828e-01 -4.416105747222900391e-01 -4.077469110488891602e-01 -1.924757957458496094e-01 -6.085549592971801758e-01 -1.470938920974731445e-01
3.850110769271850586e-01 -4.766352772712707520e-01 -5.537205934524536133e-01 -7.067990303039550781e-02 -4.624786972999572754e-01 -2.268499732017517090e-01
2.186710834503173828e-01 -4.813641309738159180e-01 -3.078719377517700195e-01 -1.336759924888610840e-01 -5.131769180297851562e-01 -1.470039486885070801e-01
1.957439184188842773e-01 -4.848530292510986328e-01 -3.526428341865539551e-01 -1.204917430877685547e-01 -5.143730640411376953e-01 -1.739661097526550293e-01
2.913776636123657227e-01 -5.197694301605224609e-01 -2.371416091918945312e-01 -1.228568553924560547e-01 -4.703448414802551270e-01 -1.211349964141845703e-01
1.205315589904785156e-01 -5.883725285530090332e-01 -3.071931600570678711e-01 -1.196168661117553711e-01 -3.908727765083312988e-01 -2.586109042167663574e-01
8.918154239654541016e-02 -5.294617414474487305e-01 -2.954272031784057617e-01 -6.662982702255249023e-02 -3.975028395652770996e-01 -1.993182897567749023e-01
2.292215824127197266e-02 -4.624180793762207031e-01 -3.533224463462829590e-01 -1.590018868446350098e-01 -4.574055075645446777e-01 -6.881833076477050781e-02
1.824537515640258789e-01 -4.566297531127929688e-01 -4.430420994758605957e-01 -1.007714867591857910e-01 -3.587811589241027832e-01 -8.701801300048828125e-02
2.647585868835449219e-01 -4.921062588691711426e-01 -3.586900830268859863e-01 -2.255240678787231445e-01 -2.750434875488281250e-01 -8.772498369216918945e-02
3.607168197631835938e-01 -5.458699464797973633e-01 -1.696171164512634277e-01 -1.286569237709045410e-01 -6.476122140884399414e-02 -1.232404708862304688e-01
3.491142988204956055e-01 -6.655802726745605469e-01 -3.229976892471313477e-01 1.386562585830688477e-01 -8.576881885528564453e-02 -1.763913035392761230e-01
4.326508045196533203e-01 -4.961782693862915039e-01 -3.268333673477172852e-01 8.265507221221923828e-02 -1.714584827423095703e-01 2.633059024810791016e-02
3.723732233047485352e-01 -5.398128628730773926e-01 -3.398650288581848145e-01 -2.907776832580566406e-02 -5.791008472442626953e-03 1.324033737182617188e-02
2.666592597961425781e-01 -5.340398550033569336e-01 -3.295035362243652344e-01 -6.637394428253173828e-02 7.281649112701416016e-02 -6.195127964019775391e-03
4.094040393829345703e-01 -4.695984721183776855e-01 -2.228077054023742676e-01 -5.029374361038208008e-02 1.464385986328125000e-01 1.127038002014160156e-01
4.535245895385742188e-01 -5.259518027305603027e-01 -1.497150659561157227e-01 -7.482075691223144531e-02 3.462181091308593750e-01 -1.799541711807250977e-02
5.554430484771728516e-01 -5.067626833915710449e-01 -1.570476889610290527e-01 -1.051128506660461426e-01 4.029376506805419922e-01 -5.971133708953857422e-03
4.797364473342895508e-01 -4.182440638542175293e-01 -1.436835527420043945e-01 -1.028038859367370605e-01 2.411260604858398438e-01 7.651734352111816406e-02
4.641622304916381836e-01 -3.630753159523010254e-01 -2.778743505477905273e-01 -3.831154108047485352e-02 2.054089307785034180e-01 1.184424161911010742e-01
4.142037630081176758e-01 -4.086811542510986328e-01 -2.260991930961608887e-01 -1.797837018966674805e-02 1.661192178726196289e-01 9.985637664794921875e-02
3.670486211776733398e-01 -3.842899799346923828e-01 -2.933360934257507324e-01 -1.585763692855834961e-02 1.734008789062500000e-01 6.937742233276367188e-02
3.784506320953369141e-01 -4.388169050216674805e-01 -2.539755105972290039e-01 -2.950161695480346680e-02 1.815532445907592773e-01 -1.746934652328491211e-02
3.143248558044433594e-01 -4.981400370597839355e-01 -1.797250509262084961e-01 -1.371285915374755859e-01 2.363823652267456055e-01 -2.353787422180175781e-03
1.993587017059326172e-01 -4.493226408958435059e-01 -2.104771137237548828e-01 -2.286825776100158691e-01 1.947802305221557617e-01 8.351802825927734375e-04
2.229869365692138672e-02 -3.474929332733154297e-01 -2.580523490905761719e-03 -1.839531064033508301e-01 5.725061893463134766e-02 2.231308221817016602e-01
-5.949515104293823242e-02 -3.495082855224609375e-01 1.334741115570068359e-01 -2.879704833030700684e-01 1.910358667373657227e-01 2.227215766906738281e-01
-7.694625854492187500e-02 -5.596301555633544922e-01 -1.821764111518859863e-01 -3.509849309921264648e-01 3.764501810073852539e-01 -9.968650341033935547e-02
-4.951393604278564453e-02 -5.546877384185791016e-01 -1.584566831588745117e-01 -1.321288347244262695e-01 1.437422037124633789e-01 -1.095700263977050781e-01
-9.668111801147460938e-03 -6.277463436126708984e-01 -1.718499064445495605e-01 -2.651319503784179688e-01 3.242269754409790039e-01 -2.549777030944824219e-01
1.051747798919677734e-01 -7.280972003936767578e-01 -1.493790149688720703e-01 -2.353976964950561523e-01 3.480091094970703125e-01 -2.483998537063598633e-01
1.210705041885375977e-01 -6.829767823219299316e-01 -1.657111048698425293e-01 -4.210186600685119629e-01 1.870619058609008789e-01 -1.775631308555603027e-01
2.857029438018798828e-02 -5.460997819900512695e-01 -1.317804455757141113e-01 -2.104469537734985352e-01 -1.216225624084472656e-01 -1.111710071563720703e-02
-6.845533847808837891e-03 -6.225292086601257324e-01 -2.519173026084899902e-01 -1.375944018363952637e-01 -1.476684212684631348e-01 -1.540978550910949707e-01
1.578071117401123047e-01 -6.136782169342041016e-01 -3.426015377044677734e-01 -2.626845240592956543e-01 -4.811447858810424805e-02 -1.924556493759155273e-01
2.600442171096801758e-01 -6.489769220352172852e-01 -3.442409634590148926e-01 -3.559338450431823730e-01 9.933269023895263672e-02 -2.686865925788879395e-01
2.657541036605834961e-01 -5.874642133712768555e-01 -4.243888258934020996e-01 -3.513684868812561035e-01 -2.357125282287597656e-03 -2.415376901626586914e-01
1.127778291702270508e-01 -6.306509375572204590e-01 -2.768314480781555176e-01 -2.611217498779296875e-01 -9.802037477493286133e-02 -1.856466531753540039e-01
7.779407501220703125e-02 -7.697746753692626953e-01 -2.282187938690185547e-01 -2.421703338623046875e-01 -4.261660575866699219e-02 -3.174577355384826660e-01
3.715372085571289062e-02 -7.420364022254943848e-01 -1.685014367103576660e-01 -2.319379448890686035e-01 -1.075791716575622559e-01 -2.213062644004821777e-01
-3.093796968460083008e-02 -7.620105147361755371e-01 -1.451092958450317383e-01 -2.861520648002624512e-01 -1.372990608215332031e-01 -3.035421967506408691e-01
-1.740714907646179199e-01 -5.488291978836059570e-01 2.675414085388183594e-03 -3.274645805358886719e-01 -3.385109305381774902e-01 -1.124073863029479980e-01
-2.191514968872070312e-01 -5.167369842529296875e-01 2.502179145812988281e-02 -2.250426411628723145e-01 -2.669929862022399902e-01 -1.950471401214599609e-01
-4.952507615089416504e-01 -3.924885392189025879e-01 2.030656337738037109e-01 -3.338717818260192871e-01 -1.294798851013183594e-01 -3.100889921188354492e-02
-4.740027189254760742e-01 -3.345000743865966797e-01 1.395142078399658203e-01 -4.001961946487426758e-01 -3.783044219017028809e-01 1.699852943420410156e-02
-3.871467709541320801e-01 -4.105108976364135742e-01 -5.426967144012451172e-02 -1.703194975852966309e-01 -4.098514914512634277e-01 -1.717488169670104980e-01
-3.178170919418334961e-01 -4.721214175224304199e-01 2.181876897811889648e-01 -1.871840953826904297e-01 -1.478388905525207520e-01 -2.673134803771972656e-01
-3.638688325881958008e-01 -4.097422957420349121e-01 2.937057018280029297e-01 -2.783979177474975586e-01 -1.666790843009948730e-01 -8.682507276535034180e-02
-2.386687994003295898e-01 -5.234800577163696289e-01 3.276278972625732422e-01 -3.111428618431091309e-01 6.387472152709960938e-02 -2.429776787757873535e-01
-2.456450462341308594e-01 -3.971483707427978516e-01 4.967081546783447266e-02 -1.435533761978149414e-01 -2.240797281265258789e-01 -2.225125432014465332e-01
-4.939085245132446289e-02 -4.216755032539367676e-01 8.991646766662597656e-02 -1.103576421737670898e-01 -1.314507126808166504e-01 -1.866639852523803711e-01
-3.631626963615417480e-01 -4.125311970710754395e-01 5.541384220123291016e-02 -1.583155989646911621e-01 -1.814306378364562988e-01 -2.510738372802734375e-01
-5.884602069854736328e-01 -2.169279456138610840e-01 3.978145122528076172e-02 -6.075662374496459961e-02 -3.248788714408874512e-01 -5.829888582229614258e-02
-4.288470149040222168e-01 -3.185760378837585449e-01 7.751250267028808594e-02 -7.593214511871337891e-03 -3.376376032829284668e-01 -1.658563613891601562e-01
-3.314878940582275391e-01 -3.556050658226013184e-01 1.915979385375976562e-01 4.080927371978759766e-02 -1.873597502708435059e-01 -8.305883407592773438e-02
-3.796963691711425781e-01 -6.158727407455444336e-01 -1.218826770782470703e-01 6.040297746658325195e-01 -1.823714971542358398e-01 -5.071481466293334961e-01
-3.483511209487915039e-01 -6.529278755187988281e-01 -1.838899850845336914e-01 4.950588941574096680e-01 -2.126605510711669922e-01 -5.328776836395263672e-01
-3.612755537033081055e-01 -5.754905939102172852e-01 -1.271078586578369141e-01 5.026193857192993164e-01 -4.817458391189575195e-01 -4.157178401947021484e-01
-2.006870508193969727e-02 -7.675495147705078125e-01 -1.849046349525451660e-01 1.219668388366699219e-01 -4.404188990592956543e-01 -6.039577722549438477e-01
6.327259540557861328e-02 -6.648634672164916992e-01 -6.121933460235595703e-02 -1.750012636184692383e-01 -2.779771089553833008e-01 -4.175859689712524414e-01
1.696046590805053711e-01 -6.390363574028015137e-01 2.897870540618896484e-02 -1.324267387390136719e-01 -1.689510345458984375e-01 -1.994435787200927734e-01
2.260929346084594727e-01 -6.147935390472412109e-01 5.771982669830322266e-02 -6.899386644363403320e-02 -1.581527590751647949e-01 -1.103691458702087402e-01
2.640671730041503906e-01 -6.943942308425903320e-01 1.171821355819702148e-01 -7.927119731903076172e-02 -3.395128250122070312e-02 -1.271112561225891113e-01
1.185941696166992188e-01 -5.869404673576354980e-01 -3.239703178405761719e-02 -1.448654532432556152e-01 -2.260010838508605957e-01 -5.717545747756958008e-02
1.141803264617919922e-01 -5.985802412033081055e-01 -1.701623201370239258e-02 -2.112306952476501465e-01 -1.650996208190917969e-01 -1.935811042785644531e-01
1.273506879806518555e-01 -6.420125961303710938e-01 -4.673427343368530273e-02 -5.319654941558837891e-03 -1.407637596130371094e-01 -2.217871546745300293e-01
9.341526031494140625e-02 -7.349998950958251953e-01 -6.093293428421020508e-02 -3.792732954025268555e-02 1.559948921203613281e-02 -4.379421472549438477e-01
-3.613013029098510742e-02 -7.220129966735839844e-01 -1.109204888343811035e-01 1.076098680496215820e-01 -3.017368316650390625e-01 -4.105452299118041992e-01
-2.763102650642395020e-01 -5.904918909072875977e-01 1.572808027267456055e-01 1.368281841278076172e-01 -2.645801305770874023e-01 -3.732244968414306641e-01
-4.115012288093566895e-01 -4.056159257888793945e-01 2.625863552093505859e-01 -3.503829240798950195e-01 -2.122583985328674316e-01 -2.413002848625183105e-01
-1.789748072624206543e-01 -4.255605936050415039e-01 3.231970071792602539e-01 -3.358610868453979492e-01 -5.867284536361694336e-02 -1.982383728027343750e-01
-3.240633010864257812e-02 -4.160384535789489746e-01 1.769168376922607422e-01 -8.999317884445190430e-02 -1.703591346740722656e-01 -2.611718177795410156e-01
-1.953392624855041504e-01 -3.826200366020202637e-01 9.011435508728027344e-02 -1.091631054878234863e-01 -3.595903515815734863e-01 -2.679676413536071777e-01
-1.412779688835144043e-01 -5.136746168136596680e-01 2.932932376861572266e-01 -2.073082923889160156e-01 -1.185758709907531738e-01 -2.918884158134460449e-01
-3.210301399230957031e-01 -3.739144802093505859e-01 2.500903606414794922e-01 -2.162764668464660645e-01 -2.722259163856506348e-01 -1.475572586059570312e-01
-1.953890323638916016e-01 -3.394365906715393066e-01 2.786630392074584961e-01 -2.560993432998657227e-01 -2.644636034965515137e-01 -2.234152555465698242e-01
-2.847057580947875977e-02 -3.977892398834228516e-01 2.766566276550292969e-01 -2.213733196258544922e-01 -2.154012918472290039e-01 -1.989262700080871582e-01
-1.982613801956176758e-01 -3.755978941917419434e-01 2.925120592117309570e-01 -3.590484261512756348e-01 -1.424434185028076172e-01 -1.986230015754699707e-01
-2.797425389289855957e-01 -3.482272028923034668e-01 2.117719650268554688e-01 -1.916981935501098633e-01 -2.419933676719665527e-01 -1.033103466033935547e-01
-4.355624318122863770e-01 -5.589001774787902832e-01 -4.567492008209228516e-02 -1.812326908111572266e-02 -3.351781964302062988e-01 -4.583699107170104980e-01
-5.401043891906738281e-01 -5.349638462066650391e-01 3.668129444122314453e-02 3.642218112945556641e-01 -4.018535017967224121e-01 -4.075435400009155273e-01
-4.038569331169128418e-01 -4.684129357337951660e-01 -2.244495153427124023e-01 6.151782274246215820e-01 -3.915914893150329590e-01 -3.902271986007690430e-01
-4.398448467254638672e-01 -5.683811902999877930e-01 -5.566722154617309570e-02 4.547772407531738281e-01 -2.423377037048339844e-01 -5.275285243988037109e-01
-6.178081035614013672e-01 -4.594401121139526367e-01 -1.097274422645568848e-01 8.744367361068725586e-01 -5.700311660766601562e-01 -3.886990547180175781e-01
-8.368961811065673828e-01 -5.670466423034667969e-01 8.350992202758789062e-02 6.162891387939453125e-01 -3.216962218284606934e-01 -4.291962385177612305e-01
-7.189710140228271484e-01 -5.213862657546997070e-01 2.132511138916015625e-02 7.104486227035522461e-01 -4.802234172821044922e-01 -3.364297747611999512e-01
-7.534573674201965332e-01 -6.631074547767639160e-01 2.274429798126220703e-02 9.226033687591552734e-01 -1.889281868934631348e-01 -4.866777062416076660e-01
-6.280871629714965820e-01 -5.929734110832214355e-01 -1.031179428100585938e-01 5.552295446395874023e-01 -3.753391504287719727e-01 -4.114375114440917969e-01
-6.282482147216796875e-01 -6.152264475822448730e-01 1.042985916137695312e-02 6.516933441162109375e-01 -4.761219024658203125e-01 -3.474093079566955566e-01
-5.097907781600952148e-01 -4.109476208686828613e-01 5.997216701507568359e-02 4.563362598419189453e-01 -6.047772169113159180e-01 -2.164129614830017090e-01
-6.903681159019470215e-01 -2.917125225067138672e-01 3.536640405654907227e-01 2.412296533584594727e-01 -4.525672793388366699e-01 -6.330853700637817383e-02
-5.574368238449096680e-01 -3.703835606575012207e-01 4.126741886138916016e-01 1.216233968734741211e-01 -4.283447861671447754e-01 -2.626339197158813477e-01
-6.641992330551147461e-01 -2.561163306236267090e-01 5.159939527511596680e-01 3.191232681274414062e-01 -3.964100480079650879e-01 3.913772106170654297e-02
-5.967806577682495117e-01 -3.185957670211791992e-01 2.854677438735961914e-01 1.986099481582641602e-01 -3.316403031349182129e-01 -2.524740099906921387e-01
-3.046288490295410156e-01 -3.348522186279296875e-01 2.795950174331665039e-01 -8.274435997009277344e-03 -3.106692433357238770e-01 -2.405424118041992188e-01
-3.689697384834289551e-01 -3.160083293914794922e-01 3.146800994873046875e-01 5.578351020812988281e-02 -2.626085281372070312e-01 -1.034581065177917480e-01
-4.305121898651123047e-01 -1.068181991577148438e-01 1.788607835769653320e-01 -7.428610324859619141e-02 -3.763540387153625488e-01 -1.347295641899108887e-01
-6.851381063461303711e-01 -2.332659959793090820e-01 2.503627538681030273e-01 1.013416051864624023e-01 -3.491371870040893555e-01 -1.601253151893615723e-01
-5.435948967933654785e-01 -1.857331991195678711e-01 2.349890470504760742e-01 2.042932510375976562e-01 -4.039679169654846191e-01 6.605112552642822266e-02
-5.104961395263671875e-01 -3.087159991264343262e-01 2.953531742095947266e-01 7.147622108459472656e-02 -2.224298715591430664e-01 -1.535798311233520508e-01
-3.026407957077026367e-01 -4.296528697013854980e-01 2.917515039443969727e-01 2.183411121368408203e-01 -1.259990334510803223e-01 -1.878476738929748535e-01
-4.383506774902343750e-01 -4.626258611679077148e-01 1.128540039062500000e-01 4.992377758026123047e-01 -3.288655877113342285e-01 -1.227303147315979004e-01
-2.648063302040100098e-01 -5.765379667282104492e-01 2.909556627273559570e-01 3.106893301010131836e-01 -2.749019265174865723e-01 -2.797031998634338379e-01
-1.171023249626159668e-01 -7.411148548126220703e-01 2.291269302368164062e-01 9.491801261901855469e-03 -1.944761276245117188e-01 -3.100389838218688965e-01
-9.242218732833862305e-02 -4.456520080566406250e-01 2.048270702362060547e-01 -4.871994853019714355e-01 -6.741815805435180664e-02 7.412970066070556641e-02
-1.370127201080322266e-01 -4.439851641654968262e-01 1.455994844436645508e-01 -4.892899394035339355e-01 9.903776645660400391e-02 1.086109876632690430e-01
2.370715141296386719e-02 -4.202836155891418457e-01 -8.001673221588134766e-02 -4.705881476402282715e-01 8.420848846435546875e-02 1.083296537399291992e-01
-6.977647542953491211e-02 -3.562169075012207031e-01 6.880474090576171875e-02 -3.795683979988098145e-01 2.827227115631103516e-02 2.448989152908325195e-01
-8.086836338043212891e-02 -4.033932089805603027e-01 1.007286310195922852e-01 -3.996742367744445801e-01 9.949302673339843750e-02 1.890742778778076172e-01
-1.005206108093261719e-01 -3.895167112350463867e-01 1.370632648468017578e-01 -3.467028141021728516e-01 9.131705760955810547e-02 2.203434705734252930e-01
-2.003441452980041504e-01 -3.934407830238342285e-01 2.423003911972045898e-01 -4.909790754318237305e-01 1.961197853088378906e-01 2.222080230712890625e-01
-2.193063497543334961e-01 -3.322060704231262207e-01 1.844485998153686523e-01 -3.862370848655700684e-01 1.539242267608642578e-01 2.316892147064208984e-01
-2.717878818511962891e-01 -2.497963905334472656e-01 2.854492664337158203e-01 -4.408822655677795410e-01 2.092992067337036133e-01 3.040863275527954102e-01
-2.980768084526062012e-01 -3.063472509384155273e-01 3.746716976165771484e-01 -3.699922561645507812e-01 1.727452278137207031e-01 3.262476921081542969e-01
-1.689814925193786621e-01 -4.212262630462646484e-01 2.656849622726440430e-01 -2.431625723838806152e-01 2.930409908294677734e-01 1.592274904251098633e-01
-2.353116273880004883e-01 -4.029661417007446289e-01 3.725429773330688477e-01 -3.496844768524169922e-01 1.316772699356079102e-01 2.372928857803344727e-01
-8.584433794021606445e-02 -4.200732111930847168e-01 1.891661882400512695e-01 -2.218792438507080078e-01 3.881485462188720703e-01 1.444454193115234375e-01
-5.583202838897705078e-01 -3.735769391059875488e-01 5.271798372268676758e-01 -3.383789062500000000e-01 4.954823255538940430e-01 3.305181264877319336e-01
