3.810167312622070312e-02 -3.403250575065612793e-01 -4.089610576629638672e-01 -2.732527852058410645e-01 -5.971397757530212402e-01 1.000905036926269531e-02
1.057803630828857422e-01 -3.431422114372253418e-01 -6.093232631683349609e-01 -2.249844074249267578e-01 -6.055328845977783203e-01 8.961796760559082031e-03
6.531369686126708984e-02 -3.948849439620971680e-01 -5.438306927680969238e-01 -1.767986416816711426e-01 -5.239179730415344238e-01 -6.559687852859497070e-02
9.058308601379394531e-02 -3.555086255073547363e-01 -4.645490646362304688e-01 -2.130845189094543457e-01 -6.004290580749511719e-01 -6.350219249725341797e-03
2.527083158493041992e-01 -3.699373006820678711e-01 -4.004251956939697266e-01 -1.593087911605834961e-01 -5.843341350555419922e-01 6.268107891082763672e-02
3.326349258422851562e-01 -3.506124019622802734e-01 -3.534054756164550781e-01 -2.304125428199768066e-01 -6.468728184700012207e-01 1.484633684158325195e-01
3.799191713333129883e-01 -4.875636696815490723e-01 -2.752283215522766113e-01 -3.450247049331665039e-01 -3.957887887954711914e-01 -5.320310592651367188e-04
3.298963308334350586e-01 -6.054178476333618164e-01 -2.168992161750793457e-01 -3.331729173660278320e-01 -3.008317351341247559e-01 -1.406788825988769531e-01
4.315941333770751953e-01 -6.086364984512329102e-01 -1.648314595222473145e-01 -3.477473855018615723e-01 -3.103569746017456055e-01 -5.761879682540893555e-02
2.338724136352539062e-01 -6.262860894203186035e-01 -1.111728549003601074e-01 -3.334609866142272949e-01 -3.258134126663208008e-01 -1.589189171791076660e-01
3.423818349838256836e-01 -5.896840095520019531e-01 -1.791561245918273926e-01 -4.012827873229980469e-01 -2.554487586021423340e-01 -1.202890276908874512e-01
3.215912580490112305e-01 -5.717229843139648438e-01 -2.146876454353332520e-01 -3.273231983184814453e-01 -3.176003098487854004e-01 -1.522327065467834473e-01
4.385142326354980469e-01 -6.762595772743225098e-01 -2.609212994575500488e-01 -2.339770197868347168e-01 -2.670619487762451172e-01 -2.278451323509216309e-01
6.967054605484008789e-01 -6.772890090942382812e-01 -6.329828500747680664e-01 -1.844070553779602051e-01 -1.533406376838684082e-01 -3.384332060813903809e-01
4.221709966659545898e-01 -6.190251708030700684e-01 -3.415805101394653320e-01 -1.495910882949829102e-01 -3.461271524429321289e-01 -1.862344145774841309e-01
3.785548210144042969e-01 -5.454176664352416992e-01 -4.364794492721557617e-01 -1.764422655105590820e-01 -3.308716416358947754e-01 -2.133154869079589844e-01
3.017820119857788086e-01 -5.424873828887939453e-01 -4.493811130523681641e-01 -1.825175881385803223e-01 -2.782659530639648438e-01 -1.956657171249389648e-01
2.968335151672363281e-01 -5.440190434455871582e-01 -4.569326043128967285e-01 -1.133496165275573730e-01 -2.557193040847778320e-01 -1.981931328773498535e-01
2.803089618682861328e-01 -5.082612037658691406e-01 -5.329565405845642090e-01 -1.569873690605163574e-01 -2.253378033638000488e-01 -1.944666504859924316e-01
3.207517862319946289e-01 -5.393317937850952148e-01 -5.590582489967346191e-01 -1.412252783775329590e-01 -7.812476158142089844e-02 -1.822409629821777344e-01
3.832861185073852539e-01 -4.182654619216918945e-01 -5.150613784790039062e-01 -1.878772974014282227e-01 -4.627847671508789062e-02 -4.966670274734497070e-02
2.783693075180053711e-01 -4.963728785514831543e-01 -4.894470572471618652e-01 -1.743265986442565918e-01 7.831227779388427734e-02 -8.292633295059204102e-02
2.855701446533203125e-01 -4.788147807121276855e-01 -5.448139905929565430e-01 -2.046166658401489258e-01 1.118921041488647461e-01 -4.167759418487548828e-02
1.488691568374633789e-01 -4.818833470344543457e-01 -3.817708492279052734e-01 -1.285660862922668457e-01 6.102848052978515625e-02 2.008616924285888672e-02
2.254023551940917969e-01 -4.058994054794311523e-01 -2.817191481590270996e-01 -1.989034414291381836e-01 1.353501081466674805e-01 1.000804901123046875e-01
2.651553153991699219e-01 -3.432016372680664062e-01 -2.478275895118713379e-01 -1.384497284889221191e-01 1.214462518692016602e-01 1.360685825347900391e-01
1.814731359481811523e-01 -4.027901291847229004e-01 -2.028482556343078613e-01 -1.547131538391113281e-01 1.723704338073730469e-01 5.913949012756347656e-02
1.722180843353271484e-01 -3.883395195007324219e-01 -1.745657920837402344e-01 -1.366200447082519531e-01 1.886987686157226562e-01 8.598542213439941406e-02
2.107348442077636719e-01 -3.044874072074890137e-01 -1.167787313461303711e-01 -1.664996743202209473e-01 1.162818670272827148e-01 1.664078235626220703e-01
2.147911787033081055e-01 -3.604927659034729004e-01 -8.716446161270141602e-02 -1.089761257171630859e-01 1.604486703872680664e-01 1.299394369125366211e-01
1.955120563507080078e-01 -3.596138358116149902e-01 -6.499695777893066406e-02 -1.631608009338378906e-01 1.788794994354248047e-01 1.126841306686401367e-01
2.728711366653442383e-01 -3.625665307044982910e-01 -1.649857759475708008e-01 -7.443398237228393555e-02 1.922136545181274414e-01 1.348667144775390625e-01
3.145384788513183594e-01 -2.935645580291748047e-01 -2.200455665588378906e-01 -7.219099998474121094e-02 1.612221002578735352e-01 1.579452753067016602e-01
3.510272502899169922e-01 -3.072191476821899414e-01 -2.260763049125671387e-01 -7.086318731307983398e-02 1.664845943450927734e-01 1.329450607299804688e-01
4.022977352142333984e-01 -4.373870491981506348e-01 -3.487926125526428223e-01 5.249977111816406250e-04 2.938215732574462891e-01 -3.565299510955810547e-02
4.719923734664916992e-01 -4.206388592720031738e-01 -4.273318648338317871e-01 6.735444068908691406e-02 2.701866626739501953e-01 -1.076281070709228516e-02
2.940933704376220703e-01 -4.490246176719665527e-01 -3.008252382278442383e-01 -1.237452030181884766e-02 2.188273668289184570e-01 4.898643493652343750e-02
1.369047164916992188e-01 -3.755483031272888184e-01 -1.126856803894042969e-01 -1.214711666107177734e-01 1.508197784423828125e-01 1.749907732009887695e-01
6.958091259002685547e-02 -5.142931342124938965e-01 -1.500396132469177246e-01 -1.341837048530578613e-01 2.166053056716918945e-01 -1.368063688278198242e-02
3.750205039978027344e-02 -7.013441324234008789e-01 -2.607643604278564453e-03 -6.601673364639282227e-02 3.366407155990600586e-01 -1.515192985534667969e-01
-1.121753454208374023e-02 -6.845924854278564453e-01 -6.132739782333374023e-02 -6.090891361236572266e-02 1.941497325897216797e-01 -2.820110321044921875e-01
-1.185771226882934570e-01 -6.202811598777770996e-01 -5.760014057159423828e-02 -1.241880655288696289e-02 -4.504823684692382812e-02 -7.292824983596801758e-02
-2.401921153068542480e-01 -5.792167186737060547e-01 -4.116302728652954102e-02 8.553266525268554688e-04 1.317141056060791016e-01 -1.443126797676086426e-01
-6.922769546508789062e-02 -4.252216219902038574e-01 1.263742446899414062e-01 -2.882622480392456055e-01 -1.539144515991210938e-01 1.058540344238281250e-01
8.130371570587158203e-02 -4.188749790191650391e-01 1.701927185058593750e-01 -4.017463326454162598e-01 1.884220838546752930e-01 -2.142894268035888672e-02
-9.485781192779541016e-03 -4.367336034774780273e-01 2.615567445755004883e-01 -2.166861891746520996e-01 1.760891675949096680e-01 -6.489336490631103516e-03
3.556978702545166016e-02 -7.639390230178833008e-01 7.668483257293701172e-02 -2.315949201583862305e-01 7.720351219177246094e-02 -2.551068663597106934e-01
1.375436782836914062e-02 -6.603135466575622559e-01 2.381944656372070312e-01 -3.983258008956909180e-01 4.861748218536376953e-02 -1.371166706085205078e-01
3.880918025970458984e-02 -5.789856910705566406e-01 2.080637216567993164e-01 -6.885514855384826660e-01 -5.304902791976928711e-02 -9.402787685394287109e-02
1.237659454345703125e-01 -7.347423434257507324e-01 1.202868223190307617e-01 -6.261892318725585938e-01 5.535900592803955078e-02 -3.167478442192077637e-01
2.466226816177368164e-01 -6.812174320220947266e-01 8.679342269897460938e-02 -3.952944278717041016e-01 -8.416658639907836914e-02 -1.863381266593933105e-01
2.993518114089965820e-01 -5.558599233627319336e-01 -7.931458950042724609e-02 -2.972291707992553711e-01 -2.618113160133361816e-01 -1.117236018180847168e-01
3.819999694824218750e-01 -5.688425302505493164e-01 -1.583952903747558594e-01 -3.224202394485473633e-01 -3.132494091987609863e-01 -1.683665513992309570e-01
4.701882600784301758e-01 -6.520441770553588867e-01 -1.592241525650024414e-01 -3.449440598487854004e-01 -2.839152812957763672e-01 -2.297252416610717773e-01
2.658421993255615234e-01 -5.656951665878295898e-01 -1.852371096611022949e-01 -2.158116102218627930e-01 -4.577410221099853516e-01 -2.558495998382568359e-01
2.974495887756347656e-01 -6.055856943130493164e-01 -2.767842411994934082e-01 -1.007341742515563965e-01 -3.522055745124816895e-01 -2.939129471778869629e-01
1.772208213806152344e-01 -6.356853246688842773e-01 -8.840036392211914062e-02 -8.839076757431030273e-02 -3.342539072036743164e-01 -2.747201919555664062e-01
-5.174577236175537109e-02 -6.354351043701171875e-01 1.169357299804687500e-01 -1.600016951560974121e-01 -5.362148284912109375e-01 -2.152962684631347656e-01
-1.492967605590820312e-01 -5.205191373825073242e-01 9.597027301788330078e-02 -7.603168487548828125e-02 -6.737474203109741211e-01 -1.009340286254882812e-01
-8.511787652969360352e-02 -5.710016489028930664e-01 2.338665723800659180e-01 -1.516442894935607910e-01 -4.726068973541259766e-01 -1.958461403846740723e-01
-1.769508719444274902e-01 -2.380020022392272949e-01 4.787669181823730469e-01 -1.617947816848754883e-01 -5.961613655090332031e-01 1.446254253387451172e-01
-2.575008869171142578e-01 -4.046939015388488770e-01 2.665200233459472656e-01 -1.774615645408630371e-01 -3.972443342208862305e-01 -2.131972908973693848e-01
-1.420695781707763672e-01 -5.548167228698730469e-01 2.394918203353881836e-01 -2.447420358657836914e-01 -1.411768794059753418e-01 -3.404276371002197266e-01
-2.657054662704467773e-01 -3.697351813316345215e-01 2.123277187347412109e-01 -3.518495559692382812e-01 -2.091099619865417480e-01 -1.217461228370666504e-01
-2.073541879653930664e-01 -3.130627274513244629e-01 3.193060159683227539e-01 -3.768282532691955566e-01 -2.950977683067321777e-01 -5.692547559738159180e-02
-3.271503448486328125e-01 -2.482795715332031250e-01 3.874441385269165039e-01 -4.164441227912902832e-01 -3.930578231811523438e-01 1.052320003509521484e-02
-4.911835789680480957e-01 -1.248653531074523926e-01 2.049891948699951172e-01 -1.887487173080444336e-01 -5.534423589706420898e-01 2.033591270446777344e-03
-3.340727686882019043e-01 -2.528824806213378906e-01 4.511747360229492188e-01 -3.567009568214416504e-01 -3.400728702545166016e-01 1.036186218261718750e-01
-2.054757475852966309e-01 -4.238105416297912598e-01 2.870318889617919922e-01 -2.558408975601196289e-01 -7.297116518020629883e-02 -2.164172530174255371e-01
-2.102164030075073242e-01 -3.214654326438903809e-01 4.149698019027709961e-01 -9.022712707519531250e-02 -2.414672374725341797e-01 -1.941117644309997559e-01
-2.404920458793640137e-01 -3.604403734207153320e-01 1.588886976242065430e-01 4.521656036376953125e-02 -2.030008435249328613e-01 -1.113944649696350098e-01
-2.648388743400573730e-01 -3.379843831062316895e-01 2.353068590164184570e-01 9.827947616577148438e-02 -2.639981508255004883e-01 -1.898373961448669434e-01
-2.980893254280090332e-01 -4.906038045883178711e-01 -9.395509958267211914e-02 2.935143709182739258e-01 -4.825248122215270996e-01 -5.190078020095825195e-01
-5.542896986007690430e-01 -3.363670706748962402e-01 9.059202671051025391e-02 4.438786506652832031e-01 -7.767919301986694336e-01 -7.266664505004882812e-02
-4.687227606773376465e-01 -3.609077334403991699e-01 1.839410066604614258e-01 4.321821928024291992e-01 -6.855291128158569336e-01 -7.467091083526611328e-03
-5.325931906700134277e-01 -5.634938478469848633e-01 3.454530239105224609e-02 5.028496980667114258e-01 -3.766795992851257324e-01 -4.428076148033142090e-01
-2.651270627975463867e-01 -5.558993816375732422e-01 2.308580875396728516e-01 3.456076383590698242e-01 -3.602828979492187500e-01 -3.455422520637512207e-01
-4.507759213447570801e-01 -4.313746094703674316e-01 3.745080232620239258e-01 3.626680374145507812e-01 -3.711700439453125000e-01 -5.850005149841308594e-02
-4.936274290084838867e-01 -5.612003207206726074e-01 8.884477615356445312e-02 6.774742603302001953e-01 -4.135140180587768555e-01 -2.401795387268066406e-01
-4.089869260787963867e-01 -5.588028430938720703e-01 -7.176721096038818359e-02 6.655298471450805664e-01 -5.683647990226745605e-01 -3.993683457374572754e-01
-4.604979753494262695e-01 -5.599232912063598633e-01 1.213598251342773438e-01 7.043017148971557617e-01 -4.805105924606323242e-01 -1.707090735435485840e-01
-5.128426551818847656e-01 -5.291668176651000977e-01 5.873930454254150391e-02 8.202887773513793945e-01 -4.525179862976074219e-01 -5.390316247940063477e-02
-4.948413968086242676e-01 -5.929147005081176758e-01 2.231730222702026367e-01 6.024954319000244141e-01 -1.300094723701477051e-01 -3.337731361389160156e-01
-5.736439228057861328e-01 -3.815019130706787109e-01 2.842346429824829102e-01 4.988261461257934570e-01 -3.514213562011718750e-01 -6.236469745635986328e-02
-3.758404850959777832e-01 -4.138166308403015137e-01 3.802468776702880859e-01 2.213995456695556641e-01 -2.241309285163879395e-01 -1.387465000152587891e-01
-3.455972671508789062e-01 -2.208487391471862793e-01 3.222982883453369141e-01 1.482526063919067383e-01 -5.158256888389587402e-01 8.941173553466796875e-03
-5.030017495155334473e-01 -1.647489070892333984e-01 2.495052814483642578e-01 4.281129837036132812e-01 -7.232421636581420898e-01 1.329960823059082031e-01
-3.655080199241638184e-01 -4.387192726135253906e-01 2.440867424011230469e-01 1.949009895324707031e-01 -2.963898777961730957e-01 -2.687847614288330078e-01
-3.590514659881591797e-01 -2.538058757781982422e-01 2.594039440155029297e-01 -9.355854988098144531e-02 -5.572648048400878906e-01 -1.829572916030883789e-01
-3.362959027290344238e-01 -2.550647854804992676e-01 3.002038002014160156e-01 3.382134437561035156e-02 -4.236098527908325195e-01 -7.929474115371704102e-02
-2.872716784477233887e-01 -3.095466494560241699e-01 3.915170431137084961e-01 7.049989700317382812e-02 -2.890022397041320801e-01 -6.293666362762451172e-02
-5.317205190658569336e-01 -1.728197336196899414e-01 2.093317508697509766e-01 5.263018608093261719e-02 -3.827402591705322266e-01 -2.780884504318237305e-02
-5.503202676773071289e-01 7.488811016082763672e-02 1.963443756103515625e-01 5.483078956604003906e-02 -3.258012533187866211e-01 -1.293927431106567383e-02
-4.813199639320373535e-01 1.947070360183715820e-01 5.713343620300292969e-02 -1.081389188766479492e-02 -4.829627275466918945e-02 -1.973030567169189453e-01
-3.854546546936035156e-01 -5.482864379882812500e-02 -1.032305359840393066e-01 3.109121322631835938e-02 -1.415516734123229980e-01 -3.062835931777954102e-01
-4.687273502349853516e-02 2.271401882171630859e-02 -8.145475387573242188e-02 -4.173071980476379395e-01 3.644706010818481445e-01 -3.571681380271911621e-01
-2.887677550315856934e-01 -4.490977525711059570e-02 1.010550260543823242e-01 -4.001252651214599609e-01 3.531179428100585938e-01 -4.252728819847106934e-01
-3.180745244026184082e-01 -5.954384803771972656e-03 4.270838499069213867e-01 -2.335101366043090820e-01 3.761718273162841797e-01 -1.922175884246826172e-01
-1.756333708763122559e-01 -2.460767030715942383e-01 3.115959167480468750e-01 -6.122994422912597656e-02 4.123622179031372070e-01 -3.801645040512084961e-01
-2.562921047210693359e-01 -3.970996737480163574e-01 3.551867008209228516e-01 -2.205606698989868164e-01 6.095855236053466797e-01 -4.937683343887329102e-01
1.943349838256835938e-03 -5.519981384277343750e-01 4.244259595870971680e-01 -5.001081228256225586e-01 5.028109550476074219e-01 -7.060338258743286133e-01
2.971426248550415039e-01 -3.044621348381042480e-01 -1.225334405899047852e-02 -6.582049727439880371e-01 3.248307704925537109e-01 -5.467234849929809570e-01
3.220717906951904297e-01 -1.606597304344177246e-01 -1.063324809074401855e-01 -6.960793137550354004e-01 1.889075040817260742e-01 -3.114714026451110840e-01
3.901673555374145508e-01 -8.518457412719726562e-03 -3.200731873512268066e-01 -5.724034309387207031e-01 7.992923259735107422e-02 -1.437845826148986816e-01
3.979533910751342773e-01 -3.200042247772216797e-02 -2.898256182670593262e-01 -4.935324788093566895e-01 1.493536233901977539e-01 -1.455510854721069336e-01
2.758215665817260742e-01 2.121448516845703125e-02 -2.805028557777404785e-01 -5.770941972732543945e-01 5.775094032287597656e-02 -1.097944378852844238e-01
2.496429681777954102e-01 4.044723510742187500e-02 -2.988389730453491211e-01 -5.089731216430664062e-01 -1.126950383186340332e-01 1.364421844482421875e-02
8.520376682281494141e-02 2.207846641540527344e-01 -1.978015303611755371e-01 -3.840730190277099609e-01 -1.041622161865234375e-01 4.429900646209716797e-02
-2.651902437210083008e-01 5.525016784667968750e-02 1.151876449584960938e-01 -4.285449385643005371e-01 -3.250763416290283203e-01 -4.969143867492675781e-02
-1.081179380416870117e-01 -3.253175616264343262e-01 1.071978807449340820e-01 -5.976024866104125977e-01 -5.327403545379638672e-03 -1.936361193656921387e-01
-2.554574012756347656e-01 -1.891732215881347656e-01 1.693459749221801758e-01 -3.292183876037597656e-01 -2.103562951087951660e-01 7.274258136749267578e-02
-1.270592212677001953e-02 -9.463036060333251953e-02 -2.175736427307128906e-02 -3.499328494071960449e-01 -2.103588581085205078e-01 6.270051002502441406e-03
-7.033979892730712891e-02 -3.635704517364501953e-01 9.707856178283691406e-02 -3.179963231086730957e-01 6.478393077850341797e-02 -2.521443963050842285e-01
-5.875198841094970703e-01 -2.909427285194396973e-01 6.259000301361083984e-02 -2.917320728302001953e-01 -1.030740737915039062e-01 -2.047886848449707031e-01
-4.818888306617736816e-01 -2.951369881629943848e-01 4.257059097290039062e-02 -8.714085817337036133e-02 -2.975909709930419922e-01 -1.338057518005371094e-01
-4.274107217788696289e-01 -2.023119330406188965e-01 1.201610565185546875e-01 -2.053597569465637207e-01 -2.800676226615905762e-01 -1.354804039001464844e-01
-4.570309519767761230e-01 -8.606672286987304688e-03 2.377344369888305664e-01 -1.081052422523498535e-01 -4.671617150306701660e-01 1.315438747406005859e-01
-3.526896238327026367e-01 -1.533948183059692383e-01 2.742651700973510742e-01 -6.866723299026489258e-02 -2.155238389968872070e-01 -2.366948127746582031e-02
-2.921503186225891113e-01 3.376865386962890625e-01 2.868347167968750000e-01 1.654018163681030273e-01 -4.755538702011108398e-02 2.840133905410766602e-01
-1.091477870941162109e-01 2.140172719955444336e-01 5.742205381393432617e-01 1.714035272598266602e-01 -3.840166330337524414e-02 3.368513584136962891e-01
-2.494540810585021973e-01 1.709436178207397461e-01 9.230852127075195312e-02 5.407595634460449219e-02 -3.333104848861694336e-01 3.313258886337280273e-01
1.979426145553588867e-01 4.156273603439331055e-01 -5.068676471710205078e-01 3.431584835052490234e-01 -5.064208507537841797e-01 4.940973520278930664e-01
2.298045158386230469e-01 4.050445556640625000e-01 -5.235996246337890625e-01 4.362919330596923828e-01 -4.091470241546630859e-01 4.861397743225097656e-01
3.608855009078979492e-01 3.962558507919311523e-01 -6.516306996345520020e-01 4.527920484542846680e-01 -2.216977477073669434e-01 4.558945894241333008e-01
3.466253280639648438e-01 4.576205015182495117e-01 -5.793602466583251953e-01 4.683829545974731445e-01 -3.012276291847229004e-01 5.773518085479736328e-01
2.031852006912231445e-01 4.709225893020629883e-01 -4.168826937675476074e-01 4.635697603225708008e-01 -4.334656000137329102e-01 6.833292245864868164e-01
3.410104513168334961e-01 3.930313587188720703e-01 -5.848677158355712891e-01 5.553935766220092773e-01 -3.084950447082519531e-01 5.587239265441894531e-01
1.929596662521362305e-01 3.597731590270996094e-01 -3.256315588951110840e-01 5.367766618728637695e-01 -3.069759607315063477e-01 6.756211519241333008e-01
3.382862806320190430e-01 4.794178009033203125e-01 -3.729803562164306641e-01 5.687129497528076172e-01 -3.989421129226684570e-01 7.702864408493041992e-01
3.073186874389648438e-01 4.099981784820556641e-01 -4.226165413856506348e-01 5.757303237915039062e-01 -3.408077955245971680e-01 7.110315561294555664e-01
2.085132598876953125e-01 3.998432159423828125e-01 -4.744031429290771484e-01 5.736607313156127930e-01 -3.384915590286254883e-01 7.115868330001831055e-01
2.506761550903320312e-01 3.400743007659912109e-01 -3.752465844154357910e-01 5.447244644165039062e-01 -2.513330578804016113e-01 6.223485469818115234e-01
-2.354019880294799805e-02 3.143665790557861328e-01 -1.893481016159057617e-01 4.049450159072875977e-01 -2.610856890678405762e-01 6.146801710128784180e-01
-8.314114809036254883e-02 2.798517942428588867e-01 -1.752448081970214844e-02 3.398041725158691406e-01 -3.561895489692687988e-01 6.923139095306396484e-01
-5.602127313613891602e-02 1.701700687408447266e-01 -2.657520771026611328e-02 2.460918426513671875e-01 -2.152668833732604980e-01 3.971512317657470703e-01
-1.408578157424926758e-01 2.160291671752929688e-01 1.148995161056518555e-01 2.856758832931518555e-01 -4.332318305969238281e-01 5.582821369171142578e-01
-3.282166123390197754e-01 2.918758392333984375e-01 2.248052358627319336e-01 2.791180610656738281e-01 -4.248169064521789551e-01 6.502672433853149414e-01
-7.311981916427612305e-02 1.481003761291503906e-01 1.126267910003662109e-01 1.342090368270874023e-01 -2.444700002670288086e-01 4.779686927795410156e-01
