6.232190132141113281e-02 -4.620972275733947754e-01 -1.533300280570983887e-01 -2.856717705726623535e-01 -3.695679903030395508e-01 -2.452683448791503906e-02
9.706914424896240234e-02 -4.202389121055603027e-01 -4.672588109970092773e-01 -3.181011080741882324e-01 -4.427626132965087891e-01 -1.387459039688110352e-01
-6.509059667587280273e-02 -3.764282464981079102e-01 -3.430818319320678711e-01 -3.163012862205505371e-01 -5.523445606231689453e-01 -5.308473110198974609e-02
1.693947315216064453e-01 -3.766173124313354492e-01 -3.628367185592651367e-01 -2.910867333412170410e-01 -5.738403797149658203e-01 5.205309391021728516e-02
1.306542158126831055e-01 -3.117881417274475098e-01 -3.101986646652221680e-01 -2.967344522476196289e-01 -7.768170833587646484e-01 1.781195402145385742e-01
4.115695953369140625e-01 -4.365227818489074707e-01 -5.679801702499389648e-01 -1.904624700546264648e-01 -7.163968086242675781e-01 4.319071769714355469e-03
3.333405256271362305e-01 -5.634189248085021973e-01 -4.183170795440673828e-01 -3.372809886932373047e-01 -6.193394660949707031e-01 -2.225929498672485352e-01
4.418977499008178711e-01 -5.563118457794189453e-01 -2.729438543319702148e-01 -3.962167501449584961e-01 -5.046130418777465820e-01 -2.620453238487243652e-01
3.518762588500976562e-01 -6.064476966857910156e-01 -2.456009984016418457e-01 -3.419916033744812012e-01 -4.893078207969665527e-01 -1.690071225166320801e-01
4.246460199356079102e-01 -5.460383296012878418e-01 -2.127196788787841797e-01 -2.953861355781555176e-01 -4.865097999572753906e-01 -1.499198675155639648e-01
4.275851249694824219e-01 -5.462542772293090820e-01 -2.511550188064575195e-01 -3.815518021583557129e-01 -4.898676872253417969e-01 -1.371639966964721680e-01
3.077223300933837891e-01 -6.478542089462280273e-01 -1.005125045776367188e-01 -2.951372265815734863e-01 -5.386747121810913086e-01 -1.073617339134216309e-01
4.869695901870727539e-01 -5.975753664970397949e-01 -2.000979781150817871e-01 -3.533862233161926270e-01 -3.704774379730224609e-01 -1.041626930236816406e-01
4.131958484649658203e-01 -6.989866495132446289e-01 -1.915181875228881836e-01 -3.360266685485839844e-01 -3.101750612258911133e-01 -1.987445950508117676e-01
4.640460014343261719e-01 -6.375648379325866699e-01 -3.189901709556579590e-01 -3.186573386192321777e-01 -2.291088104248046875e-01 -2.939101457595825195e-01
3.776036500930786133e-01 -6.247575879096984863e-01 -4.244356751441955566e-01 -2.965037822723388672e-01 -2.174969911575317383e-01 -3.191251754760742188e-01
2.966548204421997070e-01 -6.776974201202392578e-01 -3.026235103607177734e-01 -2.026272416114807129e-01 -2.150236368179321289e-01 -2.225175499916076660e-01
3.393621444702148438e-01 -6.345866918563842773e-01 -3.827596306800842285e-01 -1.981967687606811523e-01 -1.795186996459960938e-01 -1.979699134826660156e-01
4.070514440536499023e-01 -6.557601690292358398e-01 -4.668104648590087891e-01 -1.903243064880371094e-01 -1.463233232498168945e-01 -1.943702697753906250e-01
3.933925628662109375e-01 -6.090083122253417969e-01 -4.203150272369384766e-01 -1.762123107910156250e-01 -4.837405681610107422e-02 -1.961940526962280273e-01
3.995474576950073242e-01 -5.273752212524414062e-01 -5.490801334381103516e-01 -1.449728012084960938e-01 -2.495956420898437500e-02 -1.834037899971008301e-01
3.030394315719604492e-01 -4.816753268241882324e-01 -4.911977648735046387e-01 -2.508047819137573242e-01 1.442825794219970703e-02 -7.656067609786987305e-02
2.699111700057983398e-01 -4.240570068359375000e-01 -4.294363856315612793e-01 -2.974268794059753418e-01 9.546756744384765625e-02 1.457715034484863281e-02
1.020512580871582031e-01 -4.665898084640502930e-01 -2.759108543395996094e-01 -2.690366506576538086e-01 6.926667690277099609e-02 5.184566974639892578e-02
5.939340591430664062e-02 -4.463899135589599609e-01 -1.184095740318298340e-01 -2.400044202804565430e-01 8.256912231445312500e-02 1.482130289077758789e-01
1.984633207321166992e-01 -3.125249743461608887e-01 -1.716139316558837891e-01 -2.497260570526123047e-01 8.665692806243896484e-02 2.631584405899047852e-01
2.259881496429443359e-01 -3.113516569137573242e-01 -1.894690394401550293e-01 -2.077696323394775391e-01 8.238232135772705078e-02 2.312619686126708984e-01
3.723959922790527344e-01 -2.760260701179504395e-01 -3.227970004081726074e-01 -1.917707324028015137e-01 1.154239177703857422e-01 2.341717481613159180e-01
3.093130588531494141e-01 -2.918127775192260742e-01 -2.505666017532348633e-01 -1.897143721580505371e-01 1.204898357391357422e-01 2.165296077728271484e-01
2.550334930419921875e-01 -3.435453772544860840e-01 -1.149773597717285156e-01 -1.802160143852233887e-01 1.501463651657104492e-01 1.879256963729858398e-01
1.781986951828002930e-01 -3.020641207695007324e-01 -7.548475265502929688e-02 -1.901086568832397461e-01 9.205973148345947266e-02 2.418581247329711914e-01
2.250372171401977539e-01 -3.044398427009582520e-01 -1.477321982383728027e-01 -1.597940325736999512e-01 9.793400764465332031e-02 2.421792745590209961e-01
2.555679082870483398e-01 -3.314649462699890137e-01 -1.950275897979736328e-01 -1.728498339653015137e-01 1.158275604248046875e-01 2.100787162780761719e-01
3.018761873245239258e-01 -3.005620837211608887e-01 -2.066093087196350098e-01 -1.854537129402160645e-01 1.135479211807250977e-01 2.208129167556762695e-01
3.037227392196655273e-01 -3.063622713088989258e-01 -2.534282207489013672e-01 -1.680028438568115234e-01 9.161353111267089844e-02 2.196377515792846680e-01
1.687536239624023438e-01 -2.743928432464599609e-01 -1.560314297676086426e-01 -1.888263225555419922e-01 1.310300827026367188e-02 3.135085105895996094e-01
1.140977144241333008e-01 -3.043591380119323730e-01 -1.083573698997497559e-01 -2.080255746841430664e-01 9.597826004028320312e-02 2.824828624725341797e-01
7.904863357543945312e-02 -3.100695013999938965e-01 -1.490258574485778809e-01 -2.118729948997497559e-01 5.411100387573242188e-02 2.501180171966552734e-01
8.981847763061523438e-02 -3.486650586128234863e-01 9.014809131622314453e-02 -2.650734186172485352e-01 1.625783443450927734e-01 2.941101789474487305e-01
5.372166633605957031e-03 -5.279526114463806152e-01 8.408951759338378906e-02 -2.775575518608093262e-01 2.619898319244384766e-02 1.502592563629150391e-01
-1.931847929954528809e-01 -4.883421659469604492e-01 5.130517482757568359e-02 -1.639349460601806641e-01 -2.974730730056762695e-02 1.009019613265991211e-01
-2.005987763404846191e-01 -5.461269617080688477e-01 -9.152472019195556641e-03 -1.908136606216430664e-01 -2.658963203430175781e-04 4.569530487060546875e-03
-3.960943222045898438e-02 -5.492126941680908203e-01 2.761244773864746094e-02 -1.123769283294677734e-01 -1.939412951469421387e-01 2.690362930297851562e-02
-1.239775419235229492e-01 -5.847299098968505859e-01 -2.899181842803955078e-02 -2.556462287902832031e-01 5.964112281799316406e-02 -8.545613288879394531e-02
-3.742436766624450684e-01 -4.651262760162353516e-01 1.973009109497070312e-01 -2.596731781959533691e-01 -1.250880360603332520e-01 1.201723814010620117e-01
-2.300628423690795898e-01 -5.567287206649780273e-01 1.813267469406127930e-01 -3.399884700775146484e-01 -2.247057557106018066e-01 -2.018600702285766602e-02
-2.708134055137634277e-01 -6.324949860572814941e-01 7.740724086761474609e-02 -3.565239906311035156e-01 -1.589500904083251953e-01 -1.346093416213989258e-01
-5.416202545166015625e-02 -5.075960159301757812e-01 3.014818429946899414e-01 -3.208805322647094727e-01 9.920001029968261719e-03 -3.101885318756103516e-02
1.870996952056884766e-01 -6.966787576675415039e-01 1.853390932083129883e-01 -5.319596529006958008e-01 5.423700809478759766e-02 -3.723794221878051758e-01
-3.650188446044921875e-04 -5.344812870025634766e-01 6.500470638275146484e-02 -5.347737073898315430e-01 -8.675831556320190430e-02 -1.966838836669921875e-01
1.177949905395507812e-01 -6.215933561325073242e-01 1.179577112197875977e-01 -3.656054735183715820e-01 -3.325301408767700195e-02 -1.147964596748352051e-01
-2.183675765991210938e-03 -6.636023521423339844e-01 -3.660428524017333984e-02 -3.381132483482360840e-01 -2.073915600776672363e-01 -1.765803098678588867e-01
1.146574020385742188e-01 -6.763490438461303711e-01 -1.137208938598632812e-02 -3.518428206443786621e-01 -3.157501220703125000e-01 -7.466942071914672852e-02
4.149892330169677734e-01 -6.612738966941833496e-01 -1.166872382164001465e-01 -3.129188418388366699e-01 -2.869978547096252441e-01 -1.439720988273620605e-01
3.662157058715820312e-01 -5.056644678115844727e-01 -1.095324754714965820e-01 -2.495547533035278320e-01 -4.615974426269531250e-01 4.519701004028320312e-03
2.150986194610595703e-01 -5.789612531661987305e-01 -4.356306791305541992e-02 -8.601421117782592773e-02 -5.167484879493713379e-01 -1.382007002830505371e-01
6.345319747924804688e-02 -5.173667669296264648e-01 1.004881858825683594e-01 -8.119767904281616211e-02 -6.359892487525939941e-01 -2.619987726211547852e-02
-9.374374151229858398e-02 -6.725933551788330078e-01 3.340423107147216797e-02 -8.558577299118041992e-02 -4.793616533279418945e-01 -3.564344048500061035e-01
-3.908455371856689453e-02 -6.289279460906982422e-01 2.374057769775390625e-01 -2.229425907135009766e-01 -4.152153730392456055e-01 -1.930043697357177734e-01
-1.641637086868286133e-02 -4.957078695297241211e-01 2.878241539001464844e-01 -3.286861181259155273e-01 -5.155327320098876953e-01 -1.762474179267883301e-01
-6.474691629409790039e-02 -4.571485519409179688e-01 3.562400341033935547e-01 -3.970488905906677246e-01 -4.220038056373596191e-01 -1.900681853294372559e-01
1.460587978363037109e-02 -6.541405320167541504e-01 3.001629114151000977e-01 -3.723299503326416016e-01 -1.198518276214599609e-02 -3.879336714744567871e-01
-2.156940102577209473e-01 -4.171707630157470703e-01 2.682636976242065430e-01 -3.787118792533874512e-01 -2.136827111244201660e-01 -1.971792578697204590e-01
-1.395172476768493652e-01 -2.502299547195434570e-01 3.701626062393188477e-01 -2.432841062545776367e-01 -4.747742414474487305e-01 8.262503147125244141e-02
-1.727910637855529785e-01 -3.250641226768493652e-01 4.505068063735961914e-01 -3.103759884834289551e-01 -2.521582245826721191e-01 -1.484252810478210449e-01
-2.622138857841491699e-01 -3.614709973335266113e-01 2.861297130584716797e-01 -2.508461475372314453e-03 -2.520813941955566406e-01 -6.861418485641479492e-02
-3.563815951347351074e-01 -2.496280670166015625e-01 4.297927618026733398e-01 -9.034806489944458008e-02 -2.278823852539062500e-01 -2.602458000183105469e-02
-2.036353349685668945e-01 -3.656099438667297363e-01 3.286982774734497070e-01 -1.381841301918029785e-01 -2.243404388427734375e-01 -1.830776333808898926e-01
-1.678394675254821777e-01 -3.897055983543395996e-01 4.911057949066162109e-01 -3.831501007080078125e-01 3.333830833435058594e-02 -1.848765015602111816e-01
-3.224664926528930664e-01 -4.328054189682006836e-01 2.483091354370117188e-01 -1.800423860549926758e-02 -3.146631121635437012e-01 -2.553935050964355469e-01
-4.840557575225830078e-01 -4.303306937217712402e-01 6.242680549621582031e-02 3.535817861557006836e-01 -4.890071153640747070e-01 -1.593339443206787109e-01
-4.400879144668579102e-01 -2.401700019836425781e-01 1.321735382080078125e-01 2.427599430084228516e-01 -5.420614480972290039e-01 1.128277778625488281e-01
-5.536452531814575195e-01 -2.798001766204833984e-01 2.242052555084228516e-02 3.420860767364501953e-01 -6.913053989410400391e-01 8.308529853820800781e-03
-3.700814843177795410e-01 -5.137097835540771484e-01 2.972400188446044922e-02 2.804771661758422852e-01 -5.449904203414916992e-01 -2.871954441070556641e-01
-4.506233930587768555e-01 -4.777389168739318848e-01 -6.647133827209472656e-02 6.998025178909301758e-01 -6.218047142028808594e-01 -1.768473386764526367e-01
-3.778657913208007812e-01 -5.187237262725830078e-01 3.891559839248657227e-01 5.598315000534057617e-01 -4.047129750251770020e-01 -8.422058820724487305e-02
-4.041014313697814941e-01 -4.848746657371520996e-01 8.616840839385986328e-02 4.803540706634521484e-01 -4.815467596054077148e-01 -2.341541051864624023e-01
-5.052195787429809570e-01 -4.335214495658874512e-01 2.807520627975463867e-01 5.003590583801269531e-01 -5.031474828720092773e-01 -1.500344276428222656e-02
-4.951148629188537598e-01 -6.577373147010803223e-01 -1.861304044723510742e-02 5.468454360961914062e-01 -3.941770792007446289e-01 -3.093223571777343750e-01
-5.712461471557617188e-01 -4.877058863639831543e-01 1.661336421966552734e-02 7.673910856246948242e-01 -5.840793848037719727e-01 9.816646575927734375e-03
-5.611681342124938965e-01 -5.200225114822387695e-01 1.837620735168457031e-01 6.921253204345703125e-01 -5.064978599548339844e-01 -1.185566782951354980e-01
-4.128741621971130371e-01 -7.193534374237060547e-01 7.241559028625488281e-02 7.350751161575317383e-01 -2.545472383499145508e-01 -3.222433924674987793e-01
-6.183753013610839844e-01 -4.911755323410034180e-01 2.022633552551269531e-01 6.323130130767822266e-01 -4.847043752670288086e-02 -3.246909379959106445e-01
-7.112453579902648926e-01 -2.651891112327575684e-01 4.528912305831909180e-01 2.777576446533203125e-05 -2.580457925796508789e-01 4.499959945678710938e-02
-4.411219954490661621e-01 -2.859367132186889648e-01 2.347471714019775391e-01 2.172193527221679688e-01 -4.451424479484558105e-01 -1.030350327491760254e-01
-3.965231776237487793e-01 -2.375386953353881836e-01 4.654281139373779297e-01 2.709106206893920898e-01 -4.400889277458190918e-01 5.918657779693603516e-02
-5.258666276931762695e-01 -3.503877520561218262e-01 3.573753833770751953e-01 1.155431270599365234e-01 -3.115445375442504883e-01 -2.337073087692260742e-01
-4.154601097106933594e-01 -2.919588088989257812e-01 1.756484508514404297e-01 3.455436229705810547e-02 -3.539487719535827637e-01 -1.616213321685791016e-01
-5.556896328926086426e-01 -2.101261019706726074e-01 4.282078742980957031e-01 1.222074031829833984e-01 -2.954353690147399902e-01 2.850079536437988281e-02
-5.193843841552734375e-01 -2.899824976921081543e-01 4.128880500793457031e-01 1.367949247360229492e-01 -1.847733259201049805e-01 2.191257476806640625e-02
-6.004372835159301758e-01 -2.622051835060119629e-01 3.148556947708129883e-01 1.271773576736450195e-01 -4.134864211082458496e-01 -4.889655113220214844e-02
-6.131762862205505371e-01 -1.717385649681091309e-01 5.411456823348999023e-01 -2.853673696517944336e-02 -3.321040868759155273e-01 -4.959166049957275391e-02
-5.877347588539123535e-01 -2.437917590141296387e-01 1.914496421813964844e-01 1.517485380172729492e-01 -4.922387003898620605e-01 -1.497493386268615723e-01
-5.383093357086181641e-01 -1.574141979217529297e-01 4.279638528823852539e-01 -2.766853570938110352e-02 -2.303456664085388184e-01 -1.268744468688964844e-03
-6.926467418670654297e-01 -6.555932760238647461e-02 2.155163288116455078e-01 1.055868864059448242e-01 -4.496111869812011719e-01 4.052042961120605469e-03
-6.485574245452880859e-01 1.297096014022827148e-01 2.074733972549438477e-01 1.678301095962524414e-01 -1.508724689483642578e-01 -3.548377752304077148e-02
-2.405431866645812988e-01 -9.475320577621459961e-02 -1.041817665100097656e-01 3.362822532653808594e-02 3.278268575668334961e-01 -5.106472373008728027e-01
-3.352816700935363770e-01 8.010649681091308594e-02 1.149954795837402344e-01 3.199887275695800781e-02 6.842720508575439453e-02 -2.550938725471496582e-01
-2.920323014259338379e-01 -1.850039362907409668e-01 -4.181325435638427734e-02 -2.086949348449707031e-02 2.047625780105590820e-01 -4.902267456054687500e-01
-7.856512069702148438e-02 -1.271474361419677734e-01 1.391831636428833008e-01 -2.819201350212097168e-01 1.750451326370239258e-01 -3.762087821960449219e-01
-2.008787989616394043e-01 -1.109496355056762695e-01 3.239670991897583008e-01 -1.743529438972473145e-01 2.144169807434082031e-01 -3.300935626029968262e-01
-5.671876668930053711e-02 -5.778002738952636719e-01 2.625761032104492188e-01 -4.386005997657775879e-01 3.806650638580322266e-01 -6.352314949035644531e-01
2.415697574615478516e-01 -4.468657374382019043e-01 1.198390722274780273e-01 -5.178607702255249023e-01 2.333542108535766602e-01 -4.531837701797485352e-01
3.386511802673339844e-01 -2.090588212013244629e-01 -2.323107719421386719e-01 -6.911673545837402344e-01 6.895351409912109375e-02 -3.605741262435913086e-01
1.425658464431762695e-01 -8.985292911529541016e-02 -1.941556334495544434e-01 -7.202714681625366211e-01 -5.674481391906738281e-02 -1.963335275650024414e-01
1.274776458740234375e-02 -1.165392398834228516e-01 -1.749206781387329102e-01 -6.267894506454467773e-01 -8.445250988006591797e-02 -2.432583570480346680e-01
2.840327024459838867e-01 -4.061812162399291992e-02 -3.517040610313415527e-01 -6.205066442489624023e-01 4.751801490783691406e-03 -1.736774444580078125e-01
-6.833159923553466797e-02 4.254102706909179688e-03 -4.043340682983398438e-02 -5.031031370162963867e-01 -5.067747831344604492e-02 -5.898416042327880859e-03
-2.193219661712646484e-01 -2.150849699974060059e-01 1.049505472183227539e-01 -4.331800937652587891e-01 -2.076107263565063477e-01 -3.005623221397399902e-01
-2.505405545234680176e-01 -1.511704921722412109e-01 2.931054830551147461e-01 -3.311988711357116699e-01 -3.048475384712219238e-01 -7.575845718383789062e-02
-4.374134540557861328e-02 -2.599271535873413086e-01 3.679360151290893555e-01 -4.944207072257995605e-01 -2.280593514442443848e-01 -1.500074267387390137e-01
1.227056980133056641e-02 -3.115272521972656250e-01 2.748168706893920898e-01 -4.615743756294250488e-01 -3.393821716308593750e-01 -1.613937616348266602e-01
-1.177769303321838379e-01 -2.030801773071289062e-01 3.700040578842163086e-01 -2.579998970031738281e-01 -2.480370402336120605e-01 -4.263013601303100586e-02
-2.556140422821044922e-01 -2.110183835029602051e-01 2.034133672714233398e-01 -3.184227943420410156e-01 -3.650152683258056641e-01 -1.038751006126403809e-01
-1.200421452522277832e-01 -3.274762630462646484e-01 2.321619987487792969e-01 -2.439043521881103516e-01 -1.573120355606079102e-01 -2.121048569679260254e-01
-2.039662599563598633e-01 -3.822729587554931641e-01 6.052422523498535156e-02 -6.679838895797729492e-02 -2.928398847579956055e-01 -2.097768783569335938e-01
-4.440025091171264648e-01 -1.332421302795410156e-01 8.274614810943603516e-02 1.023527383804321289e-01 -4.889796376228332520e-01 7.656979560852050781e-02
-2.135934829711914062e-01 -5.582904815673828125e-02 -5.471682548522949219e-02 1.853058338165283203e-01 -5.968499183654785156e-01 1.421023607254028320e-01
-2.476283311843872070e-01 1.082063913345336914e-01 2.105009555816650391e-01 1.132773160934448242e-01 -2.952945828437805176e-01 2.531147003173828125e-01
-2.340868711471557617e-01 2.564901113510131836e-01 1.623671054840087891e-01 2.088376283645629883e-01 -2.089709639549255371e-01 2.346529960632324219e-01
-1.339254379272460938e-01 1.247986555099487305e-01 2.755860090255737305e-01 -2.151030302047729492e-02 -2.030180096626281738e-01 -6.495517492294311523e-02
-1.239475607872009277e-01 2.483851909637451172e-01 1.874748468399047852e-01 -4.307335615158081055e-02 -3.210549354553222656e-01 1.468580961227416992e-01
6.633269786834716797e-02 3.038699626922607422e-01 -3.346366286277770996e-01 3.187675476074218750e-01 -5.192320346832275391e-01 4.921307563781738281e-01
2.884421348571777344e-01 3.971356153488159180e-01 -4.419193863868713379e-01 2.678450345993041992e-01 -3.571346998214721680e-01 4.975453615188598633e-01
2.850172519683837891e-01 3.284479379653930664e-01 -5.014225244522094727e-01 2.807477712631225586e-01 -2.433871626853942871e-01 4.310984611511230469e-01
3.363363742828369141e-01 3.395104408264160156e-01 -6.552873849868774414e-01 4.445996284484863281e-01 -2.498951554298400879e-01 4.433811902999877930e-01
4.288775920867919922e-01 3.885170221328735352e-01 -7.346793413162231445e-01 5.104825496673583984e-01 -2.268062829971313477e-01 4.728599786758422852e-01
2.979774475097656250e-01 4.326746463775634766e-01 -6.142602562904357910e-01 4.928519725799560547e-01 -2.708694338798522949e-01 5.507941246032714844e-01
1.954872608184814453e-01 4.537210464477539062e-01 -5.556823015213012695e-01 4.527134895324707031e-01 -3.380491733551025391e-01 6.321578025817871094e-01
8.613038063049316406e-02 3.857340812683105469e-01 -5.768905878067016602e-01 5.204111337661743164e-01 -4.210343360900878906e-01 6.089247465133666992e-01
2.089874744415283203e-01 3.896744251251220703e-01 -5.160537958145141602e-01 5.688524246215820312e-01 -3.631558418273925781e-01 6.143900156021118164e-01
1.223417520523071289e-01 4.061275720596313477e-01 -3.542705178260803223e-01 5.975486040115356445e-01 -4.411624670028686523e-01 7.563438415527343750e-01
1.710382699966430664e-01 3.811477422714233398e-01 -3.141488432884216309e-01 4.688911437988281250e-01 -3.020846247673034668e-01 6.620968580245971680e-01
-8.690565824508666992e-02 2.209873199462890625e-01 -2.023780941963195801e-01 4.889591932296752930e-01 -3.833208680152893066e-01 5.944036245346069336e-01
-1.622757315635681152e-01 1.935015916824340820e-01 2.370297908782958984e-02 5.049196481704711914e-01 -4.363984465599060059e-01 6.905423402786254883e-01
-2.238745093345642090e-01 2.017807960510253906e-01 8.021938800811767578e-02 3.119913339614868164e-01 -3.691188693046569824e-01 6.103006601333618164e-01
-3.068575859069824219e-01 9.754252433776855469e-02 2.501540184020996094e-01 1.147536039352416992e-01 -4.138777256011962891e-01 6.271163225173950195e-01
-1.816488504409790039e-01 2.171304225921630859e-01 1.297022104263305664e-01 1.742539405822753906e-01 -2.987769246101379395e-01 6.697015762329101562e-01
-1.165693998336791992e-02 2.972031831741333008e-01 -7.560157775878906250e-02 2.727491855621337891e-01 -7.081779241561889648e-01 5.586929321289062500e-01
-2.391076087951660156e-01 1.458058357238769531e-01 2.292424440383911133e-01 1.417649984359741211e-01 -5.915261507034301758e-01 7.020589113235473633e-01
