1.474188566207885742e-01 -4.286155700683593750e-01 -1.460332274436950684e-01 -6.189525723457336426e-01 4.903180599212646484e-01 -4.368789196014404297e-01
1.594851016998291016e-01 -3.743840456008911133e-01 -2.356854081153869629e-01 -6.051188707351684570e-01 3.111184835433959961e-01 -4.364269971847534180e-01
1.639292240142822266e-01 -4.446175098419189453e-01 -3.767104148864746094e-01 -5.378739833831787109e-01 2.685232162475585938e-01 -5.291227102279663086e-01
2.623856067657470703e-02 -5.327929854393005371e-01 -3.375381827354431152e-01 -7.517559528350830078e-01 2.348818778991699219e-01 -6.953839659690856934e-01
2.029788494110107422e-01 -5.550152063369750977e-01 -2.636954188346862793e-01 -8.187780976295471191e-01 4.509972333908081055e-01 -8.044849634170532227e-01
2.828028202056884766e-01 -6.160988807678222656e-01 -2.722871899604797363e-01 -7.446752786636352539e-01 6.122521162033081055e-01 -8.428425192832946777e-01
2.994177341461181641e-01 -5.984688401222229004e-01 -2.210658788681030273e-02 -7.107015848159790039e-01 6.379786729812622070e-01 -6.415621042251586914e-01
2.283946275711059570e-01 -6.804647445678710938e-01 4.487597942352294922e-02 -5.445626974105834961e-01 5.571050643920898438e-01 -5.800205469131469727e-01
3.977768421173095703e-01 -7.801967263221740723e-01 1.327061653137207031e-02 -4.692391157150268555e-01 6.763807535171508789e-01 -6.813935637474060059e-01
1.886647939682006836e-01 -6.953396797180175781e-01 7.667696475982666016e-02 -5.156924724578857422e-01 5.214664936065673828e-01 -5.473994016647338867e-01
3.230357170104980469e-01 -5.874963998794555664e-01 1.238325834274291992e-01 -7.077939510345458984e-01 5.679924488067626953e-01 -5.404884815216064453e-01
2.922933101654052734e-01 -5.005214810371398926e-01 1.316084861755371094e-01 -6.626613736152648926e-01 4.177676439285278320e-01 -3.452369570732116699e-01
2.079546451568603516e-01 -5.244103074073791504e-01 1.623772382736206055e-01 -6.642069816589355469e-01 3.919066190719604492e-01 -4.136001467704772949e-01
2.685713768005371094e-01 -4.623066186904907227e-01 1.938343048095703125e-03 -6.587660908699035645e-01 3.721413612365722656e-01 -4.421122074127197266e-01
2.039496898651123047e-01 -5.317658185958862305e-01 4.492151737213134766e-02 -6.963510513305664062e-01 3.165272474288940430e-01 -5.130284428596496582e-01
4.607763290405273438e-01 -4.488478302955627441e-01 -2.213858366012573242e-01 -6.837050914764404297e-01 4.132686853408813477e-01 -6.468225717544555664e-01
3.782235383987426758e-01 -4.558488130569458008e-01 -2.870081067085266113e-01 -7.026759386062622070e-01 3.558467626571655273e-01 -7.065787911415100098e-01
1.948119401931762695e-01 -3.435699343681335449e-01 -2.556405663490295410e-01 -6.688346862792968750e-01 2.676134109497070312e-01 -6.060545444488525391e-01
2.698718309402465820e-01 -2.705351114273071289e-01 -4.881518483161926270e-01 -7.234076261520385742e-01 1.503038406372070312e-01 -6.047018170356750488e-01
1.135452985763549805e-01 -1.489042043685913086e-01 -4.588839411735534668e-01 -7.400466799736022949e-01 2.820336818695068359e-02 -4.829934239387512207e-01
1.655746698379516602e-01 -4.113316535949707031e-04 -5.893181562423706055e-01 -6.703920960426330566e-01 6.586408615112304688e-02 -4.446821808815002441e-01
-4.460215568542480469e-04 1.061356067657470703e-01 -5.073503255844116211e-01 -6.433699727058410645e-01 -1.184650063514709473e-01 -1.714034080505371094e-01
4.151868820190429688e-02 2.248935699462890625e-01 -5.088505744934082031e-01 -4.437577724456787109e-01 -1.724545955657958984e-01 5.600118637084960938e-02
7.768046855926513672e-02 3.636018037796020508e-01 -5.077533721923828125e-01 -2.907363176345825195e-01 -3.787397742271423340e-01 3.023161888122558594e-01
2.585219144821166992e-01 3.491041660308837891e-01 -5.044590234756469727e-01 -1.613008379936218262e-01 -3.324428200721740723e-01 3.188887834548950195e-01
3.129471540451049805e-01 4.221045970916748047e-01 -6.294251680374145508e-01 -2.278047800064086914e-02 -3.827172517776489258e-01 4.055191278457641602e-01
3.368855714797973633e-01 4.891932010650634766e-01 -6.964502930641174316e-01 -2.379560470581054688e-02 -3.343921899795532227e-01 4.366012811660766602e-01
2.710337638854980469e-01 5.064232349395751953e-01 -8.164176344871520996e-01 8.472216129302978516e-02 -4.690876007080078125e-01 5.237290859222412109e-01
1.316447257995605469e-01 4.365602731704711914e-01 -6.120745539665222168e-01 2.227243185043334961e-01 -4.394630193710327148e-01 5.233386754989624023e-01
1.663219928741455078e-02 4.928203821182250977e-01 -6.756580471992492676e-01 3.415106534957885742e-01 -5.455267429351806641e-01 5.964549779891967773e-01
1.699759960174560547e-01 4.584848880767822266e-01 -6.525408625602722168e-01 3.404355049133300781e-01 -4.095373153686523438e-01 4.692156314849853516e-01
7.277143001556396484e-02 5.668361186981201172e-01 -5.045929551124572754e-01 3.626054525375366211e-01 -4.762797951698303223e-01 6.841192245483398438e-01
2.305138111114501953e-02 4.915930032730102539e-01 -5.130667686462402344e-01 4.112261533737182617e-01 -4.109301567077636719e-01 6.391932964324951172e-01
-8.623898029327392578e-03 4.391300678253173828e-01 -5.124462842941284180e-01 1.428231000900268555e-01 -3.555799722671508789e-01 5.143244266510009766e-01
-1.335878372192382812e-01 4.066256284713745117e-01 -5.284210443496704102e-01 2.056001424789428711e-01 -3.842842578887939453e-01 4.525665044784545898e-01
-9.704089164733886719e-02 3.852548599243164062e-01 -5.150718688964843750e-01 1.539729833602905273e-01 -4.277222156524658203e-01 5.526483058929443359e-01
-1.295102238655090332e-01 3.017883300781250000e-01 -3.525104522705078125e-01 8.258330821990966797e-02 -3.216724395751953125e-01 4.373559951782226562e-01
-3.638740777969360352e-01 3.964679241180419922e-01 -2.927246093750000000e-01 -1.569009423255920410e-01 -4.627164006233215332e-01 4.892144203186035156e-01
-5.249688625335693359e-01 3.069136142730712891e-01 -2.426578402519226074e-01 -9.093660116195678711e-02 -5.266468524932861328e-01 2.528208494186401367e-01
-4.845623970031738281e-01 5.776941776275634766e-02 -2.566640377044677734e-01 -2.412169575691223145e-01 -5.684828758239746094e-02 -1.450757384300231934e-01
-4.808599352836608887e-01 -5.871266126632690430e-02 2.114192247390747070e-01 -1.562473773956298828e-01 -1.324486136436462402e-01 3.683292865753173828e-02
-1.550250053405761719e-01 -2.118968963623046875e-02 2.360439300537109375e-01 -1.857719421386718750e-01 -2.846061587333679199e-01 1.183655261993408203e-01
-1.685761213302612305e-01 -1.427762508392333984e-01 2.085614204406738281e-02 -1.590186953544616699e-01 -2.776499390602111816e-01 -3.894633054733276367e-02
-1.478573083877563477e-01 -2.958474159240722656e-01 7.302880287170410156e-02 -2.547757029533386230e-01 -9.383606910705566406e-02 -1.299732327461242676e-01
-8.320379257202148438e-02 -3.835519552230834961e-01 6.921160221099853516e-02 -3.798079490661621094e-01 -8.836150169372558594e-02 -6.585448980331420898e-02
-1.570996642112731934e-01 -3.448511958122253418e-01 1.337370872497558594e-01 -3.109230399131774902e-01 -2.882544398307800293e-01 1.258659362792968750e-01
-2.056959867477416992e-01 -3.184958696365356445e-01 -1.324006319046020508e-01 -3.058890104293823242e-01 -5.338420867919921875e-01 2.382314205169677734e-02
-3.219543695449829102e-01 -2.627802491188049316e-01 -1.683186888694763184e-01 -2.789658308029174805e-01 -6.828947067260742188e-01 7.431864738464355469e-02
-2.453509569168090820e-01 -4.094524979591369629e-01 -1.200126409530639648e-01 -2.626363635063171387e-01 -5.114963054656982422e-01 7.533991336822509766e-02
-2.896443605422973633e-01 -4.381354451179504395e-01 -1.460031867027282715e-01 -5.195986032485961914e-01 -4.630931019783020020e-01 -4.717892408370971680e-02
-3.523606061935424805e-01 -2.910653948783874512e-01 -8.276915550231933594e-02 -5.488448739051818848e-01 -7.423734068870544434e-01 1.388710737228393555e-01
-1.346812844276428223e-01 -2.379621267318725586e-01 -1.023455858230590820e-01 -5.408619642257690430e-01 -7.209488153457641602e-01 1.694463491439819336e-01
-1.599175333976745605e-01 -3.251088857650756836e-01 -8.563715219497680664e-02 -3.833165764808654785e-01 -8.506932854652404785e-01 1.108244657516479492e-01
-8.446776866912841797e-02 -4.323512911796569824e-01 -2.629475593566894531e-01 -2.649723887443542480e-01 -6.336154341697692871e-01 -2.533059120178222656e-01
9.274482727050781250e-03 -5.917617678642272949e-01 1.576113700866699219e-02 -1.723915338516235352e-01 -4.880620241165161133e-01 -3.153342008590698242e-01
-7.289505004882812500e-02 -5.012015104293823242e-01 -1.480184197425842285e-01 -3.169186711311340332e-01 -6.204506158828735352e-01 -2.608463764190673828e-01
-2.996528148651123047e-02 -4.722034335136413574e-01 2.299946546554565430e-01 -3.139088153839111328e-01 -4.832127690315246582e-01 -2.046886086463928223e-01
-9.577602148056030273e-02 -4.709280133247375488e-01 1.335679292678833008e-01 -1.280660629272460938e-01 -4.048243761062622070e-01 -2.687836885452270508e-01
-1.790647506713867188e-01 -3.831027150154113770e-01 7.541298866271972656e-03 -3.463537096977233887e-01 -4.194897413253784180e-01 -3.069798946380615234e-01
-1.914580464363098145e-01 -3.733667731285095215e-01 2.368110418319702148e-01 -2.560824155807495117e-01 -3.387069702148437500e-01 -1.777547001838684082e-01
-1.837206482887268066e-01 -1.847689747810363770e-01 2.713892459869384766e-01 -2.614008784294128418e-01 -4.244776964187622070e-01 1.889169216156005859e-02
-3.231421709060668945e-01 -2.958713769912719727e-01 2.287312746047973633e-01 -2.805315852165222168e-01 -3.315216898918151855e-01 -1.700697541236877441e-01
-2.416554689407348633e-01 -4.155808687210083008e-01 1.986711025238037109e-01 -2.755153179168701172e-02 -1.174516081809997559e-01 -2.510791420936584473e-01
-2.241849303245544434e-01 -2.967326641082763672e-01 2.961825132369995117e-01 -1.514843702316284180e-01 -2.572891712188720703e-01 -8.893448114395141602e-02
-4.493522644042968750e-02 -4.300198554992675781e-01 3.637281656265258789e-01 -3.468871712684631348e-01 -2.381997704505920410e-01 -3.140726089477539062e-01
-3.834871053695678711e-01 -3.033562302589416504e-01 3.162697553634643555e-01 -2.565603852272033691e-01 -4.661135077476501465e-01 -1.608881950378417969e-01
-4.762338995933532715e-01 -3.812252283096313477e-01 9.010112285614013672e-02 3.161935806274414062e-01 -4.823468327522277832e-01 -1.779006719589233398e-01
-6.039394140243530273e-01 -4.760553240776062012e-01 1.172479391098022461e-01 5.759323835372924805e-01 -4.733754992485046387e-01 -1.788322925567626953e-01
-7.781969308853149414e-01 -4.327427744865417480e-01 9.425663948059082031e-02 4.255291223526000977e-01 -5.733129978179931641e-01 -3.143166899681091309e-01
-5.665633678436279297e-01 -4.305988550186157227e-01 -2.519726753234863281e-02 3.393572568893432617e-01 -6.236429214477539062e-01 -4.669559001922607422e-01
-8.263347148895263672e-01 -4.897158741950988770e-01 7.952690124511718750e-02 5.742337703704833984e-01 -6.453620195388793945e-01 -1.954873204231262207e-01
-6.882181167602539062e-01 -3.694919943809509277e-01 3.430747985839843750e-02 6.471666097640991211e-01 -6.743572950363159180e-01 -1.083416342735290527e-01
-2.137146592140197754e-01 -6.001322269439697266e-01 2.568185329437255859e-02 2.140817642211914062e-01 -5.921123027801513672e-01 -3.680908679962158203e-01
-2.291686534881591797e-01 -7.149348855018615723e-01 -1.772341132164001465e-01 -1.768801212310791016e-01 -4.507734179496765137e-01 -4.138648509979248047e-01
-1.159319281578063965e-01 -6.617019176483154297e-01 -4.011106491088867188e-02 -1.509135961532592773e-01 -4.734157323837280273e-01 -3.552842736244201660e-01
-1.332879066467285156e-03 -5.659040808677673340e-01 1.555086374282836914e-01 -2.790269255638122559e-01 -3.133452534675598145e-01 -1.409484148025512695e-01
-6.439852714538574219e-02 -5.138143897056579590e-01 -6.836789846420288086e-02 -8.241468667984008789e-02 -4.368967413902282715e-01 -1.220157742500305176e-01
-3.585946559906005859e-02 -5.258711576461791992e-01 6.797623634338378906e-02 -3.919355869293212891e-01 -2.623263001441955566e-01 -8.706104755401611328e-02
-1.207720041275024414e-01 -5.088022351264953613e-01 1.805231571197509766e-01 -6.784083843231201172e-01 -2.744281888008117676e-01 -8.807361125946044922e-02
-1.212850809097290039e-01 -5.981023311614990234e-01 -8.624494075775146484e-02 -4.114058613777160645e-01 -2.281064391136169434e-01 -3.086312413215637207e-01
-6.311321258544921875e-02 -6.617877483367919922e-01 -1.050189137458801270e-01 -2.999678850173950195e-01 -2.132377624511718750e-01 -3.607373833656311035e-01
-5.699807405471801758e-02 -7.348703145980834961e-01 -2.545109987258911133e-01 -1.376664638519287109e-01 -2.615489959716796875e-01 -4.262481927871704102e-01
-9.514033794403076172e-02 -6.767727136611938477e-01 -1.644912958145141602e-01 -3.559587597846984863e-01 -2.267922163009643555e-01 -3.624251484870910645e-01
-1.154074072837829590e-01 -6.915103197097778320e-01 -2.158278226852416992e-01 -2.815809249877929688e-01 -1.859401464462280273e-01 -3.930424451828002930e-01
-1.188516616821289062e-04 -8.088994026184082031e-01 -2.954578399658203125e-02 -2.369592785835266113e-01 -8.577048778533935547e-03 -4.501368403434753418e-01
-1.447147130966186523e-02 -8.138773441314697266e-01 3.751277923583984375e-02 -2.647173404693603516e-02 -7.564991712570190430e-02 -4.031890034675598145e-01
4.360318183898925781e-03 -5.210145115852355957e-01 4.401835203170776367e-01 -7.932239770889282227e-02 -4.131177067756652832e-01 -2.051135897636413574e-01
-4.281377792358398438e-02 -2.695488929748535156e-01 4.060230255126953125e-01 -1.983374357223510742e-01 -5.428062677383422852e-01 3.285622596740722656e-02
8.594822883605957031e-02 -2.484033703804016113e-01 3.601955175399780273e-01 -1.470273137092590332e-01 -4.918600916862487793e-01 -3.311890363693237305e-02
-1.886366009712219238e-01 -2.038254141807556152e-01 3.103024959564208984e-01 -1.477886438369750977e-01 -4.343796372413635254e-01 -1.565309762954711914e-01
-3.123118877410888672e-01 -2.235125303268432617e-01 6.128556728363037109e-01 -3.694286346435546875e-01 -2.913370132446289062e-01 4.874479770660400391e-02
-1.834588050842285156e-01 -1.730107069015502930e-01 5.827629566192626953e-01 -3.708129525184631348e-01 -3.690887689590454102e-01 -2.929449081420898438e-03
-3.159692883491516113e-01 -1.184403896331787109e-01 5.480191707611083984e-01 -2.273016571998596191e-01 -4.031438231468200684e-01 -1.434830427169799805e-01
-3.192358613014221191e-01 -7.072311639785766602e-02 4.929670095443725586e-01 -2.401982545852661133e-01 -4.347254037857055664e-01 3.459692001342773438e-02
-3.749736547470092773e-01 -2.280548810958862305e-01 2.525421380996704102e-01 1.100872755050659180e-01 2.738668918609619141e-01 -4.616121649742126465e-01
-3.370246887207031250e-01 -5.713620185852050781e-01 1.263498067855834961e-01 3.598383665084838867e-01 5.210766792297363281e-01 -7.485197186470031738e-01
-4.161392450332641602e-01 -2.533447146415710449e-01 3.914411067962646484e-01 3.281930685043334961e-01 1.459015607833862305e-01 -2.822833061218261719e-01
-1.017249822616577148e-01 -3.259510993957519531e-01 7.181576490402221680e-01 3.902411460876464844e-02 -2.130681276321411133e-02 -1.602029204368591309e-01
-1.496219635009765625e-01 -9.959751367568969727e-02 7.938365936279296875e-01 -1.927391886711120605e-01 -3.681507706642150879e-01 1.532534360885620117e-01
3.895163536071777344e-03 1.495106220245361328e-01 5.080604553222656250e-01 -1.423383355140686035e-01 -2.331568002700805664e-01 2.606834173202514648e-01
1.153502464294433594e-01 3.125897645950317383e-01 3.372297286987304688e-01 -2.373681664466857910e-01 -1.946682929992675781e-01 2.870683670043945312e-01
2.166182994842529297e-01 2.377455234527587891e-01 1.783313751220703125e-01 -3.051980733871459961e-01 6.380593776702880859e-02 4.230105876922607422e-02
1.610666513442993164e-01 1.329673528671264648e-01 1.386028528213500977e-01 -3.679575324058532715e-01 1.744660139083862305e-01 -5.038905143737792969e-02
2.513279914855957031e-01 1.509615182876586914e-01 6.886553764343261719e-02 -2.830879092216491699e-01 1.908018589019775391e-01 -1.655906438827514648e-02
1.017379760742187500e-01 8.285689353942871094e-02 8.701193332672119141e-02 -2.444734573364257812e-01 2.768818140029907227e-01 -1.143531203269958496e-01
-5.073142051696777344e-02 3.419613838195800781e-02 1.337729692459106445e-01 -2.535705566406250000e-01 3.144098520278930664e-01 -9.815680980682373047e-02
-8.745318651199340820e-02 -2.001515626907348633e-01 4.321813583374023438e-03 -2.682913541793823242e-01 4.097340106964111328e-01 -3.353489637374877930e-01
-1.919745206832885742e-01 -2.272676825523376465e-01 2.089072465896606445e-01 -2.184873819351196289e-01 3.176989555358886719e-01 -3.275713920593261719e-01
-1.314029097557067871e-01 5.448937416076660156e-02 5.814504623413085938e-01 -1.885100007057189941e-01 -1.075162291526794434e-01 1.031179428100585938e-01
4.560589790344238281e-03 4.558098316192626953e-02 8.849375247955322266e-01 -2.384992837905883789e-01 -4.995155334472656250e-02 2.442322969436645508e-01
8.494949340820312500e-02 -7.463186979293823242e-02 6.950408220291137695e-01 -4.584757089614868164e-01 1.228517293930053711e-01 -4.070198535919189453e-02
-1.178373694419860840e-01 -8.835279941558837891e-02 7.811477184295654297e-01 -4.418949484825134277e-01 1.642209291458129883e-01 -1.338422298431396484e-03
-9.170132875442504883e-02 4.273200035095214844e-02 4.044703245162963867e-01 -1.704537272453308105e-01 -2.207240462303161621e-01 7.192015647888183594e-02
-6.188380718231201172e-02 8.718132972717285156e-03 8.193143606185913086e-01 -2.481839656829833984e-01 -2.264147400856018066e-01 1.822093725204467773e-01
-1.144182085990905762e-01 1.106237173080444336e-01 6.896669864654541016e-01 -3.126924037933349609e-01 -3.582198023796081543e-01 9.844517707824707031e-02
-1.197628974914550781e-01 1.529455184936523438e-02 5.605980157852172852e-01 -2.513245940208435059e-01 -3.024885058403015137e-01 4.221296310424804688e-02
-2.958687543869018555e-01 -7.040905952453613281e-02 5.647159814834594727e-01 -1.548606157302856445e-01 -2.220737934112548828e-01 -1.724368333816528320e-02
-4.141228199005126953e-01 3.131031990051269531e-02 7.970625162124633789e-01 -2.562694549560546875e-01 -6.009066104888916016e-02 1.647078990936279297e-01
-2.236593961715698242e-01 2.367703914642333984e-01 2.797046899795532227e-01 1.301527023315429688e-01 -1.726642847061157227e-01 3.054125308990478516e-01
-5.479625463485717773e-01 5.325007438659667969e-01 3.764073848724365234e-01 3.705005645751953125e-01 -4.514333009719848633e-01 6.087396144866943359e-01
-6.520885229110717773e-01 3.949477672576904297e-01 4.165564775466918945e-01 1.830540895462036133e-01 -3.613926172256469727e-01 4.546297788619995117e-01
-2.102267742156982422e-01 1.800622940063476562e-01 1.682803630828857422e-01 5.931448936462402344e-02 -4.877793192863464355e-01 2.988858222961425781e-01
-3.443500399589538574e-01 2.686430215835571289e-01 -6.248790025711059570e-02 1.483505964279174805e-01 -5.443499088287353516e-01 4.777905941009521484e-01
-9.912425279617309570e-02 2.077685594558715820e-01 -2.198070883750915527e-01 3.817006349563598633e-01 -2.481600642204284668e-01 3.368469476699829102e-01
-2.484565973281860352e-02 1.338216066360473633e-01 -4.477454423904418945e-01 6.138770580291748047e-01 -2.703700065612792969e-01 2.976572513580322266e-01
-3.650283813476562500e-02 1.485613584518432617e-01 -4.191409945487976074e-01 6.216386556625366211e-01 -3.267832398414611816e-01 3.412874937057495117e-01
-2.051852345466613770e-01 2.215826511383056641e-02 -4.509699344635009766e-01 5.043565034866333008e-01 -1.325787305831909180e-01 1.486496925354003906e-01
-2.812734246253967285e-01 1.045641899108886719e-01 -3.098215460777282715e-01 3.857743740081787109e-01 -1.770437359809875488e-01 3.073097467422485352e-01
-3.664087057113647461e-01 1.743026971817016602e-01 -5.669564008712768555e-02 2.596412897109985352e-01 -3.279156088829040527e-01 5.192365646362304688e-01
-2.407741546630859375e-02 3.414654731750488281e-02 -3.199152350425720215e-01 4.301862716674804688e-01 -7.387363910675048828e-02 2.689285278320312500e-01
-2.843055725097656250e-01 6.945729255676269531e-02 -9.836429357528686523e-02 4.269057512283325195e-01 -1.495960354804992676e-01 4.070165157318115234e-01
