2.218545675277709961e-01 -4.680207967758178711e-01 1.973146200180053711e-01 -5.903544425964355469e-01 8.747720718383789062e-02 -4.128952026367187500e-01
1.604919433593750000e-01 -3.694296479225158691e-01 -6.236791610717773438e-02 -6.461143493652343750e-01 2.120785713195800781e-01 -4.515815377235412598e-01
2.527987957000732422e-01 -4.396423697471618652e-01 -1.748691797256469727e-01 -4.459326863288879395e-01 2.161027193069458008e-01 -5.073807239532470703e-01
3.256640434265136719e-01 -4.477902054786682129e-01 -1.165840029716491699e-01 -5.624046921730041504e-01 1.638312339782714844e-01 -5.039395093917846680e-01
4.300518035888671875e-01 -5.889582633972167969e-01 -1.596196889877319336e-01 -5.411074161529541016e-01 3.486151695251464844e-01 -5.679181814193725586e-01
3.776924610137939453e-01 -6.051614284515380859e-01 -1.439868211746215820e-01 -4.893220663070678711e-01 3.930050134658813477e-01 -6.406806707382202148e-01
2.276271581649780273e-01 -5.089944601058959961e-01 -5.310833454132080078e-02 -4.997184276580810547e-01 3.127377033233642578e-01 -5.370880365371704102e-01
3.116544485092163086e-01 -5.375510454177856445e-01 1.548933982849121094e-02 -5.447772741317749023e-01 4.306875467300415039e-01 -5.919718146324157715e-01
3.172118663787841797e-01 -6.125949621200561523e-01 8.616781234741210938e-02 -4.557564854621887207e-01 4.931087493896484375e-01 -6.447299718856811523e-01
2.722568511962890625e-01 -5.694767236709594727e-01 -5.851924419403076172e-03 -3.869594931602478027e-01 3.782711029052734375e-01 -5.288645029067993164e-01
2.788106203079223633e-01 -6.417296528816223145e-01 -7.450103759765625000e-02 -3.717220425605773926e-01 4.119030237197875977e-01 -5.939124822616577148e-01
2.893935441970825195e-01 -5.666652917861938477e-01 -1.689634323120117188e-01 -4.155571460723876953e-01 2.785805463790893555e-01 -5.086031556129455566e-01
2.941993474960327148e-01 -6.229114532470703125e-01 -1.234152913093566895e-01 -4.989030361175537109e-01 4.055998325347900391e-01 -6.397502422332763672e-01
1.380627155303955078e-01 -4.595676064491271973e-01 -2.084996104240417480e-01 -5.775644779205322266e-01 1.279004812240600586e-01 -4.868323206901550293e-01
2.152087688446044922e-01 -4.812760949134826660e-01 -2.952156662940979004e-01 -5.875214338302612305e-01 1.804660558700561523e-01 -5.928368568420410156e-01
9.586894512176513672e-02 -5.445068478584289551e-01 -1.373642683029174805e-01 -6.526794433593750000e-01 3.077769279479980469e-01 -6.422973275184631348e-01
1.123180389404296875e-01 -4.389075040817260742e-01 -1.676394343376159668e-01 -6.824997067451477051e-01 2.533447742462158203e-01 -5.613628625869750977e-01
1.649833917617797852e-01 -2.760001420974731445e-01 -2.913478016853332520e-01 -5.876909494400024414e-01 6.741321086883544922e-02 -5.315793752670288086e-01
1.462972164154052734e-02 -2.274763584136962891e-01 -2.660694122314453125e-01 -6.221218109130859375e-01 3.983271121978759766e-02 -4.877057075500488281e-01
2.047518491744995117e-01 -1.055230498313903809e-01 -4.658923149108886719e-01 -4.892389774322509766e-01 -7.436025142669677734e-02 -4.312843680381774902e-01
1.666197776794433594e-01 -8.218407630920410156e-03 -3.294976949691772461e-01 -5.576590299606323242e-01 -9.399008750915527344e-02 -2.636961340904235840e-01
6.955945491790771484e-02 1.442567110061645508e-01 -4.407242536544799805e-01 -4.124488234519958496e-01 -3.176321387290954590e-01 4.827141761779785156e-03
2.089506387710571289e-01 2.401803731918334961e-01 -4.889222383499145508e-01 -1.132755279541015625e-01 -3.723165392875671387e-01 1.475787162780761719e-01
2.007801532745361328e-01 3.760052919387817383e-01 -4.370196461677551270e-01 1.205577850341796875e-01 -5.769145488739013672e-01 4.045644998550415039e-01
1.570773124694824219e-01 5.118287801742553711e-01 -4.676849246025085449e-01 1.615543365478515625e-01 -7.721714973449707031e-01 5.921351909637451172e-01
3.395758867263793945e-01 4.940007925033569336e-01 -5.791468620300292969e-01 1.553289890289306641e-01 -6.833616495132446289e-01 5.879234075546264648e-01
4.276939630508422852e-01 4.380846023559570312e-01 -5.054310560226440430e-01 8.701550960540771484e-02 -5.011267662048339844e-01 5.766193866729736328e-01
5.237556695938110352e-01 4.973776340484619141e-01 -5.820295214653015137e-01 1.616139411926269531e-01 -5.329654216766357422e-01 6.148574352264404297e-01
7.355736494064331055e-01 3.557611703872680664e-01 -6.293976306915283203e-01 2.874039411544799805e-01 -2.694367766380310059e-01 4.028291702270507812e-01
6.401439905166625977e-01 3.142588138580322266e-01 -5.861437320709228516e-01 4.821000099182128906e-01 -3.797711133956909180e-01 4.939563274383544922e-01
5.702244043350219727e-01 4.685879945755004883e-01 -5.225739479064941406e-01 4.007933139801025391e-01 -5.698499679565429688e-01 6.366666555404663086e-01
5.966899394989013672e-01 3.883355855941772461e-01 -5.914710760116577148e-01 5.076485872268676758e-01 -4.807008504867553711e-01 5.822271108627319336e-01
6.436409950256347656e-01 3.014860153198242188e-01 -6.280509829521179199e-01 4.699839353561401367e-01 -4.412721991539001465e-01 4.718930721282958984e-01
6.078674793243408203e-01 2.388201951980590820e-01 -5.739685297012329102e-01 4.612145423889160156e-01 -3.671494126319885254e-01 4.584739208221435547e-01
5.590934753417968750e-01 3.637859821319580078e-01 -6.719855070114135742e-01 4.560960531234741211e-01 -4.555495381355285645e-01 5.741053819656372070e-01
3.160662651062011719e-01 4.292163848876953125e-01 -5.964685678482055664e-01 4.786144495010375977e-01 -5.839718580245971680e-01 6.658010482788085938e-01
1.952189207077026367e-01 5.368437767028808594e-01 -6.343677043914794922e-01 5.999920368194580078e-01 -8.071690201759338379e-01 7.495352029800415039e-01
1.902511119842529297e-01 4.649131298065185547e-01 -6.975354552268981934e-01 5.693445205688476562e-01 -6.264264583587646484e-01 4.449392557144165039e-01
1.244899034500122070e-01 3.117100000381469727e-01 -4.795731306076049805e-01 3.409326076507568359e-01 -4.300767183303833008e-01 2.561696767807006836e-01
1.086322069168090820e-01 1.156136989593505859e-01 -5.009633302688598633e-01 -3.242766857147216797e-02 -1.159809231758117676e-01 -8.995938301086425781e-02
1.720643043518066406e-01 -5.182993412017822266e-02 -4.830567836761474609e-01 -3.570297360420227051e-01 2.746802568435668945e-01 -3.870906829833984375e-01
3.543019294738769531e-01 -3.805413246154785156e-01 -3.144258260726928711e-01 -2.301919460296630859e-01 5.280507802963256836e-01 -5.499335527420043945e-01
3.027775287628173828e-01 -6.021844148635864258e-01 -1.309087872505187988e-01 -1.627995371818542480e-01 4.819325208663940430e-01 -5.778886675834655762e-01
1.981364488601684570e-01 -6.947618126869201660e-01 -8.555448055267333984e-02 -1.331084966659545898e-02 2.318987846374511719e-01 -4.323386549949645996e-01
1.949186325073242188e-01 -4.256132245063781738e-01 -7.302904129028320312e-02 -1.322937607765197754e-01 -1.811748147010803223e-01 -1.036198139190673828e-01
1.194438934326171875e-01 -4.174246191978454590e-01 6.797325611114501953e-02 -1.672772765159606934e-01 -2.215816378593444824e-01 -1.003970503807067871e-01
7.664096355438232422e-02 -4.938963651657104492e-01 -3.706991672515869141e-02 -2.891513109207153320e-01 -1.618757843971252441e-01 -3.108776807785034180e-01
1.555528640747070312e-01 -3.749593496322631836e-01 1.272928714752197266e-01 -6.234478950500488281e-02 -3.742787241935729980e-01 -6.309938430786132812e-02
1.472779512405395508e-01 -2.475158572196960449e-01 3.132867813110351562e-01 -2.037076950073242188e-01 -5.454061031341552734e-01 1.486246585845947266e-01
2.038977146148681641e-01 -1.078410744667053223e-01 7.185220718383789062e-03 -5.510109663009643555e-02 -5.469708442687988281e-01 1.893332004547119141e-01
2.655792236328125000e-01 -2.212135195732116699e-01 7.709872722625732422e-02 -1.510139703750610352e-01 -5.089104175567626953e-01 2.073937654495239258e-01
1.544321775436401367e-01 -1.935325264930725098e-01 1.820093393325805664e-01 -3.171526789665222168e-01 -5.371706485748291016e-01 2.914686203002929688e-01
2.056097984313964844e-02 -8.430707454681396484e-02 2.205543518066406250e-01 -3.815408349037170410e-01 -7.038786411285400391e-01 3.898003101348876953e-01
-4.931968450546264648e-02 -3.312112689018249512e-01 3.354692459106445312e-01 -3.462988734245300293e-01 -3.794391155242919922e-01 1.473498344421386719e-01
-1.249797344207763672e-01 -6.269336938858032227e-01 2.319087982177734375e-01 -3.078179359436035156e-01 -7.949393987655639648e-02 -2.031338214874267578e-01
-4.563802480697631836e-02 -5.806715488433837891e-01 2.238281965255737305e-01 -3.446301221847534180e-01 -1.625288724899291992e-01 -3.006511926651000977e-01
-4.440313577651977539e-02 -5.475585460662841797e-01 1.330201625823974609e-01 -1.264186501502990723e-01 -2.676723599433898926e-01 -2.630572915077209473e-01
-2.109583616256713867e-01 -5.077769756317138672e-01 1.043441295623779297e-01 4.632759094238281250e-02 -4.626253843307495117e-01 -1.615778207778930664e-01
-3.415707945823669434e-01 -3.722788691520690918e-01 8.647167682647705078e-02 7.393014430999755859e-02 -4.332997798919677734e-01 -1.030649542808532715e-01
-4.214874505996704102e-01 -3.853857517242431641e-03 5.201569795608520508e-01 1.404062509536743164e-01 -7.024450898170471191e-01 3.373678922653198242e-01
-5.719094276428222656e-01 -1.604357957839965820e-01 4.381369352340698242e-01 1.678949594497680664e-01 -4.422387480735778809e-01 2.172834873199462891e-01
-2.611778378486633301e-01 -1.009871959686279297e-01 4.241783618927001953e-01 -8.236366510391235352e-02 -3.973687291145324707e-01 2.155209779739379883e-01
-2.479498982429504395e-01 -2.619586586952209473e-01 4.169427156448364258e-01 -2.508299350738525391e-01 -3.094892501831054688e-01 -1.136845350265502930e-02
-3.917444348335266113e-01 -3.818626403808593750e-01 1.845908164978027344e-01 -4.214564561843872070e-01 -2.555848956108093262e-01 -2.691183686256408691e-01
-3.496270179748535156e-01 -1.227277517318725586e-01 3.868827819824218750e-01 -1.270173192024230957e-01 -5.132145881652832031e-01 -8.323729038238525391e-03
-4.396600723266601562e-01 -2.011960744857788086e-01 3.874270915985107422e-01 -2.016752362251281738e-01 -3.996911644935607910e-01 -1.695296168327331543e-01
-2.749230861663818359e-01 -2.138999700546264648e-01 3.294693231582641602e-01 -1.504730582237243652e-01 -3.556417822837829590e-01 -7.458716630935668945e-02
-2.721996903419494629e-01 -3.003576993942260742e-01 4.378458261489868164e-01 -1.084959506988525391e-01 -2.870218753814697266e-01 -8.637714385986328125e-02
-3.268495798110961914e-01 -1.740056276321411133e-01 4.532008171081542969e-01 -4.928219318389892578e-02 -3.729023337364196777e-01 5.380034446716308594e-02
-3.454258441925048828e-01 -3.259053826332092285e-01 4.237555265426635742e-01 -4.379260540008544922e-02 -4.714320302009582520e-01 -3.279244899749755859e-02
-3.242022395133972168e-01 -4.532440900802612305e-01 2.268018722534179688e-01 1.964184045791625977e-01 -4.384320974349975586e-01 -2.059879302978515625e-01
-5.639078617095947266e-01 -3.989225029945373535e-01 1.629192829132080078e-01 2.260432243347167969e-01 -4.322921037673950195e-01 -2.278741598129272461e-01
-6.372141242027282715e-01 -2.127838134765625000e-01 2.899425029754638672e-01 3.763790130615234375e-01 -5.733298063278198242e-01 -2.790039777755737305e-02
-4.002507925033569336e-01 -3.720745444297790527e-01 2.443292140960693359e-01 6.812965869903564453e-02 -6.887297034263610840e-01 -1.456122398376464844e-01
1.167297363281250000e-02 -6.418566703796386719e-01 -4.676896333694458008e-02 -1.473858952522277832e-01 -4.213827252388000488e-01 -4.331632852554321289e-01
1.063024997711181641e-02 -4.731489419937133789e-01 4.290473461151123047e-02 -3.109862804412841797e-01 -4.378811717033386230e-01 -1.251106858253479004e-01
2.590378522872924805e-01 -5.537341833114624023e-01 2.788357734680175781e-01 -4.166265726089477539e-01 -1.972757577896118164e-01 -1.013269424438476562e-01
8.909440040588378906e-02 -5.315887331962585449e-01 1.385982036590576172e-01 -2.900006175041198730e-01 -3.730798959732055664e-01 -1.196843385696411133e-02
3.288745880126953125e-02 -4.140786528587341309e-01 1.945320367813110352e-01 -2.285141944885253906e-01 -4.478633999824523926e-01 1.291038990020751953e-01
1.219372749328613281e-01 -5.818022489547729492e-01 2.543023824691772461e-01 -2.262668609619140625e-01 -2.031788229942321777e-01 -1.767480373382568359e-02
8.521223068237304688e-02 -5.671541690826416016e-01 1.970995664596557617e-01 -2.084607481956481934e-01 -2.891705632209777832e-01 -3.642910718917846680e-02
-6.328225135803222656e-04 -6.946672797203063965e-01 1.519544124603271484e-01 1.399058103561401367e-01 -2.182458639144897461e-01 -2.167292237281799316e-01
-1.895822286605834961e-01 -6.413832902908325195e-01 1.076027154922485352e-01 1.162468194961547852e-01 -2.803065180778503418e-01 -2.250915169715881348e-01
-2.249739766120910645e-01 -5.069347620010375977e-01 -9.189033508300781250e-02 -1.387821435928344727e-01 -5.000998973846435547e-01 -3.394067883491516113e-01
-2.146135568618774414e-01 -3.924595117568969727e-01 2.763023376464843750e-01 -2.997018694877624512e-01 -3.336172103881835938e-01 -2.060827016830444336e-01
-8.792740106582641602e-02 -4.110288619995117188e-01 2.784789800643920898e-01 -2.907728552818298340e-01 -1.573565602302551270e-01 -2.209306359291076660e-01
-3.673535585403442383e-02 -4.535712003707885742e-01 1.496137380599975586e-01 -1.121734380722045898e-01 -3.661006689071655273e-02 -2.332627773284912109e-01
-1.654619574546813965e-01 -3.280102610588073730e-01 2.445425987243652344e-01 -3.291392326354980469e-01 -2.786753177642822266e-01 -1.247496604919433594e-01
-4.894381761550903320e-02 -3.724711537361145020e-01 2.112697362899780273e-01 -2.560786008834838867e-01 -2.588055729866027832e-01 -1.235923767089843750e-01
-1.262354254722595215e-01 -3.417580127716064453e-01 2.763162851333618164e-01 -2.044238448143005371e-01 -2.119122743606567383e-01 -5.608260631561279297e-03
-3.256527781486511230e-01 -1.874383091926574707e-01 2.357925176620483398e-01 -4.179555177688598633e-02 -1.191530823707580566e-01 -8.722949028015136719e-02
-4.942787289619445801e-01 -1.023164987564086914e-01 2.954140901565551758e-01 2.135260105133056641e-01 -1.086241006851196289e-02 -3.628760576248168945e-02
-4.124709367752075195e-01 -2.861770391464233398e-01 4.599611759185791016e-01 2.206307649612426758e-01 1.510637998580932617e-01 -1.390707492828369141e-01
-7.206625938415527344e-01 -1.639693379402160645e-01 6.922389268875122070e-01 1.733734607696533203e-01 -3.673841357231140137e-01 5.934929847717285156e-02
-6.087770462036132812e-01 -2.670586705207824707e-01 7.467476129531860352e-01 1.937577724456787109e-01 -5.244861841201782227e-01 2.697682380676269531e-02
-2.423350811004638672e-01 5.513310432434082031e-03 7.939674854278564453e-01 5.934834480285644531e-02 -5.720456242561340332e-01 1.844862699508666992e-01
-2.855986356735229492e-02 6.994080543518066406e-02 7.591532468795776367e-01 -1.630166172981262207e-01 -6.255545616149902344e-01 3.060085773468017578e-01
8.792102336883544922e-02 3.134580850601196289e-01 6.001706123352050781e-01 -2.736589908599853516e-01 -3.895621895790100098e-01 4.178707599639892578e-01
7.139086723327636719e-02 7.790732383728027344e-02 8.471035957336425781e-01 -4.165586829185485840e-01 -2.028403282165527344e-01 2.654961347579956055e-01
3.887269496917724609e-01 9.926521778106689453e-02 7.902835607528686523e-01 -4.830062389373779297e-01 -1.814645528793334961e-02 3.248840570449829102e-01
2.039667367935180664e-01 1.503946781158447266e-01 6.761527061462402344e-01 -4.148310422897338867e-01 -2.719745039939880371e-01 3.114013671875000000e-01
3.081970214843750000e-01 -3.357654809951782227e-02 3.728324174880981445e-01 -2.953073978424072266e-01 -3.682971000671386719e-04 -3.799301385879516602e-02
2.841076850891113281e-01 -3.812419772148132324e-01 5.936410427093505859e-01 -3.623183965682983398e-01 2.092208862304687500e-01 -1.699951887130737305e-01
-1.552857756614685059e-01 -2.696571350097656250e-01 6.131554841995239258e-01 -2.516677975654602051e-01 5.470848083496093750e-02 -1.760833263397216797e-01
-3.205091357231140137e-01 -2.035513520240783691e-01 6.117365360260009766e-01 -1.164788603782653809e-01 -9.128117561340332031e-02 -2.022874355316162109e-01
-2.597153782844543457e-01 -2.074644565582275391e-01 7.425045967102050781e-01 -2.653867006301879883e-02 -4.298996925354003906e-02 1.387544870376586914e-01
-3.247456550598144531e-01 -1.254007220268249512e-01 6.644719839096069336e-01 -2.150154113769531250e-02 -1.951581835746765137e-01 5.901396274566650391e-02
-2.225874066352844238e-01 -1.669623255729675293e-01 5.706462860107421875e-01 -1.078221201896667480e-01 -1.756092309951782227e-01 2.200603485107421875e-02
-4.818792343139648438e-01 -1.458238959312438965e-01 4.692577123641967773e-01 -3.831440210342407227e-02 -2.099821567535400391e-01 -9.170311689376831055e-02
-2.851676940917968750e-01 -2.709833979606628418e-01 5.162984132766723633e-01 1.977431774139404297e-02 -1.956952214241027832e-01 -1.879545450210571289e-01
-2.905863523483276367e-01 -8.734750747680664062e-02 5.649139881134033203e-01 -4.608178138732910156e-02 -3.557723164558410645e-01 8.301723003387451172e-02
-6.098172664642333984e-01 -6.693238019943237305e-02 5.891981124877929688e-01 3.135514259338378906e-02 -3.072881698608398438e-01 1.490471363067626953e-01
-4.272204637527465820e-01 -1.368974447250366211e-01 6.539391279220581055e-01 4.669332504272460938e-02 -2.707645297050476074e-01 1.253350973129272461e-01
-6.115312576293945312e-01 -1.844826340675354004e-01 5.869510173797607422e-01 -5.473762750625610352e-02 -2.508948445320129395e-01 5.021333694458007812e-02
-3.971465229988098145e-01 1.868890523910522461e-01 5.764590501785278320e-01 3.184947967529296875e-01 2.389633655548095703e-02 5.008250474929809570e-01
-1.751056313514709473e-01 2.962182760238647461e-01 6.829692125320434570e-01 1.174987554550170898e-01 2.627420425415039062e-02 5.369715690612792969e-01
-2.316454052925109863e-01 2.799415588378906250e-01 5.838397741317749023e-01 8.528029918670654297e-02 -3.231934905052185059e-01 6.550897359848022461e-01
-3.082264661788940430e-01 1.378451585769653320e-01 3.491313457489013672e-01 1.539958715438842773e-01 -6.348228454589843750e-01 8.086009025573730469e-01
-2.134665250778198242e-01 2.229096889495849609e-01 3.021898269653320312e-01 2.046679258346557617e-01 -5.510945320129394531e-01 7.842681407928466797e-01
4.127871990203857422e-02 1.426436901092529297e-01 1.731827259063720703e-01 3.750597238540649414e-01 -2.706555724143981934e-01 5.998771190643310547e-01
3.791165351867675781e-02 2.210829257965087891e-01 1.890428066253662109e-01 3.058966398239135742e-01 -2.906099557876586914e-01 6.803528070449829102e-01
-9.598582983016967773e-02 2.254087924957275391e-01 1.607913970947265625e-01 3.371155261993408203e-01 -3.724651336669921875e-01 7.587020397186279297e-01
-4.257637262344360352e-02 1.438179016113281250e-01 1.918947696685791016e-01 2.192777395248413086e-01 -1.658044457435607910e-01 5.985159873962402344e-01
-8.400875329971313477e-02 2.592172622680664062e-01 1.736366748809814453e-01 2.152850627899169922e-01 -3.391712903976440430e-01 7.701177597045898438e-01
-1.073682904243469238e-01 6.175982952117919922e-02 2.831238508224487305e-01 1.309748888015747070e-01 -2.979496717453002930e-01 6.209586858749389648e-01
1.796277761459350586e-01 1.709549427032470703e-01 1.643215417861938477e-01 1.461986303329467773e-01 -2.250609397888183594e-01 6.395101547241210938e-01
-8.075606822967529297e-02 1.332497596740722656e-01 4.059110879898071289e-01 1.169146299362182617e-01 -1.984488368034362793e-01 7.556496858596801758e-01
-1.488683223724365234e-01 -6.209331750869750977e-02 3.643413782119750977e-01 4.936039447784423828e-02 -2.268571853637695312e-01 4.607151746749877930e-01
-2.109541296958923340e-01 9.974122047424316406e-03 3.881448507308959961e-01 6.671583652496337891e-02 -3.022530078887939453e-01 6.727963685989379883e-01
-4.791848063468933105e-01 -1.282853484153747559e-01 3.507689237594604492e-01 2.158699035644531250e-01 4.193592071533203125e-02 3.749656677246093750e-01
-1.473657488822937012e-01 4.742228984832763672e-02 5.093772411346435547e-01 1.101354360580444336e-01 -4.342730045318603516e-01 5.311310291290283203e-01
-1.226146817207336426e-01 5.807137489318847656e-02 1.660951375961303711e-01 1.347707509994506836e-01 -4.076001048088073730e-01 5.774075984954833984e-01
