1.179273128509521484e-01 -5.249353647232055664e-01 -1.732329130172729492e-01 -3.001711964607238770e-01 5.088986158370971680e-01 -4.946726560592651367e-01
3.750873804092407227e-01 -4.577671885490417480e-01 -5.890948176383972168e-01 -4.047459959983825684e-01 4.611802101135253906e-01 -6.002349853515625000e-01
1.733536720275878906e-01 -4.488446116447448730e-01 -3.705143928527832031e-01 -4.483919143676757812e-01 3.590121269226074219e-01 -6.072226762771606445e-01
2.676069736480712891e-01 -5.552250146865844727e-01 -3.470686674118041992e-01 -3.896031975746154785e-01 3.266499042510986328e-01 -6.163791418075561523e-01
3.359245061874389648e-01 -5.373626947402954102e-01 -2.445281744003295898e-01 -4.148462414741516113e-01 2.193863391876220703e-01 -6.275669932365417480e-01
3.597580194473266602e-01 -5.857062935829162598e-01 -2.441372275352478027e-01 -4.422510862350463867e-01 1.083157062530517578e-01 -6.595398187637329102e-01
4.438564777374267578e-01 -6.456722617149353027e-01 -4.233648180961608887e-01 -4.022888541221618652e-01 1.480053663253784180e-01 -8.013148307800292969e-01
2.906131744384765625e-01 -6.375827789306640625e-01 -1.919813752174377441e-01 -5.041232109069824219e-01 3.706252574920654297e-02 -7.320665717124938965e-01
3.079146146774291992e-01 -7.405496239662170410e-01 -2.518443465232849121e-01 -4.758442044258117676e-01 9.815514087677001953e-02 -8.138630986213684082e-01
2.566156387329101562e-01 -6.549332737922668457e-01 -1.869196891784667969e-01 -5.064424276351928711e-01 7.694137096405029297e-02 -7.285822033882141113e-01
2.897062301635742188e-01 -6.790410280227661133e-01 -1.546666026115417480e-01 -5.798597931861877441e-01 1.696686744689941406e-01 -7.404142618179321289e-01
4.007269144058227539e-01 -7.001122236251831055e-01 -2.879413962364196777e-01 -5.251031517982482910e-01 2.137864828109741211e-01 -7.871931791305541992e-01
3.446613550186157227e-01 -6.462985277175903320e-01 -1.198912858963012695e-01 -5.731614828109741211e-01 2.166575193405151367e-01 -7.020850777626037598e-01
3.976459503173828125e-01 -7.251861095428466797e-01 -1.595256328582763672e-01 -5.992281436920166016e-01 3.002361059188842773e-01 -7.822732925415039062e-01
3.125801086425781250e-01 -6.821753978729248047e-01 -1.507773995399475098e-01 -5.861945152282714844e-01 2.982264757156372070e-01 -7.583379149436950684e-01
4.216593503952026367e-01 -6.385656595230102539e-01 -1.636299490928649902e-01 -6.659178733825683594e-01 2.738593816757202148e-01 -7.254514694213867188e-01
4.268006086349487305e-01 -6.162801384925842285e-01 -2.896497249603271484e-01 -6.716869473457336426e-01 3.871959447860717773e-01 -7.963405251502990723e-01
3.805048465728759766e-01 -6.287627220153808594e-01 -1.946924328804016113e-01 -7.401502728462219238e-01 4.452917575836181641e-01 -7.489030361175537109e-01
4.246851205825805664e-01 -5.316380262374877930e-01 -2.877266407012939453e-01 -6.905411481857299805e-01 3.871166706085205078e-01 -7.341012954711914062e-01
4.010102748870849609e-01 -4.496905207633972168e-01 -3.584323525428771973e-01 -7.415248155593872070e-01 4.030164480209350586e-01 -7.301325798034667969e-01
2.813360691070556641e-01 -4.112273454666137695e-01 -3.328254818916320801e-01 -7.702926397323608398e-01 3.624520301818847656e-01 -7.038298845291137695e-01
2.143704891204833984e-01 -2.812412977218627930e-01 -3.492977619171142578e-01 -7.125599384307861328e-01 2.633131742477416992e-01 -5.423123836517333984e-01
2.588720321655273438e-01 -2.579071521759033203e-01 -6.243573427200317383e-01 -4.124193787574768066e-01 2.725396156311035156e-01 -5.356018543243408203e-01
-3.196042776107788086e-02 -8.925890922546386719e-02 -7.009353041648864746e-01 -3.565424680709838867e-01 4.878461360931396484e-02 -3.659344315528869629e-01
1.412202119827270508e-01 3.738403320312500000e-04 -6.899658441543579102e-01 -2.437061667442321777e-01 6.054365634918212891e-02 -1.909919977188110352e-01
1.113886833190917969e-01 1.372458934783935547e-01 -6.874046921730041504e-01 -1.348513364791870117e-01 -3.536003828048706055e-02 -3.177613019943237305e-02
1.861664056777954102e-01 2.976589202880859375e-01 -7.293089628219604492e-01 -1.155680418014526367e-02 -1.495369076728820801e-01 9.944045543670654297e-02
2.347036600112915039e-01 3.488272428512573242e-01 -7.245504856109619141e-01 1.248334646224975586e-01 -2.023702263832092285e-01 1.682456731796264648e-01
3.413465023040771484e-01 3.232109546661376953e-01 -7.237901687622070312e-01 2.780071496963500977e-01 -1.528144478797912598e-01 1.798363924026489258e-01
3.380634784698486328e-01 3.723815679550170898e-01 -6.570249795913696289e-01 3.516989946365356445e-01 -2.266733050346374512e-01 2.668286561965942383e-01
3.604235649108886719e-01 3.916997909545898438e-01 -6.882930994033813477e-01 4.434642791748046875e-01 -2.407386898994445801e-01 2.624083757400512695e-01
4.815175533294677734e-01 4.780056476593017578e-01 -7.485918402671813965e-01 4.965431690216064453e-01 -3.130646347999572754e-01 3.729121685028076172e-01
5.886485576629638672e-01 4.124401807785034180e-01 -9.600489139556884766e-01 6.172089576721191406e-01 -2.644259929656982422e-01 2.345530986785888672e-01
4.570902585983276367e-01 4.244828224182128906e-01 -8.831965327262878418e-01 5.742214918136596680e-01 -2.804692983627319336e-01 2.714692354202270508e-01
4.649046659469604492e-01 4.524228572845458984e-01 -8.624014258384704590e-01 5.466581583023071289e-01 -2.909271717071533203e-01 3.035103082656860352e-01
4.618790149688720703e-01 4.671872854232788086e-01 -7.790359258651733398e-01 4.647265672683715820e-01 -3.239820599555969238e-01 3.433853387832641602e-01
4.097199440002441406e-01 4.643821716308593750e-01 -7.995644807815551758e-01 4.862312078475952148e-01 -3.444474935531616211e-01 3.064310550689697266e-01
3.477431535720825195e-01 3.887546062469482422e-01 -7.709934115409851074e-01 4.350280761718750000e-01 -2.793780565261840820e-01 2.580417394638061523e-01
1.693880558013916016e-01 2.150876522064208984e-01 -7.074036002159118652e-01 2.166073322296142578e-01 -9.340274333953857422e-02 -5.611896514892578125e-03
3.293559551239013672e-01 2.826473712921142578e-01 -6.676474809646606445e-01 -1.262325644493103027e-01 4.592168331146240234e-02 -4.153192043304443359e-03
4.203886985778808594e-01 6.073296070098876953e-02 -4.557257890701293945e-01 -3.803527355194091797e-01 4.616804122924804688e-01 -2.172445654869079590e-01
4.742935895919799805e-01 -2.348246574401855469e-01 -3.085842728614807129e-01 -4.228171110153198242e-01 7.593222856521606445e-01 -4.801934957504272461e-01
3.321366310119628906e-01 -4.529793262481689453e-01 -2.237371802330017090e-01 -2.661058902740478516e-01 5.824056863784790039e-01 -4.425916671752929688e-01
1.413158178329467773e-01 -5.814480781555175781e-01 -3.903031349182128906e-02 -1.338227391242980957e-01 4.030009508132934570e-01 -2.970293760299682617e-01
4.689300060272216797e-02 -5.738633275032043457e-01 -1.292203664779663086e-01 -1.873519420623779297e-01 1.355750560760498047e-01 -2.851674556732177734e-01
2.320489883422851562e-01 -4.097334742546081543e-01 -3.114906549453735352e-01 -9.608697891235351562e-02 -2.802741527557373047e-02 -2.268010973930358887e-01
3.470776081085205078e-01 -4.858005642890930176e-01 -2.236782312393188477e-01 -2.634391188621520996e-01 2.308980226516723633e-01 -3.248175382614135742e-01
1.957660913467407227e-01 -3.680497407913208008e-01 -1.216160655021667480e-01 -4.018345475196838379e-01 1.189260482788085938e-01 -1.486162543296813965e-01
3.289850950241088867e-01 -2.300797104835510254e-01 -4.879701137542724609e-02 -2.931295633316040039e-01 -1.652592420578002930e-02 4.570722579956054688e-02
2.669850587844848633e-01 -1.767636537551879883e-01 -8.224838972091674805e-02 -2.867822051048278809e-01 -1.892253160476684570e-01 -6.983101367950439453e-03
3.766157627105712891e-01 -2.963964939117431641e-01 -2.793766856193542480e-01 -2.029046416282653809e-01 -1.634172797203063965e-01 -1.051771044731140137e-01
1.347473859786987305e-01 -2.787701487541198730e-01 -9.267413616180419922e-02 -2.869337201118469238e-01 -2.719450592994689941e-01 5.615103244781494141e-02
3.183399438858032227e-01 -2.482787370681762695e-01 -1.192969679832458496e-01 -4.133587479591369629e-01 -1.932922005653381348e-01 1.119148731231689453e-02
3.151813745498657227e-01 -3.706753253936767578e-01 -2.734941244125366211e-02 -4.138752818107604980e-01 -3.239347338676452637e-01 7.683110237121582031e-02
3.759623765945434570e-01 -3.444101810455322266e-01 2.253639698028564453e-02 -3.461096882820129395e-01 -4.034118056297302246e-01 -2.643507719039916992e-02
2.736208438873291016e-01 -5.174882411956787109e-01 -2.668404579162597656e-02 -1.727840900421142578e-01 -3.840670585632324219e-01 -1.870040297508239746e-01
1.410758495330810547e-02 -4.923002719879150391e-01 1.049962043762207031e-01 -2.811611890792846680e-01 -3.843758702278137207e-01 -2.242250442504882812e-01
8.163106441497802734e-02 -5.680676698684692383e-01 1.232492923736572266e-01 -5.596208572387695312e-02 -4.730730056762695312e-01 -3.054977059364318848e-01
-6.085556745529174805e-02 -5.093219280242919922e-01 3.420078754425048828e-02 7.310271263122558594e-02 -5.632047057151794434e-01 -2.977741956710815430e-01
-1.450129151344299316e-01 -5.119209289550781250e-01 2.222872972488403320e-01 -9.592586755752563477e-02 -4.295070767402648926e-01 -3.254426717758178711e-01
-9.840267896652221680e-02 -2.997953295707702637e-01 1.867809295654296875e-01 -2.913079857826232910e-01 -3.989152312278747559e-01 -5.619847774505615234e-02
-1.665167212486267090e-01 -1.934114098548889160e-01 3.455255031585693359e-01 -3.709654808044433594e-01 -3.850423693656921387e-01 9.283733367919921875e-02
-1.853425502777099609e-01 -3.232375979423522949e-01 2.267824411392211914e-01 -2.667945027351379395e-01 -2.370987534523010254e-01 -2.457554936408996582e-01
-2.944054007530212402e-01 -2.883096337318420410e-01 3.161337375640869141e-01 -2.918382287025451660e-01 -1.248046159744262695e-01 -1.291617751121520996e-01
-5.677651166915893555e-01 -2.668234705924987793e-01 3.593200445175170898e-01 -1.050544381141662598e-01 -8.908665180206298828e-02 -7.283473014831542969e-02
-6.126569509506225586e-01 -3.064850568771362305e-01 3.713614940643310547e-01 -9.236502647399902344e-02 -5.733269453048706055e-02 -1.057445406913757324e-01
-4.832124710083007812e-01 -4.157196283340454102e-01 1.221923828125000000e-01 -2.229782342910766602e-01 -1.307128667831420898e-01 -2.454728484153747559e-01
-4.402830004692077637e-01 -2.179808616638183594e-01 3.410829305648803711e-01 -1.875410079956054688e-01 -3.125724196434020996e-01 -2.819013595581054688e-02
-1.097815036773681641e-01 -3.566964864730834961e-01 4.210211038589477539e-01 -2.965478897094726562e-01 -1.357214450836181641e-01 -1.359271407127380371e-01
-3.083139657974243164e-01 -1.735453605651855469e-01 4.377250671386718750e-01 -1.254950761795043945e-01 -2.555481791496276855e-01 6.726229190826416016e-02
-4.014394283294677734e-01 -2.894517779350280762e-01 5.657672882080078125e-02 3.407375812530517578e-01 -5.995876193046569824e-01 1.214134693145751953e-02
-4.561192989349365234e-01 -3.750411868095397949e-01 1.093815565109252930e-01 5.087432861328125000e-01 -5.822650194168090820e-01 -3.418868780136108398e-02
-5.101869106292724609e-01 -4.187707304954528809e-01 3.645491600036621094e-02 3.760079145431518555e-01 -3.680028915405273438e-01 -9.534287452697753906e-02
-6.218671798706054688e-01 -4.669156670570373535e-01 2.686274051666259766e-02 4.012507200241088867e-01 -5.251502990722656250e-01 -1.415034532546997070e-01
-4.609271287918090820e-01 -5.087245702743530273e-01 1.868005990982055664e-01 4.358357191085815430e-01 -5.179232358932495117e-01 -2.123278975486755371e-01
-5.324346423149108887e-01 -4.544047713279724121e-01 -3.354072570800781250e-02 6.020301580429077148e-01 -5.810433030128479004e-01 -1.557306647300720215e-01
-3.461610078811645508e-01 -4.975722432136535645e-01 2.984654903411865234e-02 5.901603698730468750e-01 -5.387762188911437988e-01 -2.293759584426879883e-01
-2.994981408119201660e-01 -4.050807952880859375e-01 7.706081867218017578e-02 6.219197511672973633e-01 -7.077858448028564453e-01 2.495920658111572266e-02
-5.505920648574829102e-01 -3.603712916374206543e-01 -3.136777877807617188e-02 5.278191566467285156e-01 -7.398385405540466309e-01 -3.905391693115234375e-02
-3.085781335830688477e-01 -4.148380160331726074e-01 2.191576957702636719e-01 6.198449134826660156e-01 -5.290655493736267090e-01 -1.196656823158264160e-01
-4.638037681579589844e-01 -4.735597968101501465e-01 1.995922327041625977e-01 6.258177757263183594e-01 -6.431610584259033203e-01 -1.566812396049499512e-01
-6.196986436843872070e-01 -4.669118523597717285e-01 2.485132217407226562e-01 5.332628488540649414e-01 -7.514975070953369141e-01 -1.155803203582763672e-01
-6.276904344558715820e-01 -3.779940009117126465e-01 6.018123626708984375e-01 5.630633831024169922e-01 -5.917396545410156250e-01 -5.610466003417968750e-02
-6.644520759582519531e-01 -2.739874124526977539e-01 4.365663528442382812e-01 1.924163103103637695e-01 -4.570586681365966797e-01 -1.880925297737121582e-01
-3.785705566406250000e-01 -4.698214530944824219e-01 1.899154186248779297e-01 9.307920932769775391e-02 -1.905125379562377930e-01 -3.682674765586853027e-01
-5.980548858642578125e-01 -2.490883469581604004e-01 3.592623472213745117e-01 1.931477785110473633e-01 -4.511241912841796875e-01 -8.772379159927368164e-02
-2.773818969726562500e-01 -3.542273640632629395e-01 2.251628637313842773e-01 2.558481693267822266e-02 -3.958069086074829102e-01 -2.083762884140014648e-01
-2.981562614440917969e-01 -3.054075837135314941e-01 4.571976661682128906e-01 1.735296249389648438e-01 -3.675918579101562500e-01 1.918840408325195312e-02
-3.089252710342407227e-01 -2.750155925750732422e-01 3.830054998397827148e-01 1.609576940536499023e-01 -2.312460541725158691e-01 -5.770385265350341797e-02
-3.491320013999938965e-01 -3.616616129875183105e-01 3.947370052337646484e-01 -1.613626480102539062e-01 -1.242833137512207031e-01 -8.914393186569213867e-02
-3.615805506706237793e-01 -4.177872538566589355e-01 3.898744583129882812e-01 3.766119480133056641e-02 -3.194572925567626953e-01 -9.566545486450195312e-02
-4.662737250328063965e-01 -3.062749505043029785e-01 2.043663263320922852e-01 -3.463828563690185547e-02 -2.500570416450500488e-01 -1.982716321945190430e-01
-2.236282229423522949e-01 -3.633965253829956055e-01 3.464678525924682617e-01 3.053715229034423828e-01 1.485457420349121094e-01 -4.556588530540466309e-01
-2.490100264549255371e-01 -5.733504891395568848e-01 1.829231977462768555e-01 4.450044631958007812e-01 3.727136850357055664e-01 -6.248158216476440430e-01
-2.033371329307556152e-01 -4.155690073966979980e-01 3.747762441635131836e-01 3.414388895034790039e-01 1.908123493194580078e-01 -4.102422595024108887e-01
-2.228426933288574219e-01 -5.258923172950744629e-01 3.759191036224365234e-01 3.145955801010131836e-01 -2.418583631515502930e-02 -5.125207901000976562e-01
-4.176666736602783203e-01 -2.358013391494750977e-01 5.679575204849243164e-01 1.078288555145263672e-01 -3.563637733459472656e-01 -2.631581425666809082e-01
-3.133571147918701172e-01 2.373397350311279297e-02 4.686063528060913086e-01 -9.372937679290771484e-02 -5.903341174125671387e-01 1.530110836029052734e-02
1.773407459259033203e-01 1.643542051315307617e-01 4.423234462738037109e-01 -1.836187243461608887e-01 -2.141155600547790527e-01 6.421995162963867188e-02
1.272679567337036133e-01 2.873594760894775391e-01 4.094027280807495117e-01 -3.365176320075988770e-01 -1.852350831031799316e-01 1.691006422042846680e-01
3.552756309509277344e-01 2.739034891128540039e-01 1.749491691589355469e-01 -2.640247344970703125e-01 -7.944160699844360352e-02 5.546998977661132812e-02
3.173505067825317383e-01 3.458321094512939453e-01 2.020741701126098633e-01 -1.801413297653198242e-01 -2.217653393745422363e-01 2.491801977157592773e-01
4.465324878692626953e-01 2.493081092834472656e-01 1.446111202239990234e-01 -1.134051680564880371e-01 -8.077996969223022461e-02 2.015256881713867188e-02
4.302254915237426758e-01 1.585483551025390625e-01 2.256833314895629883e-01 -2.422943711280822754e-01 5.480384826660156250e-02 4.113149642944335938e-02
4.906140565872192383e-01 -2.465802431106567383e-02 2.346116304397583008e-01 -1.374036669731140137e-01 2.230937480926513672e-01 -9.189754724502563477e-02
5.046266317367553711e-01 -6.856417655944824219e-02 2.451962232589721680e-01 -3.752309083938598633e-02 1.659765243530273438e-01 -9.961163997650146484e-02
5.968832969665527344e-02 -2.624171972274780273e-01 4.480849504470825195e-01 -2.843239307403564453e-01 1.638917922973632812e-01 -2.639465928077697754e-01
-1.729048490524291992e-01 -2.449434995651245117e-01 2.903288602828979492e-01 -1.483112573623657227e-01 1.454275846481323242e-01 -4.108961820602416992e-01
-7.683336734771728516e-02 -9.870415925979614258e-02 5.094804763793945312e-01 -9.391057491302490234e-02 -1.115674376487731934e-01 -1.768165230751037598e-01
-1.944770216941833496e-01 1.638066768646240234e-02 4.568083286285400391e-01 -7.519543170928955078e-02 -2.431082129478454590e-01 3.265309333801269531e-02
-2.435225248336791992e-02 -1.154183149337768555e-01 3.364468812942504883e-01 -4.798978567123413086e-02 -2.504938840866088867e-02 -8.876806497573852539e-02
-2.581633925437927246e-01 -1.126564741134643555e-01 4.892179965972900391e-01 -1.855545043945312500e-01 -1.023939847946166992e-01 -2.444691061973571777e-01
-3.929958939552307129e-01 -2.735280990600585938e-02 6.204035282135009766e-01 -3.268241882324218750e-02 -1.824550032615661621e-01 6.892919540405273438e-03
-2.187291383743286133e-01 -5.463439226150512695e-02 5.927481651306152344e-01 -1.357499957084655762e-01 -1.847186684608459473e-01 1.344976425170898438e-01
-1.433542966842651367e-01 -1.726815700531005859e-01 3.209898471832275391e-01 -3.344311714172363281e-01 -3.356134891510009766e-02 -1.734694838523864746e-01
-1.328682303428649902e-01 -2.881933450698852539e-01 3.070132732391357422e-01 -1.096868515014648438e-01 5.514931678771972656e-02 -3.446402549743652344e-01
-2.002877593040466309e-01 -2.523086667060852051e-01 1.451759338378906250e-01 -7.863259315490722656e-02 5.243995189666748047e-01 -6.935822963714599609e-01
-1.376070976257324219e-01 -3.281785845756530762e-01 2.045507431030273438e-01 -9.951144456863403320e-02 6.588780879974365234e-01 -7.730346322059631348e-01
-3.009383082389831543e-01 -3.572536110877990723e-01 2.335366010665893555e-01 -8.592236042022705078e-02 2.138489484786987305e-01 -5.345727801322937012e-01
-1.364820003509521484e-01 -5.219739079475402832e-01 5.700858831405639648e-01 2.775084972381591797e-02 1.289210319519042969e-01 -3.422338962554931641e-01
1.031062602996826172e-01 -7.112352848052978516e-01 5.491158962249755859e-01 -2.539290189743041992e-01 3.547922372817993164e-01 -5.595147609710693359e-01
1.937043666839599609e-01 -7.188075780868530273e-01 3.871800899505615234e-01 -2.509723901748657227e-01 3.030949831008911133e-01 -6.691501140594482422e-01
7.017171382904052734e-02 -7.881779074668884277e-01 3.617955446243286133e-01 -2.281702160835266113e-01 4.532526731491088867e-01 -7.689790725708007812e-01
-3.476619720458984375e-02 -8.643901944160461426e-01 3.710029125213623047e-01 -2.495166659355163574e-01 4.109752178192138672e-01 -7.679446339607238770e-01
-1.612564325332641602e-01 -6.851172447204589844e-01 6.170420646667480469e-01 -1.795504689216613770e-01 3.082203865051269531e-01 -4.433820843696594238e-01
-5.912101268768310547e-02 -7.246488928794860840e-01 3.923766613006591797e-01 -1.278432607650756836e-01 1.728179454803466797e-01 -6.918805837631225586e-01
-2.030618190765380859e-01 -4.568935036659240723e-01 4.988782405853271484e-01 -8.177453279495239258e-02 8.357930183410644531e-02 -5.601803064346313477e-01
-3.163625001907348633e-01 -3.316817283630371094e-01 4.358636140823364258e-01 -1.189437508583068848e-01 -1.995599269866943359e-01 -4.974277615547180176e-01
-1.652120351791381836e-01 -4.055308103561401367e-01 5.779025554656982422e-01 -1.967812776565551758e-01 2.054738998413085938e-02 -3.346828818321228027e-01
-6.775188446044921875e-02 -3.954786062240600586e-01 4.925291538238525391e-01 -3.291478753089904785e-01 4.119038581848144531e-03 -3.495889306068420410e-01
-2.826005816459655762e-01 -3.235783576965332031e-01 4.060866832733154297e-01 -3.135707974433898926e-01 -2.048150897026062012e-01 -2.541904449462890625e-01
-1.538435220718383789e-01 -3.053214550018310547e-01 6.538450717926025391e-01 -2.913496494293212891e-01 -1.372620463371276855e-01 -2.397828698158264160e-01
-2.390102744102478027e-01 -2.095067501068115234e-01 7.453349828720092773e-01 -1.536979675292968750e-01 -1.848116517066955566e-01 -4.726326465606689453e-02
-3.344080448150634766e-01 -3.451906442642211914e-01 5.775502920150756836e-01 -1.288468837738037109e-01 -5.092430114746093750e-02 -2.382391095161437988e-01
-3.840525746345520020e-01 -2.846146225929260254e-01 5.782438516616821289e-01 -1.229359507560729980e-01 -3.876990079879760742e-02 -2.884582877159118652e-01
-3.668383359909057617e-01 -2.447931170463562012e-01 6.640590429306030273e-01 -1.436746120452880859e-01 -1.537504792213439941e-01 -1.520922183990478516e-01
-3.691293597221374512e-01 -2.104105353355407715e-01 4.488613605499267578e-01 -1.657509803771972656e-02 -2.193901538848876953e-01 -3.198289871215820312e-02
-4.244824051856994629e-01 -1.443589329719543457e-01 4.577172994613647461e-01 1.662099361419677734e-02 -2.950928211212158203e-01 -3.321504592895507812e-02
-3.513439297676086426e-01 -1.562363505363464355e-01 6.061143875122070312e-01 -2.526301741600036621e-01 -2.649759054183959961e-01 3.604233264923095703e-02
-3.607833385467529297e-01 -1.077955961227416992e-01 6.151615381240844727e-01 -5.661040544509887695e-02 -2.802475094795227051e-01 1.320961713790893555e-01
-5.694102644920349121e-01 -8.997547626495361328e-02 3.885034322738647461e-01 4.013514518737792969e-01 -5.643943548202514648e-01 3.319736719131469727e-01
-2.852995991706848145e-01 -5.238006114959716797e-01 2.527318000793457031e-01 2.342891693115234375e-01 -2.334453463554382324e-01 -1.480175852775573730e-01
-2.411295771598815918e-01 -5.077121257781982422e-01 4.139679670333862305e-01 -2.056213617324829102e-01 -1.931269168853759766e-01 -5.536484718322753906e-02
-5.115097761154174805e-02 -4.297800660133361816e-01 1.227693557739257812e-01 -3.862166404724121094e-01 -1.731249690055847168e-01 2.018049955368041992e-01
-1.645522117614746094e-01 -2.723541259765625000e-01 1.165131330490112305e-01 -4.808065295219421387e-01 -1.938199996948242188e-01 3.859746456146240234e-01
-1.788703799247741699e-01 -1.996312737464904785e-01 -1.252651214599609375e-03 -4.921652674674987793e-01 -1.676445007324218750e-01 3.885226249694824219e-01
-1.227884888648986816e-01 -1.692708134651184082e-01 -1.180866360664367676e-01 -4.273783564567565918e-01 -1.482316851615905762e-01 4.123088121414184570e-01
-1.136777400970458984e-01 -1.188365817070007324e-01 -9.819269180297851562e-02 -4.252426624298095703e-01 -1.527654528617858887e-01 4.762194156646728516e-01
-1.463406682014465332e-01 -1.350033879280090332e-01 -6.015360355377197266e-02 -4.431827068328857422e-01 -1.549681425094604492e-01 4.480727910995483398e-01
-1.917449235916137695e-01 -2.149768471717834473e-01 -1.409405469894409180e-02 -4.027333259582519531e-01 -1.386799216270446777e-01 3.747138977050781250e-01
-1.382715702056884766e-01 -2.408507466316223145e-01 -1.410311460494995117e-02 -4.259481430053710938e-01 -2.223229408264160156e-02 3.256959915161132812e-01
-2.126635909080505371e-01 -3.166068792343139648e-01 5.122590065002441406e-02 -3.473195433616638184e-01 -3.893196582794189453e-03 3.042904138565063477e-01
-1.832280158996582031e-01 -2.967900633811950684e-01 4.199302196502685547e-02 -3.092305660247802734e-01 3.267073631286621094e-02 2.929403781890869141e-01
-2.354941964149475098e-01 -2.848891615867614746e-01 9.412407875061035156e-02 -3.406269550323486328e-01 6.110203266143798828e-02 3.153855800628662109e-01
-1.115132570266723633e-01 -2.968299388885498047e-01 8.470499515533447266e-02 -3.259378075599670410e-01 1.428167819976806641e-01 2.698737382888793945e-01
-2.746960520744323730e-01 -2.688983082771301270e-01 2.397449016571044922e-01 -2.517613172531127930e-01 -1.990973949432373047e-02 3.385355472564697266e-01
-2.624352574348449707e-01 -2.585615515708923340e-01 2.632198333740234375e-01 1.663601398468017578e-02 -1.683728694915771484e-01 4.601141214370727539e-01
-3.433874845504760742e-01 -2.253288030624389648e-01 2.132630348205566406e-01 -3.675103187561035156e-02 -9.480559825897216797e-02 4.260631799697875977e-01
-1.794059276580810547e-01 -2.825869321823120117e-01 2.049568891525268555e-01 -1.195536851882934570e-01 3.942346572875976562e-02 3.000726699829101562e-01
-5.423332452774047852e-01 -1.674538254737854004e-01 2.153199911117553711e-01 8.333921432495117188e-02 -2.293914556503295898e-01 4.621142148971557617e-01
-1.650341153144836426e-01 -3.485056161880493164e-01 2.806568145751953125e-01 -8.871328830718994141e-02 -2.061923146247863770e-01 2.925192117691040039e-01
-2.955996394157409668e-01 -2.077907919883728027e-01 2.479939460754394531e-01 -1.604104042053222656e-01 -1.845432519912719727e-01 3.900730609893798828e-01
