-1.403602957725524902e-01 -3.850175142288208008e-01 -7.877278327941894531e-02 -5.642960071563720703e-01 2.441774606704711914e-01 -3.398145437240600586e-01
1.244543790817260742e-01 -3.281898498535156250e-01 -3.065669536590576172e-02 -5.317627191543579102e-01 1.832423210144042969e-01 -2.180989384651184082e-01
-8.769100904464721680e-02 -2.473962903022766113e-01 1.785073280334472656e-01 -6.809726953506469727e-01 2.489570379257202148e-01 -2.438183426856994629e-01
1.195724010467529297e-01 -3.983465433120727539e-01 1.530593633651733398e-01 -5.805574655532836914e-01 3.266220092773437500e-01 -2.526533007621765137e-01
1.333498954772949219e-01 -4.208866357803344727e-01 -7.632666826248168945e-02 -5.403156280517578125e-01 3.392230272293090820e-01 -3.314150571823120117e-01
4.100102186203002930e-01 -3.889538049697875977e-01 -3.767961859703063965e-01 -4.483019709587097168e-01 3.286392688751220703e-01 -4.458251595497131348e-01
2.187376022338867188e-01 -2.750705480575561523e-01 -2.688989639282226562e-01 -5.617967247962951660e-01 2.348347902297973633e-01 -3.611065745353698730e-01
3.803851604461669922e-01 -3.107552528381347656e-01 -3.722317218780517578e-01 -6.168400049209594727e-01 2.212351560592651367e-01 -4.216750264167785645e-01
2.338411808013916016e-01 -4.304827451705932617e-01 -1.919392943382263184e-01 -6.075167655944824219e-01 2.685621976852416992e-01 -5.163547992706298828e-01
3.678611516952514648e-01 -4.333547949790954590e-01 -3.315970301628112793e-01 -5.347830653190612793e-01 2.268519401550292969e-01 -5.461229085922241211e-01
2.561379671096801758e-01 -4.524757266044616699e-01 -2.037734389305114746e-01 -5.171149969100952148e-01 1.810473203659057617e-01 -5.549963712692260742e-01
2.875074148178100586e-01 -5.274648070335388184e-01 -1.951602697372436523e-01 -5.019919872283935547e-01 3.042119741439819336e-01 -6.679893732070922852e-01
3.602465391159057617e-01 -5.373653173446655273e-01 -3.840212821960449219e-01 -4.620153903961181641e-01 3.177942037582397461e-01 -6.976031064987182617e-01
2.664951086044311523e-01 -5.246399044990539551e-01 -3.057080507278442383e-01 -4.731824994087219238e-01 2.482657432556152344e-01 -6.174104213714599609e-01
2.624942064285278320e-01 -4.576245546340942383e-01 -2.687222957611083984e-01 -4.931704401969909668e-01 1.480470895767211914e-01 -4.728199243545532227e-01
2.926959991455078125e-01 -4.889447093009948730e-01 -3.287095427513122559e-01 -5.730391740798950195e-01 3.021721839904785156e-01 -6.643813848495483398e-01
2.252379655838012695e-01 -3.258000612258911133e-01 -2.778857946395874023e-01 -4.384071230888366699e-01 1.519554853439331055e-01 -4.051795005798339844e-01
1.398346424102783203e-01 -3.633765578269958496e-01 -2.187952995300292969e-01 -5.306460857391357422e-01 1.824365854263305664e-01 -4.686509966850280762e-01
-8.074986934661865234e-02 -2.888625264167785645e-01 -2.390904426574707031e-01 -5.808076858520507812e-01 2.887737751007080078e-02 -3.699873089790344238e-01
1.012820005416870117e-01 -1.621372699737548828e-01 -2.602391242980957031e-01 -6.696265935897827148e-01 3.229224681854248047e-02 -3.786405920982360840e-01
1.770632266998291016e-01 -9.573841094970703125e-02 -2.939666509628295898e-01 -6.720460653305053711e-01 1.052539348602294922e-01 -3.726806640625000000e-01
1.771931648254394531e-01 -1.323193311691284180e-02 -2.633368968963623047e-01 -6.490725278854370117e-01 -7.084393501281738281e-02 -2.410737276077270508e-01
1.514158248901367188e-01 -1.676620244979858398e-01 -4.031872153282165527e-01 -5.219359397888183594e-01 2.149057388305664062e-02 -4.227495193481445312e-01
-3.281885385513305664e-02 -1.643210649490356445e-02 -5.567739009857177734e-01 -3.073787093162536621e-01 -3.189526796340942383e-01 -2.577051520347595215e-01
-8.856093883514404297e-02 1.261984109878540039e-01 -6.079051494598388672e-01 -2.856324315071105957e-01 -3.878063559532165527e-01 -2.669686079025268555e-02
1.834878921508789062e-01 1.653811931610107422e-01 -8.234237432479858398e-01 -1.630442738533020020e-01 -2.896943092346191406e-01 -2.147239446640014648e-02
2.004325389862060547e-01 2.148506641387939453e-01 -7.606962919235229492e-01 -4.361301660537719727e-02 -3.010575175285339355e-01 9.776377677917480469e-02
1.157236099243164062e-01 1.945943832397460938e-01 -6.008055806159973145e-01 1.801252365112304688e-02 -2.976732850074768066e-01 2.319468259811401367e-01
1.499226093292236328e-01 2.714871168136596680e-01 -6.165681481361389160e-01 1.680607795715332031e-01 -3.489131927490234375e-01 3.525542020797729492e-01
1.757465600967407227e-01 3.088032007217407227e-01 -6.934050321578979492e-01 4.512466192245483398e-01 -4.534106850624084473e-01 4.329677820205688477e-01
2.624634504318237305e-01 4.444571733474731445e-01 -8.134421706199645996e-01 5.295550823211669922e-01 -4.638309478759765625e-01 4.646509885787963867e-01
1.410996913909912109e-01 5.323890447616577148e-01 -7.152369022369384766e-01 5.411778688430786133e-01 -5.486769676208496094e-01 6.111505031585693359e-01
2.738534212112426758e-01 3.998165130615234375e-01 -6.855531930923461914e-01 4.603130817413330078e-01 -3.589361310005187988e-01 5.159147977828979492e-01
2.292844057083129883e-01 3.597663640975952148e-01 -4.971849322319030762e-01 4.818415641784667969e-01 -3.559045195579528809e-01 5.316692590713500977e-01
4.421466588973999023e-01 4.011578559875488281e-01 -8.400887846946716309e-01 5.168715715408325195e-01 -3.325682282447814941e-01 4.942697286605834961e-01
3.031716346740722656e-01 4.646002054214477539e-01 -7.600542902946472168e-01 6.736502647399902344e-01 -5.184993743896484375e-01 6.128433942794799805e-01
2.778886556625366211e-01 5.109212398529052734e-01 -7.314097881317138672e-01 6.938517093658447266e-01 -5.606083869934082031e-01 5.778926610946655273e-01
2.474427223205566406e-01 4.191998243331909180e-01 -7.277560234069824219e-01 5.927211046218872070e-01 -4.443119764328002930e-01 4.038144350051879883e-01
9.859299659729003906e-02 3.043522834777832031e-01 -7.669103145599365234e-01 6.039586067199707031e-01 -3.998084068298339844e-01 2.268537282943725586e-01
2.855861186981201172e-02 2.158128023147583008e-01 -7.154930830001831055e-01 4.069775342941284180e-01 -2.369553446769714355e-01 1.091113090515136719e-01
5.211675167083740234e-02 1.486581563949584961e-01 -7.771884202957153320e-01 6.992912292480468750e-02 7.379293441772460938e-03 -1.311010122299194336e-01
1.882863044738769531e-01 1.503908634185791016e-01 -7.513936758041381836e-01 -2.654656171798706055e-01 2.003059387207031250e-01 -3.502057790756225586e-01
1.357340812683105469e-01 -1.368697285652160645e-01 -4.212327599525451660e-01 -4.450492262840270996e-01 4.405758380889892578e-01 -5.094494223594665527e-01
3.141622543334960938e-01 -4.525302648544311523e-01 -4.343737959861755371e-01 -2.283821105957031250e-01 6.224818229675292969e-01 -7.135541439056396484e-01
4.020282030105590820e-01 -6.081613302230834961e-01 -3.464381098747253418e-01 9.762275218963623047e-02 3.330624103546142578e-01 -4.811556339263916016e-01
2.247291803359985352e-01 -5.630141496658325195e-01 -3.764007091522216797e-01 -1.784850955009460449e-01 8.149445056915283203e-02 -3.899499177932739258e-01
2.791684865951538086e-01 -5.207768678665161133e-01 -4.350934624671936035e-01 -3.927189111709594727e-01 1.464928388595581055e-01 -4.309875965118408203e-01
3.159098625183105469e-01 -4.076877236366271973e-01 -1.751393675804138184e-01 -2.770882248878479004e-01 1.542282104492187500e-01 -3.952766656875610352e-01
2.145456075668334961e-01 -3.499332070350646973e-01 -9.057790040969848633e-02 -3.525630235671997070e-01 -3.084236383438110352e-02 -1.936820149421691895e-01
1.436669826507568359e-01 -3.736114501953125000e-01 -1.200196146965026855e-01 -2.076374888420104980e-01 -3.003443479537963867e-01 -9.219437837600708008e-02
1.038831472396850586e-01 -3.284565806388854980e-01 -2.787073850631713867e-01 -2.882323861122131348e-01 -2.643209695816040039e-01 -1.508409380912780762e-01
9.324526786804199219e-02 -2.433578372001647949e-01 -2.117052078247070312e-01 -3.498623371124267578e-01 -3.503238558769226074e-01 4.622972011566162109e-02
2.030444145202636719e-01 -4.394264817237854004e-01 -1.546232700347900391e-01 -1.770968437194824219e-01 -2.049754858016967773e-01 -1.383595466613769531e-01
2.399046421051025391e-01 -4.223950505256652832e-01 -1.547703742980957031e-01 -2.488527894020080566e-01 -1.648037433624267578e-01 -1.880071163177490234e-01
2.345708608627319336e-01 -3.370509743690490723e-01 -1.434770226478576660e-01 -2.535302042961120605e-01 -3.106718659400939941e-01 -1.394956707954406738e-01
1.434081792831420898e-01 -4.639562368392944336e-01 1.036286354064941406e-03 -2.504008412361145020e-01 -2.957735657691955566e-01 -1.423994898796081543e-01
5.688095092773437500e-02 -5.443434715270996094e-01 -9.155315160751342773e-02 -1.197234392166137695e-01 -3.845800161361694336e-01 -3.092207908630371094e-01
1.038396358489990234e-01 -5.748319625854492188e-01 -1.839432120323181152e-01 3.916978836059570312e-02 -4.254770874977111816e-01 -2.629342079162597656e-01
7.546210289001464844e-02 -5.350223779678344727e-01 -7.202714681625366211e-02 1.453292369842529297e-02 -4.757423996925354004e-01 -2.850076556205749512e-01
-9.262973070144653320e-02 -5.236333012580871582e-01 -7.751524448394775391e-02 1.263427734375000000e-02 -4.653558731079101562e-01 -3.218582272529602051e-01
-3.251314163208007812e-01 -2.792367339134216309e-01 1.342899799346923828e-01 -1.216821074485778809e-01 -4.490151405334472656e-01 -1.333962082862854004e-01
-3.005049824714660645e-01 -2.471473813056945801e-01 1.601504087448120117e-01 -2.001178860664367676e-01 -4.472154974937438965e-01 9.344935417175292969e-03
-4.794812202453613281e-02 -4.263492226600646973e-01 1.162382364273071289e-01 -3.483844399452209473e-01 -1.568833589553833008e-01 -2.326455116271972656e-01
-3.795937895774841309e-01 -4.700650572776794434e-01 -2.286534905433654785e-01 -1.529589891433715820e-01 -2.262620925903320312e-01 -5.547173023223876953e-01
-3.381551504135131836e-01 -3.756523132324218750e-01 -1.015691161155700684e-01 -1.698946952819824219e-02 -3.361853957176208496e-01 -3.922607898712158203e-01
-3.319829106330871582e-01 -3.463567495346069336e-01 1.777783632278442383e-01 -5.021005868911743164e-02 -3.534682393074035645e-01 -1.392621397972106934e-01
-2.567884325981140137e-01 -4.105278849601745605e-01 1.074141263961791992e-01 -5.580466985702514648e-02 -1.981806755065917969e-01 -2.187664508819580078e-01
-5.090500116348266602e-01 -1.234658360481262207e-01 1.405130624771118164e-01 -8.946233987808227539e-02 -4.323578476905822754e-01 6.372809410095214844e-03
-3.574026823043823242e-01 -2.159607410430908203e-01 3.967615365982055664e-01 -8.035135269165039062e-02 -3.479056954383850098e-01 -3.203648328781127930e-02
-3.773966431617736816e-01 -1.596160531044006348e-01 3.814901113510131836e-01 -1.392558813095092773e-01 -3.612483739852905273e-01 1.716077327728271484e-02
-4.874894618988037109e-01 -2.209585905075073242e-01 1.268337965011596680e-01 1.604369878768920898e-01 -6.704605817794799805e-01 -1.901561021804809570e-02
-5.714880228042602539e-01 -4.177995324134826660e-01 -1.942825317382812500e-02 2.884050607681274414e-01 -5.426458120346069336e-01 -2.807309627532958984e-01
-4.742493629455566406e-01 -4.599555730819702148e-01 -7.816284894943237305e-02 3.000346422195434570e-01 -5.575823783874511719e-01 -3.426675200462341309e-01
-5.550595521926879883e-01 -7.272330522537231445e-01 -1.640768647193908691e-01 3.415226936340332031e-01 -3.282318711280822754e-01 -5.489383935928344727e-01
-3.279508352279663086e-01 -6.839069128036499023e-01 1.390497684478759766e-01 2.925769090652465820e-01 -3.772174715995788574e-01 -4.244441986083984375e-01
-2.399016022682189941e-01 -7.297450304031372070e-01 -1.275970339775085449e-01 -9.167981147766113281e-02 -4.591009616851806641e-01 -4.309462904930114746e-01
6.355011463165283203e-02 -6.875122189521789551e-01 -8.003675937652587891e-02 -2.793624401092529297e-01 -2.231738567352294922e-01 -3.367323875427246094e-01
2.458322048187255859e-01 -7.219218015670776367e-01 1.592059135437011719e-01 -2.217096686363220215e-01 1.851308345794677734e-02 -2.466899752616882324e-01
1.269551515579223633e-01 -6.123689413070678711e-01 4.565811157226562500e-02 -2.498640418052673340e-01 -1.020637154579162598e-01 -1.852166652679443359e-01
9.595727920532226562e-02 -5.799081921577453613e-01 5.880343914031982422e-02 -2.941994667053222656e-01 -1.169215440750122070e-01 -1.006097197532653809e-01
8.564138412475585938e-02 -5.308037996292114258e-01 1.473402976989746094e-02 -1.858854293823242188e-01 -1.347701549530029297e-01 -1.242982745170593262e-01
9.239363670349121094e-02 -6.175224781036376953e-01 6.661725044250488281e-02 -8.991175889968872070e-02 -1.558678150177001953e-01 -1.578809022903442383e-01
1.822898387908935547e-01 -8.415905237197875977e-01 1.313093900680541992e-01 -6.374442577362060547e-02 4.270398616790771484e-02 -3.524876236915588379e-01
7.728183269500732422e-02 -8.249041438102722168e-01 7.888090610504150391e-02 2.094578742980957031e-02 -1.198962330818176270e-01 -5.126592516899108887e-01
-5.331027507781982422e-02 -5.173093676567077637e-01 1.925433874130249023e-01 -1.795471906661987305e-01 -2.939981818199157715e-01 -1.845055222511291504e-01
-1.414255499839782715e-01 -3.775286674499511719e-01 1.481230258941650391e-01 -3.545073270797729492e-01 -1.823821067810058594e-01 -2.782484292984008789e-01
-2.115541696548461914e-01 -3.955318927764892578e-01 4.339338541030883789e-01 -5.377442240715026855e-01 1.541529893875122070e-01 -1.803618073463439941e-01
-2.661126852035522461e-02 -3.641042113304138184e-01 3.370025157928466797e-01 -4.467236995697021484e-01 -3.409378528594970703e-01 -1.582331657409667969e-01
-3.081772327423095703e-01 -3.914346098899841309e-01 2.604435682296752930e-01 -2.031978964805603027e-01 -2.585632801055908203e-01 -2.348164319992065430e-01
-3.572685122489929199e-01 -4.510010480880737305e-01 2.551505565643310547e-01 -2.968023419380187988e-01 -4.769295454025268555e-02 -3.374162316322326660e-01
-1.915066838264465332e-01 -4.760159254074096680e-01 3.211568593978881836e-01 -4.586775898933410645e-01 -6.857186555862426758e-02 -2.276782989501953125e-01
-9.899371862411499023e-02 -4.328753948211669922e-01 4.172060489654541016e-01 -3.971328735351562500e-01 -3.960967063903808594e-02 -2.000881433486938477e-01
-5.294495820999145508e-02 -4.309567213058471680e-01 2.784354686737060547e-01 -1.436965465545654297e-01 -2.285799980163574219e-01 -1.118643879890441895e-01
-3.461276888847351074e-01 -4.499607682228088379e-01 1.536793708801269531e-01 1.212162971496582031e-01 -3.908257484436035156e-01 -1.454405188560485840e-01
-2.914285063743591309e-01 -4.639794230461120605e-01 2.457464933395385742e-01 -3.253924846649169922e-02 -2.916277647018432617e-01 -2.555881142616271973e-01
-3.582263588905334473e-01 -4.553510546684265137e-01 4.688537120819091797e-02 2.397105693817138672e-01 -3.275854587554931641e-01 -2.460665702819824219e-01
-1.872451305389404297e-01 -5.304839611053466797e-01 1.374125480651855469e-02 3.020005226135253906e-01 -5.579078197479248047e-01 -3.825814127922058105e-01
-4.106590151786804199e-01 -6.550987362861633301e-01 1.414287090301513672e-02 4.217449426651000977e-01 -3.801732659339904785e-01 -5.259138941764831543e-01
-3.790864944458007812e-01 -4.668706059455871582e-01 -1.099181175231933594e-02 4.192963838577270508e-01 -4.239360690116882324e-01 -2.837841510772705078e-01
-3.377738595008850098e-01 -3.545813560485839844e-01 2.942968606948852539e-01 5.141041278839111328e-01 -5.843232870101928711e-01 -1.475006341934204102e-02
-4.426579475402832031e-01 -4.473707675933837891e-01 2.121081352233886719e-01 3.790147304534912109e-01 -5.767990350723266602e-01 -1.937697529792785645e-01
-5.612319707870483398e-01 -3.094121813774108887e-01 2.345089912414550781e-01 3.548644781112670898e-01 -5.308499932289123535e-01 -6.288969516754150391e-02
-3.750987052917480469e-01 -4.037576913833618164e-01 1.008019447326660156e-01 3.494710922241210938e-01 -5.765664577484130859e-01 -2.463532090187072754e-01
-2.389509677886962891e-01 -5.924047231674194336e-01 4.541349411010742188e-02 3.592814207077026367e-01 -4.446644186973571777e-01 -3.977224826812744141e-01
-4.691594839096069336e-01 -4.797770380973815918e-01 -1.843869686126708984e-03 1.248949766159057617e-01 -3.316114544868469238e-01 -3.407707214355468750e-01
-5.339654684066772461e-01 -2.451047897338867188e-01 1.856455802917480469e-01 1.518554687500000000e-01 -4.401130080223083496e-01 -8.816170692443847656e-02
-4.851436614990234375e-01 -3.113067746162414551e-01 1.766663789749145508e-01 -3.806281089782714844e-02 -2.608935832977294922e-01 -1.349894404411315918e-01
-2.575741410255432129e-01 -2.910047173500061035e-01 4.859871864318847656e-01 -1.274434924125671387e-01 -2.055804729461669922e-01 -9.387344121932983398e-02
-2.827554941177368164e-01 -2.503322958946228027e-01 3.873013257980346680e-01 -1.575053930282592773e-01 -3.048741817474365234e-01 -1.363268494606018066e-01
-3.562124371528625488e-01 -2.394720911979675293e-01 4.403277635574340820e-01 -1.631082296371459961e-01 -2.092430591583251953e-01 -1.068909764289855957e-01
-3.837553262710571289e-01 -2.090091109275817871e-01 4.183197021484375000e-01 -3.383064270019531250e-02 -2.195381522178649902e-01 -5.198109149932861328e-02
-3.895793557167053223e-01 -2.511122822761535645e-01 5.552504062652587891e-01 2.060008049011230469e-02 -2.269378900527954102e-01 -7.677960395812988281e-02
-3.847551345825195312e-01 -2.461184263229370117e-01 5.318387746810913086e-01 -1.327384114265441895e-01 -1.715778112411499023e-01 -3.141957521438598633e-02
-6.256864666938781738e-01 -3.716981410980224609e-02 6.774085760116577148e-01 -9.176903963088989258e-02 -2.317817211151123047e-01 1.602388620376586914e-01
-5.570350885391235352e-01 -1.948685646057128906e-01 4.938465356826782227e-01 3.346669673919677734e-02 -2.234997153282165527e-01 4.455447196960449219e-02
-4.690278768539428711e-01 -1.424997448921203613e-01 4.984458684921264648e-01 2.059853076934814453e-02 -2.808926701545715332e-01 5.033457279205322266e-02
-3.290359377861022949e-01 -2.889719009399414062e-01 5.191557407379150391e-01 -7.636106014251708984e-02 -2.375524044036865234e-01 -1.297414302825927734e-03
-3.066800832748413086e-01 -4.724740982055664062e-01 3.306758403778076172e-01 4.849507808685302734e-01 -1.991113424301147461e-01 -1.802541613578796387e-01
-3.218262195587158203e-01 -5.426309704780578613e-01 1.834170818328857422e-01 4.253183603286743164e-01 -3.564664721488952637e-01 -2.284056544303894043e-01
-1.652446985244750977e-01 -6.562733650207519531e-01 9.902274608612060547e-02 5.374407768249511719e-02 -2.480062246322631836e-01 -2.076995372772216797e-01
-1.848682761192321777e-01 -4.859352707862854004e-01 2.434492111206054688e-02 -2.208032608032226562e-01 -1.304511427879333496e-01 5.599892139434814453e-02
-1.396874189376831055e-01 -5.292970538139343262e-01 1.266803741455078125e-01 -3.083227872848510742e-01 2.010701894760131836e-01 3.283143043518066406e-02
-1.713284254074096680e-01 -5.863618850708007812e-01 -1.657307147979736328e-03 -2.595406770706176758e-01 2.980031967163085938e-01 -6.856316328048706055e-02
1.035058498382568359e-02 -5.916941165924072266e-01 -6.456023454666137695e-02 -2.473238110542297363e-01 3.497345447540283203e-01 -2.277940511703491211e-02
-7.710480690002441406e-02 -4.514446854591369629e-01 1.359339952468872070e-01 -3.194928169250488281e-01 2.509496212005615234e-01 1.711491346359252930e-01
-9.854209423065185547e-02 -4.439703226089477539e-01 8.816099166870117188e-02 -2.627409696578979492e-01 2.886962890625000000e-01 9.249413013458251953e-02
-2.279810309410095215e-01 -4.141231179237365723e-01 1.649577617645263672e-01 -3.030198216438293457e-01 2.968109846115112305e-01 1.780807971954345703e-01
-2.628000378608703613e-01 -3.538204431533813477e-01 1.827756166458129883e-01 -3.024731278419494629e-01 2.696758508682250977e-01 2.349914312362670898e-01
-3.013746738433837891e-01 -2.916727066040039062e-01 2.028901576995849609e-01 -2.030515074729919434e-01 1.726384162902832031e-01 2.744967937469482422e-01
-2.892482876777648926e-01 -2.840463519096374512e-01 1.999269723892211914e-01 -3.918597102165222168e-01 2.588157653808593750e-01 2.313668727874755859e-01
-1.634794473648071289e-01 -3.909724950790405273e-01 1.301735639572143555e-01 -1.797782778739929199e-01 2.850292921066284180e-01 1.402772665023803711e-01
-4.199862480163574219e-01 -3.308555483818054199e-01 1.618187427520751953e-01 -1.225981116294860840e-01 2.446751594543457031e-01 2.049937248229980469e-01
-1.696157455444335938e-01 -4.251725077629089355e-01 9.672868251800537109e-02 -2.142611742019653320e-01 2.637207508087158203e-01 4.611849784851074219e-02
-2.119975686073303223e-01 -4.816877841949462891e-01 6.192719936370849609e-02 1.216363906860351562e-02 3.856257200241088867e-01 1.234900951385498047e-02
-6.754879951477050781e-01 -3.553953766822814941e-01 4.787179231643676758e-01 -2.510151863098144531e-01 3.574397563934326172e-01 2.974092960357666016e-01
-1.697884798049926758e-01 -4.051807522773742676e-01 3.447972536087036133e-01 -3.746337294578552246e-01 8.006143569946289062e-02 1.207019090652465820e-01
-1.092633008956909180e-01 -3.908541798591613770e-01 3.964649438858032227e-01 -3.920910954475402832e-01 2.241392135620117188e-01 6.084656715393066406e-02
-2.290599942207336426e-01 -2.544207572937011719e-01 5.930927991867065430e-01 -3.660179972648620605e-01 -1.039508581161499023e-01 4.229232072830200195e-01
