9.340739250183105469e-02 -1.081516146659851074e-01 1.280730962753295898e-01 -5.898011922836303711e-01 1.879068613052368164e-01 -6.008327007293701172e-02
1.120244264602661133e-01 -1.441162824630737305e-01 -1.041824221611022949e-01 -6.146123409271240234e-01 3.132268190383911133e-01 -2.455483078956604004e-01
4.353263378143310547e-01 -1.556770801544189453e-01 -3.445696234703063965e-01 -7.030612230300903320e-01 4.402527809143066406e-01 -3.679578304290771484e-01
4.197766780853271484e-01 -2.251490354537963867e-01 -3.363739848136901855e-01 -7.081223726272583008e-01 3.862025737762451172e-01 -4.370307326316833496e-01
3.945025205612182617e-01 -2.433494925498962402e-01 -2.826607227325439453e-01 -6.159462928771972656e-01 1.970932483673095703e-01 -3.673590421676635742e-01
3.528589010238647461e-01 -3.486168980598449707e-01 -2.095324397087097168e-01 -5.382959842681884766e-01 1.822855472564697266e-01 -4.349670410156250000e-01
3.226256370544433594e-01 -4.411489367485046387e-01 -1.536737680435180664e-01 -5.618743300437927246e-01 2.497657537460327148e-01 -5.017237067222595215e-01
3.270403146743774414e-01 -4.926947355270385742e-01 -1.593055725097656250e-01 -5.217833518981933594e-01 2.890560626983642578e-01 -5.499026775360107422e-01
2.269108295440673828e-01 -5.539934635162353516e-01 -1.321240067481994629e-01 -3.883646130561828613e-01 2.574315071105957031e-01 -5.417792797088623047e-01
3.411750793457031250e-01 -5.485171675682067871e-01 -2.586259245872497559e-01 -4.212459325790405273e-01 3.004422187805175781e-01 -5.964540243148803711e-01
3.029327392578125000e-01 -5.734137296676635742e-01 -1.427006125450134277e-01 -4.367892742156982422e-01 3.493397235870361328e-01 -6.405463218688964844e-01
2.727789878845214844e-01 -5.335693955421447754e-01 -2.279654145240783691e-01 -4.227644801139831543e-01 2.513009309768676758e-01 -5.689231157302856445e-01
1.706954240798950195e-01 -5.081802606582641602e-01 -2.461663484573364258e-01 -3.172357082366943359e-01 1.526889801025390625e-01 -5.113575458526611328e-01
1.371693611145019531e-01 -4.403350353240966797e-01 -2.259632945060729980e-01 -4.694580435752868652e-01 1.101353168487548828e-01 -4.847412705421447754e-01
1.766272783279418945e-01 -3.944959044456481934e-01 -2.534188032150268555e-01 -5.582428574562072754e-01 1.319882869720458984e-01 -4.526073932647705078e-01
2.578550577163696289e-01 -3.690228462219238281e-01 -3.177410960197448730e-01 -6.414293646812438965e-01 1.412594318389892578e-01 -4.472638368606567383e-01
3.106545209884643555e-01 -3.067986369132995605e-01 -3.105883002281188965e-01 -6.909255981445312500e-01 9.821498394012451172e-02 -4.242783784866333008e-01
2.174330949783325195e-01 -2.354296445846557617e-01 -2.579235434532165527e-01 -6.816006898880004883e-01 9.880483150482177734e-02 -3.945285081863403320e-01
2.990303039550781250e-01 -1.795492172241210938e-01 -4.894789457321166992e-01 -6.863068342208862305e-01 8.886826038360595703e-02 -4.500985145568847656e-01
2.818844318389892578e-01 -7.442796230316162109e-02 -4.012149572372436523e-01 -7.752782106399536133e-01 1.041769981384277344e-02 -3.175804018974304199e-01
2.234668731689453125e-01 4.881227016448974609e-02 -4.859738349914550781e-01 -4.711707234382629395e-01 -1.386185288429260254e-01 -1.539061665534973145e-01
1.551756858825683594e-01 2.157537937164306641e-01 -6.919568181037902832e-01 -3.778045773506164551e-01 -3.310788869857788086e-01 -6.246984004974365234e-03
1.377555131912231445e-01 2.429003715515136719e-01 -5.834996700286865234e-01 -3.657603263854980469e-01 -2.921410799026489258e-01 1.044775247573852539e-01
2.148113250732421875e-01 2.545340061187744141e-01 -6.820387244224548340e-01 -1.401183605194091797e-01 -3.301140069961547852e-01 1.331275701522827148e-01
3.580698966979980469e-01 3.714078664779663086e-01 -8.477125763893127441e-01 -1.841807365417480469e-02 -3.973152041435241699e-01 2.286279201507568359e-01
3.453369140625000000e-01 3.492046594619750977e-01 -8.411040902137756348e-01 2.994263172149658203e-02 -3.434132933616638184e-01 2.369525432586669922e-01
6.219339370727539062e-01 2.304323911666870117e-01 -9.067040681838989258e-01 2.373120784759521484e-01 -2.111994624137878418e-01 2.096331119537353516e-01
4.266108274459838867e-01 3.247820138931274414e-01 -7.522979974746704102e-01 1.886231899261474609e-01 -3.856350779533386230e-01 3.708939552307128906e-01
4.689068794250488281e-01 3.572615385055541992e-01 -8.254499435424804688e-01 3.261530399322509766e-01 -4.649276733398437500e-01 4.392073154449462891e-01
3.720549345016479492e-01 3.383642435073852539e-01 -7.166210412979125977e-01 4.747332334518432617e-01 -4.773175120353698730e-01 4.412184953689575195e-01
2.700785398483276367e-01 4.346362352371215820e-01 -6.068520545959472656e-01 5.480130910873413086e-01 -6.098655462265014648e-01 5.349600315093994141e-01
2.088890075683593750e-01 4.883629083633422852e-01 -6.007664203643798828e-01 4.499675035476684570e-01 -6.016906499862670898e-01 5.624511241912841797e-01
2.764016389846801758e-01 5.197644233703613281e-01 -6.195856332778930664e-01 4.736487865447998047e-01 -5.752131938934326172e-01 5.131367444992065430e-01
3.045585155487060547e-01 4.949041604995727539e-01 -6.839643120765686035e-01 4.254504442214965820e-01 -5.633964538574218750e-01 4.869990348815917969e-01
3.380689620971679688e-01 4.564671516418457031e-01 -7.652844190597534180e-01 3.890409469604492188e-01 -5.058028697967529297e-01 4.176717996597290039e-01
4.580556154251098633e-01 3.491233587265014648e-01 -7.508462667465209961e-01 3.649212121963500977e-01 -2.857398390769958496e-01 2.452940940856933594e-01
4.281895160675048828e-01 3.866763114929199219e-01 -8.120604753494262695e-01 1.613639593124389648e-01 -2.277665734291076660e-01 1.218304634094238281e-01
3.345594406127929688e-01 2.666571140289306641e-01 -8.352482318878173828e-01 -6.405812501907348633e-02 -8.086758852005004883e-02 -4.266679286956787109e-02
2.489422559738159180e-01 1.364786624908447266e-01 -6.025817394256591797e-01 -3.285967111587524414e-01 2.510484457015991211e-01 -2.499085068702697754e-01
3.911949396133422852e-01 -1.162894964218139648e-01 -2.689599990844726562e-01 -2.975100874900817871e-01 5.669960975646972656e-01 -4.331809878349304199e-01
2.973985671997070312e-01 -3.666690587997436523e-01 -7.491868734359741211e-02 -7.190519571304321289e-02 4.739595651626586914e-01 -3.256483674049377441e-01
2.484920024871826172e-01 -4.264621734619140625e-01 -1.387172937393188477e-01 -1.657569408416748047e-02 1.489783525466918945e-01 -1.997599601745605469e-01
3.078920841217041016e-01 -4.529606699943542480e-01 -1.142141222953796387e-01 -1.539821624755859375e-01 3.399586677551269531e-02 -2.881610393524169922e-02
4.078729152679443359e-01 -4.506959915161132812e-01 -3.447662591934204102e-01 -3.369607925415039062e-01 -3.960204124450683594e-02 -2.267946600914001465e-01
4.443794488906860352e-01 -4.146998524665832520e-01 -2.806237936019897461e-01 -2.701357007026672363e-01 -7.059144973754882812e-02 -2.605749964714050293e-01
2.520271539688110352e-01 -3.719053864479064941e-01 -1.001129150390625000e-01 -1.752346754074096680e-01 -4.749594926834106445e-01 7.056236267089843750e-03
1.599652767181396484e-01 -3.468971252441406250e-01 1.484417915344238281e-02 -3.512914776802062988e-01 -3.669508099555969238e-01 2.285230159759521484e-02
1.721899509429931641e-01 -2.500070333480834961e-01 -1.475869417190551758e-01 -3.011478185653686523e-01 -4.551536440849304199e-01 1.376843452453613281e-01
2.584651708602905273e-01 -3.375471234321594238e-01 -3.499757647514343262e-01 -1.110038757324218750e-01 -3.594498634338378906e-01 -4.517346620559692383e-02
2.696897983551025391e-01 -3.779042363166809082e-01 -1.995901465415954590e-01 -3.794616460800170898e-01 -1.552134156227111816e-01 -1.364852190017700195e-01
2.095445394515991211e-01 -4.117795228958129883e-01 -1.002542376518249512e-01 -2.719005346298217773e-01 -3.649877905845642090e-01 -1.401457786560058594e-01
6.419515609741210938e-02 -4.906909465789794922e-01 -3.095626831054687500e-03 -2.629909515380859375e-01 -2.726103067398071289e-01 -1.777402162551879883e-01
1.187835931777954102e-01 -5.057690143585205078e-01 -4.982978105545043945e-02 -2.432039380073547363e-01 -3.549935817718505859e-01 -3.051177263259887695e-01
-5.661684274673461914e-02 -3.915092945098876953e-01 -4.475462436676025391e-02 -1.213799118995666504e-01 -5.106267333030700684e-01 -1.613060235977172852e-01
-1.399742960929870605e-01 -4.800171852111816406e-01 1.456868648529052734e-02 4.738688468933105469e-02 -3.433890938758850098e-01 -2.433377504348754883e-01
-2.290922403335571289e-01 -3.033069968223571777e-01 2.400994300842285156e-01 -1.826131343841552734e-02 -3.664523959159851074e-01 -6.485593318939208984e-02
-2.654854059219360352e-01 -2.104800343513488770e-01 2.469363212585449219e-01 -2.656743526458740234e-01 -3.236010670661926270e-01 1.393198966979980469e-02
-3.594970107078552246e-01 -3.181523680686950684e-01 5.038583278656005859e-02 -2.141854763031005859e-01 -1.688895821571350098e-01 -1.420298218727111816e-01
-3.068482279777526855e-01 -3.197535872459411621e-01 1.397573947906494141e-01 -7.421255111694335938e-02 -1.932049989700317383e-01 -8.309102058410644531e-02
-4.544271230697631836e-01 -3.151981830596923828e-01 -1.200727820396423340e-01 1.589347124099731445e-01 -2.067687511444091797e-01 -1.666986346244812012e-01
-2.488495111465454102e-01 -4.223105907440185547e-01 -3.347480297088623047e-02 7.755923271179199219e-02 -2.977827191352844238e-01 -2.793259024620056152e-01
-2.368525266647338867e-01 -3.059418201446533203e-01 2.510831356048583984e-01 -1.934985518455505371e-01 -2.330305576324462891e-01 -1.316348910331726074e-01
-1.452728509902954102e-01 -3.771030306816101074e-01 3.866509199142456055e-01 -3.339382410049438477e-01 -9.438318014144897461e-02 -2.004767060279846191e-01
-3.239054083824157715e-01 -3.482571840286254883e-01 1.872372627258300781e-01 -1.185454130172729492e-01 -2.100174427032470703e-01 -2.153933048248291016e-01
-1.916496753692626953e-01 -3.536094427108764648e-01 3.230824470520019531e-01 3.464508056640625000e-02 -2.051107287406921387e-01 -2.253949642181396484e-01
-3.714150190353393555e-01 -2.504679560661315918e-01 1.882699728012084961e-01 -2.159332036972045898e-01 -1.917342543601989746e-01 -1.891884803771972656e-01
-4.626903533935546875e-01 -4.268155097961425781e-01 3.877933025360107422e-01 3.867777585983276367e-01 -3.918681740760803223e-01 -2.704632282257080078e-02
-3.512570858001708984e-01 -4.519863724708557129e-01 6.565809249877929688e-02 5.517439842224121094e-01 -4.805753231048583984e-01 -1.896835565567016602e-01
-4.176165461540222168e-01 -5.423765778541564941e-01 8.988690376281738281e-02 4.486413002014160156e-01 -3.328718543052673340e-01 -3.981258273124694824e-01
-4.079955816268920898e-01 -5.289044380187988281e-01 -3.732496500015258789e-02 2.912354469299316406e-01 -6.728997230529785156e-01 -4.178702831268310547e-01
1.152157783508300781e-02 -6.699063777923583984e-01 1.109142303466796875e-01 7.172405719757080078e-02 -5.482268333435058594e-01 -1.809028387069702148e-01
1.169131994247436523e-01 -7.675596475601196289e-01 -2.415412664413452148e-02 -1.136106848716735840e-01 -2.688617706298828125e-01 -2.993189692497253418e-01
1.416608095169067383e-01 -5.516209006309509277e-01 1.096740961074829102e-01 -9.902393817901611328e-02 -4.792050123214721680e-01 -1.715767383575439453e-02
1.896984577178955078e-01 -6.142804026603698730e-01 1.000432968139648438e-01 -1.675325036048889160e-01 -3.398431539535522461e-01 -3.828042745590209961e-02
7.624578475952148438e-02 -5.464737415313720703e-01 9.666013717651367188e-02 -1.032160520553588867e-01 -4.134809374809265137e-01 6.052315235137939453e-02
2.485895156860351562e-02 -5.962430238723754883e-01 7.278013229370117188e-02 -8.887910842895507812e-02 -3.670042157173156738e-01 -6.247508525848388672e-02
1.534938812255859375e-01 -6.361802816390991211e-01 1.463439464569091797e-01 -8.233380317687988281e-02 -2.804020643234252930e-01 5.697965621948242188e-03
1.337633132934570312e-01 -6.678730249404907227e-01 2.488981485366821289e-01 -1.705086231231689453e-01 -1.997103095054626465e-01 -8.326679468154907227e-02
8.198833465576171875e-02 -8.331139087677001953e-01 2.388238906860351562e-02 3.948831558227539062e-02 -8.149892091751098633e-02 -3.806028962135314941e-01
5.926334857940673828e-02 -7.905310392379760742e-01 -5.366486310958862305e-02 8.487451076507568359e-02 -2.086946964263916016e-01 -3.879116177558898926e-01
-2.014517784118652344e-02 -6.385788917541503906e-01 -5.235671997070312500e-02 -1.649028062820434570e-02 -2.958419322967529297e-01 -3.215454816818237305e-01
1.235842704772949219e-03 -4.854075312614440918e-01 1.550825834274291992e-01 -3.530347347259521484e-02 -2.033811211585998535e-01 -1.220340728759765625e-01
-1.658666133880615234e-01 -4.332907199859619141e-01 1.851649284362792969e-01 -4.177355766296386719e-02 -1.213655471801757812e-01 -5.614924430847167969e-02
-6.069564819335937500e-02 -5.598495006561279297e-01 1.233807802200317383e-01 -3.232622146606445312e-01 -7.484239339828491211e-02 -4.148977398872375488e-01
-8.774888515472412109e-02 -5.913621187210083008e-01 1.936897039413452148e-01 -3.621549010276794434e-01 -9.121429920196533203e-02 -3.931090235710144043e-01
-4.036474227905273438e-02 -4.696906805038452148e-01 3.868697881698608398e-01 -1.483268141746520996e-01 -1.759979724884033203e-01 -1.394301652908325195e-02
-1.856184005737304688e-01 -4.457459449768066406e-01 3.007274866104125977e-01 -2.529648542404174805e-01 -1.954876780509948730e-01 -1.385501623153686523e-01
-1.896611452102661133e-01 -3.220700025558471680e-01 1.938958168029785156e-01 -4.373364448547363281e-01 -1.867595314979553223e-01 -1.897249221801757812e-01
-1.565325260162353516e-01 -4.201411604881286621e-01 3.973157405853271484e-01 -3.782971501350402832e-01 -1.136687397956848145e-01 -2.068570852279663086e-01
-1.510117053985595703e-01 -3.730927705764770508e-01 2.309226989746093750e-01 -2.733676433563232422e-01 -2.186679840087890625e-01 -2.420626282691955566e-01
-9.636783599853515625e-02 -1.592801213264465332e-01 3.554641008377075195e-01 2.210650444030761719e-01 1.137646436691284180e-01 -3.059855103492736816e-01
-1.411499977111816406e-01 -2.766057252883911133e-01 2.521642446517944336e-01 6.819760799407958984e-02 4.275047779083251953e-01 -4.985225796699523926e-01
-1.032236218452453613e-01 -3.801507353782653809e-01 1.951398849487304688e-01 7.009947299957275391e-02 4.017872810363769531e-01 -6.744748950004577637e-01
-3.252878785133361816e-01 -4.579305648803710938e-01 3.506566286087036133e-01 1.391983032226562500e-01 3.364375829696655273e-01 -7.053173780441284180e-01
-2.527424693107604980e-01 -5.208208560943603516e-01 4.590177536010742188e-01 -1.751198768615722656e-01 1.049377918243408203e-01 -5.354661941528320312e-01
3.717639446258544922e-01 -7.533299326896667480e-01 3.061538934707641602e-01 -3.671535253524780273e-01 3.229135274887084961e-01 -6.810891628265380859e-01
3.701707124710083008e-01 -6.337320804595947266e-01 3.019567728042602539e-01 -4.801602363586425781e-01 2.613521814346313477e-01 -5.199390649795532227e-01
4.289392232894897461e-01 -5.753054022789001465e-01 -1.826369762420654297e-02 -6.099244356155395508e-01 3.829133510589599609e-01 -6.495308876037597656e-01
4.734921455383300781e-01 -4.371092319488525391e-01 -7.771074771881103516e-02 -7.003344893455505371e-01 3.741934299468994141e-01 -5.421456098556518555e-01
5.152671337127685547e-01 -3.696569204330444336e-01 -1.245199441909790039e-01 -8.881701827049255371e-01 4.042544364929199219e-01 -5.290652513504028320e-01
2.126159667968750000e-01 -3.182823657989501953e-01 -4.868268966674804688e-03 -9.261499047279357910e-01 1.416637897491455078e-01 -2.979512810707092285e-01
1.069014072418212891e-01 -2.500877976417541504e-01 -1.296692490577697754e-01 -8.095188736915588379e-01 1.249140501022338867e-01 -3.138523101806640625e-01
-8.356910943984985352e-02 -4.253661036491394043e-01 3.521490097045898438e-02 -7.466015815734863281e-01 3.489924669265747070e-01 -6.173323392868041992e-01
-2.222681641578674316e-01 -4.439370632171630859e-01 1.534866094589233398e-01 -5.216511487960815430e-01 1.267567873001098633e-01 -5.072369575500488281e-01
-1.448291540145874023e-02 -2.891913056373596191e-01 2.781834602355957031e-01 -4.926715493202209473e-01 -2.622901201248168945e-01 -2.963520288467407227e-01
-7.868230342864990234e-02 -5.297836065292358398e-01 3.686184883117675781e-01 -3.582694530487060547e-01 3.934931755065917969e-02 -3.901360630989074707e-01
-1.324276924133300781e-01 -5.625064373016357422e-01 2.772887945175170898e-01 -2.587320804595947266e-01 1.042543649673461914e-01 -4.146054387092590332e-01
-2.452329993247985840e-01 -5.170733928680419922e-01 1.517744064331054688e-01 -4.436751604080200195e-01 1.512986421585083008e-01 -5.684574842453002930e-01
-2.325530052185058594e-01 -4.680291414260864258e-01 2.658790349960327148e-01 -3.636161684989929199e-01 1.453685760498046875e-01 -3.970029950141906738e-01
-4.620094895362854004e-01 -3.129671216011047363e-01 1.557695865631103516e-01 -1.643629074096679688e-01 -8.157694339752197266e-02 -2.252520322799682617e-01
-3.423107862472534180e-01 -5.024687051773071289e-01 2.070161104202270508e-01 -2.875010371208190918e-01 7.438170909881591797e-02 -4.580173492431640625e-01
-1.450061202049255371e-01 -5.063658952713012695e-01 1.724535226821899414e-01 -3.077874183654785156e-01 -4.765170812606811523e-02 -3.938419222831726074e-01
-1.654916405677795410e-01 -3.809255957603454590e-01 2.599302530288696289e-01 -1.543742418289184570e-01 -1.797384619712829590e-01 -2.508076429367065430e-01
-2.074236869812011719e-01 4.544661045074462891e-01 3.408408164978027344e-01 1.798566579818725586e-01 -3.286814689636230469e-01 5.431522130966186523e-01
-2.269124388694763184e-01 3.370051383972167969e-01 2.324296236038208008e-01 1.240063905715942383e-01 -2.169350981712341309e-01 2.148630619049072266e-01
-2.434278130531311035e-01 3.293883800506591797e-01 2.991626262664794922e-01 7.058405876159667969e-02 -2.701824903488159180e-01 3.239170312881469727e-01
-1.960299015045166016e-01 3.654372692108154297e-02 1.620430946350097656e-01 8.480238914489746094e-02 -4.038087725639343262e-01 2.957181930541992188e-01
3.401041030883789062e-03 2.726367712020874023e-01 -1.510931253433227539e-01 1.297055482864379883e-01 -4.004144072532653809e-01 4.603973627090454102e-01
7.267403602600097656e-02 4.388091564178466797e-01 -2.126197814941406250e-01 2.297488451004028320e-01 -4.929223656654357910e-01 6.481248140335083008e-01
1.673339605331420898e-01 4.050415754318237305e-01 -3.324385881423950195e-01 2.639364004135131836e-01 -3.519208431243896484e-01 5.367552042007446289e-01
2.109555006027221680e-01 3.690778017044067383e-01 -2.582993507385253906e-01 3.324636220932006836e-01 -2.922784090042114258e-01 6.338937282562255859e-01
1.256371736526489258e-01 3.434500694274902344e-01 -2.042371630668640137e-01 3.470128774642944336e-01 -3.006715178489685059e-01 6.224383115768432617e-01
7.981097698211669922e-02 3.630222082138061523e-01 -1.831092238426208496e-01 2.612032890319824219e-01 -2.737770080566406250e-01 6.310763359069824219e-01
-2.739930152893066406e-02 3.025982379913330078e-01 -1.689622998237609863e-01 4.057528972625732422e-01 -2.756666541099548340e-01 5.871455669403076172e-01
2.334058284759521484e-02 3.567136526107788086e-01 -1.883472800254821777e-01 3.542557954788208008e-01 -3.538129329681396484e-01 6.389908790588378906e-01
-3.944927453994750977e-02 1.721179485321044922e-01 -4.914772510528564453e-02 3.668478727340698242e-01 -2.813866734504699707e-01 5.413343906402587891e-01
-1.122558116912841797e-01 2.325707674026489258e-01 3.342700004577636719e-02 4.715496301651000977e-01 -4.905069470405578613e-01 6.761345863342285156e-01
-2.685735225677490234e-01 1.949217319488525391e-01 2.115950584411621094e-01 2.624467611312866211e-01 -4.613820910453796387e-01 7.665100097656250000e-01
-1.055490374565124512e-01 2.326481342315673828e-01 6.487417221069335938e-02 3.759794235229492188e-01 -2.782654166221618652e-01 6.514023542404174805e-01
-1.949256658554077148e-02 1.850765943527221680e-01 2.373456954956054688e-02 2.571542263031005859e-01 -2.929818034172058105e-01 5.402584075927734375e-01
-5.981224775314331055e-02 1.896127462387084961e-01 8.359742164611816406e-02 2.752443552017211914e-01 -3.226246237754821777e-01 5.140817165374755859e-01
-3.322947621345520020e-01 1.911655664443969727e-01 3.645558357238769531e-01 2.750782966613769531e-01 -2.445006370544433594e-01 5.946023464202880859e-01
