-5.487519502639770508e-02 -3.465218544006347656e-01 7.635426521301269531e-02 -3.443121910095214844e-01 1.867870092391967773e-01 -3.055424690246582031e-01
1.420322656631469727e-01 -3.850091695785522461e-01 -2.559102177619934082e-01 -5.304899215698242188e-01 3.660545349121093750e-01 -5.175994634628295898e-01
3.138107061386108398e-01 -4.291552901268005371e-01 -1.881374120712280273e-01 -5.808171629905700684e-01 3.649065494537353516e-01 -5.307422876358032227e-01
3.412957191467285156e-01 -4.405724406242370605e-01 -1.932241320610046387e-01 -5.184563398361206055e-01 3.016515970230102539e-01 -5.482632517814636230e-01
2.123351097106933594e-01 -5.794131755828857422e-01 -1.576312780380249023e-01 -3.538798689842224121e-01 3.305562734603881836e-01 -6.620335578918457031e-01
2.902125120162963867e-01 -6.193511486053466797e-01 -2.688921689987182617e-01 -3.242158889770507812e-01 3.053846359252929688e-01 -7.100332975387573242e-01
2.457046508789062500e-01 -6.087359189987182617e-01 -1.841369271278381348e-01 -3.212043642997741699e-01 3.534755706787109375e-01 -6.867198348045349121e-01
2.781308889389038086e-01 -6.939040422439575195e-01 -2.227458357810974121e-01 -3.786059021949768066e-01 3.683310747146606445e-01 -7.498186826705932617e-01
1.313858032226562500e-01 -6.995938420295715332e-01 -7.546657323837280273e-02 -4.202342629432678223e-01 3.607079982757568359e-01 -7.414152026176452637e-01
2.057869434356689453e-01 -7.119240760803222656e-01 -1.682916879653930664e-01 -3.326343894004821777e-01 3.652819395065307617e-01 -7.795993089675903320e-01
1.966228485107421875e-01 -7.568922042846679688e-01 -1.876242756843566895e-01 -2.469258904457092285e-01 3.460891246795654297e-01 -8.352050781250000000e-01
1.212712526321411133e-01 -6.341890096664428711e-01 -8.505469560623168945e-02 -4.175420999526977539e-01 2.477408647537231445e-01 -6.952291727066040039e-01
1.574864387512207031e-01 -5.884330868721008301e-01 -5.033808946609497070e-02 -5.967353582382202148e-01 2.528380155563354492e-01 -6.500332355499267578e-01
2.252975702285766602e-01 -5.038809776306152344e-01 -1.770958304405212402e-01 -5.150214433670043945e-01 2.399877309799194336e-01 -6.490134596824645996e-01
1.407982110977172852e-01 -4.647775292396545410e-01 -2.620471715927124023e-01 -4.682881236076354980e-01 1.037689447402954102e-01 -5.594941377639770508e-01
1.135659217834472656e-01 -4.293271899223327637e-01 -2.322949767112731934e-01 -6.287248730659484863e-01 1.927789449691772461e-01 -6.100293397903442383e-01
1.324062347412109375e-01 -3.173158764839172363e-01 -2.601445913314819336e-01 -7.583475112915039062e-01 1.247507333755493164e-01 -5.616201162338256836e-01
8.217692375183105469e-02 -2.166413068771362305e-01 -3.813296556472778320e-01 -5.369564294815063477e-01 5.076479911804199219e-02 -5.503238439559936523e-01
1.303008794784545898e-01 -1.496974825859069824e-01 -4.469195008277893066e-01 -5.947461128234863281e-01 -5.750513076782226562e-02 -4.052189588546752930e-01
5.710864067077636719e-02 3.647589683532714844e-02 -4.527803659439086914e-01 -2.939710021018981934e-01 -2.852024435997009277e-01 -1.178814172744750977e-01
-7.595479488372802734e-03 1.537784337997436523e-01 -5.785498619079589844e-01 -1.448274254798889160e-01 -4.193699955940246582e-01 -2.623963356018066406e-02
6.023037433624267578e-02 7.512342929840087891e-02 -6.456844806671142578e-01 4.472053050994873047e-02 -3.328263759613037109e-01 -4.727786779403686523e-02
2.070114612579345703e-01 8.949339389801025391e-02 -8.106694817543029785e-01 2.052607536315917969e-01 -3.012255430221557617e-01 -8.195096254348754883e-02
3.443135023117065430e-01 6.474924087524414062e-02 -7.248039245605468750e-01 2.888233661651611328e-01 -1.588384509086608887e-01 -4.831045866012573242e-02
5.041854381561279297e-01 6.166446208953857422e-02 -5.968369245529174805e-01 2.999814748764038086e-01 -1.509175300598144531e-01 1.258088350296020508e-01
5.348531007766723633e-01 8.401131629943847656e-02 -7.260599136352539062e-01 4.887287616729736328e-01 -2.168405652046203613e-01 1.117783784866333008e-01
5.379849672317504883e-01 1.318283081054687500e-01 -8.044394254684448242e-01 5.934574604034423828e-01 -3.515104055404663086e-01 2.334408760070800781e-01
4.744553565979003906e-01 4.624831676483154297e-02 -7.326586246490478516e-01 5.913689136505126953e-01 -2.759342789649963379e-01 1.657145023345947266e-01
5.688093900680541992e-01 -1.257310509681701660e-01 -6.671432256698608398e-01 7.088000774383544922e-01 -1.321718692779541016e-01 7.209932804107666016e-02
4.018619060516357422e-01 -1.908004283905029297e-02 -6.452651619911193848e-01 7.723157405853271484e-01 -3.543578386306762695e-01 2.422194480895996094e-01
3.291112184524536133e-01 6.003069877624511719e-02 -6.809539198875427246e-01 5.857231616973876953e-01 -3.299022316932678223e-01 2.344747781753540039e-01
3.519672155380249023e-01 -6.250488758087158203e-02 -6.109664440155029297e-01 6.102977991104125977e-01 -2.439981102943420410e-01 1.516671180725097656e-01
3.463957309722900391e-01 6.075382232666015625e-03 -6.179968118667602539e-01 6.637747287750244141e-01 -3.064470887184143066e-01 1.908053159713745117e-01
2.837593555450439453e-01 8.931350708007812500e-02 -6.149286031723022461e-01 5.734578371047973633e-01 -3.249174356460571289e-01 1.925607919692993164e-01
4.150528907775878906e-01 1.022884845733642578e-01 -7.577381134033203125e-01 5.403389930725097656e-01 -3.205051422119140625e-01 1.202548742294311523e-01
3.132166862487792969e-01 1.155999898910522461e-01 -7.242480516433715820e-01 3.585120439529418945e-01 -2.855887413024902344e-01 9.562003612518310547e-02
2.845938205718994141e-01 1.464303731918334961e-01 -7.423146963119506836e-01 5.618572235107421875e-03 -6.249874830245971680e-02 -1.429837346076965332e-01
3.459991216659545898e-01 1.088912487030029297e-01 -7.786316275596618652e-01 -2.812157273292541504e-01 2.130705118179321289e-01 -4.064595103263854980e-01
5.519827604293823242e-01 -4.205147027969360352e-01 -4.132724404335021973e-01 -4.018326997756958008e-01 7.061542272567749023e-01 -7.109357118606567383e-01
5.090960264205932617e-01 -6.812202930450439453e-01 -2.823964357376098633e-01 -3.500855565071105957e-01 7.348481416702270508e-01 -8.216877579689025879e-01
1.002867221832275391e-01 -7.327900528907775879e-01 -1.854900717735290527e-01 -4.149541854858398438e-01 3.412879705429077148e-01 -6.115356683731079102e-01
2.238973379135131836e-01 -5.497379302978515625e-01 -9.584903717041015625e-02 -3.524590134620666504e-01 3.323197364807128906e-03 -2.294335365295410156e-01
2.460421323776245117e-01 -4.458429217338562012e-01 -8.427387475967407227e-02 -2.735791802406311035e-01 -2.770987749099731445e-01 -7.914239168167114258e-02
3.260517120361328125e-01 -3.201092481613159180e-01 -2.360122203826904297e-01 -2.440764904022216797e-01 -1.364801526069641113e-01 -1.064492464065551758e-01
1.489375829696655273e-01 -3.185619115829467773e-01 -7.272845506668090820e-02 -2.280891537666320801e-01 -2.277628183364868164e-01 -5.198216438293457031e-02
1.413418054580688477e-01 -6.001567840576171875e-01 4.797160625457763672e-02 -1.912315487861633301e-01 -6.261932849884033203e-02 -1.289728283882141113e-01
1.119518280029296875e-02 -4.217492341995239258e-01 -2.091741561889648438e-02 -3.695533275604248047e-01 -3.052250146865844727e-01 -7.365030050277709961e-02
-1.903838515281677246e-01 -3.596760630607604980e-01 -1.736593246459960938e-02 -1.995578408241271973e-01 -5.298652052879333496e-01 1.032769680023193359e-02
-8.768999576568603516e-02 -3.317279219627380371e-01 -7.374656200408935547e-02 -2.345797419548034668e-01 -4.950359463691711426e-01 3.994011878967285156e-02
-4.937648773193359375e-02 -4.344774484634399414e-01 9.324824810028076172e-02 -3.070492744445800781e-01 -3.843451738357543945e-01 -6.125348806381225586e-02
-1.263062953948974609e-01 -4.180146455764770508e-01 2.574074268341064453e-01 -4.812311530113220215e-01 -4.534585475921630859e-01 5.649590492248535156e-02
-1.019682884216308594e-01 -5.700299739837646484e-01 1.415646076202392578e-01 -2.370575666427612305e-01 -2.507140040397644043e-01 -1.704360842704772949e-01
-1.980282664299011230e-01 -4.237909913063049316e-01 2.474987506866455078e-02 -5.284798145294189453e-02 -4.478989839553833008e-01 -1.037200093269348145e-01
-4.598012566566467285e-01 -4.813296198844909668e-01 8.370316028594970703e-02 -1.990554928779602051e-01 -2.155241370201110840e-01 -3.072422742843627930e-01
-4.893857836723327637e-01 -4.774380326271057129e-01 1.526694297790527344e-01 -2.314993143081665039e-01 -1.907593607902526855e-01 -3.221195340156555176e-01
-3.838558197021484375e-01 -2.523692846298217773e-01 3.255324363708496094e-01 -1.128938794136047363e-01 -2.012840509414672852e-01 1.155269145965576172e-02
-4.896653890609741211e-01 -3.737949728965759277e-01 1.081159114837646484e-01 -1.742659211158752441e-01 -1.267036199569702148e-01 -1.921232342720031738e-01
-4.284473657608032227e-01 -3.880776166915893555e-01 1.680719852447509766e-02 -2.195849418640136719e-01 -1.577530503273010254e-01 -2.624317407608032227e-01
-2.661608457565307617e-01 -3.072943687438964844e-01 2.165062427520751953e-01 -3.430593609809875488e-01 -2.994665503501892090e-01 -1.785073280334472656e-01
-2.181947231292724609e-01 -3.638176321983337402e-01 3.037443161010742188e-01 -2.864012718200683594e-01 -1.796450018882751465e-01 -1.765670776367187500e-01
-4.888325929641723633e-01 -1.644073724746704102e-01 2.266285419464111328e-01 -2.904564142227172852e-02 -3.346230983734130859e-01 -3.127849102020263672e-02
-2.167728543281555176e-01 -2.030164599418640137e-01 1.713874340057373047e-01 -1.236056685447692871e-01 -2.606925964355468750e-01 -3.348588943481445312e-04
-1.537952423095703125e-01 -3.659815788269042969e-01 1.386960744857788086e-01 -2.254521846771240234e-02 -1.690442562103271484e-01 -1.693276762962341309e-01
-3.672415614128112793e-01 -1.941181421279907227e-01 2.706068754196166992e-01 -1.898404955863952637e-01 -2.751495838165283203e-01 -1.606947183609008789e-02
-4.600416421890258789e-01 -2.972907423973083496e-01 2.648160457611083984e-01 4.910802841186523438e-02 -2.725768089294433594e-01 -1.644451618194580078e-01
-2.344173789024353027e-01 -3.982401490211486816e-01 3.557593822479248047e-01 2.160868644714355469e-01 -3.404626250267028809e-01 -9.626001119613647461e-02
-4.390159249305725098e-01 -3.444793224334716797e-01 2.562696933746337891e-01 3.220049142837524414e-01 -5.155719518661499023e-01 1.028966903686523438e-02
-3.800630569458007812e-01 -3.789533972740173340e-01 2.364541292190551758e-01 4.398181438446044922e-01 -6.856327056884765625e-01 -1.336290836334228516e-01
-3.022937178611755371e-01 -6.821785569190979004e-01 -7.727396488189697266e-02 1.079877614974975586e-01 -3.304681777954101562e-01 -4.737334251403808594e-01
-1.616907715797424316e-01 -5.717979669570922852e-01 6.939423084259033203e-02 3.728044033050537109e-02 -5.685735940933227539e-01 -1.088452935218811035e-01
1.062386035919189453e-01 -6.599953770637512207e-01 1.206730604171752930e-01 -1.769587397575378418e-01 -3.111692667007446289e-01 -1.394832730293273926e-01
2.070683240890502930e-01 -5.991272330284118652e-01 1.365020275115966797e-01 -1.656589508056640625e-01 -2.821226716041564941e-01 -1.295670270919799805e-01
1.917853355407714844e-01 -5.360113382339477539e-01 1.861622333526611328e-01 -3.242314457893371582e-01 -3.221904039382934570e-01 2.680170536041259766e-02
1.105937957763671875e-01 -5.240584611892700195e-01 1.585563421249389648e-01 -2.462592720985412598e-01 -2.836357355117797852e-01 1.636016368865966797e-02
1.292524337768554688e-01 -6.457899808883666992e-01 2.006423473358154297e-01 -1.836906075477600098e-01 -2.093609571456909180e-01 -6.186842918395996094e-02
1.302082538604736328e-01 -5.900614261627197266e-01 2.856998443603515625e-01 -2.589471936225891113e-01 -2.192690372467041016e-01 -6.984329223632812500e-02
1.261901855468750000e-02 -8.451128005981445312e-01 1.706942319869995117e-01 1.417994499206542969e-02 4.789364337921142578e-02 -3.028532862663269043e-01
-1.199699044227600098e-01 -5.586711168289184570e-01 2.057577371597290039e-01 -2.688887119293212891e-01 -2.240052223205566406e-01 -1.929979324340820312e-01
1.492881774902343750e-02 -4.920534491539001465e-01 4.187980890274047852e-01 -5.095742940902709961e-01 -1.490950584411621094e-03 -2.742317318916320801e-01
-4.603046178817749023e-02 -4.024054408073425293e-01 1.613631248474121094e-01 -3.826189637184143066e-01 -2.018151283264160156e-01 -1.877946257591247559e-01
2.823734283447265625e-02 -6.085290908813476562e-01 1.441067457199096680e-01 -2.666128277778625488e-01 6.266760826110839844e-02 -4.347438812255859375e-01
-6.156009435653686523e-02 -4.468668699264526367e-01 1.669846773147583008e-01 -2.788698673248291016e-02 -2.623739838600158691e-01 -2.531767487525939941e-01
1.900744438171386719e-02 -4.777048826217651367e-01 2.151888608932495117e-01 -2.812626361846923828e-01 -2.074516415596008301e-01 -2.579613327980041504e-01
-1.330147981643676758e-01 -3.912331461906433105e-01 3.134825229644775391e-01 -3.737958669662475586e-01 -1.403509974479675293e-01 -1.761536002159118652e-01
-1.555103063583374023e-02 -3.476239442825317383e-01 2.642467021942138672e-01 -4.178458452224731445e-01 -2.441968321800231934e-01 -1.433444023132324219e-01
-2.457827329635620117e-02 -2.672954797744750977e-01 1.751799583435058594e-01 -4.152643084526062012e-01 -3.496194481849670410e-01 -2.363618612289428711e-01
-1.833633184432983398e-01 -2.950381040573120117e-01 3.484686613082885742e-01 -1.063912510871887207e-01 -3.953867554664611816e-01 -8.693116903305053711e-02
-8.186489343643188477e-02 -4.403682351112365723e-01 -4.255694150924682617e-02 2.710843086242675781e-02 3.021256923675537109e-01 -7.368109822273254395e-01
-9.420019388198852539e-02 -1.120840311050415039e-01 5.143380165100097656e-02 -8.602356910705566406e-02 1.400597095489501953e-01 -5.804666280746459961e-01
-4.538809061050415039e-01 -2.292478084564208984e-01 6.517362594604492188e-02 1.032949686050415039e-01 1.043794155120849609e-01 -5.533573627471923828e-01
-3.582615852355957031e-01 -4.381265640258789062e-01 4.837543964385986328e-01 -1.480746269226074219e-01 4.709801673889160156e-01 -5.579406023025512695e-01
2.672750949859619141e-01 -7.938106060028076172e-01 1.329097747802734375e-01 -4.065056443214416504e-01 3.931291103363037109e-01 -9.809483289718627930e-01
9.146428108215332031e-02 -5.545235872268676758e-01 -1.960071325302124023e-01 -2.632398009300231934e-01 3.296148777008056641e-02 -7.323687076568603516e-01
1.217985153198242188e-01 -5.798212289810180664e-01 -1.657431721687316895e-01 -5.064809322357177734e-01 1.563293933868408203e-01 -8.150037527084350586e-01
1.984115839004516602e-01 -5.261169075965881348e-01 -7.480061054229736328e-02 -5.196011066436767578e-01 2.628190517425537109e-01 -7.583969831466674805e-01
1.378302574157714844e-01 -5.174095630645751953e-01 -1.235328316688537598e-01 -5.252729654312133789e-01 2.378690242767333984e-01 -7.088830471038818359e-01
7.963919639587402344e-02 -4.729676842689514160e-01 -2.180579900741577148e-01 -5.054268836975097656e-01 1.184059381484985352e-01 -7.041626572608947754e-01
-2.150058746337890625e-02 -3.449096679687500000e-01 -2.145702242851257324e-01 -4.146197438240051270e-01 -1.057705283164978027e-01 -5.751356482505798340e-01
-1.612855195999145508e-01 -2.761908173561096191e-01 -1.350558996200561523e-01 -3.410236239433288574e-01 -1.203566193580627441e-01 -3.422431945800781250e-01
-3.205822706222534180e-01 -1.104207634925842285e-01 -8.871340751647949219e-02 -3.878908157348632812e-01 -2.534481287002563477e-01 -1.917592287063598633e-01
-2.349624037742614746e-01 -1.868024468421936035e-01 6.931686401367187500e-02 -4.438878893852233887e-01 -2.728883028030395508e-01 -2.737988829612731934e-01
-2.316955327987670898e-01 -3.529432415962219238e-01 2.441034317016601562e-01 -3.109575510025024414e-01 -1.865391731262207031e-01 -4.455775618553161621e-01
-3.434469699859619141e-01 -3.294984698295593262e-01 1.779190301895141602e-01 -3.897405266761779785e-01 -3.215976357460021973e-01 -3.104323744773864746e-01
-7.589322328567504883e-02 -3.701922893524169922e-01 2.805308103561401367e-01 -1.378996372222900391e-01 -1.769513487815856934e-01 -3.882036805152893066e-01
-2.123348116874694824e-01 -3.525318503379821777e-01 5.659961700439453125e-02 -3.065620064735412598e-01 -2.660057544708251953e-01 -3.673583269119262695e-01
-4.716598987579345703e-01 -3.168344497680664062e-01 -1.914083957672119141e-03 -1.918588280677795410e-01 -1.021284461021423340e-01 -3.258063793182373047e-01
-3.382505178451538086e-01 -3.920013308525085449e-01 -1.332599520683288574e-01 -1.649706959724426270e-01 -2.532005310058593750e-01 -3.690963387489318848e-01
-3.609776496887207031e-01 -3.876774907112121582e-01 -3.151297569274902344e-04 -2.711437940597534180e-01 -8.004599809646606445e-02 -3.556933999061584473e-01
-1.407559514045715332e-01 -3.980795145034790039e-01 2.471230030059814453e-01 -3.235528469085693359e-01 -2.483695745468139648e-01 -1.092582941055297852e-01
-3.347042798995971680e-01 7.684504985809326172e-02 2.896162271499633789e-01 1.954886913299560547e-01 -3.531575798988342285e-01 2.779948711395263672e-01
-2.995112538337707520e-01 1.175650358200073242e-01 9.730219841003417969e-03 5.118067264556884766e-01 -1.453956961631774902e-01 1.025804281234741211e-01
-2.838630676269531250e-01 2.487953901290893555e-01 1.372272968292236328e-01 4.134942293167114258e-01 -4.075621962547302246e-01 2.550580501556396484e-01
-1.009303331375122070e-02 5.247318744659423828e-02 -9.374022483825683594e-04 2.446906566619873047e-01 -3.250001668930053711e-01 2.749880552291870117e-01
1.994261741638183594e-01 1.476663351058959961e-01 -2.842119336128234863e-01 4.160171747207641602e-01 -2.803148627281188965e-01 3.769005537033081055e-01
1.879475116729736328e-01 2.670536041259765625e-01 -2.982708215713500977e-01 5.442104339599609375e-01 -3.634303212165832520e-01 5.478014945983886719e-01
3.022122383117675781e-01 2.496864795684814453e-01 -3.560065031051635742e-01 6.526250839233398438e-01 -2.848039865493774414e-01 5.184550285339355469e-01
1.208591461181640625e-01 2.885816097259521484e-01 -2.263293862342834473e-01 5.524830818176269531e-01 -3.009527325630187988e-01 6.369624137878417969e-01
7.214951515197753906e-02 2.522318363189697266e-01 -3.161104917526245117e-01 6.830003261566162109e-01 -3.598214983940124512e-01 6.745353937149047852e-01
1.137481927871704102e-01 3.028707504272460938e-01 -2.417905330657958984e-01 4.937896728515625000e-01 -2.489909529685974121e-01 6.561075448989868164e-01
8.451259136199951172e-02 2.995815277099609375e-01 -2.770435810089111328e-01 6.669881343841552734e-01 -1.596490144729614258e-01 5.392714738845825195e-01
3.185760974884033203e-02 1.982064247131347656e-01 -2.880815267562866211e-01 7.455019950866699219e-01 -2.746667861938476562e-01 5.519626140594482422e-01
1.972923278808593750e-01 1.494288444519042969e-01 -1.981959342956542969e-01 6.747721433639526367e-01 -1.766128540039062500e-01 4.106866121292114258e-01
-1.126891374588012695e-02 3.584712743759155273e-01 -4.332953691482543945e-02 6.142648458480834961e-01 -2.718221545219421387e-01 6.982576847076416016e-01
-5.075007677078247070e-02 1.552499532699584961e-01 1.264846324920654297e-01 4.259241819381713867e-01 -3.122531771659851074e-01 6.211421489715576172e-01
-2.765799164772033691e-01 3.976995944976806641e-01 2.702946662902832031e-01 3.823678493499755859e-01 -4.006500244140625000e-01 9.167129993438720703e-01
-2.049370408058166504e-01 1.755441427230834961e-01 5.812096595764160156e-02 2.818309068679809570e-01 -4.311724901199340820e-01 6.262564659118652344e-01
-1.074317097663879395e-01 1.782637834548950195e-01 2.979129552841186523e-01 3.390018939971923828e-01 -1.420341730117797852e-01 6.966590881347656250e-01
-4.645174145698547363e-01 1.740900278091430664e-01 4.439990520477294922e-01 3.328611850738525391e-01 -6.003344058990478516e-02 6.455521583557128906e-01
