-10.056100 4.092838 -6.277153 7.306523 11.000610 12.546190 8.700492 12.369850 2.812243 -5.936794 -10.209340 -10.918160
1.320107 8.396609 -10.797140 -8.448838 3.256623 9.099528 -2.969902 -12.052360 -11.491810 -10.251480 -7.729927 -13.878410
1.597237 9.290936 -15.974270 -10.705410 6.343261 15.099850 -4.956104 -20.961160 0.641092 -16.680000 -3.332153 -18.006800
1.308078 11.069490 -15.597660 -15.324270 1.603066 9.791728 -4.898586 -19.221780 7.364309 -20.561760 -5.954879 -12.552960
1.909066 12.048090 -15.985160 -15.734930 3.444231 12.505030 -8.286343 -19.477120 3.991642 -16.847750 -8.141234 -13.400460
3.514476 11.362370 -21.107210 -13.165790 8.493912 14.411390 -9.293277 -20.846070 2.486891 -19.361800 -8.956137 -12.921770
4.481885 10.594810 -20.753660 -16.445960 4.345984 12.312960 -6.195297 -25.648800 -0.815854 -21.839670 -6.772352 -15.288160
2.829747 9.764218 -20.058720 -15.568230 2.608210 14.767470 -7.890267 -27.931640 5.081141 -24.398270 -11.970250 -18.006040
1.203518 11.615560 -21.530580 -10.801980 3.092294 13.297630 -7.354400 -25.292840 4.271330 -25.303800 -3.360430 -16.338130
2.325454 9.143622 -20.802980 -8.674496 1.869416 16.238550 -10.812780 -24.396480 4.110795 -19.214240 -7.479287 -20.996400
0.714955 8.604868 -19.666740 -9.792618 0.847155 17.061700 -13.313740 -27.995670 6.436772 -20.525560 -6.758856 -21.323810
0.195857 10.595510 -16.774890 -14.143130 0.714322 18.433630 -5.793396 -29.215980 5.648365 -13.428150 -7.993421 -18.591620
-0.196473 10.910330 -18.793100 -13.664880 -2.305900 18.047620 -8.626356 -26.455230 0.127380 -13.202640 -8.654726 -21.087470
1.436696 8.396261 -18.554190 -12.106620 -2.245646 17.257520 -10.288560 -24.869810 2.437660 -15.555220 -9.070532 -24.342010
1.720303 6.484325 -17.650450 -11.863180 -0.902945 17.932260 -14.925700 -20.561760 8.415279 -15.625520 -10.863570 -25.130800
-0.106256 5.166517 -17.193780 -10.231230 -2.588682 13.831440 -13.894740 -22.009970 10.574300 -12.269960 -14.000430 -29.765740
0.150055 3.991147 -17.838120 -8.055463 -3.185058 10.939780 -15.499430 -21.835420 14.800300 -13.292430 -17.272900 -27.687620
0.606232 4.159356 -16.443120 -7.726633 -1.979982 6.789075 -14.804110 -17.950400 15.815600 -10.193710 -18.560800 -28.648030
-1.372540 5.092339 -14.918730 -5.322161 -7.402825 3.841298 -15.781930 -15.053210 13.797850 -11.709660 -22.506140 -25.169190
-2.652242 5.556914 -14.901440 -3.717656 -8.984488 -4.663414 -19.874460 -12.383160 12.360170 -10.566080 -25.673850 -21.906370
-2.518535 5.435024 -10.578090 -3.049324 -13.553510 -7.594353 -23.204700 -4.874557 14.158160 -13.263890 -19.972100 -16.767900
-3.483631 6.176814 -8.261412 -2.764710 -16.947580 -12.201540 -19.101240 -5.908125 7.354320 -17.348890 -18.620570 -3.806197
-5.181109 7.795516 -1.806485 -2.563957 -26.708010 -11.409560 -17.227170 -2.349330 -2.976302 -22.363080 -10.839150 8.287682
-5.866763 7.514124 -0.631174 -0.726170 -26.953820 -14.621120 -23.827940 -5.859343 -0.931440 -16.774660 -13.887330 5.000025
-6.477929 9.214319 5.687327 0.671991 -28.134250 -15.060770 -27.782870 -19.414620 -2.114406 -3.864019 -1.239627 -0.109089
-7.575345 10.402920 10.179770 -0.093923 -30.973020 -15.826550 -29.426150 -16.871860 4.675165 -5.766963 -10.526820 -13.718090
-8.648240 9.662527 10.542290 -3.456930 -27.300960 -11.865420 -25.626300 -17.426000 2.362030 -6.663448 -12.003020 -18.862580
-9.348236 11.149240 12.497730 -2.204125 -24.686770 -8.724324 -23.519230 -23.280590 -2.772957 -3.035048 -7.639954 -12.841980
-8.834227 13.812370 14.036200 -4.223352 -25.890480 -10.198520 -22.995740 -23.266110 0.239398 -0.415195 -12.919470 -20.073620
-9.206201 14.261620 12.646320 -3.227715 -23.611790 -11.763770 -20.606910 -21.916980 1.537236 -7.224448 -18.146280 -16.606830
-9.006797 14.427390 14.168780 -3.716131 -24.461500 -9.760130 -19.409220 -22.379650 -0.285018 -5.114783 -17.549250 -13.965720
-9.712344 15.460670 15.975630 -6.256302 -27.068850 -9.081025 -21.702670 -17.726310 -0.716679 -7.893332 -21.556280 -17.562720
-9.374607 18.196590 15.809100 -8.685168 -25.042810 -4.005512 -20.271270 -23.833960 -3.846046 -3.319028 -14.207370 -11.734810
-9.752596 17.286940 14.380790 -7.759668 -22.824380 -5.559533 -20.483870 -25.868320 -0.372063 -5.827517 -17.781890 -11.780720
-10.566400 16.151620 16.911390 -2.466883 -24.762770 -11.371520 -24.229110 -22.460440 1.672086 -9.377961 -20.961810 -10.596020
-10.081080 18.137030 16.605880 -5.001972 -23.851430 -7.437205 -17.166730 -24.758530 -2.396235 -5.971595 -14.826260 -11.435250
-9.746581 17.816990 18.215440 -5.021793 -27.429690 -5.578865 -21.112930 -30.706110 -1.024193 1.327662 -10.340440 -14.990850
-9.005872 16.875640 15.801410 -0.484249 -25.835700 -6.636497 -19.171140 -31.725960 0.319308 -3.452666 -15.008140 -15.099990
-8.564500 15.544950 14.645950 -2.904984 -27.794630 -4.928446 -21.407070 -29.382140 -2.538219 -6.440719 -14.161750 -18.983760
-7.781689 17.807580 15.041780 -5.653532 -33.385230 -2.771399 -16.595920 -33.273260 -4.293405 -4.553784 -12.443890 -24.540710
-6.856843 15.695400 12.458660 -2.166515 -28.695020 -8.699380 -11.146970 -25.611450 -7.104556 -0.757641 -8.692643 -18.729360
-5.895448 15.109630 10.846530 1.136012 -30.890860 -16.675280 -11.146240 -23.458950 -4.446805 3.088615 -12.044800 -19.193750
-5.129755 15.611470 11.016260 -0.360239 -33.570100 -17.408630 -10.191730 -14.871800 -2.491842 -2.515811 -8.561539 -19.095160
-3.646023 13.658790 4.408255 2.100647 -30.408140 -20.169950 -16.378220 -11.772630 -1.140492 -0.415195 -12.778080 -20.897040
-1.613583 11.413570 0.330212 0.540358 -28.464960 -20.955690 -23.316100 -13.309260 4.000917 1.554567 -21.560780 -23.432790
-0.481006 12.735900 -1.833386 -2.284426 -24.291700 -15.772300 -27.340190 -14.108820 8.857643 6.738592 -21.990080 -19.502350
1.172058 12.192620 -7.738125 -4.559297 -20.256740 -8.681919 -28.298350 -18.932900 1.729165 14.847330 -13.945810 -20.824790
2.621090 12.712920 -9.918376 -8.047839 -15.984200 -7.725310 -24.846520 -17.358920 -1.221830 7.156209 -1.560318 -12.912730
3.402976 14.037690 -11.971170 -11.271080 -15.482310 -4.161413 -23.319740 -17.095190 -4.181387 3.177707 3.334239 -5.413898
4.075675 13.833960 -13.054890 -16.216230 -15.669240 -1.481786 -21.257820 -16.826890 -9.067367 -1.537890 4.466619 -0.947562
4.471244 15.062610 -13.261130 -16.054100 -19.815110 2.361486 -17.548980 -11.854950 -11.453280 -2.614647 5.509669 4.768956
4.080302 16.468880 -14.280800 -19.928400 -24.583380 0.291744 -10.797490 -15.025010 -13.642260 -10.135240 -1.208779 5.669148
3.537608 16.416990 -15.627120 -22.427400 -25.472120 -0.005092 -8.960545 -15.202610 -16.765920 -13.161580 -2.667634 0.074562
3.491806 17.284850 -13.416770 -22.911750 -27.529650 3.250745 -8.276877 -12.342000 -11.969130 -16.540100 -1.407363 -0.327363
4.152476 18.588030 -15.705900 -23.086590 -23.980840 4.083880 -10.955480 -12.745220 -11.932030 -14.342040 3.988474 -5.209172
3.892927 19.160910 -14.986630 -22.672370 -24.229390 -0.263264 -13.879450 -10.620150 -8.351023 -16.700190 -0.962637 -0.321342
5.366018 17.869220 -15.790450 -20.862540 -23.203700 0.842386 -13.923870 -12.688050 -6.337554 -11.752120 -3.991529 1.686778
4.725242 20.534790 -13.427020 -24.746490 -27.865840 2.391419 -11.868500 -12.180410 -6.817732 -20.594470 -5.452313 6.786860
3.861004 18.660120 -16.642310 -26.000310 -27.408460 0.819936 -16.911910 -17.755270 -10.166850 -19.059730 -8.612952 2.929434
4.869127 19.171710 -16.243920 -22.686090 -23.172890 3.648605 -11.926010 -16.055530 -6.540898 -15.015800 -0.034625 7.837586
3.653734 17.409520 -19.168430 -23.650730 -21.758300 3.704729 -16.528210 -23.484870 -11.333410 -8.574744 -1.381014 1.960750
3.198946 17.326640 -18.063570 -19.661060 -18.211540 3.714707 -19.894850 -21.734050 -11.078700 -2.058520 6.818782 -1.633996
2.653013 15.479130 -17.244380 -16.366670 -16.497040 5.510686 -27.520760 -25.770760 -3.977329 2.820644 10.484560 -8.087377
1.245157 14.204160 -17.441650 -14.379970 -13.018750 2.125763 -36.211850 -28.490350 -0.857237 9.137108 2.664579 -13.420790
0.024675 14.852610 -10.432050 -7.512665 -13.859570 -6.024118 -36.760090 -21.032050 8.254031 11.486210 -2.731901 -14.956980
-2.530101 13.745500 -3.706839 -4.543541 -20.301250 -18.692630 -39.013500 -14.550910 7.176661 4.884370 -12.981160 -16.341890
-2.749862 12.953220 1.106494 -1.265410 -22.393700 -18.520520 -33.978830 -14.826830 5.435032 7.367802 -8.718992 -15.344610
-5.279655 12.576050 5.129454 -3.309033 -31.228420 -18.553570 -27.327820 -21.002320 -6.771356 3.132465 -7.175305 -19.314180
-4.989108 13.392370 10.948370 -3.445240 -32.291080 -13.093920 -22.274940 -28.260920 -6.192002 8.967973 0.671667 -24.068040
-6.067092 12.927790 14.875890 -0.137631 -29.166090 -10.244050 -21.873770 -34.945570 -3.256704 9.909004 0.411386 -16.499200
-8.007001 18.061810 16.824920 -5.852253 -31.572820 -11.402080 -25.664160 -33.116250 1.442342 4.981815 -12.232460 -19.929110
-7.477262 16.756190 13.171530 -6.052499 -25.637140 -4.770674 -23.652470 -35.341160 -2.439044 0.342085 -5.665036 -10.454520
-6.689825 16.493260 10.637730 -7.221445 -21.596710 2.636495 -23.017580 -35.590400 -5.464955 -2.162228 -2.577018 -10.851930
-7.945005 18.453250 11.717600 -9.724006 -25.442000 0.571742 -21.908720 -37.581320 -6.265491 -1.872680 -8.790972 -11.825880
-7.859877 18.124850 14.945710 -8.942337 -29.006560 -1.460584 -16.533300 -32.962280 -11.130780 -13.641840 -2.468407 -0.766922
-8.223061 19.354540 14.949550 -12.001420 -24.977080 -3.408723 -20.529740 -28.581810 -5.749638 -5.763483 -6.907955 -9.217132
-8.072235 17.500420 13.085060 -9.985240 -22.833970 -4.542435 -29.474930 -31.304450 -0.774472 -5.783668 -11.875130 -8.218341
-7.673890 18.388130 15.502940 -10.622570 -26.911370 -2.541290 -23.939330 -27.346260 -2.113693 -4.908759 -11.103930 -11.152240
-8.632509 18.114050 16.828130 -8.518467 -30.760080 -6.975114 -24.066020 -32.991240 0.316454 0.795200 -9.227985 -21.758100
-7.755317 16.601220 15.276200 -6.707108 -26.148610 -5.171651 -23.592770 -34.636110 -0.088808 2.914608 -10.202270 -18.269480
-7.977854 18.591510 14.485830 -7.448627 -28.403330 -7.325580 -14.820130 -30.123780 -6.747810 -1.920010 -8.227352 -13.000800
-8.712087 18.992360 13.516120 -5.236269 -29.665930 -8.534124 -19.345880 -34.735960 -11.446140 6.824900 -10.851360 -18.563020
-6.840188 17.656090 12.720620 -0.597078 -24.671020 -8.976884 -14.116810 -32.039230 -12.438610 9.722468 -11.147630 -13.973240
-6.805489 15.913760 11.130270 0.110897 -21.421420 -8.381342 -3.738027 -30.427910 -29.610890 6.129567 -15.114820 -1.955385
-8.279042 10.461080 8.479252 -4.711260 -9.270694 -5.454768 -2.722355 -25.205950 -20.269160 7.195187 -17.254260 4.650034
-11.403350 3.772093 2.782033 -2.929379 -12.461410 -1.109495 -9.619457 -20.602920 -14.222330 2.559633 2.404299 4.361763
-11.318220 4.766369 5.753298 -2.469424 -13.892440 -7.180280 -10.340260 -14.038700 -5.866650 -1.267831 -10.566660 -4.137372
-12.340220 1.364238 0.408353 0.341129 -8.838646 -0.848204 -12.541240 -17.717160 -5.708969 7.479863 -2.078308 3.705435
-11.215970 2.799757 -0.505636 -4.350920 -5.694492 -1.007223 -6.731892 -9.499695 -0.344237 16.373030 -7.244713 -3.522441
-8.209643 0.919861 -13.957350 -0.293660 5.392894 -8.791050 -9.646396 0.658380 11.870000 9.200447 -28.667390 1.861397
-6.351624 6.533430 -10.234140 -1.336055 8.596618 -3.703687 -10.328610 0.008209 12.188220 20.309770 -18.063380 19.559650
-2.804918 12.058890 -1.899998 5.965793 3.587334 -3.448633 -5.317960 -2.440797 5.263794 15.758430 -23.721430 -1.056699
0.309670 12.451720 -11.734180 -0.177782 -9.581549 -6.562289 -18.158380 -13.851200 4.478955 -5.370226 -23.494560 -10.896340
-1.889788 9.748199 -14.892470 -6.683730 -6.831783 -1.595282 -23.398370 -10.950960 9.684579 -7.090114 -18.616720 -17.928520
-2.329309 9.030090 -17.279610 -5.657090 -7.511693 2.237389 -20.835530 -18.104370 7.813094 -6.488745 -15.808260 -22.080990
-1.853238 7.438900 -18.738020 -6.587164 -9.385038 5.629171 -17.392440 -23.775270 9.308569 -10.852150 -16.230490 -18.766240
-2.648078 7.028652 -17.687600 -9.770256 -9.472681 6.555847 -20.109630 -19.828510 8.645023 -19.333270 -9.249193 -21.087470
-2.204855 7.487308 -18.867400 -8.559634 -8.330597 6.024536 -15.578790 -21.230990 9.602528 -16.757960 -12.120630 -20.950480
-2.351979 6.636862 -17.884870 -5.684026 -10.534650 7.392724 -20.456930 -22.990950 11.223580 -15.077740 -16.715060 -24.973500
-2.899762 7.870043 -16.555200 -5.279469 -11.277560 5.629795 -16.439380 -19.610510 10.779070 -14.181260 -15.963780 -26.034760
-2.420452 7.702879 -14.854680 -5.313521 -10.961910 2.111421 -20.253790 -13.706370 11.775100 -13.132340 -23.986200 -25.848850
-2.961757 8.762629 -12.630880 -2.562432 -11.812310 -1.466196 -19.051000 -11.410570 6.946204 -10.330130 -24.850590 -23.721060
-1.868968 12.524160 -9.805649 -1.429062 -4.394927 -5.731648 -19.621820 -11.503560 4.254920 -2.246448 -22.246500 -20.155660
-2.340876 12.357350 -4.225001 -0.551845 -1.475356 -9.264365 -22.509380 -15.181260 1.368139 -3.195831 -25.556240 -17.153270
-2.434794 8.456510 -0.594025 1.905483 7.199140 -11.359670 -12.890720 -4.266308 -3.278822 2.700231 -20.758730 -15.435680
-4.465384 3.249358 -7.431327 -2.429782 1.327816 0.587956 -3.993583 7.291961 16.506970 6.004282 -22.818480 -16.929730
-3.553030 2.351201 -10.045840 -1.985074 3.820133 0.258069 -10.039560 8.245495 6.646538 3.882089 -11.272310 -20.909840
-5.637287 -0.001978 -9.528314 -3.113870 3.092979 0.797487 -8.951079 -1.040603 7.676104 7.243909 -9.640578 -12.097600
-7.008594 0.115385 -11.452370 -3.225174 4.706138 3.013152 -9.930346 -7.100233 2.754450 8.036686 -5.436889 -12.495000
-20.347380 7.358452 -1.239005 -10.498560 -1.379498 15.328090 -4.429703 -9.990562 17.146970 -10.071210 -20.520300 7.623828
-21.572020 7.907307 -1.438840 -8.066644 2.680103 11.706190 -2.735461 -7.380729 11.533230 -13.714920 -20.821070 7.716406
-21.252330 11.859340 -8.118581 -9.583224 1.346988 11.195460 -12.510660 0.355018 12.562080 -11.302480 -5.265297 1.842581
-23.088600 12.623410 -6.749198 -7.429822 7.355252 13.638120 -15.905700 -4.627599 14.607660 -13.874310 -3.849500 4.688421
-24.953560 9.694567 -5.876201 -12.220470 2.774592 8.834496 -16.388420 -9.422710 6.398957 -10.873730 -8.736344 -3.270297
-24.438630 11.274260 2.610380 -4.803759 -0.112798 15.022520 -7.116318 -4.377592 9.401323 -7.315628 -8.175296 7.313729
-21.033490 10.408840 3.719080 -1.226784 5.944765 19.911580 -5.259714 -1.511653 12.478610 -9.297222 -10.263320 -8.541988
-12.431830 17.348230 13.678160 -1.738071 -2.690018 3.266335 -21.053950 -22.626610 0.915073 -11.311530 -11.785800 -7.859318
-10.506720 18.358530 15.538810 -3.077276 -7.052258 1.305724 -21.883240 -24.265380 -9.549685 -14.017000 -2.900923 -6.187641
-10.053320 18.404840 14.594720 -3.840649 -13.081750 2.027234 -23.337210 -30.251070 -11.988390 -12.166950 2.984627 -9.798944
-9.369517 18.081660 11.324340 -7.856233 -14.796240 3.878091 -18.735020 -26.246380 -15.097780 -16.610400 0.264858 -11.134930
-9.182606 18.255440 13.696740 -8.572340 -15.565850 4.067667 -19.312390 -26.718950 -10.919590 -9.926433 -4.841779 -11.992970
-10.293440 17.784250 14.282150 -8.971306 -18.033520 1.913115 -20.935280 -34.551500 -17.821890 -13.469920 -6.145109 -10.325810
-9.064166 18.195190 18.713110 -4.923195 -20.170470 1.972357 -19.404850 -31.149720 -12.936620 -8.884477 -4.544867 -5.636687
-8.675074 18.633300 15.609260 -3.595170 -25.624130 -1.806060 -20.516630 -29.950760 -12.313750 -7.702620 -12.251090 -4.336829
-7.593389 19.056430 13.238780 -3.435076 -23.783650 0.191967 -19.913780 -33.605590 -11.277760 0.670610 -5.366196 -13.032410
-7.244084 18.809870 14.061820 -4.634516 -23.473480 0.387779 -14.895850 -33.448570 -10.762620 1.481484 -9.229271 -15.218910
-7.093722 18.627730 12.684750 -2.866866 -23.697370 -2.743961 -11.817530 -33.886850 -15.274730 1.521854 -3.882919 -15.065370
-5.187124 20.338720 13.044710 -0.549812 -23.144130 -0.891233 -6.248446 -26.792890 -17.650650 1.956176 -11.916910 -14.208830
-5.145022 17.881410 8.643219 1.293566 -12.929060 -1.082680 -13.639910 -19.310960 -23.568340 -2.710003 -8.740843 -13.725620
-8.375274 8.422380 5.471479 1.432314 -0.007354 2.080240 -9.772353 -10.279440 -9.797980 -0.327495 -3.759526 -2.353547
-10.554370 0.345235 1.569573 -0.848655 0.444550 6.698029 -5.706755 -10.826720 -8.874724 -2.668241 -0.467783 -7.338471
-12.334210 -0.483967 -3.206611 3.335664 5.407273 9.217389 -0.687372 -9.707780 -10.527880 -2.783782 -4.415690 -3.133312
-9.339445 0.520757 -5.318329 -0.551336 5.173105 10.448380 -2.104215 -5.749584 0.052463 9.103699 0.890174 -3.484055
-6.903109 -2.101625 -19.456010 -7.206198 11.301190 12.077240 -3.175221 -9.799246 -11.289890 14.866820 3.743618 8.828098
-3.234724 7.453875 -20.378970 -12.275870 1.474342 8.383631 -5.038377 -7.721441 -17.809050 4.284393 0.274498 14.783210
-3.990238 11.070180 -19.249770 -11.016450 6.771885 15.765860 3.091364 -2.789892 -16.964990 10.060740 -3.427267 8.944761
-2.344577 14.687890 -7.632443 -4.871863 -1.300072 3.730920 -5.390768 -21.352940 -12.197450 3.252182 -6.474797 -1.317122
4.527225 19.791260 -12.994680 -15.256680 -12.358700 10.579960 -5.382760 -17.328430 -10.654880 -7.321892 8.876604 -2.476985
3.445077 19.074540 -16.428380 -20.209960 -17.531630 9.362065 -10.553580 -18.585330 -10.410870 -10.565390 4.886924 -4.284894
3.586650 18.458820 -15.982600 -21.068370 -18.221810 11.181120 -10.185170 -17.895520 -13.461040 -14.910700 0.349690 -1.618942
3.582948 19.242400 -16.669850 -18.955120 -20.845590 11.936930 -11.470960 -16.367280 -6.317576 -19.176660 -6.134826 -5.468090
3.091610 17.629620 -16.126710 -17.494960 -18.119100 8.718506 -10.608920 -14.143890 -5.407163 -18.507080 -3.961324 -9.501640
3.549637 17.372960 -15.233860 -18.678640 -22.356040 9.971327 -8.079568 -12.419750 -8.082037 -24.259760 -4.130989 -10.214420
3.478851 18.292010 -17.332770 -20.408680 -18.953070 10.246960 -12.952610 -15.000620 -4.977642 -21.327390 -12.168830 -12.617690
3.842497 17.943400 -14.506900 -17.481230 -20.863390 11.269670 -10.252890 -10.039340 -6.076416 -21.896050 -5.207457 -5.482390
3.762921 19.477480 -14.494090 -19.631590 -19.000310 5.909170 -6.812708 -7.762600 -15.175550 -21.851500 -4.426616 -6.632468
3.394186 20.721110 -14.974460 -21.004340 -20.829150 8.368040 -9.981313 -12.045500 -15.149160 -21.642690 -4.003740 -8.388444
3.504760 20.300760 -14.129640 -13.637940 -15.195420 3.598716 -10.488780 -7.482104 -10.077670 -16.412730 -4.887408 -7.266215
3.261404 19.181810 -11.546520 -12.771400 -15.904090 0.286755 -14.445170 -11.667440 -17.381670 -10.854940 -4.366848 -10.174530
2.343498 18.702260 -6.597401 -6.706600 -10.514110 -2.816299 -14.178690 -11.435730 -18.563210 -1.900521 -0.247348 -5.502712
-0.587416 11.621480 -4.410745 -11.604990 -7.463764 5.208239 1.011239 0.905339 -9.832941 -4.729183 4.805305 -5.757114
-2.249733 9.857552 -7.497939 -8.309072 -1.120680 4.796660 5.496940 3.578436 -1.371663 -6.577140 -1.828310 -3.710608
-2.881718 6.286863 -6.407173 -4.175578 -1.651325 8.782737 1.774995 -0.805078 -9.349195 -4.399265 -10.354580 -6.284735
-5.337487 5.697959 -10.477530 -10.251050 -6.746880 -0.108610 -1.661543 -10.539360 -15.341800 -6.277152 -6.703587 -6.344949
-7.631789 4.235276 -13.263050 -14.727600 -7.593173 2.254849 -9.792740 -7.562900 -5.208812 -1.317945 -8.303829 -3.228901
-7.954259 2.838762 -10.814430 -8.004639 -0.171682 7.282346 4.714982 -0.961332 -2.107271 -5.182298 -0.655442 1.478289
-14.021970 5.832735 -2.655143 -5.004005 -13.813690 7.208137 -1.993547 -13.182730 7.122436 -9.570065 -4.443325 7.421360
-17.626040 8.049047 2.351620 -1.614569 -13.657580 11.602670 -1.121307 -14.082150 16.097430 8.576109 -4.724813 13.001650
-23.976900 7.582034 2.019842 -2.112134 -0.705750 12.679020 0.618076 -10.754300 9.350665 6.520735 -9.506903 12.313710
-18.493980 14.201020 12.114710 1.765718 -2.306585 6.035138 -7.765765 -22.245500 6.450328 -6.029366 -19.088430 -13.661640
-10.877770 15.736490 15.648970 1.412493 -14.148510 2.171910 -16.997820 -31.844100 -2.536079 -4.331055 -9.669498 -16.712960
-10.186100 17.619520 15.809740 -7.249906 -24.897660 1.748483 -15.092430 -33.247350 -5.478512 -2.552004 -5.433676 -23.920510
-11.921520 16.701170 14.765730 -11.760510 -28.924390 -1.269137 -14.332320 -35.388420 -14.574080 -12.844880 -8.024912 -21.118330
-11.513460 16.347680 15.338970 -6.317290 -27.926780 -0.404822 -15.679990 -30.185520 -10.906030 -12.906830 -4.332786 -21.304990
-11.795680 17.257680 16.338790 -4.752427 -28.918230 3.010658 -14.616270 -32.209970 -10.414440 -15.335270 -4.504378 -18.101630
-12.003410 17.446440 15.496530 -7.297680 -29.755620 2.738766 -14.670150 -30.950790 -13.298360 -18.666470 -7.137388 -14.644630
-11.353840 17.932610 16.398990 -7.919763 -27.736430 2.311598 -13.618070 -28.305130 -12.336580 -15.389560 -9.582738 -19.229880
-10.915250 17.915190 16.206210 -10.138220 -28.738840 3.930474 -12.037410 -29.128320 -16.303580 -14.143670 -6.680451 -21.852180
-11.228920 14.458390 13.462960 -9.023147 -27.040090 0.523101 -17.456510 -32.078110 -18.648110 -16.226190 -7.847535 -21.850680
-10.959200 15.435250 15.971780 -9.215769 -27.174290 3.180902 -15.696740 -27.584830 -14.482760 -11.145180 -6.499861 -19.228380
-11.355230 15.789780 15.980750 -8.108828 -26.984630 4.490470 -15.364740 -25.536750 -14.243740 -12.723770 -4.242813 -16.275660
-11.651790 15.857340 15.560580 -9.112088 -28.110970 2.548567 -18.636730 -32.747330 -9.895728 -8.887957 -9.262047 -18.395170
-11.411670 13.850330 18.347390 -9.773813 -28.774440 -0.750922 -18.366610 -31.424120 -13.176360 -8.353407 -7.636740 -18.724840
-9.902495 14.045700 20.443730 -8.580980 -25.902800 -4.735129 -13.888190 -28.697670 -8.826921 -5.492031 -2.274322 -14.558820
-10.108380 14.765200 16.067860 -6.034710 -30.549880 -7.235157 -16.930110 -23.978780 -8.963197 0.525836 -0.039124 -19.911800
-8.909639 16.054100 14.550520 -6.551588 -25.603590 -3.544045 -7.221161 -21.630390 -3.060494 9.114140 4.514819 -15.303210
-8.124516 14.923310 11.968040 -3.579415 -16.562770 -3.918831 -14.319940 -21.318640 -2.936347 6.122606 0.742360 -8.091892
-6.930868 13.466900 12.614940 -9.645738 -18.957860 -5.515881 -14.034530 -14.715550 -9.120165 9.463546 0.024500 -1.047667
-6.958627 16.347680 9.655204 -8.601818 -16.808580 -3.842128 -15.148500 -20.423800 -7.497688 6.594514 -10.825010 -6.589566
-7.365763 12.719190 6.242637 -10.235290 -16.662060 -7.581882 -14.196170 -27.292140 -7.100275 4.844697 4.041816 -3.070840
-9.914524 6.562335 6.776812 -8.896087 -17.726770 -0.848828 -13.829940 -14.912960 -5.646182 11.836310 13.449180 1.468504
