-11.988810 9.749807 2.051115 0.237027 -2.562928 3.243808 -0.674175 0.004016 -8.537024 -9.236264 -17.510000 -18.725020
2.474496 11.701420 -14.861890 -12.821900 0.749116 12.520470 -3.727716 -8.484121 -6.972935 -12.694530 -8.243508 -8.394151
1.278644 10.805980 -15.610230 -14.488620 -2.375468 11.054450 -6.065619 -16.491970 -12.191770 -10.736240 -10.385790 -17.032580
2.429263 12.192980 -11.993120 -20.661560 -5.478273 15.204860 -12.652720 -8.735637 -7.571177 -9.346019 -7.558364 -13.458770
2.105281 13.710790 -12.872040 -20.283740 -6.988061 17.144030 -13.778130 -8.446911 -14.844470 -10.029160 -3.022259 -16.253040
3.862024 13.034160 -14.592110 -19.860970 -3.111305 19.878400 -10.152370 -19.297920 -1.975515 -10.462850 -10.066060 -12.990410
3.254769 12.187070 -17.591460 -19.126400 2.050443 15.153170 -9.798944 -22.263730 -4.874473 -11.366830 -9.914874 -21.417680
3.247984 11.458950 -17.052570 -14.687590 -3.608345 17.712600 -14.042290 -14.354430 -1.678877 -19.726800 -9.429805 -15.426660
0.391509 14.458390 -17.280590 -17.352940 -2.432250 18.080670 -17.343160 -14.978740 2.453468 -25.243790 -4.067667 -15.444920
0.644815 12.698800 -19.075560 -18.004170 -0.116620 17.367820 -21.947250 -12.254100 0.223009 -23.675300 -10.008800 -17.049250
2.304307 11.595320 -19.316170 -14.935730 2.122005 20.097090 -20.145720 -12.608290 3.062355 -18.812850 -9.023865 -13.615940
2.162387 8.915936 -18.227790 -12.534440 -2.062776 20.980900 -20.092300 -13.517880 2.552110 -20.176460 -10.434040 -9.842885
1.864979 10.532890 -20.749230 -12.465610 -1.922765 18.885530 -23.006810 -14.489490 1.923352 -22.940280 -9.105568 -15.659260
3.019556 9.632919 -17.988500 -14.350970 -0.481427 19.946000 -23.461950 -14.936020 4.849987 -16.810660 -15.019040 -12.754640
2.896296 8.876277 -16.702590 -13.783540 -2.818059 17.801780 -22.417760 -13.836930 0.846799 -12.754400 -10.484860 -20.019750
0.752809 9.289212 -18.439890 -11.959040 -6.690149 17.355890 -20.645490 -15.228880 3.912527 -10.814730 -16.419560 -23.403830
0.222450 9.652401 -16.026500 -12.242290 -7.047956 14.824300 -20.107670 -12.068050 10.222110 -14.859020 -20.585750 -17.695420
-0.408553 7.885510 -16.790750 -8.157895 -6.336231 6.542213 -18.994690 -13.263610 15.823450 -11.490560 -25.371470 -21.507380
-1.101751 7.316376 -14.444960 -6.894748 -8.494739 0.307222 -22.457280 -6.837900 13.885370 -7.657794 -28.132640 -25.215350
-0.983580 5.363369 -10.910700 -7.586248 -9.073452 -2.478842 -24.190030 -5.575498 17.323670 -9.300787 -27.689380 -16.892070
-3.252023 4.216055 -9.791169 -7.065165 -16.589720 -7.266557 -26.773060 -4.062958 8.100935 -12.962600 -25.989710 -15.813260
-4.320657 5.601320 -3.408028 -6.992597 -20.328020 -8.410520 -25.700340 -2.868775 0.888669 -12.652620 -21.975990 -9.401517
-4.388507 5.774217 -0.041468 -4.735505 -21.450450 -7.955547 -29.030480 -10.015270 -4.709122 -11.438670 -18.266560 -4.838600
-4.181565 5.407202 5.200926 -4.924181 -22.789110 -8.888211 -23.982220 -18.362140 -11.189020 -12.156400 -10.086000 -5.894390
-4.654817 7.632600 12.529270 -3.634347 -27.278030 -7.322790 -24.146130 -19.608010 -16.832940 -5.172021 -8.598625 -9.684119
-7.078750 10.434440 14.708030 -7.698143 -26.470630 -6.393533 -22.087020 -27.023240 -7.918200 1.365357 -6.550269 -17.863710
-9.523037 11.961990 15.916380 -7.975306 -29.634110 -3.136592 -17.965140 -26.402370 -11.911450 -7.926527 -1.006069 -14.925760
-9.902431 12.499460 11.908190 -7.817061 -25.947920 -2.670828 -24.168810 -22.742650 -7.045320 -11.071490 -9.609294 -16.634870
-10.286350 13.391780 12.886550 -8.110609 -24.003320 -4.155025 -27.861890 -22.853590 -1.903839 -9.846898 -10.634760 -14.932900
-11.088110 14.409680 16.052270 -7.988883 -27.619500 -3.693237 -24.480530 -23.752160 -6.195148 -10.079710 -7.521051 -22.112270
-10.492160 15.331220 15.610150 -8.370916 -27.012010 -2.153376 -25.204220 -25.419050 -3.757469 -6.403933 -8.959533 -22.783850
-10.082800 13.964740 13.560650 -10.753480 -28.731030 -6.402053 -26.186210 -24.258630 -6.244824 -6.279544 -16.470390 -26.043310
-9.992897 15.711450 16.403570 -8.491239 -30.861540 -5.780656 -23.699030 -19.169750 -8.329803 -12.947960 -14.503090 -22.058290
-8.846236 15.189280 14.643730 -6.357278 -26.598970 -2.722517 -23.166330 -24.607310 -4.283327 -10.713630 -10.269990 -16.935730
-9.333057 15.885400 14.034580 -7.454222 -28.989280 0.094788 -23.549030 -26.977070 -1.792423 -6.428544 -12.454090 -27.532530
-8.112328 14.997250 12.434490 -8.996873 -29.587430 0.632121 -20.106200 -31.079880 -8.813790 -4.117712 -13.342530 -21.523250
-7.553698 16.737360 13.841030 -5.973839 -31.158670 -0.724275 -16.448980 -30.855230 -6.062442 -4.012614 -12.699840 -19.430730
-7.867503 17.281440 14.595340 -5.020158 -30.716080 0.341871 -18.966150 -30.579600 -3.631150 -0.632840 -12.177460 -19.691100
-7.721626 16.252060 12.649910 -5.611468 -34.730510 -3.723342 -19.217870 -26.704880 -7.432794 -3.362069 -12.493980 -25.006570
-7.285126 16.965570 14.548280 -4.127809 -39.154090 -4.988289 -16.181890 -21.154310 -9.521320 -5.677557 -8.092970 -20.943760
-5.990326 15.887480 14.035250 -3.876396 -36.155520 -8.639994 -13.443000 -20.957230 -8.687471 -4.343874 -8.716354 -19.717300
-4.627677 13.843680 12.468960 -2.547704 -33.926230 -9.330119 -13.356650 -16.809640 -10.805090 -2.076944 -9.957977 -19.248150
-3.834400 13.510760 12.370190 -1.736817 -33.491420 -8.945580 -16.314340 -17.409830 -11.474300 1.194406 -7.586027 -15.876760
-2.277248 13.465530 8.287767 -0.946062 -30.897320 -14.273470 -16.406540 -16.881300 -5.877931 -2.726824 -11.355930 -21.901910
-0.090224 12.308480 6.027486 -0.305593 -27.607830 -10.961430 -21.702850 -15.576860 1.337883 -2.507314 -10.675290 -17.653350
2.008595 11.300320 0.105019 -0.630041 -21.886040 -10.020250 -27.664320 -18.515120 4.033169 3.233845 -12.459240 -18.396370
3.296609 11.711860 -3.347047 -0.827613 -19.194710 -8.484360 -29.279270 -20.822860 6.150082 10.842160 -11.746430 -19.310070
4.226717 11.246740 -7.455324 -8.784787 -16.094240 -4.063009 -31.927430 -23.456540 -2.364408 10.101150 -10.147120 -17.816880
5.418611 12.250030 -8.874462 -13.416480 -15.312510 2.770092 -29.047310 -22.424290 -2.178478 -2.086921 4.754289 -14.188290
5.299308 12.955880 -12.706340 -16.001300 -18.766900 7.772512 -26.475250 -26.442340 -7.899750 -9.288814 10.905150 -15.421110
6.709452 13.354210 -12.602930 -15.012510 -17.614140 9.470848 -19.439590 -20.620960 -9.699445 -10.672390 7.835186 -4.120186
5.660608 14.579800 -12.107790 -20.896580 -22.022160 12.977140 -14.538410 -25.011800 -14.420810 -12.130460 6.160604 -3.932049
5.721107 15.195550 -13.724460 -22.579690 -20.458700 12.435270 -18.688830 -22.572440 -11.827000 -12.061940 0.889175 -5.780078
6.547178 14.350540 -13.219370 -21.327780 -23.894420 11.498630 -15.789680 -21.849600 -11.591400 -15.700470 1.363307 -5.057696
6.199448 17.604280 -15.591010 -24.266070 -19.744640 8.188293 -20.818910 -16.873030 -7.487438 -22.888400 0.460718 -4.731433
6.650649 17.819620 -10.929260 -22.677540 -23.398160 6.607534 -12.772730 -12.754380 -6.376821 -21.801490 -1.949831 0.080746
6.168916 19.897170 -11.141370 -24.495010 -28.941050 6.878473 -11.117540 -11.199800 -13.574180 -23.831620 -1.948545 1.008730
7.014776 19.852990 -10.547470 -23.962690 -27.223580 8.923859 -10.575320 -12.922510 -9.830023 -21.389080 0.335269 -0.185980
6.540393 18.323350 -10.796030 -23.124180 -28.291550 5.022800 -13.968390 -8.538559 -11.392690 -27.020490 -0.410991 -1.948275
7.047005 19.296030 -11.037970 -23.306770 -24.173670 6.007153 -15.601620 -8.123041 -11.339470 -22.477320 -0.140150 0.375256
6.620117 19.020500 -13.414250 -20.821210 -26.016370 5.558997 -16.614350 -12.296130 -11.218120 -22.162690 -2.861427 2.009746
5.676440 19.159660 -11.264000 -21.689680 -24.127770 8.443327 -14.742560 -17.716470 -7.874202 -17.247680 -4.316635 5.260468
5.752205 17.023660 -12.383530 -23.615770 -23.849310 5.261362 -17.703170 -21.304530 -14.201520 -20.320140 0.248420 2.016097
5.219584 17.271010 -14.629230 -17.013040 -18.601220 4.404243 -21.000390 -22.561420 -10.784510 -10.252660 8.793101 -1.732355
5.234285 14.747470 -12.497540 -15.743340 -16.428710 6.788728 -28.055070 -30.818710 -6.597525 2.289290 5.100399 -4.698092
3.847323 14.026320 -11.383970 -11.206210 -14.747020 -0.489689 -32.368660 -29.000220 3.823819 0.591754 -0.578900 -8.202838
2.355194 11.480870 -6.699024 -5.910635 -18.955910 -5.269451 -35.638800 -23.355930 7.554498 -0.894256 -8.901633 -15.279810
0.120675 11.879540 -0.271474 -3.803828 -24.900170 -11.271560 -32.465980 -17.917680 6.119567 -9.040036 -12.867750 -8.956181
-2.851144 11.041840 4.214622 -5.341797 -34.292590 -11.739600 -26.078650 -19.624540 -3.088261 -14.468560 -11.902760 -17.067500
-4.782601 13.618250 10.969610 -7.189701 -37.161270 -11.428330 -14.701590 -22.170710 -11.552370 -3.316172 -7.338989 -17.289780
-6.112456 14.298710 13.002540 -7.030052 -34.838630 -5.167211 -16.945830 -30.323950 -7.951555 3.203246 -3.446856 -24.287360
-7.338275 15.305130 15.521330 -5.342733 -33.797110 -5.736351 -21.183320 -31.631830 -1.556816 -1.339926 -0.411634 -21.213660
-9.745811 16.113610 17.108830 -8.323630 -34.420160 -9.902669 -25.205680 -30.379080 -7.886266 -5.292418 -5.102138 -20.406340
-9.483459 18.321960 16.547410 -10.219290 -27.411820 -0.811180 -28.216050 -31.919870 -7.274540 1.137201 -0.364671 -18.724220
-9.275386 17.320760 16.133130 -9.674796 -27.532380 0.060140 -24.281500 -28.576430 -6.695458 -11.976800 -0.201266 -12.703040
-9.804614 18.323350 15.305910 -11.740870 -27.957860 2.858701 -24.522240 -30.504490 -8.871983 -8.716094 -1.054319 -18.587680
-10.377940 18.456940 14.309660 -13.034920 -31.117450 -2.419770 -22.811440 -31.059200 -10.795870 -16.487380 -5.914661 -18.623410
-9.499290 17.208390 14.472060 -9.499228 -29.616210 -0.915125 -24.125640 -27.743330 -7.566210 -8.235170 -7.656793 -20.462700
-9.027734 17.298490 16.157660 -7.347945 -33.665650 -2.027847 -16.490690 -24.896040 -11.242240 -10.116300 -3.674593 -16.076810
-8.712233 17.513480 15.022880 -9.220662 -31.951290 -2.307873 -16.828750 -27.573130 -9.622092 -8.605009 -5.969344 -13.979520
-8.627986 17.239350 14.608600 -8.812878 -35.846720 -4.398131 -14.913060 -27.446340 -12.378410 -7.725643 -9.285700 -20.084840
-7.623244 16.325470 13.943110 -5.240670 -34.047570 -4.390180 -13.661060 -27.731620 -12.340090 0.025687 -7.430342 -18.497190
-7.437788 16.300070 14.151240 -4.819309 -32.612460 -5.716471 -11.731460 -21.944000 -15.334140 -3.553641 -2.190436 -14.620140
-6.753071 17.845710 12.694320 -4.643274 -31.497810 -8.834251 -10.387260 -22.644800 -15.545620 -2.452105 -6.747128 -18.679770
-4.856104 15.943840 11.735860 -3.239204 -21.795030 -16.242740 -11.566820 -17.255470 -16.104830 -3.050101 -20.609560 -9.410249
-7.898036 13.725750 11.688130 1.064299 -9.565825 -4.159569 -10.764110 -10.417000 -18.986040 4.529613 -7.656793 -5.184708
-12.130160 6.312042 11.841250 3.129906 -10.833700 -2.986639 -10.827770 -14.424030 -10.039370 3.338278 -10.380640 -4.140032
-11.822580 4.746227 11.413720 -0.636128 -14.526890 2.217423 -4.169686 -12.886680 -12.723300 0.674901 -10.638620 -4.228147
-12.100760 -1.594959 -2.728618 2.241302 2.848508 -1.981838 -17.071690 -12.500100 1.305949 6.325596 -11.478160 -5.006891
-8.064833 3.910267 -4.905382 4.976873 5.497054 -0.811748 -6.945899 1.876947 8.107322 14.952300 -5.012716 1.488995
-5.570223 4.662387 -9.022939 3.722621 9.364476 8.774473 -10.870210 -10.821490 -1.685264 14.381580 -18.718820 1.721587
-9.775778 1.844546 -5.079046 6.186648 11.820900 2.079398 -13.523490 -3.407639 7.935585 11.152800 -7.957228 4.728603
-9.300829 3.796858 -1.840414 6.019977 1.004248 -1.414969 -9.746260 1.048667 11.686840 13.537470 -7.218687 -10.320770
-4.633331 11.202910 -2.887700 4.459535 5.320484 7.975290 -11.422670 -7.539387 -0.847867 -1.288042 -19.165930 -12.968180
3.108326 13.899340 -13.921320 -1.189515 -6.534581 8.305869 -6.839797 -18.918920 -2.309764 -4.816151 -17.004350 -17.728760
2.809787 11.409550 -15.881330 -6.013166 -5.691401 8.667688 -13.123230 -22.069410 8.590600 -3.536346 -14.898090 -17.657320
1.499722 7.545282 -17.385980 -9.098468 -9.137235 2.948446 -16.784110 -20.179260 -2.506340 -7.766219 -20.445510 -21.624860
1.105062 7.516756 -18.291420 -7.844215 -10.494570 5.372691 -16.773870 -19.553570 -4.123653 -5.261820 -18.227960 -26.453710
1.927175 5.901542 -17.598090 -6.820776 -10.429230 4.058328 -15.346980 -20.664370 -2.489308 -4.498195 -22.337540 -24.891460
0.015508 6.455369 -16.956460 -9.242198 -12.143590 3.753877 -17.108270 -21.178430 0.520356 -9.349344 -20.971110 -30.899940
0.256375 7.342815 -15.753410 -7.214514 -12.372270 6.856888 -18.519060 -19.405410 3.789756 -6.642066 -17.105350 -30.477620
-0.737624 7.528584 -14.462860 -9.117194 -9.196350 1.897636 -21.368450 -18.897560 5.511389 -7.490170 -15.444280 -32.709070
-0.643200 8.288357 -13.898120 -5.590400 -9.086675 -0.902628 -19.222990 -18.006570 8.662985 -5.704165 -15.372220 -32.153390
-0.668078 10.405910 -12.925730 -3.679293 -10.276770 -4.030064 -18.734930 -14.681050 4.581736 -2.146788 -16.750880 -34.049050
-0.561215 12.575300 -8.697484 -1.016289 -6.543137 -11.005730 -20.112790 -11.559500 6.567362 -3.455860 -22.336890 -27.646040
0.342318 12.660530 -6.525361 -0.002681 1.339497 -7.662457 -20.870870 -7.809508 -3.094647 -0.863657 -21.474830 -19.233060
-1.702787 10.404520 -4.104009 -0.189485 7.628336 -4.178882 -14.296200 4.808310 8.254222 10.123100 -12.825930 -12.125140
-4.584140 5.192211 -4.909359 -4.147472 -2.530258 -3.399011 -4.318961 -9.316535 0.562936 8.025128 -14.438110 -18.557520
-7.119460 3.566908 -8.963945 -8.068941 -0.430090 2.196407 -1.033458 -2.792287 2.593271 12.090040 -7.786102 -17.539040
-7.402732 0.078352 -12.141600 -8.501539 -1.671523 1.377912 -5.847560 -3.061719 3.522924 7.887436 -6.675075 -16.668210
-8.944053 1.956564 -11.282560 -8.257150 0.439536 0.841147 -8.075702 1.416638 8.081775 5.841346 -10.888230 -9.274505
-10.997640 3.278514 -9.158157 -9.729105 -2.041775 2.397481 -1.002725 0.621435 4.862761 5.941123 -8.351587 -7.963102
-20.712590 8.043797 -4.223320 -15.657660 -2.957293 3.452266 -14.679640 -9.815432 9.641605 -8.163996 -12.811780 0.889656
-18.077200 9.484722 -4.510993 -15.252680 -4.257064 5.106297 -14.582310 -7.635170 13.016740 -0.181849 -8.357377 2.494774
-23.965420 14.062150 -7.096728 -13.719860 -3.007853 0.265758 -9.796018 -9.691397 18.334930 6.835123 3.837547 5.187435
-29.760360 10.762140 -1.924594 -6.433591 -2.284461 5.119361 -10.106270 -2.546973 20.082820 0.261825 -3.921632 2.787696
-30.006880 7.921690 -1.054286 -8.750610 0.664332 13.850170 -7.013219 -1.688374 21.303430 3.247148 0.843498 17.015460
-29.840080 6.022604 1.909267 -12.667870 -4.666986 15.639380 -12.474180 -8.251211 18.532920 9.658142 1.026204 14.351370
-28.928630 5.381459 7.715075 -4.709755 3.977932 13.853570 -14.331330 -18.652240 3.498086 -1.238818 0.232980 4.249926
-19.350510 11.244310 14.782930 0.032901 2.888177 7.887249 -6.427097 -12.190700 4.114780 -14.062140 -11.028470 -6.274632
-11.020260 19.942390 14.801490 0.150882 -13.532030 0.583841 -19.669360 -22.105250 -5.968767 -10.697000 -4.122993 -12.368050
-10.427140 17.790400 14.360700 -6.396605 -21.044410 6.071338 -17.769030 -28.635690 -9.148749 -15.522200 -6.140470 -14.710630
-11.482200 16.800670 15.489510 -6.911134 -26.688430 3.437498 -17.260470 -28.172630 -16.161600 -17.427280 -3.796183 -13.169810
-12.346720 12.942670 15.498790 -10.226780 -28.100200 -0.135822 -19.078110 -35.454870 -16.210570 -20.791750 -4.129426 -18.960780
-11.554010 15.684320 19.551390 -7.819402 -26.917890 0.792299 -17.163150 -26.793770 -8.736438 -17.606870 -8.700914 -13.977930
-11.193840 14.173120 18.791120 -7.952833 -28.647030 0.352095 -16.315070 -27.953500 -17.614270 -17.392020 -7.735280 -14.051760
-9.067879 13.559810 17.397830 -6.130211 -27.839630 1.640330 -13.827160 -27.749530 -20.049110 -16.573850 -7.699896 -15.348870
-8.458362 12.550250 17.835960 -6.359619 -28.387230 -1.350217 -11.079480 -28.326990 -18.339540 -16.123530 -11.916910 -19.892730
-7.609108 13.495100 15.667820 -3.593148 -28.901380 1.171726 -9.501127 -33.792800 -21.715390 -8.424081 -11.829420 -20.935820
-7.775906 16.136220 16.888770 0.742660 -25.649230 -5.735784 -10.194810 -21.760020 -20.689940 -12.075910 -8.915786 -17.826400
-7.196921 15.639440 15.315850 -0.143135 -14.924370 -3.670517 -11.940010 -19.047090 -20.985160 -3.301538 -6.022097 -9.461054
-9.467627 8.892976 9.981321 0.119982 -12.719970 -6.896218 -9.409660 -13.382820 -4.643834 5.134261 -1.381773 -8.493379
-12.343330 3.402360 8.914151 -0.755981 -15.355290 -7.620424 -17.177060 -18.338020 -9.150169 4.712537 1.257802 -10.718480
-13.827540 1.677563 5.017320 -2.745743 -15.898220 -4.020976 -8.193512 -14.644530 -10.705740 5.587913 -9.510221 1.545357
-14.962330 2.377153 4.472466 -2.673176 -10.102530 -6.959835 -11.440230 -13.092030 -12.386920 1.012812 0.676233 1.547739
-15.500600 1.633730 5.422977 -4.030427 -8.908549 -5.094506 -13.694720 -14.178710 -6.666362 5.288582 14.027220 4.159430
-5.683306 2.745212 -8.049228 -12.949710 -1.347163 17.897770 12.314900 -3.048626 -16.288630 -1.044586 -8.256375 -2.473789
-2.121194 7.246452 -16.949830 -16.866500 0.008612 18.404430 3.910162 -9.478470 -15.735810 -1.439702 -14.151190 -1.356874
-1.113060 10.542280 -8.157270 -7.472949 2.556818 14.868030 2.770115 -9.943602 -16.323400 9.040191 3.293291 1.427077
-3.242977 9.061002 -1.522251 2.275479 -2.310130 3.905534 -0.009025 -9.628690 -13.102970 -9.457768 -1.493069 -4.199569
4.927831 20.546660 -11.331610 -7.273973 -17.992950 9.869020 -0.846865 -13.858980 -12.605500 -6.819004 -1.098065 -0.135175
5.451405 20.674330 -13.948500 -14.898270 -22.433640 9.684418 -12.594180 -11.366560 -17.419830 -11.477250 -2.901957 1.505666
4.588017 19.234450 -13.689330 -17.720460 -21.727360 10.069520 -16.925340 -12.857740 -15.363230 -18.339240 -4.557240 -1.893501
3.576489 19.457100 -14.948720 -17.412860 -23.831420 12.090490 -16.642150 -13.488940 -13.511020 -22.295060 -5.634814 -5.788017
3.359370 19.243840 -15.243680 -18.335640 -19.634190 12.503430 -17.554630 -10.991700 -13.990040 -23.449140 -3.400536 -3.707396
3.113415 18.857700 -12.273500 -18.379180 -20.374690 13.890500 -13.061030 -8.845890 -15.652070 -21.415690 0.573301 -5.584797
3.455491 19.047990 -13.768200 -21.338080 -14.144190 12.133660 -16.224330 -7.378830 -13.853790 -21.356490 -5.830385 -1.868893
4.322271 18.742550 -14.506610 -13.079400 -15.871780 11.588370 -7.666661 -11.254240 -21.052570 -18.341900 -3.249354 0.614198
3.674306 18.613830 -12.085920 -10.343820 -12.831200 13.078820 -10.208720 -13.841750 -24.307070 -15.029970 -9.760475 -0.591625
3.167129 19.744100 -6.120366 -9.458965 -5.307148 11.306070 -3.664787 -7.338863 -25.203370 -13.988300 -4.168026 2.688468
-1.881458 10.614290 -3.650627 -5.533282 -3.594344 7.356165 -0.400505 3.718868 -6.315790 -4.138999 -4.628649 -1.729973
-4.469361 8.316188 -5.944051 -11.360710 -6.663702 1.425056 -8.010577 -4.094656 1.336464 4.134497 -5.877992 -0.264568
-6.659212 5.578012 -10.581270 -14.714280 -9.223575 1.263743 2.558642 -6.944018 -4.508288 8.725561 7.245898 15.700880
-9.697185 5.984337 -10.254490 -13.521820 -11.107500 3.670948 6.437584 -1.324538 -9.724993 -2.431484 8.943640 14.356930
-9.878118 4.810237 -11.071770 -5.697613 -4.965677 2.959806 1.482988 -1.085426 -3.379221 -0.033514 9.571528 10.270310
-11.521210 4.154480 -8.803538 -9.828827 -8.118263 -5.214355 4.661657 -2.310617 -4.766604 -0.181849 -3.157358 9.162921
-14.053700 3.217983 -4.933221 -5.470078 -5.213808 2.881421 2.127649 9.703563 6.289176 12.667410 0.146131 4.320576
-17.220030 7.808629 -0.625430 -7.656943 -12.503730 9.715090 2.555716 -3.186443 18.180220 7.897414 -4.126853 11.582510
-17.083200 9.373052 -0.488222 -4.940567 -9.980413 9.082900 -2.129601 -11.760720 11.438460 16.571350 -7.067505 17.867230
-19.228380 13.047730 3.707550 -1.833730 3.748469 8.396750 -7.687149 -17.010850 -2.399182 -0.923524 3.076490 17.973610
-25.719340 11.180640 -0.436520 -7.847492 1.019805 10.000230 -4.730197 -1.849620 -0.143885 -8.853121 1.336931 12.331080
-24.535360 11.398420 6.250200 -5.707913 -0.717113 9.704865 -6.370753 -10.371520 3.568342 -19.730790 -6.942699 9.523318
-18.811100 12.508160 10.818490 3.534881 3.196202 9.248190 -2.717918 -11.429960 11.923870 -5.821901 -18.189360 -3.196965
-10.092970 19.485270 18.904460 -1.494768 -15.014600 3.198936 -6.864676 -18.613660 -0.159497 -12.043980 -8.661028 6.993392
-8.931613 21.203110 14.790220 -5.036544 -24.451350 7.037514 -9.007936 -26.703500 -2.714980 -19.011730 -12.939160 -13.666750
-8.365067 17.969900 18.234330 -6.411587 -22.616430 6.936409 -11.749030 -27.451160 -4.093848 -20.171800 -9.397638 -11.081250
-9.539434 17.833530 17.208920 -6.690621 -27.047790 6.174146 -14.170350 -26.642860 -7.588209 -20.124580 -14.358980 -11.217790
-9.563182 17.273790 16.049610 -6.044534 -28.008420 8.981795 -15.927250 -31.093660 -8.621473 -19.185340 -9.904581 -11.815550
-9.096149 15.984540 17.023320 -5.874117 -30.244710 11.395250 -17.914650 -30.538260 -7.885556 -16.727510 -9.209144 -14.873370
-10.130860 17.560450 19.000570 -7.456095 -37.124710 10.364320 -17.589020 -27.832910 -8.568958 -18.162300 -9.909728 -20.626230
-10.628990 15.441850 16.939140 -6.282837 -34.446610 5.868560 -18.672000 -30.015240 -8.148130 -15.176310 -7.490171 -20.293620
-10.636340 15.278340 19.412200 -6.967316 -34.124580 6.614918 -16.342140 -28.289090 -9.073525 -11.318270 -3.993041 -20.396810
-9.181527 12.161320 22.689270 -9.628915 -34.308930 2.570722 -15.304540 -28.624670 -12.048420 -9.489032 -2.909677 -23.106150
-9.353978 13.375430 22.029090 -8.867187 -32.144200 -1.269560 -17.354870 -26.305210 -5.992896 -1.094475 -8.022203 -26.933980
-9.209798 16.004370 17.344140 -6.625076 -30.125700 0.312902 -15.020630 -25.521720 -5.434394 3.037617 -9.303069 -27.393610
-8.242938 16.325120 17.602650 -7.860601 -28.667250 0.773554 -6.869798 -17.114210 -4.486289 4.245582 0.682023 -15.518750
-10.160820 16.914430 21.879950 -3.992036 -24.631040 0.613377 -2.731821 -20.651280 -11.734750 -1.572073 -6.740051 -7.508240
-5.868197 14.796530 22.455290 -3.903550 -22.775890 -10.239500 -13.778130 -16.112970 -9.657576 13.174280 1.733221 -2.632554
-10.463320 6.103313 12.223040 -8.161173 -21.239650 -2.290265 -17.878060 -17.972120 -0.714451 11.333730 -2.221959 -4.727464
-11.708930 5.275007 14.023310 -0.903926 -20.821170 -3.719366 -14.855980 -15.176510 -12.312410 6.457967 -1.952405 -4.260694
-10.954100 12.653230 10.985520 -3.282745 -21.606790 -6.700256 -14.019610 -18.249130 -9.910213 6.241118 -5.558901 -11.218590
-12.607370 11.936940 10.214640 -5.802485 -23.646290 -9.218790 -6.592470 -11.553300 -0.493747 11.134170 1.975112 -10.196140
