-1.415397 16.212430 -8.742870 -4.618555 2.386388 3.669316 -6.774522 -18.906880 -1.972005 -12.720360 -11.961760 -16.433020
6.787194 11.905430 -16.835920 -6.686629 4.331235 8.267071 -0.973093 -17.717580 2.331183 -9.081809 -6.118520 -15.726520
6.455728 11.391430 -17.514880 -11.966600 -0.960932 7.524098 -4.268139 -23.154570 1.431727 -13.002980 -7.369814 -17.709890
5.968977 9.316861 -21.084270 -14.327450 -1.142259 14.022940 -5.462911 -26.387470 9.200864 -21.180030 -8.742753 -15.708370
5.715866 6.379036 -23.838760 -12.656320 1.958746 14.275030 -7.268261 -33.518270 10.815830 -19.485030 -8.968316 -20.586420
5.433313 4.854807 -27.641370 -7.034425 4.813435 9.071909 -9.762395 -31.586600 13.495940 -23.231820 -11.694020 -19.745760
5.203471 2.747131 -21.702510 -11.208510 2.598203 14.471030 -14.557500 -30.531460 9.686435 -20.634850 -12.691630 -23.507680
4.124546 2.746324 -18.551270 -10.311500 -0.104044 15.828620 -10.600050 -31.014590 16.117890 -25.346400 -11.370650 -19.412610
4.626968 0.403654 -19.795350 -9.604158 -1.257794 15.278180 -13.801820 -30.749570 15.384790 -24.091680 -12.600550 -22.891930
2.488586 1.692486 -17.640460 -8.996718 -2.647429 17.329020 -11.201210 -29.307610 14.420410 -20.946190 -10.395660 -22.212650
0.514988 2.021154 -18.305630 -9.169280 1.525488 9.821241 -12.514710 -30.875490 18.451740 -25.769990 -12.791270 -25.338730
-0.392032 4.426811 -19.181930 -8.190537 -0.605500 7.622969 -19.938690 -26.175950 18.064230 -27.386820 -19.352770 -25.421690
-0.928171 5.151174 -15.996880 -6.356998 -5.289501 7.265648 -17.896830 -21.688740 19.622380 -25.589590 -22.753950 -25.925960
-1.807647 4.248345 -13.819920 -6.810575 -6.729683 4.266006 -18.955920 -16.821300 14.129610 -24.336210 -21.228190 -25.387340
-1.746863 4.751846 -13.061600 -4.697623 -12.053940 1.256536 -18.359480 -15.273990 12.974520 -23.507080 -25.038920 -19.198060
-2.877550 4.625466 -10.497550 -4.278773 -17.119850 -9.554432 -16.554130 -11.093780 8.974309 -26.629850 -27.191850 -13.754170
-3.921335 6.331795 -6.064277 -1.650806 -19.997810 -12.533840 -17.135500 -9.211489 5.929684 -23.168340 -19.539210 -11.870620
-5.129428 4.900029 -1.958067 -1.469696 -19.657620 -17.417800 -22.884160 -19.422920 -1.471555 -21.767310 -21.286260 -11.494040
-4.416634 6.337044 3.957333 -1.816423 -19.026190 -10.693460 -21.159840 -29.875500 -3.014157 -7.838447 -9.031890 -9.161965
-4.932828 9.070562 6.538635 -6.457971 -19.445010 -9.131198 -17.403100 -32.248320 -3.328628 -2.266369 -8.713412 -13.340650
-7.314823 10.129650 8.416824 -4.822637 -19.646390 -14.570800 -21.996560 -30.161920 -0.507852 -5.457954 -16.616060 -16.309870
-7.859984 10.528980 8.739057 -5.433283 -18.442890 -9.689728 -26.382730 -28.291150 2.681497 -12.336870 -15.889250 -18.464350
-7.880879 9.706095 6.813257 -2.087287 -13.216520 -8.436793 -21.642270 -32.570130 -1.575027 -16.603450 -15.022450 -18.864910
-8.397073 12.361690 8.139443 -0.557734 -10.746950 -8.273745 -27.524740 -35.826890 1.199085 -13.156640 -15.722370 -20.064660
-7.529469 13.846340 7.859992 -2.025314 -12.852260 -6.181281 -21.197530 -34.747060 -2.546169 -9.295606 -15.738260 -14.582520
-7.672407 14.594930 7.639881 -3.256756 -9.398232 -2.962505 -20.537960 -33.551190 -4.082684 -11.682110 -17.990220 -11.502470
-9.514464 15.048370 9.312449 1.428600 -11.911930 -7.136448 -25.707140 -31.125700 2.808639 -8.180522 -16.605060 -21.867830
-8.508670 16.207590 7.009908 -1.594176 -14.347800 1.745105 -14.230540 -34.110030 -11.864670 -11.853820 -11.329700 -12.933600
-9.527286 16.320640 7.868962 0.095117 -12.626810 -1.082815 -15.821060 -34.105090 -10.281490 -16.966230 -14.884300 -12.452020
-10.402960 17.678520 9.714721 -0.079048 -17.922180 -4.089395 -10.204310 -33.530610 -6.883847 -14.882380 -18.552600 -17.286000
-10.440950 17.675290 10.428870 -1.128311 -17.728020 -6.047141 -9.875465 -34.171760 -4.529706 -8.533955 -21.626130 -16.700710
-10.574390 15.410950 11.917900 2.807495 -18.576880 -6.269165 -14.361510 -36.456510 -5.875509 -1.679764 -18.095370 -18.523980
-9.605640 17.047430 12.142150 1.675957 -19.684900 -0.260053 -7.311604 -31.608820 -8.152554 -8.304791 -21.277090 -13.819640
-10.169800 16.365060 12.600320 2.618905 -20.167900 -5.466061 -8.376347 -33.102630 -9.901421 -6.098676 -17.660130 -15.261790
-9.330686 16.123600 11.303800 1.509806 -19.384030 -4.930659 -3.290084 -36.292730 -14.474450 -2.916445 -15.131870 -21.637090
-9.093246 14.992650 10.486150 2.510987 -20.414220 -8.764049 -9.817045 -32.812920 -14.792970 0.472235 -21.457420 -26.176800
-8.948408 15.621720 11.815780 3.469963 -27.137740 -7.259024 -2.826497 -33.048310 -20.673930 -5.126569 -14.651400 -24.693810
-10.327930 14.161290 7.817902 -0.159719 -30.988920 -12.434970 -4.516893 -37.117410 -24.697140 -13.681780 -21.683590 -26.565040
-7.310549 13.403410 6.415815 3.569867 -24.409020 -13.244430 -3.359811 -27.350420 -14.530580 -8.564020 -12.005170 -22.506270
-5.436200 13.167200 1.735522 1.838903 -21.489340 -11.792600 -10.595340 -26.887050 -11.754440 -3.581219 -6.782372 -25.154650
-4.320709 12.613640 -2.492129 0.483515 -18.426050 -13.894890 -17.110060 -26.302690 -4.675107 -4.227286 -8.247004 -26.092540
-1.745438 14.642580 -6.823971 -3.037714 -16.932110 -9.725575 -21.157960 -31.032690 -1.588552 3.415949 -9.378487 -26.505410
0.586220 15.455370 -9.000241 -7.046178 -15.620300 -0.534114 -25.193610 -33.069710 -5.476502 7.380543 -0.142629 -27.615710
1.612909 17.584840 -12.513740 -9.012212 -16.182730 1.963082 -16.893340 -35.086150 -9.615354 2.844711 11.460720 -20.813280
2.722702 17.384170 -13.641200 -14.982430 -16.060780 1.873463 -17.569870 -34.700150 -11.575900 -5.437910 9.697787 -13.671860
2.603982 17.237200 -13.081610 -15.480890 -20.841060 1.480873 -12.216010 -27.635190 -13.711600 -8.760446 5.048377 -13.341300
3.078386 20.672470 -16.157650 -18.481760 -22.276430 1.467575 -6.931878 -27.289520 -13.707540 -9.930984 3.648542 -13.726950
3.439770 20.591710 -15.242700 -20.408790 -22.918290 0.102472 -8.115343 -22.631940 -10.392400 -14.689970 4.014699 -11.258760
3.673885 20.782700 -14.281530 -19.861190 -23.373210 0.939689 -8.895526 -19.949660 -5.337188 -18.431410 9.280892 -4.862075
3.139171 21.540170 -12.849080 -22.855120 -26.408420 -1.172434 -11.160690 -16.967800 -5.203960 -23.780340 4.437706 -5.188100
4.121221 19.318230 -14.211150 -21.847520 -24.128200 -2.275039 -11.425470 -19.111810 -2.726736 -23.545160 5.901115 -7.879258
3.060816 21.331820 -13.761260 -25.558940 -25.206530 -0.891434 -13.391000 -19.142260 -3.845308 -24.979600 2.290273 -9.564472
3.059391 21.802220 -13.466630 -23.060270 -26.838470 0.662158 -9.377957 -17.977660 -6.520683 -25.439940 6.756299 -8.774365
3.341944 22.059820 -14.230470 -23.829580 -24.627250 0.913670 -9.827411 -19.677240 -8.757827 -23.605960 3.646096 -5.350788
3.570361 22.755510 -12.586880 -23.954060 -23.699760 4.543537 -9.499508 -20.135670 -3.795940 -27.107550 6.095503 -2.767224
2.812929 21.117830 -12.372290 -25.426990 -24.798950 -1.058531 -9.596560 -22.926590 -9.531494 -27.084170 6.362633 -8.589641
3.102605 21.211100 -13.732980 -24.792300 -19.655210 2.176434 -13.187470 -24.033580 -9.363776 -20.864690 6.800311 -2.717316
3.582708 19.739360 -15.197850 -17.856160 -18.889790 4.675942 -15.298110 -29.200610 -7.070501 -15.817740 12.867900 -1.609612
2.420203 18.745680 -14.264280 -15.724510 -14.616580 2.851180 -22.684400 -33.072180 -4.847559 -3.951355 12.658840 -11.777940
1.866494 15.943120 -13.256870 -12.667540 -11.214710 -0.218423 -26.290390 -37.587370 -3.394228 2.300197 12.122740 -10.874400
0.837906 15.482820 -10.673500 -6.631067 -12.490410 -8.909752 -32.409360 -36.466390 6.365886 9.370857 -2.700232 -22.689700
-2.623015 14.872730 -2.332048 0.410324 -16.657710 -13.975840 -36.743710 -30.687840 14.162750 10.697730 -12.616450 -29.109720
-5.282814 13.759530 2.327545 0.362775 -25.272330 -16.988780 -26.008660 -29.178390 -0.429404 -2.328503 -14.626950 -21.208010
-7.812496 15.003950 9.952772 1.120874 -28.127010 -16.684650 -15.194460 -30.951210 -1.608165 0.567775 -11.615780 -29.167410
-8.859606 13.075950 10.669690 -0.611693 -27.611920 -10.165000 -14.238080 -42.563450 -6.887905 2.190626 -8.835057 -33.123120
-9.786095 16.772060 14.591670 -2.249164 -28.042770 -3.560930 -9.986650 -39.414510 -7.671717 1.503804 -7.724358 -27.589140
-10.114240 18.318900 14.762100 -4.800199 -26.438110 -1.888809 -9.239447 -38.757720 -9.459132 -5.479333 -9.596103 -18.579720
-10.402010 19.276640 15.887490 -3.987073 -25.752120 -2.944003 -12.348870 -36.185730 -3.862892 -8.252010 -13.482020 -19.681590
-10.487020 19.104630 13.605650 -4.552308 -19.253250 -4.533443 -18.229450 -40.359360 -5.218163 -8.240652 -7.558701 -17.243860
-9.852103 19.345680 11.074720 -7.127918 -18.445300 -3.216908 -16.377930 -38.793120 -4.889489 -14.457460 -10.108360 -16.138750
-10.373050 18.699250 12.854240 -6.268313 -20.690220 -5.287401 -16.374160 -37.524810 -6.467933 -10.647870 -11.878020 -19.795670
-10.397740 20.544070 15.614940 -7.145548 -29.320080 -3.763296 -6.534249 -35.896850 -13.570260 -11.243830 -9.111357 -15.744670
-10.101890 20.475430 15.424500 -4.642596 -29.283170 -6.117102 -8.900237 -36.825230 -5.834256 -10.395990 -12.601160 -18.022950
-10.282340 19.247570 14.448830 -1.981506 -27.626360 -11.053100 -13.272270 -37.612880 -6.229881 -2.826249 -18.106370 -22.880260
-9.560052 18.737200 15.601830 -0.695570 -28.618840 -10.998170 -12.024740 -36.949510 -6.353642 -4.459790 -15.874580 -23.661940
-8.017644 19.213650 15.813660 0.825968 -25.234620 -7.553900 -5.545829 -38.738800 -10.882710 -1.349047 -15.245570 -11.022180
-7.580755 17.890090 16.639600 -0.081719 -12.295440 -9.816351 -9.139568 -31.391540 -12.911560 1.598676 -11.594990 -11.425990
-13.312550 13.327100 17.577310 9.452474 -1.946995 -5.335391 -7.060024 -22.251700 -15.403660 7.434660 -10.766710 -2.427589
-14.150710 8.821033 12.986720 5.853244 6.632317 12.126480 1.967667 -6.197524 -13.047490 12.146880 -13.815780 -15.039470
-13.973580 8.496806 7.374229 5.468585 0.536215 2.844241 -2.034066 -13.983460 -15.374580 1.346797 1.903332 -8.754921
-14.261360 7.906495 7.946932 4.293239 2.176177 5.233894 -2.301665 -6.515216 -9.541638 -6.084646 -1.038768 1.680446
-15.337910 4.532195 4.352015 7.664345 2.774715 5.929455 -3.053580 -7.168708 -11.950560 -0.378944 -3.290119 2.996209
-20.258130 6.215509 -4.759480 3.367387 -5.965865 -5.194891 -10.152490 -18.301120 -20.838940 -13.830770 -15.110480 -10.159480
-19.511150 6.860329 -2.819881 5.461106 -4.887534 1.923187 -6.653914 -19.423740 -15.758030 -13.669750 -14.964380 -8.336858
-18.730450 6.442428 -1.032772 8.394662 -1.263410 1.293540 -7.063793 -11.512700 -10.898260 -8.119723 -8.193211 -14.707620
-4.683991 1.035957 -14.517510 -5.861750 13.186550 -4.109053 -15.512940 -8.997499 7.226794 2.928893 -17.666250 1.205345
-5.270467 3.400834 -17.172640 -4.298540 17.466180 -0.542787 -13.524800 -8.599972 16.590610 9.901341 -23.391510 -0.983490
-7.795876 6.316855 -9.524644 4.006882 19.191180 2.260271 -6.243093 2.504456 14.066040 13.192480 -17.414400 2.922967
-12.811080 8.946605 -8.406838 8.889911 21.590950 3.698804 -8.085191 -7.052660 2.851921 7.504145 -11.549150 -9.888552
-8.283577 13.430060 -8.518620 4.450842 18.340710 14.232240 4.844355 -9.557164 2.951334 -14.193560 -12.235620 -22.348770
0.181147 14.700320 -16.261150 -4.831719 0.464006 5.932346 10.155810 -25.874710 8.415700 -30.591770 4.900447 -19.613530
1.563521 8.701113 -23.827030 -2.290301 -1.948600 0.724602 6.964416 -26.723270 9.205598 -28.578070 7.102284 -28.545820
3.219425 6.309991 -25.457510 -6.053011 -2.190101 1.642187 -6.753793 -19.152140 -1.708254 -18.615140 2.414363 -31.408740
3.366638 3.178357 -25.790090 -5.493119 -6.883730 0.693380 -2.510844 -25.334800 0.824425 -26.925160 5.330178 -33.796560
1.964794 5.749559 -26.593950 -6.075449 -7.852142 0.215797 -2.280935 -27.904330 0.670909 -27.033390 6.562522 -31.329660
2.189887 5.819412 -25.896350 -3.540976 -6.770602 1.697115 -5.189659 -24.538920 1.111845 -22.381970 5.867495 -33.996190
1.165572 5.984957 -24.774410 -6.040189 -8.923252 -1.627468 -3.489841 -29.937230 -1.832014 -22.057940 1.544509 -34.224990
0.155029 10.184160 -23.638660 -3.063892 -10.117120 -2.255959 -1.244461 -29.152050 0.643181 -21.401850 -0.868220 -28.094050
0.146481 13.071510 -21.269190 0.064131 -6.352588 -5.221488 -4.353884 -29.025300 0.145437 -13.161990 -6.466340 -31.100220
0.974671 13.602070 -10.775620 4.240883 3.316288 7.799894 -6.981817 -24.816290 -4.862438 -0.882034 3.545235 -26.737460
-2.782574 7.736912 -8.490329 0.124501 12.153950 15.859840 -2.342181 -19.385880 -9.832440 0.582474 5.738514 -15.100400
-6.143770 0.300693 -14.591340 -2.727850 13.647890 16.984420 -1.153062 -12.241910 -0.650548 0.591159 2.451652 -11.438300
-7.082132 0.139993 -15.468330 -0.400131 12.717990 9.374880 -2.114157 -4.232109 0.245527 -1.868172 -2.406205 -14.025110
-7.893701 0.196924 -13.458350 -2.852330 4.206071 8.438792 2.211710 -3.817298 -2.099822 -3.323326 -8.168148 -18.211570
-10.824180 2.223039 -11.859620 -0.508049 3.590684 14.315500 7.688064 -6.953896 9.619483 7.443346 -4.445442 -14.491780
-9.983170 0.443627 -10.599670 0.084432 1.383475 6.710009 0.573138 -12.220520 -5.913381 3.480088 -5.894180 -6.665255
-11.078240 1.438111 -10.868080 -3.536168 1.880118 4.068844 2.402987 -3.191789 -7.794124 -3.450268 -5.042664 -0.813024
-11.542670 0.409307 -12.461990 -2.557425 4.297537 5.180122 -6.227076 -2.336653 -4.330203 -3.203066 -2.537631 -7.609623
-12.765490 -0.131744 -13.399700 -4.061334 3.554580 5.019386 4.185722 -0.917736 -4.554053 4.019925 4.182802 -4.643646
-3.908039 9.382675 -14.069700 -11.268880 2.771506 5.051187 4.619157 11.373510 11.865420 2.468562 8.211149 -5.508938
0.480796 14.023200 -23.707660 -20.953730 -0.728256 20.473210 25.005660 8.102760 14.907340 4.496291 4.024480 8.251486
-2.490049 15.034230 -17.198860 -11.824490 -1.200026 14.278500 15.978920 2.934905 8.255421 -0.196548 3.281772 0.905895
-5.230103 13.509200 -7.154482 -4.517047 1.874501 10.629550 12.649010 3.473172 7.888875 -1.069775 -4.131854 -15.455590
4.645488 23.391050 -8.366818 -12.765300 -8.143388 2.504845 7.960373 -11.004890 -6.145346 -3.568525 -3.780367 -12.133130
8.542348 26.328870 -12.181160 -15.075930 -14.570850 -5.312263 10.500680 -14.534900 -0.723587 -16.142450 -8.658397 -0.850617
8.118280 24.494550 -8.958151 -19.561480 -15.371580 0.541317 3.587394 -5.295474 1.030691 -21.635020 -3.113459 -0.550519
8.472066 24.399260 -7.898306 -22.955550 -20.650910 2.775437 2.716756 -13.461660 3.688483 -13.260200 -9.505022 -6.042374
9.455541 25.339230 -11.626390 -23.335940 -18.298480 3.384847 -1.233154 -9.320129 2.885059 -15.343380 -5.597097 -1.434608
9.922347 24.394010 -12.415070 -22.081520 -19.232390 -0.415007 0.896330 -4.925107 3.682396 -22.844310 -0.582752 1.080250
10.781400 23.686610 -11.050930 -21.367770 -21.580810 -2.361768 2.945722 -4.497128 -3.561946 -17.826100 -4.954028 2.469256
10.862610 22.656190 -10.400260 -20.949990 -17.680680 -5.950583 0.471375 -7.758827 -1.911816 -12.187880 -7.157700 1.707020
10.168810 24.726720 -9.244503 -24.692930 -20.264180 -1.822318 -0.399263 -3.721003 -2.911362 -13.552170 -3.384256 1.255253
8.626877 24.729540 -9.517054 -23.286250 -23.183860 -1.397927 5.426665 -5.857609 -7.675098 -11.195060 0.781018 -7.939537
7.109162 22.772070 -5.688915 -21.123620 -19.226770 -2.116616 2.308762 3.572759 -7.184793 -17.695820 -0.979473 0.183198
5.070505 21.382300 -7.523634 -15.735190 -9.479267 0.549990 3.537455 1.486358 0.064959 -8.218605 -8.100296 -5.726072
4.697725 23.024020 -12.615860 -24.221190 -21.611300 1.559507 3.602470 -4.458445 2.091779 -17.107210 -8.606438 -2.664167
