-0.815366 13.593450 -7.813207 -0.370309 2.337536 11.628220 4.165847 -9.283815 -4.489153 -11.804040 -7.311668 -19.468780
3.886925 9.232731 -16.430410 -7.922421 0.138558 18.368680 -8.366245 -26.645210 7.999427 -10.930960 -13.661130 -15.661990
4.728156 11.787840 -21.580520 -7.998920 -0.064805 20.926880 -6.550766 -26.318630 3.273707 -11.081020 -8.747598 -19.313540
6.083604 10.343910 -23.051350 -5.075856 4.388855 16.676390 -9.838752 -26.200890 8.885373 -15.395450 -8.139768 -15.254010
4.101853 9.724751 -22.656020 -4.936087 1.199585 22.623000 -9.284266 -28.459630 11.005410 -17.201210 -13.733620 -13.670500
1.945749 9.209783 -21.283700 -2.823451 0.092580 25.553570 -12.092680 -26.835830 10.777830 -22.294670 -6.382496 -14.827270
2.557589 8.796705 -19.250190 -4.044558 4.381782 20.807640 -10.685530 -26.680950 11.885260 -23.231660 -10.030870 -10.993760
3.135684 7.558851 -17.965660 -6.154318 7.395982 19.624190 -10.836820 -22.436790 8.394310 -22.573970 -8.408133 -12.640820
4.141222 7.096664 -17.464850 -3.384252 4.934400 20.025900 -10.498990 -24.701140 10.817790 -20.282850 -8.376765 -13.511640
3.562325 8.428608 -18.317420 -3.410710 5.013977 22.464860 -9.244608 -26.348060 10.716870 -23.630140 -8.666739 -8.472984
4.044003 7.933833 -17.457280 -2.854511 0.819384 25.195860 -10.247820 -30.864840 17.306600 -19.913080 -11.166370 -13.323180
2.625482 8.737039 -17.300660 -3.651710 0.802584 18.969340 -6.940742 -24.907180 9.554573 -18.442630 -11.583210 -14.218560
2.183977 8.105490 -14.946320 -5.038469 3.198736 19.239060 -8.957451 -21.691120 11.694250 -21.842330 -11.460530 -14.652520
1.495004 7.604749 -13.899880 -4.233792 -0.017943 20.811470 -11.343570 -23.506240 13.302910 -17.131570 -11.896880 -14.513890
0.748583 8.617247 -15.423750 -1.752466 -0.635991 20.858650 -11.221660 -26.084550 17.184680 -15.271960 -14.819630 -18.753930
1.060328 7.535443 -16.030020 0.241682 0.444488 13.891200 -13.540950 -21.251710 21.203940 -17.204800 -17.469130 -20.466690
0.947441 7.242159 -13.898610 -3.411285 -0.604161 13.363870 -15.708950 -17.412620 17.793590 -16.577270 -22.223730 -17.005780
0.962707 6.701487 -12.094340 -2.863139 -1.501612 11.185060 -12.489260 -16.079660 16.233710 -17.346250 -24.868350 -16.214380
0.545707 6.998443 -10.398050 -0.110328 -4.259398 7.934392 -16.748150 -17.006840 16.460610 -16.015080 -22.101050 -20.052940
0.190575 8.145420 -9.642744 -0.378937 -8.628176 1.246857 -17.443640 -12.012100 10.244090 -17.397940 -31.675080 -15.146430
-0.696453 11.390830 -5.796737 -0.535961 -12.393940 -7.917260 -14.681500 -6.602481 9.926426 -17.312500 -26.152320 -16.363850
-0.583566 9.267613 -4.894915 -0.488221 -15.888250 -6.263230 -18.305850 -14.198660 4.851205 -19.138360 -17.922910 -12.445860
-0.445771 8.888041 0.378978 -1.719681 -19.235790 -6.665579 -17.418670 -16.381010 -2.790414 -22.221440 -14.938830 -6.509655
-1.729310 10.340240 4.369606 -0.678606 -22.150960 -10.354310 -18.054680 -18.824070 0.189154 -14.970400 -16.576200 -13.953550
-2.329098 11.372010 6.310923 -1.461425 -24.480800 -6.154832 -18.982240 -25.017210 -2.394854 -11.804760 -4.823884 -16.511870
-4.199570 12.073780 5.105336 -4.065840 -24.382660 -6.446232 -21.401410 -29.053220 -8.067479 -6.225217 -9.087760 -15.441760
-5.770750 13.365800 9.720545 -0.112053 -27.549820 -5.651099 -16.343480 -25.249880 -3.955418 -7.161483 -9.602882 -17.092420
-6.783922 14.266760 9.555716 -1.712779 -30.421670 -9.955786 -15.838200 -23.459290 -6.651185 -16.007190 -16.761620 -19.140240
-7.186459 14.950180 8.468856 -2.576699 -26.334060 -5.580959 -17.058810 -27.463070 -7.808062 -12.434440 -12.394580 -18.357500
-8.406925 16.452860 10.036310 -2.720494 -26.003380 -4.816432 -20.771280 -32.889510 -8.613405 -10.710530 -14.383970 -17.550220
-8.047374 18.218990 9.713597 -1.979087 -25.593110 2.277915 -17.464940 -33.286170 -3.630301 -10.379540 -10.025990 -15.332000
-9.173835 17.637930 8.775146 -2.555418 -25.801780 -0.161683 -17.778530 -35.045930 -6.767008 -11.641770 -9.906797 -18.925780
-9.323279 18.394780 12.612940 -0.652147 -23.471940 -2.460364 -13.842790 -28.193320 -11.726410 -13.890540 -11.756780 -14.923300
-10.390690 18.101040 13.269730 -1.005308 -24.860120 -5.896589 -12.921100 -30.317500 -7.451787 -14.204300 -17.172180 -19.868090
-10.437290 18.411760 12.139930 -2.408747 -26.693930 -2.285652 -10.833890 -31.465440 -4.915193 -13.813710 -19.588170 -22.704410
-10.272980 18.248830 11.706070 -1.743839 -25.889310 -2.482044 -10.155280 -30.725380 -6.356547 -16.211810 -19.303770 -17.305440
-10.138800 18.949220 11.943520 -1.399881 -24.285400 -1.796584 -9.839486 -32.585350 -6.624769 -6.741456 -16.622910 -14.754340
-10.678730 20.087940 12.433590 -0.961019 -25.447220 0.235565 -10.593730 -31.402370 -6.905861 -8.471107 -14.213890 -16.887350
-10.220750 19.406360 11.845640 -0.909253 -24.692120 -1.948342 -14.297400 -30.544570 -3.856529 -5.838218 -19.204090 -19.110630
-9.397199 20.707550 11.366310 -2.098725 -27.601990 0.644290 -8.510925 -34.120150 -11.298340 -6.412614 -12.052330 -14.451060
-9.324485 19.836880 12.138030 -0.313366 -30.006980 -2.772806 -6.696915 -32.512470 -5.847874 -4.793534 -19.023560 -15.723360
-8.819907 19.252140 11.878480 -0.433579 -32.464150 -3.512465 -6.581612 -31.779410 -13.163020 -6.198651 -13.959470 -15.360880
-8.116472 18.066150 10.680470 -0.298412 -34.453570 -5.861519 -4.351922 -31.909760 -12.498560 -4.658551 -14.783380 -22.611990
-6.928144 16.448270 8.258556 0.704702 -34.149410 -7.433294 -7.655330 -31.231370 -9.059765 -7.821321 -16.617330 -21.629240
-4.851583 15.314140 5.751389 3.381589 -28.446390 -10.646350 -6.121867 -28.992250 -4.757375 -3.671308 -13.756620 -21.060960
-3.172739 14.639450 -0.135717 2.378475 -25.765530 -11.521820 -11.074040 -28.185610 -4.492540 -0.691627 -16.039470 -25.844730
-1.593122 12.809060 -3.075482 2.082833 -21.862720 -9.647807 -18.698020 -26.347360 4.159653 -1.059958 -16.151700 -29.391570
-0.068142 12.707170 -8.391055 -0.680906 -19.785760 -8.047976 -22.169610 -30.231300 4.660198 2.384984 -16.399850 -23.371610
1.472507 13.966130 -12.001500 -4.822201 -17.494820 -3.409806 -25.325400 -34.005210 4.779408 2.723160 -9.302452 -24.880750
2.765687 14.092350 -12.249060 -8.304915 -13.448780 -3.508639 -18.709780 -31.040050 -1.580028 4.857760 1.624556 -22.080540
3.515322 13.673310 -15.142090 -13.172660 -18.142050 -0.569771 -19.428770 -32.347080 -13.091220 -2.913822 10.066570 -17.840500
4.082570 17.928920 -14.582560 -19.938500 -17.168560 3.985507 -11.880430 -30.338530 -15.886560 -2.406200 9.811447 -10.720090
4.778774 16.689690 -14.472670 -20.505060 -18.931630 4.971931 -15.953510 -23.921830 -12.218820 -7.720083 2.295818 -10.042060
5.390213 17.516760 -15.008840 -20.149600 -21.341930 4.601464 -9.942305 -21.994570 -9.460743 -14.711200 1.977265 -2.459522
5.634065 18.784910 -13.138890 -19.376550 -24.204940 4.975119 -7.156661 -16.550610 -3.618109 -21.652780 2.235871 0.558763
5.320713 19.880940 -13.584740 -23.256720 -25.957400 6.838932 -9.688931 -22.522290 -4.281213 -14.617870 -0.435237 -10.475310
5.501894 19.576640 -15.248190 -20.811050 -23.942330 5.432942 -14.712340 -15.154580 -1.367347 -18.508680 -0.375290 -9.464396
5.276120 22.024810 -16.057810 -25.322190 -23.748690 5.567484 -15.649460 -16.685170 -2.082605 -20.514760 -4.405653 -9.401576
4.822161 20.235730 -16.504300 -23.384980 -22.586870 4.744295 -14.744660 -17.821900 -2.226199 -21.260760 -3.680717 -8.168989
4.781184 19.925920 -14.620450 -27.231780 -28.025510 4.547265 -14.889340 -22.379320 -6.246143 -27.969710 -4.694930 -9.214558
4.891259 20.920520 -15.656790 -23.695000 -22.427720 5.897780 -17.116090 -16.550610 -4.147102 -21.416560 -6.749843 -3.320961
4.605627 20.244910 -17.728830 -24.756790 -20.096110 4.741744 -17.212300 -21.351920 -8.234779 -24.132020 -2.093527 -4.196841
5.568984 19.063050 -17.333500 -20.750660 -17.707910 9.417535 -17.614760 -23.792880 -5.829586 -18.679570 6.381945 -4.615645
4.597592 17.395130 -18.407730 -18.841640 -16.374560 2.714059 -23.053850 -28.290730 -6.810358 -13.140230 3.756842 -8.696828
4.038781 14.512770 -16.567450 -17.326610 -14.609720 2.590357 -29.634960 -31.572670 -4.970734 -4.067641 4.460168 -18.082390
3.100733 14.351670 -14.868010 -10.761510 -9.944734 -3.284829 -33.274730 -31.616120 9.094667 4.205820 -2.564735 -20.461640
0.686314 12.154560 -13.911240 -7.904015 -17.063340 -12.023640 -39.827200 -32.562230 9.820764 0.968379 -20.704150 -27.068650
-0.385511 13.900960 -5.480973 -1.671366 -23.291570 -11.555620 -30.009520 -23.572120 8.089512 -1.355054 -13.962950 -18.803030
-3.273574 14.038190 1.040820 0.936500 -31.698440 -16.233320 -23.867590 -23.722090 4.283604 -4.410843 -14.795230 -23.860460
-4.791323 14.113920 6.751099 1.692861 -31.981380 -11.277610 -21.522590 -28.957210 2.152051 5.868697 -4.450264 -34.657680
-5.991302 16.525840 10.874350 -3.537250 -34.019430 -3.991968 -15.102320 -34.570770 -2.866274 7.141703 -4.438414 -32.658970
-6.659384 15.479370 10.820670 -3.316956 -34.456220 -1.674796 -12.538470 -34.418700 -9.595531 0.608663 -0.367623 -24.449670
-7.805531 15.533070 12.200560 -3.216299 -35.870930 -5.851954 -13.910360 -34.008020 -7.161891 -2.821201 -7.987810 -24.139180
-7.488563 15.517470 11.451560 -3.328459 -29.355340 -1.058201 -14.530940 -38.001990 -2.444976 2.834449 -4.897772 -23.997650
-7.945333 16.897600 12.660310 -1.487884 -30.735560 -3.400878 -15.264620 -36.776950 0.922023 3.395921 -7.454564 -27.602260
-8.296850 19.887820 16.210130 -2.681957 -35.053050 -3.977302 -11.989120 -32.073760 1.729399 0.183610 -7.963413 -27.081650
-7.811155 18.329610 14.495530 -2.944814 -32.516310 -4.890398 -14.485410 -28.733650 -2.989548 -2.961928 -8.974837 -25.066330
-6.773879 18.089560 12.497370 -3.448097 -30.579050 -2.805326 -13.242770 -29.457600 -6.233951 -6.911621 -10.629640 -20.864560
-6.514760 19.040100 11.762910 -3.303151 -30.351820 -0.243938 -11.499270 -34.067580 -10.383260 -2.649600 -7.896496 -24.835990
-5.615279 18.108840 15.303890 0.928447 -27.971580 -6.744009 -9.812312 -23.649910 -11.880840 1.864437 -17.155450 -21.105730
-5.328441 16.918260 15.171900 1.281032 -15.690190 -7.590790 -13.416100 -34.884740 -13.776680 9.002029 -12.013990 -7.794953
-10.189020 12.149970 11.774270 7.229543 -11.048200 -5.658751 -11.533790 -19.177980 -10.480800 12.928030 1.383375 -4.290710
-10.363770 12.180720 9.341627 0.185890 -7.484035 3.140000 -6.652116 -16.039710 -6.265785 10.973640 8.050691 7.190323
-10.734570 8.264295 6.302713 -0.984026 -14.231280 -5.008361 -1.907047 -15.958420 -0.179990 12.148280 -2.153473 -0.738089
-11.288960 7.407848 3.733025 -2.138987 -13.042050 -1.795309 -6.811484 -19.274690 3.412560 19.083400 -0.019793 -8.880236
-14.104710 4.558994 6.762466 1.621539 -12.748500 -8.076670 -7.965988 -15.181910 -12.121290 12.245210 2.781664 -1.239211
-14.548230 4.530538 2.857727 -0.668828 -15.621230 -13.655990 -7.233040 -13.805500 -0.158993 5.626015 0.399136 2.725718
-9.471921 -5.006951 -14.823170 8.950480 16.873600 4.294761 -20.865290 -6.953591 15.294250 -2.212341 -6.954080 3.103364
-5.051245 2.339394 -12.809230 9.915057 22.073520 5.867173 -17.879880 0.669920 21.897530 -1.888525 -16.518350 -0.152484
-7.104104 6.526618 -6.775606 10.462050 15.122030 -3.536057 -14.797540 4.145984 28.501480 12.367990 -11.866210 6.884884
-9.487187 4.010061 -7.468392 9.228292 14.256400 8.070847 -9.879145 -11.280450 13.330000 4.509532 -6.445928 -16.215100
-8.142585 7.849382 -7.061688 4.647560 13.097230 7.298030 -1.602264 -9.452012 14.537000 -5.486400 -11.975650 -20.505690
1.240706 13.022020 -13.366870 -0.792491 2.043101 5.864623 -2.371933 -20.704360 0.431637 -13.079200 -13.030990 -25.177530
3.521348 9.081728 -23.003360 -5.965659 -8.775836 8.068933 -6.784311 -33.492920 8.345542 -12.853750 -10.988620 -30.874000
3.007129 4.001340 -23.072190 -8.255450 -13.771500 9.069386 -8.325118 -33.578410 9.020839 -15.859280 -5.033698 -35.223070
2.077116 3.781950 -23.713200 -7.527272 -14.973120 6.650829 -9.707291 -30.904090 4.793632 -16.758930 -3.142592 -37.432630
1.126212 3.774607 -25.042560 -9.156757 -16.958120 5.548355 -10.416000 -34.594600 3.604244 -18.793010 -2.998999 -40.130310
2.182771 6.975954 -25.176450 -5.289248 -14.532790 7.819617 -6.713807 -31.907660 7.412861 -12.380590 0.508573 -33.684320
2.118896 6.676702 -24.888470 -7.412236 -15.890020 6.481855 -9.849768 -34.148880 5.284018 -12.517010 2.002358 -36.410170
2.163890 9.073008 -23.324170 -9.295375 -13.416940 5.418914 -9.096991 -35.022100 0.812296 -7.694953 3.009601 -31.679110
0.923337 10.979130 -23.740980 -9.444346 -14.697250 5.148556 -17.849040 -39.114190 -1.253556 -9.655081 3.876735 -32.303710
1.761353 15.873630 -18.019340 -6.115206 -10.633520 9.465996 -13.919170 -34.326890 -1.670112 -5.436140 8.210316 -12.635760
1.737249 12.543770 -12.357050 -3.052373 4.568346 10.030300 -13.441800 -27.192550 -8.824055 7.482033 7.213529 -11.282590
-4.058159 3.104045 -13.915660 -3.694849 6.820375 12.591050 -4.572981 -12.409470 -4.992408 2.949328 -0.955936 -14.798380
-6.499093 2.194358 -13.431280 -4.245296 6.683325 11.989120 -4.939456 -15.971730 -14.857020 -1.499371 2.122949 -13.073340
-7.362418 2.059419 -12.362110 -7.218976 1.167754 3.653936 -3.686540 -6.429379 -8.593085 0.199406 14.005620 -5.598393
-9.598467 -0.090876 -12.585030 -2.290835 4.121830 3.917917 -9.990776 -15.342400 -2.188946 11.885500 12.684700 -4.376638
-9.640247 -1.142846 -11.830360 -1.695524 7.844266 9.573756 -3.330348 -6.739141 -5.784205 5.675557 0.234631 -10.530910
-11.702750 -0.875263 -11.836040 -10.150670 -0.829629 6.722882 -4.370282 -10.468200 -4.363170 10.203240 5.707894 -10.457980
-11.942180 0.806419 -11.084520 -6.634018 0.333964 3.656486 0.069269 -9.372819 -5.919671 4.842682 -3.599859 -15.983310
-11.283740 1.046004 -9.738737 -4.818750 6.520635 9.368437 -0.517530 -5.759396 -0.868156 5.827054 -3.360073 -16.339300
-11.518750 1.315881 -9.492441 -0.423801 5.884903 2.875381 -3.657897 -4.099154 4.533538 15.662150 8.243774 -10.248570
0.954672 15.937890 -14.580030 -12.648100 -6.640519 7.436398 2.238737 2.442292 4.130527 2.831577 4.554968 -6.380403
3.560718 21.699850 -15.548170 -13.728290 -5.493726 9.248562 8.302084 3.970779 11.658350 0.559839 -5.661743 -15.635270
2.494919 19.220470 -6.713716 -2.849910 -4.157716 1.353979 0.418117 -7.377587 -2.115117 -1.723386 -7.287271 -13.920340
8.712951 24.931950 -10.879280 -16.107810 -18.292360 3.931945 5.379104 -13.399030 -3.026801 -13.523640 0.639619 -13.739820
8.456645 24.662080 -14.462570 -20.120840 -24.739870 0.479779 1.654141 -10.789180 4.047216 -19.918110 -4.936110 -11.322300
9.467406 24.523460 -13.711680 -19.281070 -22.158040 0.502097 5.914495 -11.099640 5.384263 -19.234580 -9.142827 -4.946357
10.017380 23.936440 -10.650030 -24.088430 -21.183660 2.012021 -0.242124 -6.898227 5.672804 -19.853490 -7.457352 -7.659203
11.288060 23.431560 -11.994560 -23.397060 -20.988250 -1.425480 -1.130768 -2.962426 1.952917 -15.238930 -10.670770 -4.489282
11.778980 22.515450 -12.085500 -22.569950 -22.156270 0.999453 0.211746 -8.024443 2.130377 -15.288470 -4.376377 -1.219715
9.893645 25.071480 -10.106290 -24.163770 -22.756630 0.857260 5.030991 -2.011414 -2.110376 -15.928920 -1.605590 -5.475640
9.512802 22.593020 -11.124940 -20.774810 -21.419740 -1.308792 6.081207 -3.050028 -1.446594 -14.082960 -0.876472 -9.505555
8.397590 21.510760 -14.046390 -23.217600 -15.713180 -2.329011 2.147669 1.016826 2.301741 -11.597980 -5.526515 -4.965853
7.900244 21.713160 -12.701240 -23.183670 -14.298480 -4.377100 4.018964 3.745816 0.034046 -16.247000 -0.899474 -3.042961
7.909885 24.124620 -12.969640 -21.960840 -18.225160 0.195393 -0.283986 -1.952545 1.663698 -15.646030 -9.667708 -6.990559
4.646202 19.834120 -11.756470 -21.109000 -23.746930 3.982319 4.819479 0.810084 2.855118 -9.302546 -3.782487 -7.239676
5.467345 21.116040 -13.258240 -17.580840 -20.531130 0.119515 1.380938 -2.990459 1.787649 -13.348450 1.918712 -6.955899
3.513313 18.308030 -14.245950 -23.925080 -22.986520 3.684542 -1.170427 4.278439 2.127668 -21.571650 1.888739 3.232616
-2.840103 11.554680 -8.661981 -18.330880 -17.902440 -0.621420 3.814062 5.169179 2.571318 -7.767471 3.632069 -2.242898
1.794697 17.016940 -10.062710 -12.524440 -11.452280 2.893872 0.170619 5.304438 -10.011410 -19.492340 -8.154406 -10.246410
4.895679 15.618900 -9.094578 -24.431810 -19.307410 -3.395777 2.932761 1.365133 -2.235682 -15.223850 -14.473190 -6.120455
-3.661247 8.921546 -10.151760 -15.120800 -15.457650 -6.358238 3.483574 6.813302 0.892221 -2.401174 -7.835852 3.974190
