-13.597410 9.171008 -6.861341 3.753428 5.602983 13.036800 -4.423015 -0.825337 -5.452120 -12.522710 -8.629384 -20.743910
-1.399408 10.085860 -15.600070 -3.980785 6.055452 5.641726 -2.056066 -17.989140 -8.274661 -14.419570 -5.390510 -12.288350
-3.336734 7.337725 -15.830090 -2.611996 12.466570 9.584617 2.033713 -14.617880 1.998144 -5.311543 -5.311942 -2.392002
-10.160440 7.257066 -8.095901 6.075546 11.575240 20.153440 2.102104 -5.310476 0.763208 -15.006720 -6.724275 -2.962054
-4.403344 11.333020 -10.344750 0.724393 4.712502 10.347140 -0.384218 -13.787210 -7.880151 -11.493640 -10.341530 -10.632070
1.206419 10.052880 -19.432400 -10.873480 4.904717 13.969280 -5.897773 -30.756630 12.695350 -14.475430 -11.980140 -12.629130
2.747299 10.356870 -20.653970 -10.627070 -0.262109 10.398060 -4.125825 -27.313240 4.138660 -21.075010 -6.066821 -9.664859
1.237682 15.243000 -19.578600 -5.955275 -2.839993 10.894720 -10.021750 -36.834010 8.561358 -11.825960 -5.904028 -16.410890
-0.036130 14.532120 -18.694270 -8.980070 -2.635021 7.609203 -8.397773 -34.932740 10.297800 -17.668750 -11.030410 -21.048350
3.604711 9.862522 -18.918440 -4.970679 4.629153 12.844350 -9.964548 -32.412650 7.896070 -15.297140 -8.202604 -7.719166
3.305715 10.945860 -20.655270 -4.005691 3.394218 15.502260 -3.183274 -35.506770 6.975547 -13.248080 -9.205757 -14.676300
4.860564 7.750339 -19.696860 -7.305516 2.988526 17.490900 -3.594863 -33.379990 8.676723 -14.929920 -5.405595 -12.849000
2.520807 6.329311 -19.244620 -12.450530 2.689999 21.065430 -7.149949 -36.125590 12.328330 -17.090680 -7.405614 -16.880080
4.666332 6.340425 -21.044480 -11.794490 6.937427 18.936580 -8.202548 -29.067210 13.330750 -15.386510 -6.012137 -16.646430
2.982772 6.876357 -21.483720 -9.710302 1.455914 14.913010 -8.735375 -21.751430 8.068220 -17.221940 -4.742484 -17.109360
1.178149 5.942508 -21.932710 -6.870980 0.205670 14.059220 -8.634655 -25.581300 12.966120 -18.849320 -5.242174 -19.768550
3.217246 4.267674 -19.792380 -7.344200 0.715974 11.440330 -6.609661 -25.016390 13.531590 -14.977390 -12.467260 -15.686110
2.558389 4.671685 -19.250470 -7.079239 0.249046 8.227553 -3.481707 -24.651170 16.884330 -16.419770 -13.728110 -19.764800
2.470586 2.527956 -18.999660 -2.764614 -2.448761 11.921780 -12.167360 -26.696700 14.703160 -11.474090 -19.882790 -17.162600
0.004446 6.551213 -18.167960 -4.745992 -2.590795 10.021760 -11.018390 -28.100630 15.731880 -13.748650 -17.100240 -20.206430
-0.133246 4.308900 -15.097800 -3.408469 1.749339 0.780900 -13.677560 -18.797780 11.219520 -11.642340 -18.870840 -25.032450
-2.764682 5.264975 -9.861970 -1.234729 -4.693246 -5.784853 -16.537540 -12.191940 13.048610 -17.434170 -22.737630 -23.106170
-3.924749 5.801266 -7.283041 -1.582358 -10.188370 -13.712960 -19.328510 -7.460032 11.562620 -19.192110 -23.570450 -17.106850
-3.814330 4.494953 -4.335042 -3.131850 -10.175610 -12.966310 -21.497130 -12.709780 4.327547 -13.512680 -19.569150 -10.331380
-5.578377 5.746059 -0.982889 -1.682513 -13.332690 -14.255260 -24.095360 -18.002800 -1.625372 -9.704287 -15.720590 -15.248860
-6.129143 6.413197 5.775349 -0.713815 -18.213750 -14.778370 -22.153680 -25.121930 -5.541781 -8.511152 -9.829270 -14.318610
-6.755074 8.935843 8.924775 -3.547838 -22.319990 -15.852380 -22.567140 -32.656380 -3.306822 -7.722944 -5.755064 -19.318780
-6.565831 11.632710 11.800650 -8.115767 -15.003930 -5.720042 -21.764470 -30.999610 -3.801753 -1.466147 0.956503 -15.639120
-7.296195 10.696710 12.224300 -5.772451 -15.223360 -15.672500 -22.450870 -20.897220 0.853467 -8.996365 -14.270550 -16.625750
-7.304509 11.800840 10.783760 -7.569417 -12.204920 -8.129953 -19.199190 -26.484860 -2.724620 -10.563710 -6.389262 -9.392362
-9.150705 12.746160 11.566080 -7.314525 -11.136680 -10.041880 -22.759250 -25.024740 -4.579416 -14.913160 -10.015320 -16.162190
-9.054920 15.028260 13.295760 -8.852888 -12.432850 -8.491043 -20.441420 -27.537240 -7.263878 -15.207780 -6.618680 -18.089090
-8.870998 15.606860 11.009880 -13.124590 -10.150950 -8.313144 -18.588030 -28.770320 -3.030665 -18.578440 -15.163700 -18.724290
-8.089417 15.626570 12.662240 -12.577710 -11.675050 -7.258973 -20.638510 -30.053530 -2.444279 -13.531530 -11.992080 -18.651000
-8.606924 15.511860 15.640780 -8.664236 -10.614470 -10.586160 -21.735250 -31.771810 -4.782648 -8.962853 -6.435146 -7.449801
-8.759249 17.079860 17.397100 -9.136927 -11.097560 -8.707962 -25.858610 -32.410370 -2.940405 -7.428326 -7.972558 -10.295050
-8.313913 16.167170 17.578390 -10.624420 -11.860460 -10.190680 -21.998870 -31.052760 -7.533460 -10.196480 -5.815404 -10.858840
-7.754501 17.242260 18.026730 -12.435690 -15.155320 -7.415048 -17.424760 -27.356520 -10.028440 -12.996750 -5.858145 -6.404915
-7.987312 17.330440 18.074160 -12.225310 -16.589280 -12.219660 -20.470640 -33.145370 -7.321261 -13.165700 -8.638184 -12.584020
-8.167908 19.280950 18.052720 -9.758525 -16.397910 -8.014219 -17.148080 -29.594160 -7.670343 -12.043080 -9.203872 -3.617926
-8.632533 17.976430 19.382140 -5.843991 -18.046200 -14.065450 -21.939180 -32.179550 -2.703699 -10.775240 -11.574100 -10.077680
-7.567919 20.093990 20.649190 -5.680245 -18.442530 -12.896870 -15.299660 -27.596460 -4.837043 -7.496744 -10.953100 -7.306348
-7.488763 19.429720 15.494580 -7.622409 -20.118880 -6.331117 -17.121970 -35.572060 -6.862792 -4.410933 -10.721800 -13.451000
-7.386326 17.208200 14.199590 -7.209070 -23.622110 -7.182919 -14.041890 -37.478650 -10.849140 -8.735955 -9.675906 -18.600260
-7.718914 19.296010 17.191120 -6.928211 -23.884070 -10.986270 -6.365318 -31.955560 -6.872954 -10.056150 -17.090180 -7.291940
-7.383997 16.194770 16.184630 -10.549700 -27.753020 -8.293303 -12.726300 -36.915250 -15.995100 -6.531206 -18.507540 -18.773160
-6.248209 16.467930 16.348380 -8.739485 -26.023940 -7.012294 -10.141120 -31.577430 -17.230640 -0.346319 -7.416928 -22.995920
-4.370417 13.648100 11.414040 -6.160354 -28.126400 -12.750710 -12.195960 -30.554660 -20.010140 -2.420514 -8.555845 -21.993630
-1.584660 12.313470 6.781840 -4.839788 -26.248480 -12.585380 -14.498250 -26.866020 -10.838980 -3.783298 -5.198804 -22.393920
-0.126594 13.412220 0.119767 -5.278034 -22.098860 -15.765090 -19.964550 -24.776450 -11.544310 -1.588323 -5.511190 -26.717540
1.658406 13.167020 -2.683982 -7.114214 -14.730070 -13.582680 -20.908970 -23.320890 -10.749320 6.249778 -4.635003 -19.105160
3.319351 13.238000 -6.330481 -10.595800 -14.942700 -5.372179 -25.117500 -27.485600 -11.751130 11.703710 -3.346493 -19.249870
5.160225 11.883650 -9.570874 -13.501890 -11.393530 -1.277842 -26.850900 -25.522070 -14.579650 8.305124 -1.139683 -13.521790
5.712987 11.422280 -12.694960 -18.355450 -11.093310 -1.010000 -23.075090 -29.358020 -18.103940 -2.927369 6.159570 -13.347020
5.435608 13.692200 -13.473380 -19.405230 -12.930400 3.879925 -16.806750 -28.266160 -21.082490 -3.516606 3.258222 -11.985160
5.236721 15.253750 -12.894440 -17.574350 -15.350090 3.311836 -10.129310 -23.098410 -19.731000 -10.701940 2.806300 -8.381929
5.663764 16.884850 -12.145900 -20.387700 -17.793590 5.973056 -11.400760 -24.708870 -18.317340 -11.016800 -4.144741 -7.991037
6.001008 17.589270 -12.700160 -20.860390 -17.777440 3.218588 -9.155047 -19.289050 -22.288140 -12.101720 -5.043555 -6.139935
6.241469 16.847570 -13.201130 -19.636270 -20.451430 3.690121 -10.938190 -18.571510 -22.286940 -13.385620 -9.172444 -10.771130
6.498560 19.109600 -14.136790 -19.870500 -18.590520 5.803092 -9.079818 -18.740080 -17.484080 -15.097480 -7.337731 -7.085845
6.266413 16.184020 -13.271950 -18.517610 -18.419570 -0.781839 -6.934828 -19.655780 -15.891100 -17.303620 -8.653269 -9.171231
6.035264 16.381540 -12.923680 -17.713180 -20.411450 3.317788 -7.785363 -16.573060 -15.273030 -22.411960 -5.107038 -4.944079
5.815092 16.595550 -14.867130 -23.976330 -21.382730 4.282017 -12.930850 -19.719560 -21.887050 -21.610490 -8.335227 -13.170990
5.607224 17.375250 -14.360960 -19.651110 -17.183780 3.785353 -9.877504 -17.122780 -13.807370 -20.208610 -5.738722 -9.401132
6.056883 19.391360 -14.216720 -18.325240 -13.823430 5.606014 -7.291083 -16.725670 -15.076370 -13.606230 -3.911551 -6.450644
5.192487 18.292610 -17.742360 -19.587520 -13.133670 3.849503 -11.874520 -27.096090 -17.873210 -15.769790 -5.202576 -8.873051
5.714650 15.206430 -15.442180 -17.129210 -8.293440 6.715737 -17.730030 -26.607100 -19.983240 -6.479543 0.969074 -5.893748
4.992601 15.292470 -13.108210 -16.122360 -6.086376 1.657833 -21.120980 -32.686760 -9.215508 -3.863585 -1.518065 -11.300470
3.504602 13.138340 -11.614390 -8.390266 -6.994717 -7.377352 -29.375770 -25.314030 -7.290179 -0.067758 -6.502400 -21.119760
1.740223 13.783970 -7.264847 -2.891795 -7.273683 -14.060160 -33.085040 -20.627680 -0.848904 0.093514 -11.691010 -20.280350
0.830262 12.694180 -0.986138 -0.043464 -13.947610 -14.999260 -29.053710 -25.601040 -3.870493 -2.599938 -10.724310 -18.791950
-1.973455 14.000140 5.897505 3.642144 -19.304940 -9.900352 -25.383600 -30.952530 -12.016530 -5.050436 -3.325751 -12.361010
-3.618103 13.666390 9.380262 -0.836757 -22.100560 -5.963414 -20.296560 -34.475650 -16.738100 1.137245 -1.835479 -19.237970
-3.793045 14.931830 10.748670 -5.084612 -23.064180 -5.162535 -17.105180 -28.791590 -14.932920 1.785824 -6.145388 -22.868760
-3.759453 15.539460 13.043000 -3.234125 -25.377560 -2.529091 -15.594990 -25.796940 -8.751659 -1.513621 -4.709171 -16.794260
-6.374593 17.905090 15.423760 -6.302373 -24.495580 -8.955963 -15.082680 -32.705740 -7.978180 -1.047957 -11.244120 -19.756650
-6.767712 18.980540 13.933190 -6.290715 -21.098660 -5.284221 -18.145350 -37.561410 -10.179670 0.946650 -6.880782 -16.795520
-7.369031 19.601790 16.607630 -5.228221 -21.804580 -5.201554 -16.566760 -37.017760 -10.379910 -1.216908 -4.381072 -13.932730
-6.510289 20.259610 18.887020 -4.534024 -21.056140 -11.180700 -14.582800 -30.040620 -10.274110 -4.970149 -7.244707 -5.728997
-6.814274 18.378650 19.195010 -5.487353 -23.397580 -13.507280 -10.636020 -33.550830 -14.473250 -1.311856 -5.398681 -10.581330
-7.186440 19.492460 15.645330 -4.674983 -23.488580 -12.340020 -10.823790 -35.703420 -11.583760 -8.319860 -3.743731 -13.917690
-6.252533 19.371290 15.532920 -4.006221 -22.188160 -9.686741 -14.699690 -29.425590 -7.608178 -2.154520 -9.487344 -15.381040
-5.393458 20.098650 14.679120 -1.459946 -20.164810 -7.169031 -14.245820 -30.032270 -9.877807 -0.314204 -2.946740 -19.917640
-6.642992 20.507680 14.626490 -2.590269 -19.590720 -9.122621 -13.970390 -29.222110 -15.701020 2.870046 -3.069306 -22.465960
-5.556427 18.176460 13.132020 4.258443 -18.404260 -11.368520 -11.553080 -32.397460 -16.002870 7.271168 -6.226470 -17.676900
-6.876468 19.984290 16.838300 1.147801 -16.522090 -4.260471 -11.864570 -26.487130 -17.582710 3.751108 -4.845564 -4.987930
-10.915080 15.371690 11.836390 3.500125 -7.154612 -4.753829 -4.334729 -16.872220 -14.564110 -10.143420 -11.242230 -11.457700
-15.297270 6.902526 7.326995 1.957522 -9.626183 -7.581044 -4.313590 -7.645299 -8.115064 9.270661 3.206681 0.163207
-13.636320 6.701417 2.890378 0.345499 -5.629654 -5.149308 -5.869795 -12.169920 -2.489707 8.394486 5.755417 -2.813590
-13.649290 8.745130 6.787688 1.222520 -7.271131 1.181009 -12.578330 -13.618650 -4.636799 -0.158517 -1.154140 -7.211757
-12.949190 11.155930 7.446552 3.381422 0.567985 -4.803429 -18.734130 -8.735642 -7.038529 2.664791 -5.944255 6.005923
-8.590960 1.416299 -14.562390 -2.169511 20.713930 7.822815 -6.392053 -10.664240 2.275497 9.561091 -15.405060 -2.000483
-9.640608 0.931630 -14.763170 -0.123482 14.742520 0.266380 -15.333860 -8.305883 11.637940 9.243434 -28.529640 0.468905
-9.134076 5.010810 -10.390230 2.284484 9.746649 -6.364184 -11.112890 -4.237596 9.211702 9.535957 -28.656600 -5.207807
-10.655330 3.937870 -2.605360 8.072292 11.266500 -5.816597 -3.303269 -2.784311 8.563151 7.625128 -12.113390 -3.133696
-13.605390 6.032487 -4.426660 4.888521 11.325190 5.992896 -3.841692 -3.688628 7.591820 0.524271 -7.280534 -10.723530
-9.385180 9.817712 -0.917912 1.614662 8.480246 15.143150 -14.388820 -5.889057 7.389185 -7.893990 -10.794080 -6.573425
4.248934 12.844390 -13.454540 -7.962090 -1.210423 2.873370 -11.850270 -19.251840 0.377066 -13.914110 -15.320840 -22.133960
1.199767 8.566606 -17.619550 -7.899559 -4.100444 6.098049 -10.907720 -21.351280 11.870460 -8.828111 -9.960007 -21.337760
-1.504839 5.048810 -18.408370 -6.556206 -7.480356 2.493762 -13.036550 -21.697520 10.864460 -15.227330 -12.437720 -31.365660
-1.101742 4.366258 -17.533130 -6.942519 -6.469954 4.260193 -11.623960 -21.620830 9.346792 -15.689500 -5.953683 -31.723980
-1.262049 4.864191 -18.047100 -7.456014 -5.719808 4.946661 -9.504463 -24.721780 9.148341 -10.256520 -7.486696 -35.046560
-0.469825 6.089845 -19.978210 -4.807993 -5.431486 2.092992 -7.799041 -25.767320 8.446591 -9.813895 -10.320790 -32.544600
-0.467497 7.614474 -19.652030 -3.936801 -4.909275 2.706713 -6.009686 -27.431690 8.686287 -6.661062 -8.393053 -27.906510
-0.678025 8.979578 -19.473990 -2.317889 -4.159129 -2.609774 -3.781384 -29.992030 7.618120 -4.438859 -11.548330 -27.023870
-0.589889 11.422640 -15.206960 -1.275533 0.238839 -4.720100 -7.812720 -24.844790 2.243219 2.091612 -13.264880 -24.280110
-0.390004 13.200360 -11.607900 0.510305 5.644658 -4.785573 -13.832370 -26.288960 -5.431199 2.416949 -8.177463 -22.834300
-0.718933 11.282470 -5.688509 1.207682 9.215083 3.655731 -15.589390 -13.584480 8.165652 9.985564 -4.120227 -20.055460
-5.139028 3.038436 -10.798940 0.237925 1.587742 3.578355 -3.493520 -4.482848 8.774155 7.300490 -1.250307 -16.828720
-6.153754 1.650747 -12.488330 -1.455706 3.651921 1.376764 -3.831122 -4.155592 5.674859 10.147530 12.534240 -21.131040
-9.757678 -0.988048 -13.634520 -6.931921 -4.467012 3.154438 -10.817570 -6.722000 10.029410 16.104830 11.094880 -4.603302
-11.665070 -2.609467 -15.403190 -9.605907 -1.766654 6.400280 -12.184770 -3.578531 13.544740 22.969010 9.136342 -8.475894
-13.123800 -2.985157 -12.599440 -8.362181 -0.246800 3.147163 -11.139010 3.993890 14.352890 18.532290 10.081040 -7.356463
-13.192650 -1.380587 -9.970481 -3.808030 1.388724 2.626030 -4.529953 3.894423 10.692910 12.510760 2.769217 -15.125450
-13.536880 -0.723487 -9.188810 -3.229355 4.837527 3.821727 -0.759747 -3.137382 7.974375 14.214940 0.337389 -6.057246
-7.349409 2.767422 -9.112787 -2.893385 2.592190 -0.908154 -4.864448 -9.825227 1.183421 13.330390 -2.617384 -9.265822
-5.792564 4.345107 -14.412300 -6.048541 6.077565 -4.567993 -14.036300 -12.147140 7.022768 10.623670 -11.070010 -13.182270
-7.470470 7.268179 -18.609150 -10.446890 2.092943 -1.765247 -8.074471 -10.828250 13.571640 15.174200 -11.393710 -3.986268
-7.219034 3.636386 -3.491644 4.628859 11.685800 -3.683124 -9.183647 -7.837400 6.093279 23.340430 -16.843160 -4.421637
-1.506169 14.300900 -0.153135 10.751580 1.774854 -10.190680 -17.957590 -14.027150 1.604830 -5.560781 -14.015360 -14.349930
0.236260 15.888270 -2.481904 2.236261 -5.658571 -10.423470 -19.499490 -19.024050 -5.852010 3.063433 -6.462801 -15.290830
-0.459847 15.015000 -6.132301 0.152077 -6.906264 -11.303050 -24.394420 -26.394500 -10.696710 6.384521 -11.334630 -18.583970
-1.423355 15.205360 -3.806781 -3.864732 -10.614470 -10.426780 -23.870920 -27.395250 -13.937670 0.738603 -7.425099 -18.612790
-2.354934 15.603630 -4.287610 -2.429703 -12.237240 -9.323667 -27.629930 -24.846300 -10.778010 2.240318 -8.218318 -21.843290
-3.269551 14.264340 -4.740498 -3.580694 -15.908020 -13.008640 -30.927000 -27.440810 -12.865920 -4.674832 -8.990796 -27.010720
-1.832438 14.646840 -4.973765 0.517724 -16.009230 -12.008030 -31.796180 -22.929850 -6.866379 -1.828485 -13.374870 -27.858270
-0.744875 15.419730 -4.786632 -0.780056 -12.327390 -14.476800 -28.923770 -23.413520 -4.675653 -1.184794 -15.188840 -25.487860
-1.111055 14.971620 -3.238884 0.786924 -12.562980 -15.661260 -30.636650 -19.513030 -4.546540 -3.539645 -12.525710 -25.016160
-0.649755 15.899380 -3.145317 1.835110 -12.417540 -12.033160 -33.578080 -20.412800 -5.859183 2.084631 -9.526313 -32.328480
-0.954738 16.861910 -2.778198 0.536271 -10.713980 -12.689210 -31.944780 -19.647430 -7.128191 3.142324 -11.407540 -28.524170
-1.168260 17.783210 -3.193400 1.805434 -8.335114 -17.212760 -30.141740 -20.244990 -9.134812 5.078287 -12.714900 -31.041790
-0.776471 16.923210 -0.227858 1.897641 -7.323863 -13.163390 -29.934710 -23.625360 -9.279466 6.198115 -9.239698 -29.805220
-2.168352 17.004940 3.942353 4.227708 -0.624425 -7.601545 -26.706030 -11.607290 2.445256 10.085400 -2.714180 -16.741020
-6.288785 14.009100 2.868286 3.035913 -1.082847 -7.860128 -19.786730 -8.674899 -1.636131 10.367450 -5.948655 -4.107795
-9.620319 9.816636 -2.517641 2.657549 -5.843131 -12.576780 -19.649330 -7.985462 -4.698367 7.906482 -4.272335 -10.543740
-10.263210 5.700891 -2.016020 -0.157927 -9.193275 -16.120230 -16.934830 -15.103830 -6.315260 6.996796 -5.503647 -13.763590
-11.627490 6.368744 -5.622233 -4.502228 -7.196287 -11.539810 -17.254400 -5.728086 -6.017584 7.927426 -1.447040 -9.403637
-14.372340 6.359424 -3.720362 -5.850880 -1.059033 -11.034540 -16.107920 -8.976338 -2.377332 -6.092072 -12.077560 0.568508
-13.485660 5.865434 -2.799641 0.083187 -0.900839 -7.317832 -10.038530 -9.270185 -6.235761 7.241147 -9.501800 -5.562993
-13.560820 4.046849 1.070378 -6.568394 -7.932825 2.781444 1.031475 -19.532780 1.585104 7.206240 -13.724340 -11.702010
-13.785980 6.300991 0.796826 -5.331556 -10.487750 7.339378 7.166765 -12.769000 3.342467 15.104380 -6.702276 -5.684520
-12.759290 10.404910 7.985860 0.180693 -9.734198 2.256342 3.169625 -7.586834 4.708907 18.260710 -7.682172 -3.817758
-10.221310 15.466690 14.549820 -0.161637 -10.325300 0.764366 -0.784616 -12.869230 -2.280498 7.763361 -10.297530 -14.671920
-4.044814 12.629650 11.177520 -0.312134 -26.455150 -2.234796 -4.534306 -20.235880 -9.558014 -7.440194 2.614595 -25.379490
-4.867637 9.410116 11.466020 -3.512334 -34.920240 -7.162417 -9.636893 -19.493290 -16.980780 -7.086234 8.903153 -18.894060
-6.424814 8.205612 10.470570 -5.389848 -35.023150 -9.635157 -10.796430 -19.152370 -16.568340 -10.772450 5.760446 -21.498750
-4.855996 8.644037 8.503725 -6.850843 -33.423350 -8.981094 -8.310108 -19.680840 -17.325080 -9.784574 10.592040 -16.356390
-5.524498 7.903411 7.978063 -5.713100 -33.896230 -7.754314 -9.927865 -19.099220 -15.475070 -12.496880 7.882402 -16.315040
-5.749327 6.253672 7.633686 -7.291738 -34.041670 -8.903718 -12.144980 -18.677810 -17.145760 -12.653960 5.932037 -19.091380
-5.506871 6.157239 7.078784 -5.296581 -33.019360 -7.641225 -12.424140 -14.552580 -14.548570 -13.864550 5.336180 -16.757930
-5.788240 5.439556 6.827323 -6.283826 -33.089100 -9.338878 -13.102450 -14.141040 -15.845070 -14.134030 3.014348 -17.463290
-4.907215 6.179824 5.455013 -4.047555 -32.310890 -5.130129 -12.771690 -14.011960 -12.366210 -14.157070 3.967217 -16.253650
-5.612966 6.423951 5.781197 -5.228751 -32.233490 -7.729845 -10.539650 -13.024880 -10.024250 -15.419320 -0.464001 -15.375400
-4.510769 5.808794 6.235385 -5.186357 -30.759560 -5.964736 -10.103200 -12.434910 -8.131801 -12.156180 1.013700 -15.119190
-4.928833 5.544950 5.657091 -4.915567 -31.311540 -8.342242 -10.985440 -9.257277 -5.635029 -13.074940 1.399624 -17.182020
-5.238805 4.964208 5.629801 -6.358545 -30.822500 -10.281280 -10.716230 -8.468372 -4.304454 -9.589092 -1.332017 -18.892180
-3.779408 3.429899 4.503753 -6.543488 -31.784420 -11.924040 -10.004340 -7.972554 -3.219551 -7.498140 -3.106390 -18.966720
-3.311790 3.655744 8.944268 -3.485838 -28.273530 -11.599990 -9.489542 3.050849 -3.614659 -2.047006 5.585083 -14.436380
-2.651602 6.422517 1.418654 -7.738992 -29.269480 -13.052950 -5.585040 0.107074 1.644878 -6.464184 4.234347 -14.321120
-6.499979 4.745533 8.968309 -5.457148 -28.094930 -16.143370 -7.822668 -6.884489 -0.548837 6.191832 7.288430 -10.607010
-6.556851 6.715398 11.781810 -1.942175 -25.143670 -17.157860 -5.440175 -0.716758 -7.845481 -5.608953 -1.743083 -22.435890
-4.983710 7.032297 7.527773 -4.716317 -25.996730 -15.994570 0.351917 12.198040 -1.946957 -0.383320 10.540500 -11.727690
-11.899880 0.785369 5.933242 -5.569491 -27.227410 -22.274630 -6.730899 1.184509 3.059137 6.090600 9.055261 -0.693123
