4.198864 9.863400 -19.977070 -12.501660 0.274494 7.623043 -8.219960 -9.977463 -3.102734 -3.573628 -12.488510 -9.362417
6.909865 3.621976 -24.933950 -15.428390 -0.719419 13.828630 -9.411609 -14.411400 6.461382 -6.876821 -15.849060 -9.754964
-0.164408 9.028581 -11.680140 -6.111157 9.377775 19.875500 0.069061 -7.334928 -5.180992 -1.963564 -14.706020 -21.545500
8.670450 3.174055 -17.245340 -18.193730 -1.016395 19.124270 -17.087420 -13.232630 3.820205 -14.039360 -12.523200 -16.454520
8.003031 -1.635182 -14.222570 -20.123200 -0.643578 27.365510 -18.692130 -7.232823 7.217675 -12.638920 -3.306329 -22.686110
5.111714 -4.461362 -13.903930 -23.046510 -6.496087 29.106070 -20.598490 -13.023840 4.862775 -19.513970 -4.823030 -27.004120
3.720526 -5.002271 -11.853270 -21.429570 -7.740673 27.281530 -21.044910 -11.891550 3.121030 -19.557450 -6.581739 -28.511020
4.302796 -2.423507 -14.944750 -18.630000 -9.247109 29.495940 -19.108750 -16.301870 4.019773 -21.777530 -3.370182 -28.321140
4.007904 -1.451281 -15.458760 -17.717350 -7.354284 21.128330 -16.303870 -15.167280 1.093696 -25.801720 -6.276665 -25.658150
4.680333 -0.545891 -15.718800 -14.762740 -5.297005 23.730300 -15.877320 -14.815250 2.996472 -24.795840 -4.464350 -26.404190
4.726038 -0.385237 -16.105480 -13.767920 -7.945044 23.862060 -16.909270 -15.215290 2.692991 -20.976720 -11.801110 -24.435400
5.663305 -1.353312 -13.799510 -13.121340 -5.167676 22.990630 -17.389760 -12.786110 3.244899 -18.866960 -8.528067 -25.950370
4.231421 0.056042 -15.213540 -12.912490 -6.880878 22.633880 -16.212310 -13.859730 3.498144 -21.170760 -6.193893 -27.476120
4.067383 -0.028644 -14.646990 -13.215240 -6.004320 21.622990 -15.893640 -12.722860 4.816668 -22.004020 -6.414618 -26.477580
4.266482 -0.957696 -13.863510 -14.571500 -6.354784 20.365540 -15.899320 -14.339020 3.465800 -17.173830 -13.937420 -23.901450
5.089800 -1.966868 -12.774180 -12.354440 -6.915206 21.524370 -17.958970 -10.172530 5.274298 -19.628190 -9.422793 -26.517980
5.215020 -2.349199 -11.169490 -13.079760 -7.097224 17.671880 -17.064700 -12.461510 6.857077 -23.588770 -10.407390 -27.389940
5.315821 -2.780931 -11.110880 -11.862900 -6.700458 15.833470 -18.650970 -10.081090 6.107666 -22.380410 -14.223580 -27.633010
4.814317 -2.745645 -10.507280 -10.710590 -8.013700 14.916580 -21.428880 -10.406460 9.046129 -21.320670 -24.426620 -24.508790
4.891953 -2.517741 -8.854759 -8.881873 -6.602263 6.761626 -23.071920 -6.492182 11.590960 -18.754690 -24.005660 -28.784390
4.425511 -2.285685 -8.196583 -7.344162 -11.115980 2.014588 -20.912190 -5.490944 13.203330 -23.825000 -28.646420 -27.503730
3.553358 -1.552572 -5.798986 -7.813203 -15.421340 -2.234709 -22.290500 -0.811646 4.661143 -21.672400 -21.655720 -23.393100
2.564124 -0.740585 -3.996915 -4.140110 -22.652560 -4.735745 -21.186860 4.977089 -3.394516 -20.936490 -14.630340 -15.299100
0.807295 -0.843952 1.453087 -2.406762 -27.123170 -8.485759 -29.827200 -2.954324 -7.497355 -22.021540 -2.667801 -14.211680
-0.124338 2.389051 8.814295 -4.010989 -30.892050 -11.526910 -27.085490 -6.948606 -3.198389 -17.042740 -0.846815 -12.536460
-0.402325 3.913395 8.313083 -3.363918 -31.212980 -8.458792 -28.991130 -11.355880 -7.773998 -12.089250 -1.102226 -15.018320
-1.844853 7.612170 10.143450 -6.330272 -33.422740 -4.795844 -23.186190 -16.848210 -11.902300 -19.086960 -4.927086 -15.211560
-2.579265 7.237311 10.055870 -5.537940 -25.610340 -5.482358 -27.730640 -23.310530 -12.322080 -19.586000 -7.202924 -14.604900
-2.268095 7.585602 11.820220 -1.063711 -23.945040 -5.358307 -28.275710 -18.871250 -9.804772 -25.852990 -9.488223 -23.228810
-2.692589 10.449140 9.739245 -1.288205 -19.659640 -6.149609 -28.536900 -12.480560 -12.388830 -25.024270 -16.378800 -24.652210
-3.070751 12.337550 10.171740 -4.509865 -17.019580 -1.814017 -28.663940 -17.784670 -15.025880 -22.632210 -14.653200 -22.751420
-3.500880 11.486960 11.010460 -1.714695 -15.779790 -6.883893 -25.771050 -18.327960 -14.977020 -27.476030 -13.209810 -23.603170
-3.757580 11.750150 13.664730 0.223584 -11.757040 -0.756893 -28.456700 -25.475300 -16.244620 -19.995500 -5.529351 -27.305770
-5.562619 13.502810 13.672140 0.675506 -14.955120 -7.748392 -33.715850 -19.197380 -10.884500 -26.024310 -16.990530 -27.766320
-5.378546 14.007190 16.422740 -2.007173 -16.867110 -3.298766 -22.712080 -24.029830 -21.211790 -29.865490 -21.178010 -20.062170
-4.075012 13.954470 16.546020 -0.747756 -15.465250 -0.801582 -21.935630 -27.312430 -15.694780 -23.165000 -12.270150 -20.629110
-4.575263 14.005530 17.970840 -2.522188 -13.307380 0.117622 -19.479230 -30.230040 -18.526580 -25.677120 -12.949670 -16.915070
-4.671682 14.719130 15.252570 -0.805959 -18.343200 3.574846 -21.661670 -32.073260 -15.597740 -28.958250 -18.537180 -11.282060
-3.305538 14.670150 15.930290 -1.594378 -21.985160 3.993997 -16.988760 -33.399100 -16.634810 -22.751620 -19.436640 -12.129100
-3.373157 16.962470 16.168090 -2.817601 -24.093530 1.522240 -15.523160 -35.134880 -13.170590 -15.849960 -12.453830 -18.620590
-3.737545 17.305370 17.731010 -2.547132 -32.330630 -1.157552 -12.880090 -33.165170 -21.484310 -16.737730 -12.783340 -20.752330
-1.091032 15.496250 18.349440 -1.658938 -32.637990 -2.495137 -9.754413 -26.823240 -20.990890 -10.294880 -11.101100 -22.698900
-0.840593 13.297320 14.362650 -1.210439 -32.579700 -10.644690 -8.606767 -33.732080 -25.695190 -6.312228 -10.610770 -33.152900
0.450419 13.996400 13.641150 3.685389 -34.029460 -11.927570 -9.962365 -24.986880 -24.756530 -7.766542 -1.122722 -32.941470
1.861017 12.685840 8.211358 0.913695 -28.854730 -17.388090 -13.336460 -20.443210 -24.847370 -10.135890 -4.482481 -30.461630
3.565253 14.577990 5.048471 3.241292 -25.659040 -20.997880 -16.791460 -13.605990 -15.632840 -8.727648 -13.861740 -17.119760
4.824961 13.279890 0.382623 0.583557 -22.563140 -11.225650 -23.373560 -22.163750 -12.474850 4.464360 -14.779330 -23.558730
6.351386 13.650600 -5.227039 -3.600151 -17.263870 -4.263430 -31.664000 -25.501970 -12.413610 10.403620 -8.156775 -25.750400
7.076407 13.256640 -10.467530 -3.516026 -15.531510 -4.196396 -31.649100 -25.367100 -16.456580 9.734544 3.797882 -28.307670
6.912369 14.524020 -13.489620 -5.378984 -16.478320 -2.609171 -27.976920 -25.063070 -19.200980 8.930486 6.055590 -25.840620
8.508918 14.898050 -12.694690 -13.627550 -16.723410 3.877652 -24.067680 -29.506920 -21.045950 6.082211 7.065410 -20.839860
9.782399 13.514850 -12.556580 -13.618260 -16.396890 0.117622 -18.105180 -23.011070 -18.256130 -3.659290 6.787926 -15.800050
8.954699 14.775170 -14.060890 -21.474080 -19.512750 1.028350 -17.901490 -23.533030 -24.648490 -6.690570 -0.767985 -17.957370
8.947811 16.695550 -17.051990 -18.902910 -18.368750 -2.204659 -15.459990 -14.912020 -22.868890 -17.437960 4.172328 -10.726570
9.988385 16.901450 -14.917800 -20.209280 -21.807130 1.136991 -14.048320 -14.955450 -22.465630 -13.845330 6.021693 -13.209100
9.791164 16.911410 -15.220280 -20.414700 -21.045530 0.142278 -16.933400 -14.294820 -16.771750 -15.728600 0.782613 -7.975374
9.188859 17.943420 -16.100100 -24.625800 -20.195320 0.660823 -20.903680 -15.510170 -13.229080 -20.553600 -0.805823 -10.435690
9.545109 16.509160 -13.691050 -22.769200 -19.758630 2.462247 -18.245710 -15.116230 -12.094300 -15.476160 -0.435320 -12.918900
9.866296 16.135540 -12.765420 -24.090730 -19.013800 2.475346 -18.937700 -13.894020 -11.073750 -19.340700 -0.897267 -6.616610
9.414254 14.947450 -12.862430 -25.405410 -20.095530 1.482174 -19.115850 -19.409970 -15.222690 -18.212160 -3.056436 -12.573490
10.027200 12.780080 -13.712600 -22.612200 -19.166280 0.746348 -18.054790 -18.308910 -21.628130 -18.852030 0.459408 -8.418420
10.340880 13.928320 -15.715430 -19.879630 -17.109800 4.986398 -19.034940 -23.825620 -16.915580 -17.360730 3.550354 -3.946889
10.129260 13.181500 -14.191580 -16.462340 -13.601160 3.524764 -23.126570 -22.690280 -16.652010 -11.233270 8.624679 -8.136298
8.843880 13.461710 -14.495410 -17.831800 -9.336521 1.161646 -31.981960 -29.105360 -17.347750 -1.655958 6.898289 -21.398040
8.188355 11.318420 -11.622200 -11.860450 -6.139236 -0.513416 -35.979910 -24.976970 -13.329550 3.601246 5.095434 -17.721040
6.471597 10.450800 -10.679740 -4.595945 -10.491700 -7.126600 -38.573290 -25.245190 -5.655138 2.605746 -6.946725 -27.101080
4.826213 9.549564 -4.495432 2.473414 -15.236930 -9.918885 -33.575320 -17.405970 -7.812535 6.290526 -15.057600 -21.280890
2.038828 8.329093 0.275509 5.037733 -22.377930 -13.026300 -24.614890 -21.985450 -16.323760 3.712218 -11.224860 -25.270990
-0.487474 11.086780 10.447950 3.355739 -31.935460 -5.443833 -16.695640 -24.749140 -17.605120 -0.246423 -3.423787 -26.277610
-1.970699 10.302190 14.081060 0.610457 -34.242610 -3.284897 -15.297460 -31.589400 -18.450190 -7.723711 -5.631042 -24.223980
-2.054596 10.541720 13.178340 0.096419 -27.510350 -0.799271 -14.379060 -35.222510 -14.426490 -13.028290 -3.397773 -23.845570
-3.279242 14.509080 16.912500 -3.601129 -28.587290 0.280197 -16.500470 -34.492530 -19.090870 -13.534480 -6.513157 -16.041100
-4.666048 16.153390 16.211210 -3.208387 -22.603860 1.996096 -23.684430 -38.203360 -22.215830 -7.512151 -1.450657 -19.295260
-4.567750 17.163390 17.294470 -1.015291 -23.038940 -0.341595 -29.371550 -34.418620 -17.723490 -9.491471 -3.631111 -24.742440
-4.456305 17.592220 15.219560 -4.640453 -18.948330 2.635609 -25.340240 -34.660930 -20.945470 -17.100500 -8.650253 -15.694340
-5.608950 18.838010 17.053300 -3.313542 -20.378130 0.687020 -22.968300 -33.096590 -20.743840 -27.435790 -5.805258 -10.511780
-6.056609 17.066670 17.257420 -4.255536 -21.058300 1.020645 -23.135800 -38.223930 -23.161370 -27.057450 -8.324683 -17.289430
-5.468078 19.091240 18.981340 -1.827186 -19.710730 3.268958 -21.167700 -33.126310 -18.092340 -23.870420 -8.237969 -16.526560
-4.922747 18.050520 17.918290 -3.976753 -20.403680 2.403689 -22.272760 -29.814000 -22.469760 -26.373450 -11.841320 -17.914280
-5.297153 18.754160 19.214430 -5.085039 -21.774400 1.580027 -19.637500 -29.969440 -28.817390 -21.708100 -13.046630 -20.775220
-5.793649 19.111170 17.619180 -3.422121 -13.409570 0.980579 -14.065360 -29.571690 -29.506250 -21.570520 -8.255313 -14.138960
-6.769734 22.202610 14.545220 -1.955329 -10.198710 6.955021 -11.643020 -16.355970 -19.006230 -24.756250 -9.853209 -8.864159
-11.061000 16.333970 12.490520 6.646851 2.539337 13.054280 -5.807563 -19.416070 -7.826986 -8.404468 -2.859360 -10.938660
-11.839870 11.509790 6.098051 0.259777 3.044676 5.729158 -4.382411 -13.084800 -14.172550 -4.402346 -6.789064 -0.047682
-13.936040 7.668627 -0.828638 1.499629 2.421185 -1.298554 -5.495279 -5.460465 -7.831803 -0.189963 -0.847603 0.039850
-15.128760 4.275800 -0.383341 2.231313 1.582147 -2.569105 -3.001972 -7.706772 1.424015 6.876535 10.606480 10.972580
-15.339130 6.148020 3.260547 4.515870 -4.140234 2.528510 -0.197091 -6.988990 3.746572 6.450819 7.556524 9.368724
-14.560260 9.233238 4.547934 1.147482 -1.196816 2.989268 -2.196420 -5.634196 -3.061444 0.752323 0.550851 1.404000
-15.492520 6.706779 2.886660 2.879362 -2.268166 -5.634146 -6.515172 -3.854219 -2.153755 3.374111 6.879369 -3.424391
-16.046620 4.839542 5.784121 2.173111 -4.967298 -6.699744 -8.216412 -2.309692 -3.648449 2.697248 15.069080 3.883844
-16.366550 4.394526 0.357697 -1.703445 -1.945643 0.229344 -11.714000 -2.070432 0.457831 1.815315 7.901802 7.991781
-13.895350 7.816827 -2.203602 3.189448 -3.085649 -1.452653 -7.329950 -7.501801 0.337402 -1.661799 0.469656 5.474230
-15.448070 14.169920 -4.442212 1.378823 5.370990 9.816650 -6.361158 -5.090145 4.677659 4.345601 6.033517 -4.140132
-24.582200 18.181280 0.685775 -3.996316 0.116426 -5.678834 -17.384800 -2.839266 6.195751 1.047599 23.014410 -0.568160
-27.887990 18.142260 2.014255 -9.240868 -3.476828 6.804774 -9.359798 -4.036331 4.684540 -13.141860 9.257688 1.861859
-28.676880 12.009600 -2.712224 -11.279410 -9.155302 0.673151 -16.880880 -3.907557 1.363456 -11.851080 2.835361 -0.434169
-26.308980 14.105570 6.419393 -11.638400 -5.267467 8.086112 -10.839600 -11.355880 3.895903 -8.667295 4.703646 4.799562
-27.306980 11.294340 4.748687 -6.950932 -3.230146 3.070940 -15.437990 -8.852785 2.550541 -6.463435 9.677067 6.011541
-27.765280 11.387330 4.338421 -4.822885 1.034498 6.834053 -16.208050 -4.112529 7.230062 -8.787353 8.169826 -7.692579
-27.819120 10.105830 3.563699 -10.554570 -3.360272 6.121342 -20.708500 -1.906607 1.876139 -19.042180 8.111491 1.495571
-28.891630 11.770490 4.701530 -7.190587 -6.232640 7.252433 -15.149130 -2.685347 4.195943 -11.580470 -0.153106 2.275951
-29.589730 10.691160 4.568143 -9.446776 -6.662936 9.977684 -15.203060 -0.634106 2.190631 -6.285621 10.716840 8.816600
-30.689780 10.585300 3.041604 -5.863187 2.584842 11.687420 -6.006290 8.980515 15.591950 -7.150681 -1.857423 4.799562
-29.950980 16.691400 8.111655 -4.058432 2.094671 5.095809 -13.804170 0.913469 9.166558 -5.836543 4.488438 5.647947
-24.651700 12.998020 3.026110 -4.609640 6.822342 8.198605 -0.494471 11.711440 9.055076 -9.693946 4.017031 6.737382
-23.054520 5.700513 3.092803 -0.112913 11.920430 4.484804 1.204640 9.541329 1.379284 2.187817 6.311790 0.746164
-23.165340 0.692846 -1.519151 -2.217972 6.689022 -2.128380 -0.385171 1.078055 -5.269077 1.324703 7.521839 -1.523604
-22.899250 2.010456 0.288983 -3.363429 8.036592 -0.220627 -1.151687 6.257972 5.138041 12.663290 7.441432 -0.939834
-21.704660 2.770553 2.958742 1.076074 9.697104 7.874995 7.938627 4.515332 -9.704988 4.709017 -0.871253 -0.444942
-22.079690 3.086049 4.570165 0.463240 6.739316 -3.371193 -5.554187 2.547146 -5.659267 -0.613084 6.241630 4.350456
-21.299570 3.553066 0.264730 3.614470 6.166120 4.830758 -3.395167 10.698010 4.338393 -2.478187 4.499475 -4.270757
-24.265400 9.583189 -1.938849 3.334219 -1.747659 8.989906 -6.205016 -0.762880 2.898752 -8.351253 11.390840 2.824035
-18.502170 5.614583 -0.755882 -1.295541 -0.677906 0.140737 4.357293 -4.514853 -7.954985 -5.801499 -2.804967 2.435529
-13.206010 10.193430 0.604935 -4.392482 -19.234130 14.613770 5.060643 -8.382646 9.683371 -15.997920 -8.301823 1.454499
-14.480120 12.768040 3.040930 -5.991819 -22.728400 8.892053 -3.085011 -10.657910 13.122130 -5.915715 -5.279459 -5.112409
-12.887960 16.669390 17.353080 3.452091 -6.095328 16.639410 -10.250520 -13.860490 9.284235 1.470719 -1.140065 -11.090160
-3.472706 14.679690 15.633870 -1.211906 -16.056810 3.032416 -10.648680 -20.402060 -3.843888 -9.969752 -2.946073 -18.384260
0.108570 11.121230 12.703400 3.971019 -32.962100 -4.076969 -7.965874 -17.898970 -12.744610 -9.584921 9.436633 -20.765800
-0.788001 7.976651 11.506290 0.849623 -38.972680 -2.465087 -9.774285 -14.825920 -19.871940 -13.475420 11.789730 -21.088990
-0.337211 6.237272 12.501970 -3.426033 -36.831580 -5.532440 -13.437950 -16.259960 -20.648880 -15.315220 11.439720 -18.154650
-0.530675 5.385433 10.842050 0.085170 -39.420540 -3.523752 -17.140650 -13.655520 -18.658010 -12.742100 11.395570 -16.438360
-0.958299 4.375015 8.971260 -2.110860 -40.180540 -7.644375 -17.602690 -14.164520 -17.640910 -15.498220 8.768150 -20.034570
0.136119 2.527289 9.269023 -1.965600 -40.396890 -6.416972 -18.639610 -10.702860 -18.148080 -16.815610 7.856869 -20.775220
0.742807 3.711229 10.320620 -1.773386 -36.798840 -4.462218 -11.053230 -11.386360 -13.494020 -12.620100 8.824908 -15.326030
0.915610 3.116353 9.367378 -2.026247 -37.203590 -2.148413 -12.058220 -10.503230 -13.948900 -13.752530 6.710672 -16.861880
1.542959 2.428488 8.470048 -1.580194 -38.717220 -0.155905 -13.432270 -13.594570 -12.193390 -17.489870 10.889480 -22.556830
1.082152 3.815425 8.905240 -1.036811 -37.969190 -0.189036 -11.215760 -9.894407 -12.367500 -16.367820 10.815380 -19.485140
1.402087 2.719077 8.092793 -0.853890 -35.820900 -0.441760 -13.342840 -10.965750 -9.639613 -17.566450 8.221066 -20.218390
1.653778 2.557593 6.853237 -0.881279 -35.670810 -3.193979 -13.115730 -11.896120 -9.707741 -19.657390 5.181359 -19.794870
1.866652 2.767231 6.996729 -1.026051 -34.754340 -3.775705 -13.373360 -7.671721 -12.934550 -18.506790 4.742273 -15.404810
1.569255 1.144918 7.534319 -3.803614 -30.611840 -7.056485 -12.942550 -9.606380 -13.705290 -15.814260 3.210595 -15.780520
2.472088 2.007135 7.249356 -5.326651 -32.938950 -2.569105 -16.212310 -10.602280 -10.773020 -9.859430 1.218546 -13.640700
2.015663 1.595330 3.797463 -4.894782 -38.270150 -1.884903 -21.014390 -10.793540 -13.246970 -11.978920 2.717115 -18.794310
-1.278235 1.980152 2.591592 -3.524830 -39.571420 -5.184175 -20.078960 -6.767255 -14.011520 -6.543906 -2.257882 -16.775020
-1.486099 2.143712 7.595623 -1.680947 -33.663030 -9.173043 -10.217870 0.757263 -7.613655 -3.588554 5.685874 -15.149620
-0.069867 8.884117 8.883009 -1.865824 -25.430720 -8.328577 0.014411 1.452186 -11.549270 -4.987057 7.188385 -12.219320
-1.012144 6.272558 12.245300 -3.788452 -23.769410 -11.634780 1.988900 3.236735 -2.120034 -1.060864 -6.417772 -9.132141
-0.970821 5.868639 5.131333 -6.313153 -22.947140 -10.188560 -3.295804 -1.348840 2.757679 -10.220250 -6.223849 1.358214
-3.022542 2.300630 4.293959 -9.075065 -24.142230 -16.358710 -3.372455 4.404845 -2.497149 -4.133029 -4.104095 -3.318007
