0.991058 12.710730 -11.665020 -4.540347 5.343137 11.988100 1.258082 -17.165250 -1.979878 -10.080380 -4.971835 -14.473960
1.863615 10.980160 -15.618270 -11.647320 4.004233 11.910510 -3.057530 -21.279870 -6.023526 -10.111380 -10.388570 -12.284690
2.859249 10.308990 -14.570190 -11.880720 3.722730 16.326170 -1.545760 -26.485920 -5.147253 -7.838575 -8.812644 -14.946780
3.563417 12.099980 -12.593900 -9.833338 7.073196 9.741177 -8.122660 -23.177430 -3.564597 -6.559756 -9.650810 -11.651060
2.196718 13.766200 -14.167390 -10.993290 3.898429 10.618650 -3.133310 -27.016400 0.467358 -16.416230 -4.575773 -16.240580
4.187372 12.580810 -18.554260 -10.385440 4.295355 10.768410 -2.826371 -29.361990 7.202415 -15.150230 -11.452510 -10.285720
4.138387 9.511550 -21.264880 -9.874110 9.271999 12.021780 -2.898966 -30.960130 8.633752 -12.065680 -8.678959 -17.854510
5.174433 7.749708 -19.265310 -6.881045 6.939177 9.834999 -2.476766 -26.038640 1.516271 -12.026130 -9.984745 -14.560270
6.581546 7.925770 -20.747010 -5.662018 5.390588 12.423530 -8.365282 -26.302400 2.549365 -12.267680 -11.375400 -15.109060
4.857251 8.423603 -23.273360 -8.010621 9.577229 11.776400 -7.802348 -25.475470 10.562380 -21.370120 -2.091229 -21.699760
4.784385 8.396283 -23.562440 -9.379427 7.739441 11.446820 -5.623209 -28.509050 11.011520 -21.287280 -1.274142 -21.904830
3.861618 7.990124 -22.999350 -8.684623 7.892056 10.046100 -4.497978 -25.710250 8.937078 -18.092640 -5.150452 -21.344960
3.330123 8.890777 -22.560940 -7.520098 6.614069 8.795136 0.844797 -31.154790 12.095510 -13.797130 -9.624184 -20.068130
4.922770 6.715490 -22.675340 -8.363432 4.747427 7.766100 -4.825295 -30.577500 13.768960 -11.439360 -10.768550 -26.376320
5.667352 6.517875 -23.511750 -2.278282 1.982411 7.379385 -5.442994 -30.651050 14.145190 -5.725557 -15.856350 -23.259110
5.873091 4.481314 -19.694130 -3.715319 0.508206 5.057889 -5.634671 -27.435440 13.625890 -2.473734 -21.314690 -24.522670
6.356212 5.382573 -19.120090 -4.742547 -1.663666 0.607351 -5.953073 -22.616490 7.294581 -5.922751 -21.901010 -20.417030
5.044621 5.556815 -18.114480 -2.606545 2.553112 -6.319249 -7.825273 -20.180260 11.808010 -8.584063 -15.954530 -24.019600
2.395109 4.816440 -13.124110 0.221348 -5.382202 -13.702330 -13.669850 -15.782570 12.372010 -10.494010 -19.717120 -24.187780
2.485121 3.492326 -7.447352 -0.720174 -10.283180 -14.997200 -16.545010 -8.077139 10.523170 -15.183900 -19.159090 -12.154860
0.672039 5.309416 -0.904045 -5.571735 -12.258830 -21.052930 -14.586850 -7.568198 5.675472 -13.855920 -17.973120 -10.521760
0.027265 4.947577 5.043981 -4.076035 -17.431060 -13.912830 -17.490670 -8.461258 0.283024 -10.980850 -12.215790 -9.329750
-2.471616 6.542463 8.532785 -6.272364 -18.682750 -14.209930 -15.443350 -18.322070 -3.953211 -14.367870 -7.225065 -15.879880
-5.687525 10.370620 13.653310 -4.507895 -21.546520 -12.794180 -19.308740 -22.216020 -6.158337 -8.766293 -3.241696 -16.780530
-7.675730 13.248940 15.534370 -10.400830 -24.318590 -11.938350 -19.467300 -26.430190 -3.925699 -6.581131 -7.341000 -19.442620
-8.951194 14.664420 15.744670 -14.387010 -24.324360 -7.241833 -19.942990 -28.081830 -10.472980 -6.884671 -4.010524 -18.702050
-10.381580 16.199210 15.311740 -13.665160 -20.830260 -12.042400 -21.196860 -29.952650 -9.559568 -7.637106 -5.575914 -22.669010
-9.943154 16.325790 17.558600 -8.142925 -14.637830 -10.091380 -21.272000 -25.031160 -3.344497 -9.604767 -4.377187 -16.170510
-9.789461 17.402200 17.607930 -8.283550 -15.210450 -10.761970 -21.076500 -22.673690 0.120701 -11.499750 -8.824847 -19.246410
-11.008590 18.264000 17.959340 -10.395840 -14.726960 -9.029866 -16.574940 -23.797820 -7.658455 -10.561340 -7.195666 -17.355140
-9.929683 18.554800 16.651640 -10.321780 -17.327180 -10.536430 -16.812470 -26.473290 -7.185241 -9.105637 -7.966157 -15.622450
-10.308710 18.399080 17.664780 -9.299961 -16.083170 -10.198430 -22.146970 -30.580470 -9.230106 -7.314863 -1.890424 -19.137980
-10.459340 18.273410 16.605060 -10.803150 -18.696220 -9.993949 -20.548590 -28.942950 -10.633930 -10.414920 -6.202736 -23.631610
-10.273190 19.164650 18.406660 -10.303890 -21.120090 -9.844194 -14.896330 -24.361000 -8.819483 -11.468750 -8.227426 -18.281600
-10.766730 20.269290 19.562290 -7.959031 -21.013650 -9.050315 -17.634580 -27.124880 -6.862657 -12.746500 -4.953530 -15.383460
-11.211880 19.655200 18.591610 -11.651480 -22.081950 -11.019380 -17.035350 -31.951270 -11.521210 -12.030940 -9.219801 -14.956370
-10.505880 20.939850 19.718470 -9.137701 -21.476620 -9.855621 -17.675980 -27.873060 -4.104530 -10.171230 -8.905835 -14.901050
-10.761830 19.487630 17.979210 -9.150183 -24.384640 -10.149720 -15.466270 -29.735700 -10.039660 -13.729800 -7.044230 -16.872730
-10.478930 20.075620 20.692570 -6.824878 -23.951800 -9.816529 -14.343590 -24.875140 -4.574993 -12.731540 -5.746765 -12.913150
-9.745987 19.637590 20.093860 -7.131507 -20.135800 -8.527678 -16.416380 -25.707280 -3.717292 -10.054200 -7.221182 -11.949070
-8.782806 19.536810 20.533640 -8.462868 -23.216940 -9.295696 -13.766010 -25.470260 -5.726391 -8.381525 -7.346547 -14.167110
-7.275885 16.881900 18.879320 -6.801164 -25.686990 -11.148080 -12.978920 -26.520090 -7.486502 -6.981932 -7.066973 -18.370110
-6.155338 14.854150 15.416550 -3.793537 -27.544010 -13.108120 -11.448680 -28.691820 -12.972490 -3.162041 0.080459 -20.965090
-4.608003 13.503320 12.020910 -0.683145 -27.749850 -20.017280 -12.654150 -23.253220 -7.680465 -5.873052 -1.164309 -25.141530
-2.929020 11.651320 6.061234 1.836871 -24.614840 -23.087550 -15.089920 -21.941120 -5.863954 -5.181538 -4.730537 -22.721380
-1.155126 10.195160 1.464753 0.071986 -20.203120 -21.494380 -23.472790 -20.466300 -6.028340 -4.131442 -2.885018 -24.430460
0.770010 11.106740 -1.527413 -4.161325 -15.042450 -13.037150 -31.615590 -23.898120 -1.221909 5.985283 -7.710436 -23.107890
2.700045 10.672350 -7.160328 -6.660122 -11.083450 -11.427140 -32.187440 -28.500880 -6.235372 10.177650 -0.502541 -27.980660
3.912440 12.419320 -10.812850 -11.066510 -10.934680 -6.127996 -31.500970 -30.530690 -12.444250 8.613461 4.250765 -21.047700
4.639877 14.792220 -9.977129 -14.686980 -10.256890 1.545572 -25.737900 -28.561060 -10.998470 3.865319 14.451320 -13.135910
5.136469 14.761860 -12.779540 -17.710410 -10.627530 -1.511466 -23.420570 -24.460560 -16.615150 -2.525570 9.099481 -10.257690
5.903708 14.595820 -13.598830 -16.035810 -15.243150 1.907630 -18.000750 -23.183380 -18.879420 -4.706991 9.379609 -10.990890
6.561952 15.573580 -15.871720 -17.965450 -14.344140 -2.274673 -15.490470 -21.791040 -18.928260 -10.961610 5.179349 -8.058081
5.862070 16.947470 -14.224940 -19.417470 -13.233510 0.746881 -13.159770 -22.483490 -13.588080 -11.866350 3.729338 -5.862163
5.901870 16.762300 -14.183830 -22.415110 -15.742040 -1.991402 -15.315350 -18.035280 -16.725880 -17.641070 -3.026469 -4.059402
6.345803 17.757670 -11.332780 -22.416360 -16.348650 2.441093 -10.570530 -18.270800 -12.185640 -16.215830 2.169495 -1.673914
6.229462 17.266810 -12.992590 -21.848870 -19.804280 1.915448 -13.203710 -19.961080 -14.076430 -16.014890 -1.989717 -6.504637
6.752996 16.571970 -12.777490 -20.938130 -19.164320 5.345970 -16.488340 -19.203240 -12.854880 -15.656310 5.126651 -8.640068
6.088016 17.321150 -13.449490 -22.528690 -15.311770 3.174228 -14.864490 -22.733880 -14.406580 -12.998740 4.355605 -7.082937
7.206114 16.363430 -14.087250 -18.858300 -11.244400 5.336348 -16.497250 -23.278480 -9.031328 -13.170820 7.563490 2.076185
6.397238 14.414900 -16.866370 -17.504890 -10.010010 3.631311 -20.630100 -28.083320 -10.688270 -12.133550 9.366851 -2.375398
5.142592 12.407480 -16.523180 -17.069280 -8.288932 2.650990 -26.034650 -35.611180 -4.670599 -10.285060 4.667352 -7.795485
5.140756 11.167150 -12.215090 -11.475900 -7.107772 -0.135408 -29.137150 -29.876130 0.785127 -1.839935 2.339236 -12.580470
4.230847 10.522700 -10.644340 -9.052411 -8.054880 -5.211426 -35.470790 -28.991980 5.131412 0.073751 -7.427535 -19.088560
2.417153 11.824950 -5.875917 -5.161510 -8.406279 -9.082191 -35.850960 -24.083120 12.120960 2.748957 -14.106240 -18.531650
0.050533 10.862380 0.129650 -1.873881 -13.670200 -14.778280 -33.650170 -21.464120 2.966867 4.661574 -12.784920 -17.988020
-1.687845 10.670830 4.763807 1.097549 -19.706810 -17.894860 -23.563220 -21.770980 -5.094292 2.405872 -6.289825 -16.157230
-3.546851 10.734280 8.249187 -2.642742 -26.544320 -14.510040 -14.979120 -26.069850 -15.579300 -1.184227 -0.820389 -19.872660
-5.090512 12.190130 10.663200 -4.528697 -27.746000 -9.323361 -12.997390 -27.779440 -14.085370 -0.631123 0.024988 -23.402210
-7.108721 13.449890 13.168310 -5.745228 -27.517720 -8.060972 -13.218990 -27.468880 -13.516550 -2.459305 -6.400212 -21.212930
-7.204855 16.077780 15.552180 -6.785354 -25.363810 -4.744120 -13.932850 -27.675420 -7.044927 -3.000118 -10.318680 -19.382880
-8.256823 14.932770 15.023350 -8.442065 -23.125240 -5.370202 -20.545410 -36.849720 -9.904850 0.190784 -7.830808 -23.381560
-8.948745 15.864080 13.995130 -7.389042 -20.755230 -2.910378 -19.715020 -35.985640 -10.891860 -0.927715 -9.534321 -16.751760
-9.695776 17.062820 15.655620 -9.911554 -24.055040 -6.672886 -16.393460 -34.846650 -13.712580 -5.533708 -9.582581 -17.810990
-9.859879 18.080950 17.713420 -10.828530 -23.194500 -4.386874 -16.907350 -31.496560 -15.013920 -8.460082 -5.103856 -20.540950
-10.085210 18.540840 17.738760 -9.108162 -22.194810 -1.489814 -22.796510 -30.296650 -9.195028 -5.501644 -5.930373 -23.146990
-9.897230 18.041790 16.745490 -9.406054 -22.165310 -2.550726 -22.758300 -33.322800 -12.090720 -10.109240 -4.503661 -23.647840
-9.556168 18.042100 18.136070 -8.280222 -19.127770 -2.844221 -17.794420 -30.636190 -13.191220 -7.523279 -0.634007 -17.355140
-9.772316 18.370240 17.043470 -7.483486 -14.507650 -3.528040 -20.213000 -33.129630 -12.552930 -3.960434 -2.009132 -22.270690
-10.098680 18.916340 16.421470 -5.607932 -13.113600 -7.306787 -20.107930 -32.835410 -14.377690 -9.844712 -14.252130 -13.884600
-9.896618 19.740190 21.329640 -2.316143 -12.416580 -5.617387 -23.707130 -27.554320 -16.004370 -13.055390 -6.082919 -5.508102
-10.023370 20.376750 19.652020 -1.419554 -6.126038 -2.894741 -22.135510 -25.720650 -5.396929 -7.806511 -8.915265 -3.902287
-14.892540 16.478480 12.584680 -2.531657 -7.602167 -1.526501 -14.514250 -13.077380 -1.497722 -15.134200 -5.180961 -6.652900
-13.982630 8.794853 8.219731 1.947956 -5.629079 -8.724343 -17.245500 -5.585188 -3.720043 2.946685 1.625880 -9.123215
-14.169390 6.411933 3.393083 0.784264 -3.779750 -4.768177 -12.781510 -9.206466 -6.295212 11.062080 5.060086 -4.054238
-14.544130 6.332098 6.582534 2.783385 -0.383114 -5.753910 -11.060870 -11.961430 -11.105770 13.651250 10.470170 -2.121654
-14.523310 6.316010 1.733281 -1.023475 -0.184331 -0.153450 -8.482453 -11.147870 -6.009769 5.098713 -1.876002 -6.653637
-13.647080 6.847538 1.796988 2.542908 -0.711428 -6.337893 -8.418773 -9.912295 -4.989744 -0.080691 1.269201 -1.173802
-15.261770 5.442981 3.264300 -0.056990 -2.912155 -4.452429 -7.035001 -11.764540 -9.875962 -2.039267 1.587605 -4.833910
-15.051130 7.043028 2.193614 1.163701 0.008682 2.691285 -8.912295 -15.403650 -5.208468 1.357914 -2.728590 -6.821079
-17.292840 5.902869 3.125926 0.471394 0.179892 -4.004368 -3.361922 -6.227865 -1.017629 -1.828179 1.823911 -3.981951
-21.531940 17.499940 5.220030 -10.839760 0.080500 4.602009 -6.140293 -4.082143 10.807930 -7.564427 -19.830280 -5.252882
-24.415970 17.503590 2.681348 -9.513394 2.228005 4.394518 -0.701997 -0.558939 9.466693 2.567795 -5.372890 9.675961
-30.325480 15.477650 5.886555 -8.139181 6.703202 6.694964 -8.045607 -7.017651 0.939197 -7.224015 0.284592 13.097080
-32.354710 12.745950 8.778023 -8.261916 9.461164 0.830479 -16.612510 -6.631302 7.097867 2.698189 4.174215 12.864730
-32.921710 13.321790 7.623079 -7.564199 1.245629 -4.348984 -17.742200 -6.835621 3.051468 -0.263456 -0.526393 5.020794
-31.397650 9.702184 8.526620 -15.487880 -5.890062 3.909770 -4.878150 -7.869847 9.023053 -4.315276 -0.260133 11.610760
-31.858730 12.633930 6.707208 -15.695900 -5.963805 0.445568 -6.084254 -3.518222 16.059370 -0.314223 -2.095112 15.760650
-31.092100 13.573140 12.016800 -13.842400 -4.855105 4.357229 -1.783925 -0.324901 17.295370 -2.830178 -11.555680 8.150547
-29.462100 10.981370 10.421380 -9.652772 -3.481574 8.580428 -3.539590 0.328177 16.697660 -1.233926 -5.325185 5.988561
-30.193210 8.900794 11.893490 -4.373095 -4.827532 9.397763 -19.759590 -8.349069 17.272670 -4.439791 -1.295775 0.685757
-31.095160 9.555263 6.003693 -7.062859 1.802864 1.643003 -14.722480 -5.964108 8.466614 0.084439 -3.695449 2.070283
-30.236080 11.690180 5.697489 -3.019267 9.175814 1.690516 -12.676440 -5.958907 8.617245 -8.385265 -7.282200 6.449578
-26.720740 9.539781 2.149088 -7.600812 8.830828 14.284930 -11.572860 7.419907 2.525292 -5.424156 0.701179 9.068156
-21.733390 5.679755 4.417872 -6.710049 6.268443 7.993439 -7.348944 2.924887 3.796369 -2.698182 0.688420 -0.680330
-20.664890 3.133219 1.636008 -7.755167 2.393444 -0.400636 -10.364840 0.851234 -0.374524 -6.597164 -6.522803 -0.996772
-22.852100 1.046571 2.283351 0.929049 5.076382 8.408422 -6.016753 3.336497 3.810125 -0.474544 -7.834691 -7.247427
-22.264880 2.971423 3.597904 0.705214 7.438060 1.294779 -9.602590 -3.661617 1.081574 1.175149 0.553071 0.121472
-20.070330 1.861924 1.857269 1.482396 4.259445 -0.655639 -6.677754 4.333574 3.371301 3.383824 3.181285 -2.033139
-20.179930 2.131178 1.609292 -2.780038 0.522313 3.863460 0.062167 5.247438 6.390109 4.112746 -2.052954 8.754664
-22.419190 6.057987 -0.507418 1.344267 3.178319 13.364150 -1.004478 11.840630 13.771020 11.182320 0.926946 20.359020
-20.321990 8.078460 3.147846 2.729298 -4.507554 3.636724 -4.381444 7.136089 11.005330 8.384204 5.828359 18.062790
-23.393390 6.457467 2.477897 -6.271532 -9.895232 -7.611107 -6.500723 -14.687420 25.012620 6.953081 0.092662 14.437350
-21.649500 8.597238 5.217976 -1.717862 -7.321946 1.713971 0.171060 -10.371460 21.248910 5.743200 -12.703930 14.793620
-20.718770 9.105998 7.129865 -2.057359 -3.781673 10.985520 5.881270 -11.800200 17.611080 13.535280 -8.094296 6.577925
-19.134090 11.174130 12.847040 -2.103541 -8.735233 3.177236 5.234916 -8.946424 6.755337 1.785968 -20.383330 -2.420393
-14.774360 9.757128 12.553850 2.118120 -1.273793 3.299926 1.785355 -7.586772 3.664309 12.467020 -17.912100 -3.520196
-5.775086 16.178560 12.429180 -2.551211 -18.333920 -5.667907 -3.717895 -20.425440 -7.628880 -2.556566 -6.928851 -22.242660
-6.414350 14.707830 12.818270 -2.998881 -27.846680 -7.520894 -1.455971 -21.548080 -14.607420 -3.852485 4.253539 -18.474860
-6.681933 12.266330 12.031870 -4.670155 -31.494680 -11.478860 -8.514931 -20.581470 -20.062460 -5.220550 6.598850 -19.010370
-6.109414 10.458340 12.009260 -3.794785 -30.319290 -14.712120 -11.994420 -17.307900 -12.592820 -7.195157 1.984777 -22.450670
-3.786881 10.368790 10.226840 -5.223501 -28.834820 -10.502150 -10.381400 -14.923690 -12.887200 -3.148146 1.768995 -21.482900
-1.209623 7.051831 11.909250 -4.937259 -27.632500 -10.141300 -8.938404 -12.042410 -12.365150 -3.396108 4.371137 -21.312510
-0.658534 5.846104 11.527690 -4.358949 -28.266050 -14.568980 -3.995541 -11.090660 -12.632030 -5.544396 2.435201 -17.506350
0.231168 6.044023 8.921876 -4.130121 -27.914650 -10.678370 -9.910165 -5.793222 -14.952020 1.770471 -0.237390 -17.290230
-1.417812 7.533272 7.236728 -3.637102 -29.270870 -12.608940 -1.291676 -16.764040 -11.030800 0.003210 -1.815538 -14.825080
-0.164391 5.844890 7.551837 -1.671681 -31.177270 -10.283840 -3.435791 -7.865389 -17.429520 2.351898 -0.007740 -17.977700
0.375063 4.562970 7.135345 -1.091291 -29.499150 -12.318450 -3.727447 -9.069015 -11.561790 3.089370 -1.807218 -19.015540
0.676325 4.011712 5.900940 0.493028 -32.445630 -10.326540 -2.223319 -13.126420 -7.914321 -0.910614 0.254638 -18.221110
-1.632124 3.553948 8.595807 -5.283829 -31.295250 -10.049280 -3.982168 -7.126869 -7.905380 -1.803062 -0.969051 -17.862630
-4.997439 7.507166 7.187407 -4.443823 -24.615480 -16.953630 1.082325 -11.242970 -3.334180 -9.449791 -1.964755 -12.740540
-4.838848 10.257080 8.130679 -0.200111 -21.365050 -16.440610 3.613616 -7.510989 -3.579729 -5.588216 -4.476480 -7.186204
-3.448268 7.340209 3.507482 -1.705381 -25.200290 -13.327640 -1.365545 -10.236230 -0.776207 -3.742934 -2.987639 -12.665300
-6.100841 7.685353 8.508124 0.978143 -22.986100 -20.228980 -0.718554 -9.276306 -0.896574 1.987971 7.394858 -3.674360
-2.578160 14.206050 10.845410 -0.691883 -26.383370 -18.001910 2.230480 -3.983327 4.261330 1.663591 -2.337520 -10.064430
-6.163910 10.697850 9.108887 3.999083 -23.061760 -13.283740 -1.637460 -5.926216 -2.611290 3.366723 1.772878 -1.264531
-4.611065 9.979331 6.670217 4.736741 -24.022340 -19.508480 0.434059 -2.272990 -0.327753 -2.170729 -7.611143 -11.611230
-7.185261 6.508768 2.949191 0.981055 -14.994990 -19.951120 -1.596705 0.869066 2.275616 10.235900 5.716308 4.612148
