1.221980 11.577710 -13.182090 -8.383284 2.421458 16.705210 -4.548937 -20.485500 -8.113165 -5.485994 -13.199130 -21.935470
1.126535 8.615515 -17.331700 -11.550330 0.051061 14.376780 -7.800143 -28.800620 -6.327788 -14.869490 -17.522940 -19.437790
-0.316722 9.472903 -18.318880 -8.646074 2.334900 7.356396 -12.130260 -22.121230 1.443989 -15.870000 -7.466268 -20.239440
0.717487 11.623700 -17.061070 -10.440410 -1.238077 -0.269194 -11.068570 -20.029620 6.482105 -13.682640 -18.186690 -21.492700
4.129628 10.796280 -17.771870 -12.804240 -3.649625 9.563203 -10.158460 -22.179830 5.619662 -9.376086 -15.708600 -17.625710
3.353460 12.425900 -20.591380 -14.781950 -1.860298 8.429393 -8.040590 -31.064000 4.571135 -13.306820 -16.071210 -21.023440
4.300406 9.279760 -20.480700 -15.820200 1.477130 7.813662 -7.700243 -27.659290 4.717468 -16.684780 -10.424300 -19.999770
3.845340 6.183013 -22.559340 -8.303220 -6.452808 10.785310 -10.703420 -27.210630 7.228749 -15.127740 -14.943210 -22.966710
4.360059 6.122380 -19.661140 -13.720450 -1.445248 13.308460 -15.769350 -20.898050 7.076078 -14.867610 -14.996540 -20.868280
1.593191 6.406813 -23.364180 -12.381320 -3.361573 8.022414 -9.027182 -32.160370 9.925538 -22.255100 -14.134540 -19.530510
2.166880 7.447464 -23.271420 -11.160340 -3.101191 9.862005 -10.279020 -26.741100 3.725976 -11.555940 -17.763220 -20.952800
2.364928 7.451211 -24.035310 -9.163907 -1.521163 10.870100 -11.365510 -24.075610 8.670186 -14.678140 -14.683480 -19.039170
0.086531 5.989871 -23.278450 -12.748710 -4.786932 11.200470 -13.858170 -31.127400 5.872000 -16.539710 -17.004110 -24.085620
-0.080497 4.278161 -20.286200 -10.126610 -4.062546 11.382910 -13.948430 -24.219280 6.449266 -14.095970 -18.118940 -18.020550
-0.620099 5.180854 -20.201110 -8.923070 -2.551338 11.484660 -13.076200 -24.880630 6.644569 -13.353100 -17.078140 -21.833920
-0.396827 5.404654 -21.609270 -10.311280 -3.422589 8.610078 -18.610630 -24.472100 5.513082 -15.834350 -19.570660 -24.716980
-1.930075 6.231384 -21.132630 -10.578590 -1.098308 7.217813 -16.945410 -25.568480 6.000473 -12.835960 -19.556230 -28.614240
-2.714765 6.603362 -18.101350 -9.835412 -2.864932 2.670292 -17.267150 -18.875450 5.173174 -12.405740 -19.987860 -30.861520
-3.094838 7.607905 -14.695810 -7.408956 -5.387159 1.245866 -16.710470 -17.008560 10.724030 -7.568923 -25.126610 -25.210840
-3.362083 6.285205 -14.857030 -8.407173 -6.408820 -0.818850 -16.667070 -18.152290 6.995422 -12.966650 -25.309800 -21.408810
-3.821239 4.402494 -12.342060 -4.889522 -5.616323 -3.926741 -21.278280 -17.457230 8.845325 -17.502070 -25.433390 -14.878260
-3.405374 4.807173 -7.229573 -1.772191 -8.025742 -9.518606 -20.724360 -13.993930 12.237480 -14.985800 -23.087670 -9.290649
-3.938159 5.759940 -5.260970 -1.716663 -15.295150 -10.842460 -22.688580 -11.055550 8.558419 -16.719800 -21.526790 -3.964158
-3.980086 6.141796 -2.188747 0.045391 -16.213930 -10.893330 -24.600450 -15.162540 6.240713 -9.888220 -16.019770 -5.943380
-4.994525 8.945253 3.823905 -5.163290 -17.176710 -10.714980 -22.599710 -23.371710 2.510375 -2.032373 -8.417982 -14.417830
-4.758982 8.734057 6.792485 -7.049959 -17.359050 -7.462077 -20.902800 -30.266190 -1.660113 -1.847279 -8.384104 -13.480570
-5.673544 9.442245 7.205142 -7.150685 -17.947920 -6.162786 -17.473840 -27.238720 -0.391510 -1.921066 -11.745530 -15.127400
-7.251106 12.301910 12.710450 -7.596202 -15.776890 -2.449104 -20.400550 -27.475490 -1.934343 0.235024 -8.185857 -16.612760
-7.280421 12.862260 13.250420 -6.236406 -11.306410 -7.432840 -24.899460 -22.630900 4.022099 -3.511871 -11.430590 -18.061540
-7.488012 13.061870 12.533870 -5.632697 -6.121478 -10.138430 -21.068840 -21.353130 1.596659 -7.527651 -12.461980 -10.793040
-8.629938 13.762570 13.095600 -7.918396 -10.494050 -11.971000 -26.964960 -29.895380 -2.226433 -6.004381 -10.138220 -21.574690
-7.451198 16.260130 10.107820 -8.327755 -7.920738 -9.434989 -23.083360 -28.729980 -5.270043 -14.419890 -10.390420 -12.080360
-6.755817 17.611440 10.393170 -9.603614 -5.388578 -8.368423 -27.509240 -24.253790 -0.892729 -13.055450 -10.858430 -12.531960
-6.302455 17.968440 10.791750 -8.637680 -6.425848 -10.415010 -20.833900 -21.089070 -6.101375 -11.537800 -6.330109 -11.330420
-6.815811 17.411490 12.380960 -6.306139 -4.672705 -13.527580 -20.759490 -28.220320 -4.203656 -14.092850 -0.159340 -13.041580
-5.701837 15.466440 13.315680 -7.514847 -6.639404 -9.108119 -22.515660 -25.821300 -5.259097 -8.625707 -7.138156 -17.194920
-6.294956 19.078580 16.054580 -4.662244 -11.172320 -8.477185 -17.912710 -28.030100 -5.210703 -2.486352 -4.409115 -6.524910
-6.362449 18.576810 17.004650 -9.500951 -13.637790 -9.836705 -16.131740 -26.185690 -6.327788 -1.262608 -3.740971 -12.131440
-5.116899 17.479960 13.826230 -8.946314 -7.676674 -7.855022 -17.274040 -30.980520 -4.109749 -8.938991 -4.404724 -1.862575
-5.934994 18.294770 14.126920 -11.160990 -13.544130 -6.399605 -13.590170 -30.202790 -3.044515 -9.706253 -7.088594 -8.553960
-6.812061 18.659250 17.892030 -11.979710 -19.981310 -1.911143 -19.910690 -29.562300 -4.057899 -5.196473 -6.547805 -9.709453
-6.603106 17.517770 15.111540 -12.145650 -23.724570 -4.922553 -18.381200 -34.128390 -5.265434 -10.113960 -12.068620 -9.945345
-6.527091 19.279890 17.610530 -11.251380 -24.653280 -5.276320 -11.169850 -28.884090 -4.343652 -11.444010 -8.088614 -1.913664
-6.268027 16.744860 16.425650 -9.278838 -23.009400 -7.645686 -10.980390 -36.157400 -7.183893 -1.554006 -9.719766 -3.516341
-4.894649 15.381280 14.925370 -8.473679 -26.272340 -4.472888 -11.977310 -34.422150 -4.913428 -1.340773 -9.488894 -14.115080
-4.876242 15.200400 15.223510 -4.176694 -28.577460 -12.010770 -10.731670 -31.843340 -6.372149 2.078456 -10.416140 -15.368340
-3.996107 13.556140 11.720070 -3.525206 -30.661930 -13.833400 -8.766066 -31.022260 -9.051079 -0.595396 -8.351481 -18.562340
-1.956663 13.489030 11.215920 -2.284859 -28.109910 -16.885740 -11.852610 -22.654980 -9.493534 3.421635 -9.273081 -15.633870
-0.155830 12.114900 4.622991 -2.446924 -26.395070 -20.904070 -18.533460 -22.196680 -7.526105 0.242528 -13.103150 -18.699840
1.474567 13.602470 -2.637232 -2.694865 -17.341310 -17.913710 -24.744440 -23.286630 -0.114399 2.390489 -11.680280 -17.370900
3.249494 15.014410 -7.148961 -4.746182 -11.368140 -15.170120 -29.775230 -26.673680 6.622677 9.679174 -14.667800 -14.432340
4.024299 12.630620 -9.072780 -11.676240 -10.806930 -11.696180 -28.692190 -27.056530 -6.657901 6.490062 -3.563426 -14.142830
5.169973 13.025420 -9.214170 -14.306080 -12.266350 -4.492184 -24.656260 -23.666270 -12.741090 8.519213 -1.275424 -9.423733
5.293029 12.722260 -10.791870 -17.826320 -14.670800 -0.261593 -21.307910 -23.532240 -15.230480 -3.298638 -1.462379 1.048862
6.349736 14.173720 -11.734900 -20.982390 -10.638070 4.953115 -16.722190 -24.422340 -15.684450 -4.007121 1.629279 2.495120
6.446885 14.502780 -12.725920 -22.440330 -11.463210 3.100076 -16.439710 -20.886010 -16.413810 -8.608198 -2.489377 4.213221
5.724915 14.151240 -11.415010 -22.806430 -13.946410 1.161079 -10.937670 -20.604290 -15.716720 -10.086450 -4.981273 0.411197
5.526527 16.258090 -11.906360 -26.772180 -15.496640 4.395274 -12.909480 -18.925210 -14.808180 -12.725280 -6.118687 -0.804214
6.340532 14.916650 -11.759860 -22.872930 -17.728690 3.615231 -12.559480 -13.433710 -16.293410 -13.789570 -2.964920 -1.264014
6.658566 16.570450 -11.486030 -23.239030 -20.070000 2.758588 -8.101218 -16.132100 -11.913210 -17.181280 -2.274190 -0.382888
5.027147 16.683890 -10.315230 -26.032880 -22.092040 1.482686 -8.890079 -16.179460 -15.283480 -19.026590 -8.446840 3.218564
6.173845 17.010560 -11.350400 -25.616420 -20.060060 6.934798 -11.492970 -17.286270 -17.370160 -8.791415 -4.570976 -5.895445
6.622434 17.953450 -13.009980 -23.276480 -18.985900 6.903807 -11.072020 -18.558420 -16.753150 -9.587443 -0.659978 -5.443213
6.121010 15.907230 -14.034910 -22.455180 -17.565510 4.532688 -13.935340 -19.399560 -16.775610 -9.822562 -2.378960 -4.461171
7.148061 15.257970 -13.246060 -21.660350 -12.841740 4.963641 -15.353220 -19.938920 -14.159480 -6.449606 0.767279 -2.633323
4.505611 15.428290 -15.715610 -21.124440 -11.285130 0.011481 -20.675440 -22.768950 -16.563600 -9.187241 2.717131 1.206544
5.830585 13.861350 -12.912100 -18.781920 -4.246303 1.685006 -19.249980 -26.178460 -15.637790 4.125741 11.630110 -5.015580
5.334615 11.202330 -12.448260 -14.622470 -5.846907 -2.796439 -28.309130 -24.691220 -10.716620 4.206407 3.518277 -10.186280
5.034306 9.857484 -6.558444 -10.800700 -6.326520 -9.595792 -31.727060 -20.869150 3.651657 4.511561 -6.731623 -13.180340
2.565361 8.479259 -4.804807 -7.128732 -13.561870 -17.962250 -35.208380 -16.765370 4.742817 -8.236135 -18.805270 -12.144060
1.441161 7.898470 4.789973 -1.286642 -20.637590 -21.615120 -28.426250 -11.945650 3.910332 -9.201623 -18.798370 -6.449224
-2.269243 10.312580 7.743198 -2.863386 -25.873600 -16.515020 -21.538020 -22.430240 -8.006008 -3.736359 -9.397300 -10.899640
-2.839525 10.103430 10.192910 -6.405573 -25.335810 -11.161730 -19.448400 -29.348800 -14.195780 -2.964094 -6.786204 -11.694980
-3.705342 13.741110 12.507640 -8.501442 -22.941290 -7.262096 -18.146960 -28.916990 -9.223336 -3.715724 -6.235377 -8.074608
-4.830906 13.270690 12.221020 -11.027980 -20.270070 -2.329232 -20.995810 -39.218590 -9.108114 -1.755983 -6.530239 -10.673200
-6.137473 13.648110 11.060460 -6.838823 -19.590380 -5.024297 -26.189880 -30.738940 -9.098896 -13.161750 -3.916633 -4.232848
-5.708654 13.729190 11.747580 -9.195546 -16.699220 -0.701902 -26.847150 -30.556740 -11.519730 -6.071290 1.763535 -11.958630
-6.141222 15.726350 12.521070 -10.831690 -18.331040 -0.529404 -24.807140 -29.775790 -11.993290 -7.141831 4.028953 -9.908762
-5.973172 16.269330 13.764170 -9.584244 -15.911690 -2.705805 -22.816040 -27.340650 -9.733773 -6.068789 2.888402 -6.865503
-5.956810 13.851470 12.200540 -10.749690 -23.497530 -5.260532 -25.299750 -28.710720 -11.462120 -12.409500 -6.928616 -10.106180
-6.175992 15.051540 15.233100 -10.441700 -27.887130 -5.819543 -15.628800 -27.370350 -14.292560 -14.015930 -2.616732 -3.695468
-6.042028 14.965020 13.444920 -12.044920 -26.750530 -6.744017 -18.209650 -31.770300 -12.054940 -5.096422 -7.304408 -14.585610
-5.219501 14.291580 13.712990 -10.590850 -27.450080 -9.615673 -12.720700 -34.476720 -8.276781 -2.662691 -12.104380 -13.254140
-5.090992 15.404450 14.942640 -9.123876 -30.079440 -10.124400 -10.773010 -29.772580 -9.498143 -6.322667 -11.028450 -9.863981
-5.454363 15.685810 16.186370 -8.816533 -29.684970 -11.350600 -10.053730 -31.367380 -15.361250 1.633856 -9.466310 -11.111560
-5.825233 16.228450 15.037330 -5.757958 -19.652110 -13.902400 -12.649050 -33.564150 -12.290570 8.475441 -8.061010 -13.616810
-4.925328 15.575110 14.232490 0.946757 -17.374650 -13.100720 -12.506430 -24.049120 -17.379380 2.783813 -3.459284 -1.306904
-6.932389 13.615070 11.129550 2.359499 -10.336540 -11.389190 -15.297410 -13.249910 -2.096231 4.319590 -8.542200 -1.681556
-9.986272 10.652540 6.145667 4.641969 -3.087711 -8.056172 -13.825790 -12.580530 -9.943479 3.996301 -4.000073 8.652280
-11.297610 8.215264 5.328028 -0.416268 -8.093853 -0.919425 -9.889071 -18.278300 -14.320790 -10.422870 -4.536470 -1.627313
-12.005260 8.208451 11.204410 6.686830 -1.572246 1.063427 -5.491436 -13.552490 -7.888481 -2.777750 -0.080292 3.306235
-12.743600 7.790147 5.212228 5.272151 3.626167 0.006803 -6.740521 -13.617510 -12.509490 1.826454 2.740971 3.727561
-13.199680 6.306324 2.874472 3.397749 -5.934174 -2.036278 -9.136038 -13.466610 -4.901906 0.391978 -5.816924 -6.314248
-12.993460 7.341526 -0.301396 -0.496332 -3.460191 -5.525419 -4.393921 -11.212870 -4.340771 3.315331 -1.836916 0.894965
-13.706220 8.369914 7.763670 6.508623 -2.767022 -5.703765 -9.353061 -6.202929 0.996924 3.137116 2.781122 2.159573
-10.044560 1.089782 -14.513470 -4.618338 8.587611 12.490990 -3.195129 -12.675230 -5.987881 5.198784 -2.812470 -5.496194
-9.112955 2.186980 -15.397000 -3.825446 10.702590 10.374240 -5.092527 -10.255340 -5.566741 12.339270 1.580344 -4.300335
-8.751288 5.238422 -15.750800 -10.356470 9.078576 3.481911 -7.197302 1.449222 2.466591 12.810760 -2.753497 5.708675
-8.895478 3.458584 -7.633274 1.108822 8.727381 -4.202738 -10.576650 -1.827863 3.009290 12.638170 -9.183995 -3.962266
-12.021970 0.248404 3.834782 14.336170 11.075070 3.022305 -11.937350 -5.156317 11.118090 17.589420 -4.705232 9.743438
-10.272950 3.259310 0.452905 9.439999 9.032460 -4.340152 -12.993530 -10.083580 15.381340 7.361127 -11.305120 -2.270024
-11.168080 1.484242 -2.243128 12.753620 15.833600 -1.382539 -11.728600 -3.818354 5.411685 2.910127 -10.703470 -7.558672
-2.368778 12.883720 5.888475 7.145907 -0.186617 -10.106850 -18.657470 -20.929350 -6.393465 2.130357 -11.848420 -15.538630
1.563194 16.146360 -3.135621 -4.018503 -6.301688 -6.054024 -19.726740 -21.757650 -4.400111 -0.666057 -5.254177 -15.475560
-0.490226 11.861120 -2.864354 -2.981545 -9.881051 -5.954618 -21.741950 -25.714550 1.309754 4.654759 -2.866423 -24.795820
-2.249473 12.637780 -0.381368 -6.555370 -14.054250 -12.661000 -26.602570 -25.696090 -1.884221 10.143780 -2.273563 -31.590640
-2.578416 12.738950 -0.687823 -7.055125 -15.854220 -11.562860 -28.070060 -25.786790 -6.246556 4.019438 1.373314 -24.957280
-2.239247 11.723160 -2.804855 -6.444314 -18.767380 -13.021200 -31.983350 -24.561990 -9.837474 -2.450709 -1.055219 -26.900550
-0.769742 11.611430 -3.484301 -6.129223 -15.701680 -10.596870 -34.828070 -28.046960 -9.641019 -3.005365 -0.179416 -29.251910
0.210268 14.033720 -2.615480 -5.129069 -8.345011 -9.341431 -26.769300 -24.277070 -13.921550 3.543572 1.677586 -21.953130
1.510018 17.317810 -1.808078 -5.876763 -1.012460 -8.112308 -23.875660 -17.833650 -16.348710 2.750046 8.460036 -15.391670
-2.547737 12.002150 0.692183 0.124164 -3.164335 -6.207226 -19.202440 -19.084930 -9.062025 15.285760 6.340795 -10.781690
-6.546180 11.508900 0.446507 -1.075505 -4.305900 -9.344939 -17.940960 -18.419570 -9.624888 -0.016353 -0.588458 -4.637144
-8.951722 7.339823 -0.179838 1.757082 -4.712436 -5.682129 -17.758380 -20.708630 -8.559653 -0.347771 -2.795531 -9.935253
-10.694270 6.795482 -1.167658 -0.430473 3.716981 -2.701711 -16.304670 -16.522980 -3.279569 8.858760 5.027719 -10.609500
-11.773810 8.173706 1.957667 -0.252266 -2.111456 -7.344544 -21.287240 -20.421290 -1.157166 14.347780 15.680390 -1.742106
-12.892560 5.677505 0.493211 -0.813360 1.134448 -3.677642 -14.071060 -14.000350 -6.831888 5.817222 6.558491 -1.405928
-12.512140 6.191870 -5.968567 -1.124577 -12.387670 -8.413448 -17.910640 -12.317270 -16.099260 -4.095916 8.804460 -4.273214
-12.903810 5.335504 -4.076097 -2.697447 -8.876417 -8.260832 -12.815780 -9.080312 -2.906247 5.997313 -0.690092 2.616851
-10.114100 5.543634 -6.672325 -9.159388 -8.087467 -1.050407 2.893905 4.170094 -7.111303 3.996301 -0.877047 1.297369
-2.861340 11.458490 -17.995790 -24.459360 -8.911891 -0.162187 4.031380 3.389951 -12.724960 -5.844925 -1.531389 2.064964
-2.982691 14.914270 -14.344570 -21.506030 -2.969226 5.130292 6.508883 10.160030 -21.821220 -0.125158 -3.059652 -0.630764
-4.621269 14.372310 -4.051146 -9.381501 2.834379 7.689113 9.941974 13.380130 -22.373710 9.025094 5.995744 9.187767
2.212898 17.786530 -2.286633 -12.072680 -9.553977 4.331537 4.773390 -4.525459 -17.225560 -12.378230 -6.814435 -5.609725
6.858659 19.816400 -6.500224 -21.486660 -11.005590 11.699840 -1.340447 -5.098528 -8.023868 -13.191140 -7.422352 2.290765
7.569039 17.361080 -7.991551 -22.600460 -14.627520 5.365357 -0.618416 -4.290293 -4.737714 -19.086620 -9.098674 -0.976403
7.474277 19.764960 -7.672301 -23.399160 -15.004970 2.534632 0.451540 -2.502062 0.608624 -18.092370 -11.111890 3.318850
8.632564 18.507320 -7.923095 -21.765600 -18.884440 1.717166 0.038163 -0.136749 -2.659095 -12.461400 -7.715332 -3.783139
6.627206 22.571830 -8.163013 -23.626440 -20.416940 1.727107 4.848487 -5.718951 -3.863173 -10.245280 -1.690113 -6.971466
8.340095 19.392310 -8.910275 -18.820660 -19.606700 -1.132855 1.640686 0.161022 -1.826610 -10.329690 -3.912869 -7.073643
7.653235 20.611110 -8.427241 -20.570450 -19.000090 -3.246689 -0.485447 3.548869 1.380616 -13.031060 -5.411645 -7.716354
7.312702 22.252310 -9.738151 -22.720550 -16.085520 -5.148847 0.986862 3.279189 -0.561464 -12.361970 -5.697724 -8.336990
7.270775 21.354040 -9.516787 -20.509750 -19.772010 -3.077699 0.587954 6.158980 0.116622 -18.738320 0.252211 -5.677213
6.949332 21.542080 -7.675500 -25.138610 -20.464470 -0.482040 2.969002 4.974317 -1.325391 -17.342620 -4.192674 -0.138797
6.121010 22.484280 -11.068890 -22.340890 -18.703530 0.693872 1.852197 -0.350245 2.695308 -10.956260 -8.983866 -1.345378
6.600618 19.229480 -8.175808 -26.260800 -16.306170 4.347910 -3.281250 4.163673 -0.197936 -15.159010 -3.170696 -3.064741
4.241094 19.539460 -6.246231 -25.336190 -17.723720 9.467891 0.020250 -3.089577 10.315570 -16.446540 -4.483144 -6.630873
3.658882 18.373790 -8.621095 -26.225940 -19.124250 9.097166 1.693047 -8.934236 9.260126 -22.876660 -6.076026 7.309462
4.310632 18.269900 -10.784830 -27.851750 -19.684040 4.982353 -3.590593 -11.991400 -0.128802 -23.390050 -10.589920 1.102474
4.593898 16.575560 -8.959538 -27.977660 -15.134800 12.617880 -1.376273 -5.777542 4.188019 -12.597720 -4.712133 2.392312
3.755690 18.468150 -4.744028 -14.346760 -8.462076 1.047055 8.430394 -3.775012 -9.000957 -16.444660 -12.156450 0.712685
3.884881 16.475070 -11.254430 -20.250190 -18.118200 3.726917 -0.156813 -2.189844 -4.973344 -13.226160 -10.842750 -1.759135
-4.051329 6.731782 -13.538440 -19.319120 -23.027850 -10.308010 1.651709 0.673092 -5.729782 -5.600427 0.150578 7.154303
