-2.414729 13.081450 -7.838022 -7.652116 0.522601 10.465650 -0.949747 -10.234570 -7.913804 -12.030570 -6.083977 -6.048731
1.851610 9.457442 -16.350450 -15.373960 1.076052 22.705940 -8.968801 -19.837110 13.063120 -13.142570 -10.558920 -8.503400
1.794645 10.520010 -18.384360 -14.913140 1.491997 20.163850 -10.768830 -16.017910 4.130669 -14.032730 -1.901941 -13.610740
0.269689 7.446206 -21.600160 -13.822700 2.696468 19.849060 -5.184450 -19.319700 9.795914 -11.717890 1.065356 -16.419240
0.664196 5.870031 -22.001950 -20.371170 -1.431597 13.865480 -6.349132 -30.571630 6.823112 -20.309630 -10.681650 -18.304200
1.443658 5.014299 -18.933690 -16.969030 -4.699244 19.570650 -2.941692 -28.215260 7.855770 -12.305220 -9.637097 -20.579450
1.958463 5.469922 -16.775700 -17.144830 -2.750752 12.644030 -3.935933 -26.390600 8.726854 -15.954600 -11.500390 -19.853920
2.185260 7.630428 -18.713500 -16.050880 -1.214210 14.962600 -8.706903 -26.369740 11.020160 -16.809550 -10.453650 -21.308570
2.099990 6.064123 -19.452760 -14.407930 -0.682440 12.653290 -6.247283 -32.039820 11.313930 -19.022980 -11.727300 -19.141970
4.576009 6.390625 -26.342150 -10.785010 -1.296943 9.867825 -6.343589 -30.725430 7.786160 -14.392600 -15.528060 -20.720990
3.824853 6.894771 -29.228060 -6.648702 -2.038682 8.902304 -7.852618 -30.160920 7.695475 -16.840540 -11.035660 -22.882580
5.133273 4.907795 -26.322480 -8.190619 -0.806824 12.358340 -10.109230 -26.419220 11.513180 -14.034840 -16.579160 -20.945440
4.006362 1.294478 -21.007700 -10.192190 -7.801997 11.710250 -11.425650 -27.135130 9.470214 -18.441280 -18.245530 -25.941270
3.224778 2.664225 -20.711840 -10.624390 -6.109119 6.613491 -10.903240 -26.567650 10.445400 -17.978590 -13.727500 -31.967860
3.541091 0.809660 -17.023880 -9.964990 -11.219700 9.588088 -16.620640 -21.233760 9.743546 -17.466610 -18.885360 -33.200200
3.570104 1.277619 -17.248610 -7.776520 -8.001696 5.714101 -13.732840 -23.234870 10.962680 -12.698890 -22.284110 -31.025740
0.435984 2.488637 -14.272660 -9.189943 -11.402280 2.124480 -13.922680 -22.832500 5.723400 -9.112193 -24.229220 -33.366040
-2.421451 3.972289 -13.155080 -10.942700 -10.361570 0.450691 -13.528450 -21.881130 4.045093 -11.519290 -20.081550 -30.102910
-3.172607 4.455874 -13.400230 -8.443516 -9.713402 -5.782208 -18.256460 -16.662290 3.783895 -11.772820 -20.899740 -31.638330
-3.661584 2.765383 -9.250708 -4.488268 -9.751630 -7.245038 -21.250270 -11.515590 5.094993 -12.155220 -20.879560 -16.873150
-4.697209 3.800814 -6.174126 -6.136483 -13.128830 -12.515720 -22.418420 -8.729427 1.116357 -13.804550 -19.591730 -8.992332
-5.320283 4.107166 -4.195459 -6.465892 -20.700840 -14.844880 -23.415430 -8.124389 -1.328300 -17.926480 -18.152260 -7.890805
-5.079333 4.634751 -0.245692 -3.245390 -19.063310 -15.080970 -27.089620 -12.320920 0.132236 -7.615680 -9.238367 -7.549125
-6.722110 7.718839 6.140522 -4.836367 -24.146510 -15.658290 -22.758610 -17.766860 -3.090906 -6.739604 -6.543253 -11.641430
-6.939001 7.922389 7.019005 -7.574436 -21.973780 -13.106280 -22.171070 -23.358260 -2.979785 1.174661 -6.491435 -18.933950
-8.318184 9.880579 11.757970 -5.780207 -20.506850 -11.664610 -21.656280 -28.370840 0.401097 2.781035 -8.734363 -22.356480
-7.193750 11.533650 11.529460 -8.267130 -20.878290 -8.461198 -17.731280 -22.289450 -2.509757 0.227456 -12.152210 -25.342970
-8.017438 11.109690 10.601790 -4.045551 -14.264830 -8.843438 -24.150540 -29.003900 -3.712927 -4.031092 -8.675453 -16.123310
-8.711276 10.893800 9.857239 -5.096273 -16.084940 -13.339060 -23.948920 -25.865440 -4.984430 -14.172870 -17.173160 -17.615840
-8.292708 13.327770 12.661420 -8.132213 -14.829120 -8.131201 -13.678800 -23.507280 -9.532081 -8.595280 -10.513650 -15.589340
-9.585914 16.264640 15.391450 -4.285599 -11.271050 -6.539414 -17.751380 -30.529910 -8.378084 -8.095973 -4.698511 -12.400560
-10.093290 16.516300 14.915510 -5.223014 -12.229610 -12.818610 -20.650260 -23.709360 -3.013632 -14.209490 -14.946600 -13.491370
-10.044820 17.872070 16.363760 -4.669910 -10.668530 -14.590270 -26.400230 -24.009200 -7.757979 -9.510794 -3.538864 -12.575690
-9.134089 16.031890 14.463030 -2.199924 -12.082400 -12.489930 -23.443840 -24.568330 -0.987274 -11.012240 -8.546724 -11.111750
-10.006600 19.198640 16.791280 -5.408161 -11.882130 -10.330080 -22.617270 -25.040440 -3.412134 -8.869230 -8.305632 -12.000270
-9.793959 18.339200 18.928840 -3.031625 -14.649960 -9.473010 -17.468000 -24.989180 -2.894209 -8.036113 -9.453278 -14.569310
-10.116990 18.806750 20.358930 -5.091017 -14.443420 -9.828798 -16.651130 -30.787420 -4.746861 -8.694578 -12.369300 -9.243947
-9.639694 20.314660 19.524330 -8.880392 -15.264460 -5.529586 -15.003530 -35.505530 -7.779054 -6.028320 -11.026930 -7.963716
-9.855877 17.596560 19.491040 -4.318307 -14.641400 -7.278765 -17.363380 -33.814400 -5.840826 -2.710639 -8.294723 -14.422050
-9.217236 18.659130 19.612860 -3.863325 -19.693790 -7.947355 -9.629780 -29.985070 -7.789272 -10.042500 -12.001660 -4.622679
-8.497923 17.042650 19.030230 -1.895046 -19.042200 -8.069037 -12.300030 -29.890890 -10.237120 -4.988155 -8.691272 -1.831333
-8.375856 18.622120 18.323510 -4.890685 -22.521530 -9.687938 -11.376460 -30.897100 -7.997464 -2.729653 -12.981850 -13.810890
-7.629653 15.720200 14.848170 -3.493615 -26.570850 -12.247230 -14.148550 -32.096450 -14.399680 1.042264 -14.108770 -25.315090
-6.470900 14.787570 14.445630 -1.690625 -26.154910 -14.686820 -11.988940 -29.855120 -13.380440 2.004257 -11.437660 -23.192100
-4.393987 15.051570 10.642650 0.048703 -21.256580 -15.344830 -11.674380 -24.195770 -14.589350 2.944420 -5.111969 -18.357100
-2.474524 13.688810 6.836650 -0.401023 -20.150240 -17.281160 -16.219480 -24.303070 -8.243335 -0.471855 -6.423252 -22.718180
-0.914186 12.290690 1.137484 -1.046408 -18.383760 -17.219000 -25.461420 -24.959970 -4.424356 -1.021164 -9.468551 -23.468730
0.117194 12.901750 -3.218610 -2.904300 -13.177890 -12.997820 -26.676680 -28.622990 -2.144463 8.057917 -7.968538 -27.893420
1.324067 13.305560 -4.010077 -6.687250 -11.222560 -9.305697 -26.235330 -33.931240 -3.832350 14.655950 -6.497980 -21.813940
2.167216 13.856170 -6.765078 -9.956229 -12.980480 -9.473010 -22.037350 -30.857760 -13.842160 4.377551 2.449732 -12.933100
2.503343 13.769820 -10.580160 -11.769730 -14.358970 -8.157654 -23.251920 -27.836740 -17.880190 -5.764230 9.741975 -10.558490
3.987256 15.179450 -10.564270 -14.984390 -15.392840 -2.987489 -19.401740 -26.483600 -17.855280 -7.681175 6.675949 -2.310258
4.403700 15.744870 -10.544600 -15.361700 -14.020630 -6.075171 -14.129150 -22.182160 -20.950060 -2.865572 7.299954 -5.078730
3.438130 17.730200 -12.400680 -19.127710 -17.870820 -6.755003 -16.907480 -22.464710 -21.934820 -6.436780 -2.083034 -4.785656
4.998114 17.420150 -12.293240 -18.967090 -16.237850 -0.907651 -17.339130 -20.739000 -18.019410 -6.721998 1.704634 -4.472569
4.529659 18.275050 -10.381910 -21.887390 -18.318150 3.012627 -14.719460 -21.600960 -19.151690 -3.496572 1.706271 -9.070962
4.002116 16.283560 -12.125260 -21.942870 -18.978300 -0.831600 -19.475190 -20.232920 -17.326500 -12.312270 -6.117795 -5.875747
4.737704 16.938620 -12.478620 -20.806290 -18.701570 -0.250965 -17.432660 -19.908040 -13.354250 -11.003790 -8.137630 -5.058715
4.665172 17.375730 -12.544450 -18.972930 -20.756760 0.277426 -18.068700 -16.581820 -13.328070 -15.530650 -2.114671 -3.475404
4.514445 17.306650 -12.569420 -19.772510 -19.814750 -1.084884 -16.904710 -17.592800 -16.479680 -12.430580 -2.606675 -2.122262
4.527536 17.183700 -12.871330 -18.802390 -16.220170 0.969823 -19.845860 -22.253090 -11.654870 -8.840356 0.482806 -3.579052
3.868019 17.112560 -12.781280 -16.487760 -12.894890 -0.250304 -20.167350 -23.988330 -9.760708 -4.057148 5.168300 -3.192338
3.575766 13.920320 -13.489520 -13.936590 -12.857810 -2.933261 -24.402740 -29.679870 -10.441480 -1.600050 6.933406 -6.295342
3.347553 13.508290 -12.243300 -10.545540 -7.354100 -3.781729 -29.523600 -29.756770 -2.028872 7.327618 2.861008 -9.770049
1.356618 14.064250 -10.256310 -5.809410 -6.192993 -11.549540 -36.402920 -24.366260 5.116706 9.557246 -6.173432 -14.497110
-1.274019 13.767350 -3.624180 -2.694623 -14.672210 -16.346720 -36.988370 -18.277720 5.415583 3.131748 -11.635110 -12.236870
-3.197728 11.584640 0.540479 0.631594 -21.764380 -20.632710 -33.159680 -18.709290 3.610828 3.445839 -22.832300 -15.875980
-4.615477 12.833080 6.005080 -0.521339 -25.806860 -17.441860 -22.396940 -21.392920 1.258132 3.379641 -17.341710 -18.332080
-5.578217 11.074740 5.879475 -4.938578 -28.130220 -11.395450 -17.725740 -33.636170 -8.351262 4.265576 -12.585300 -26.183590
-6.334680 13.457710 11.082270 -6.585624 -28.778380 -7.536678 -14.585740 -32.427280 -8.510919 4.355015 -8.303450 -25.302940
-7.435408 15.059380 14.133880 -5.747499 -27.418720 -7.138566 -13.658010 -27.998280 -7.122547 3.522602 -12.315850 -18.622300
-7.668928 15.168350 14.944270 -4.008756 -21.756400 -4.481400 -14.610680 -31.763230 -3.894296 5.731103 -5.089605 -18.605860
-8.145166 13.722530 15.586670 -4.882508 -21.985760 -10.369090 -17.343980 -30.486390 -8.243973 2.905686 -8.805272 -23.983400
-8.438482 15.501840 16.611190 -3.350521 -23.589060 -12.439670 -14.637010 -26.815620 -8.950932 2.749345 -9.519279 -21.603070
-8.755503 16.424600 15.264330 -5.064734 -26.719200 -13.276900 -11.129800 -28.344610 -15.328240 -1.843718 -10.640200 -21.622370
-7.998332 17.726090 16.246480 -2.110564 -23.884620 -14.038070 -10.137640 -24.727490 -5.077669 -0.410587 -14.434960 -22.931190
-7.213563 16.156080 15.867390 -0.084463 -21.157300 -12.999140 -10.475750 -23.748700 -9.214684 1.128181 -12.691670 -18.284900
-6.915295 18.273820 17.575930 1.169512 -22.880410 -11.165320 -14.573270 -23.513240 -8.509642 4.791645 -12.258570 -19.604450
-7.943491 17.792290 15.835610 3.499324 -23.649540 -18.542290 -10.220090 -25.842790 -13.792350 1.238043 -14.017680 -19.664490
-9.735933 17.680030 16.069420 -1.654413 -15.845870 -13.575150 -9.085199 -30.569250 -22.320550 4.900098 -9.690553 -9.202488
-12.509510 10.642970 10.700160 1.118115 -6.360169 -15.209260 -8.536461 -13.652000 -9.627235 9.094560 -3.987232 0.699820
-10.841260 9.707047 5.871908 2.380266 -6.236356 -5.491890 -4.331551 -1.703822 4.002305 6.264918 -2.258126 1.209482
-11.966760 7.989827 8.168372 4.040746 -9.219289 -7.603471 -6.480081 -4.674176 -12.954470 6.220551 5.192300 0.521117
-13.908860 7.702802 5.067578 -2.137430 -13.624650 -8.047875 -16.585310 -22.775870 -10.306730 3.804298 -6.680163 -4.977227
-15.308210 8.391170 2.763547 -0.935437 -7.566922 -5.697560 -13.386420 -13.566160 -8.272711 7.200854 3.483922 -9.143873
-14.478860 7.484037 0.439843 -0.594346 -6.751580 -1.907560 -7.989802 -10.989230 -14.987220 5.362080 6.851587 4.151653
-14.512480 5.309138 0.226465 -1.507231 -6.753291 -5.025002 -4.278201 -6.562613 -0.051050 11.922790 10.555250 5.839327
-14.794820 -3.456250 -18.630270 -1.262510 8.613265 4.773711 -1.724354 -6.732501 7.639276 19.725080 -0.578658 9.899467
-9.486491 4.969889 -12.327290 2.728366 7.440176 7.734420 4.555645 0.699047 19.531120 19.919450 -17.753530 2.494716
-9.497813 6.996340 -7.271284 4.996851 5.485407 -1.540530 -5.910557 -10.725160 8.381997 9.496681 -17.335160 -4.980086
-13.112770 3.334911 -2.087403 9.782047 3.913491 -5.526279 -9.345018 -9.623574 5.161410 16.563040 -2.728858 -0.393844
-6.043841 10.516310 3.503561 13.913100 6.780598 -1.984934 -22.405250 -13.070210 0.242718 5.866317 -17.398980 -11.552790
-1.629606 16.385950 -2.276568 4.962391 -9.130851 -11.544250 -20.036400 -24.919440 -9.266412 -1.493710 -15.198600 -20.930430
-3.245847 14.065890 -3.704386 0.939977 -10.660550 -10.866400 -24.098580 -20.373600 -1.527551 2.508494 -4.726329 -23.599540
-4.270858 14.759190 -5.611171 -0.384669 -12.055590 -11.620960 -25.906230 -20.957180 -2.806079 3.114846 -6.306524 -27.330150
-3.936500 16.049990 -4.265072 -2.982564 -14.550680 -11.497960 -27.021020 -23.609810 -2.869303 5.739553 -2.725585 -29.190100
-4.005495 14.556060 -5.823036 -2.675349 -18.658210 -12.306090 -26.290070 -26.940800 -10.374430 7.119867 -4.359235 -33.248810
-3.773744 14.736170 -5.042162 -4.419933 -19.885500 -11.445710 -28.839760 -26.626060 -13.557970 5.501520 -5.011604 -32.449640
-2.554487 14.627200 -6.000851 -3.758194 -16.061550 -10.111180 -26.852660 -25.968570 -14.543370 2.062709 -4.730147 -23.330770
-2.537150 16.769200 -5.041405 -3.961447 -13.351920 -7.592229 -28.978330 -25.959630 -14.308360 4.634599 -6.729800 -22.474420
-1.355397 16.283150 -4.807597 -0.583833 -6.676835 -8.336870 -26.280370 -20.132770 -15.685240 3.874018 -2.529219 -20.389310
-0.267053 16.069730 -0.353894 0.203478 -3.631139 -4.698973 -24.193500 -20.356310 -13.511350 5.117004 -7.699627 -10.314740
-2.496814 15.796680 1.291086 -2.743099 -2.266910 -4.392784 -17.051600 -17.377610 -12.500410 14.709480 3.210647 -6.359675
-8.486247 12.354430 3.082858 3.897652 -0.190610 -6.449476 -22.890940 -15.318690 -1.712753 13.018590 11.516900 -0.296629
-9.953885 7.978313 4.432740 7.303300 -1.811596 -5.979941 -17.875390 -14.927650 -13.230360 1.873973 4.248656 -10.018800
-11.700330 7.051031 -1.026565 -0.210035 -1.458984 -7.233134 -18.715820 -12.772160 -2.942106 7.005780 -6.091613 -17.419980
-10.938210 6.102365 2.384460 1.503594 -5.840952 -8.750193 -6.886784 -9.747562 -5.514489 9.074137 8.829422 -11.301180
-12.080690 5.659902 0.906702 3.057775 -3.066276 -3.757260 -12.189860 -7.869855 -0.853163 5.884627 4.261747 -10.202510
-13.581230 7.886202 4.355561 0.437686 -7.768904 -14.895800 -10.270670 -11.622880 -3.745497 3.056394 -0.693750 -2.513265
-12.936220 5.856050 -0.321358 0.357670 -1.974208 -5.773611 -11.285690 -12.838330 -10.769100 5.950122 7.581957 1.297404
-5.908682 6.111001 -9.751616 -13.820950 -5.015339 12.480020 8.416902 -6.309272 -14.812230 -4.786038 -5.699974 3.747069
-7.203657 7.195366 -11.500260 -12.102650 -7.274791 8.623890 5.129325 -1.446308 -12.789070 -7.296659 -1.800486 -0.728377
-1.990855 12.664890 -15.670210 -17.988210 -15.724910 1.053149 0.385377 -2.734475 -17.816970 -8.088930 -3.015224 -2.765594
-3.159516 12.100300 -11.520690 -14.624030 -8.175719 6.016984 6.979929 3.559122 -5.657541 11.529830 5.775396 13.478540
-4.769742 10.628980 -2.556532 -1.581406 2.558390 8.836833 7.142056 3.504282 -7.915081 7.124092 1.238267 11.252610
3.737460 18.887760 -6.926246 -8.927701 -10.668530 4.201673 2.229745 -5.103963 -9.048002 -5.381122 -8.074903 -9.609217
5.523180 23.308700 -9.471652 -17.282080 -14.544410 10.783750 0.433876 -9.222997 -9.658528 -12.314380 -1.724667 0.716261
4.584855 20.486960 -8.446377 -16.433440 -19.234480 5.481318 -2.410969 -2.655790 -10.368040 -22.258270 -8.800364 -3.945751
5.832064 23.020850 -8.276129 -19.116610 -18.448240 4.423213 -0.344888 -0.084822 -5.950031 -22.039950 -8.012720 2.041525
5.755993 23.492100 -7.430182 -18.768510 -21.027210 0.900385 3.753324 -1.833176 -6.761724 -16.262360 -7.349442 -0.694780
7.213723 22.821820 -7.810782 -20.338460 -18.539530 -0.217899 -5.220478 1.996155 -3.041093 -13.562290 -12.141300 -5.606262
7.878901 21.432750 -9.051705 -17.407070 -20.044690 1.572943 -3.522301 1.410787 -6.688282 -12.662270 -6.261796 -4.205228
7.217615 22.229680 -7.964385 -17.392470 -21.214930 3.236152 -1.906573 3.038133 -6.370246 -13.922160 -6.926166 -0.859902
6.614356 20.712310 -7.999191 -15.721480 -23.302640 -2.221685 4.086585 0.272837 -7.987885 -15.796850 -10.017830 0.137977
5.673553 22.422120 -8.481940 -20.070380 -19.957960 1.163589 0.896700 -3.105844 -3.905153 -15.377120 -7.372897 -1.040750
6.376236 21.152300 -8.297315 -23.608020 -18.929230 3.065532 -3.608907 -2.866809 -2.664304 -14.534150 -9.940372 -3.473259
6.633461 19.955270 -9.018413 -20.391030 -22.884980 4.837197 -1.306565 0.566713 -11.202090 -13.288340 -5.452335 -2.097959
6.596311 19.735270 -10.608910 -20.715760 -17.588960 4.120992 -4.077967 -3.319843 -3.191809 -16.252500 -10.206010 2.418946
6.389681 20.243520 -13.988910 -19.757910 -17.962680 -0.553848 -1.377236 -1.684151 -9.721752 -18.084930 -3.942504 -2.270229
1.767401 22.800850 -14.244670 -24.362630 -15.821910 5.497851 -4.131317 -0.609984 1.346262 -26.232300 -3.350136 2.010788
2.084776 20.621430 -6.512353 -21.215140 -19.577960 -1.633776 5.288681 -7.413244 -2.822045 -21.426560 -3.288499 3.539773
1.573863 19.305960 -6.731785 -20.331450 -12.111500 3.092646 7.843914 1.100816 -1.844309 -21.991360 -5.481790 8.708588
4.540627 18.736020 -10.391750 -17.328220 -13.578430 3.505307 4.822392 -2.341051 2.574339 -19.480040 -7.822355 1.889984
-1.390779 17.401640 -7.102548 -16.121560 -11.504420 -7.101532 6.214329 0.548830 5.264867 -13.518630 -6.587436 8.059538
1.241628 17.105160 -6.454847 -18.429170 -16.031880 -7.148486 4.618694 -4.703981 -9.227456 -10.077000 -12.258030 1.758459
