-14.517610 7.555265 -0.384664 1.398543 3.578560 13.406520 -4.091834 -8.618589 -4.115068 -7.209734 -6.649035 -11.331500
-4.338614 10.700830 -7.640687 -2.442303 5.020898 12.190750 0.618437 -17.070140 -21.392030 -18.095230 -9.679722 -11.982120
-3.901292 8.363769 -10.629440 -4.972223 7.254509 10.674340 8.587987 -16.306220 -14.546660 -8.085861 -4.500268 -6.177433
0.099227 11.896770 -11.666600 -10.843340 3.930684 6.210101 1.692562 -17.701690 -6.427003 -4.656415 -5.787146 -9.226245
0.673862 9.104585 -14.979460 -12.234770 2.881564 12.164700 0.435595 -12.831820 -6.211484 -4.282213 -2.631398 -5.050943
2.518347 16.042270 -15.997320 -13.041900 4.848463 14.174550 1.878199 -20.823110 -5.992197 -2.114301 -1.829062 -13.800090
2.586426 10.844920 -18.864010 -11.871720 3.056417 17.835120 6.822194 -26.454310 5.201245 -9.498645 1.493974 -7.754643
2.543156 11.728170 -15.395300 -15.263820 2.605182 17.656480 1.288297 -30.722910 10.959230 -15.670750 3.321157 -11.829370
1.887172 9.344604 -20.117020 -14.869610 3.516515 15.609630 -4.410549 -30.799910 8.623934 -23.241080 0.216300 -8.702604
2.884706 9.869902 -18.424040 -17.171000 2.757474 12.355680 -0.869459 -32.247280 6.789759 -27.408850 -5.336170 -2.599320
0.797905 7.272891 -20.721800 -18.522440 -2.908742 11.467950 -7.764884 -40.607130 6.270553 -31.928410 -16.027490 -6.885260
-0.548679 8.863736 -17.451700 -18.950930 2.561671 11.494910 -4.077855 -34.420520 8.379025 -30.850610 -2.500383 -8.523447
-1.862377 7.605095 -20.976270 -18.346370 -1.191633 9.171639 -5.798357 -40.101020 8.159739 -36.107380 -5.835330 -11.366700
-1.421593 9.178085 -21.402440 -18.307410 -2.686347 12.241000 -2.526217 -40.229930 8.087397 -33.126080 -3.718504 -4.136300
-1.511596 8.026996 -21.615530 -18.803420 -4.293870 13.163460 -4.220438 -42.058830 7.513934 -32.404560 -3.677900 -8.031865
-1.298704 8.039038 -21.451410 -19.290610 -5.073056 8.705158 -6.128254 -40.002400 5.250980 -29.656300 -8.290522 -7.329067
-0.698684 9.586282 -19.197090 -21.510460 -2.385793 8.243246 -2.099027 -37.286720 4.677518 -32.182730 -5.556515 -4.362603
-0.539448 9.923470 -21.192110 -19.639630 -3.141611 5.412834 -1.700913 -37.664790 4.120634 -33.331110 -8.238548 -1.387967
0.270579 10.435070 -20.681810 -21.557720 -5.019875 7.060367 -6.598499 -33.780310 6.758109 -38.157650 -9.672684 -2.241635
0.875215 10.180930 -19.214330 -21.138060 -5.019875 7.727421 -1.393940 -34.923160 2.859168 -32.471790 -5.359991 -0.814665
0.988296 10.111170 -19.068820 -23.926630 -7.803830 10.704040 -1.722161 -39.181380 2.627070 -31.865670 -6.272229 -2.652753
1.643703 10.920910 -18.635060 -23.679400 -7.524226 12.241920 -1.343617 -38.251350 1.175705 -25.137860 -4.539248 -3.131134
1.185610 10.614460 -17.566170 -26.739620 -11.765020 13.142440 -5.002129 -40.827740 2.321123 -31.377190 -4.869494 0.267192
1.774091 10.899740 -17.149650 -26.450320 -10.972950 11.322660 -2.074984 -39.472930 -0.242502 -24.416340 -2.391564 -4.893788
2.256992 13.190700 -16.502110 -24.377460 -11.566000 7.294749 1.433676 -29.235730 -0.573317 -29.920710 3.508477 -2.395647
1.363308 14.656140 -19.077100 -28.376200 -13.697270 4.417278 -8.001963 -30.675330 -1.239468 -34.431310 -7.930499 -4.099839
3.502034 17.339110 -16.485560 -26.323590 -9.388791 4.646178 -3.320768 -23.890900 1.055135 -27.422290 -1.971988 -1.919152
4.321870 15.823430 -14.380200 -26.975930 -14.040530 5.355266 0.380239 -21.971160 -1.708185 -29.013210 -2.171219 -1.562724
6.588100 15.630750 -13.898850 -24.216970 -12.224320 5.151038 -0.234824 -18.517520 -2.023928 -21.810370 -3.505739 0.894556
6.488866 19.485570 -10.777700 -25.582430 -15.399880 1.208564 5.994654 -13.677060 -4.300446 -15.600170 -6.974950 2.163743
7.302355 20.735080 -12.855480 -26.671580 -17.128270 -2.520087 4.741601 -9.577164 1.663262 -18.508640 -7.915881 1.183722
8.386430 21.066030 -9.935003 -23.312200 -18.846990 -6.253764 4.397725 -4.066224 -3.256759 -11.530990 -6.491491 -0.541215
8.288926 21.179400 -8.690955 -19.305670 -19.521420 -10.398180 5.986826 -2.776301 1.130492 -10.416230 -10.466360 -2.254836
8.286619 21.057730 -9.348839 -18.545810 -19.669690 -6.616075 2.578254 -12.493550 -0.023215 -2.463856 -6.195352 -7.342896
7.375050 21.270340 -6.175277 -19.318130 -17.381280 -8.900964 -3.036720 -6.853704 3.072427 -8.162046 -7.338221 -3.894280
7.621404 23.103280 -8.679922 -24.679740 -17.104900 -2.835796 -5.025613 -5.787852 -1.675781 -13.274280 -5.506707 0.927245
7.784679 22.354570 -7.636549 -22.294210 -16.162140 -6.672272 -2.124748 -4.326631 -4.678735 -14.195230 -5.342667 -3.042498
8.712402 22.156500 -8.099275 -20.514280 -18.225730 -6.252393 0.473058 1.097795 -11.084780 -13.775090 -3.619431 -1.259100
8.972604 21.024930 -7.140724 -19.749740 -19.595550 -4.702634 -3.107732 -2.726123 -6.152706 -11.576930 -9.745771 -4.419179
8.883178 23.617780 -11.491440 -20.277960 -17.435270 -5.542848 -2.922653 -3.577420 -8.812788 -17.986550 -9.416066 -6.415680
7.660059 20.530360 -8.034451 -20.073840 -15.303190 -2.617404 0.839301 -5.452178 -9.594234 -9.890774 -12.555030 -6.547062
4.830733 21.299410 -3.857514 -20.044230 -19.581050 0.362410 5.064230 -6.535333 -8.365170 -19.306340 -7.508758 -3.360581
3.900125 20.074400 -6.309060 -14.785470 -10.549910 4.395348 4.138838 -6.447089 -8.613093 -12.676010 -14.364350 -7.511367
2.346995 18.656310 -7.982042 -11.768370 -12.573220 4.442407 7.076607 0.005123 -6.261220 -18.217350 -22.089410 -8.544191
-1.506404 16.106220 -4.520915 -4.314683 -5.504146 8.374829 14.287390 7.668530 -1.796352 -7.762075 -10.632560 -3.300862
-4.488043 12.603950 -4.107152 -4.333381 -6.798222 3.360499 6.635998 8.038811 6.889983 12.468410 10.931440 7.783616
-7.431603 10.099540 -5.573252 -9.073281 -7.537924 6.683435 4.565469 5.413112 11.248600 4.362545 6.928421 9.387229
-9.039542 7.055712 -3.461681 -2.853136 3.853329 3.952624 0.304195 14.637230 11.831100 4.956340 9.958567 1.113316
-11.695790 6.331921 -9.690883 -7.304778 -2.932109 -3.591029 2.491027 11.882630 12.745930 14.909690 3.027725 2.275008
-12.602740 7.454773 -7.715854 -2.831322 -3.695985 2.742332 4.210968 9.248276 13.351040 10.736320 7.652256 12.919450
-13.886440 8.608769 -0.762567 -3.983316 -3.744331 0.675377 4.202581 6.906343 13.666790 8.984062 1.760878 11.279380
-14.447800 6.248869 -3.326519 -0.574078 -5.001341 -0.523493 -1.821689 1.261306 4.957844 -0.374370 -1.603845 4.208019
-10.257470 -1.040535 -21.136950 -5.044937 18.536980 8.768665 -7.157088 -13.620830 7.486805 26.241090 -4.349221 -2.617551
-10.679790 4.214945 -19.159850 -1.591032 25.288580 9.442116 -3.055731 -6.155537 9.885400 30.617240 -21.088380 -8.285828
-10.434590 9.470011 -13.859540 1.629669 18.521670 9.647258 -0.063725 -4.624239 22.981590 35.264530 -10.487470 -5.499779
-13.032560 7.330611 -11.593500 0.473001 21.733500 16.083420 -0.930406 -7.018081 18.271060 11.780500 -3.127309 -5.822261
-16.703650 2.957550 -11.707980 0.950834 25.219280 17.440370 1.012637 -2.951924 27.992040 12.457200 4.274540 1.537007
-15.242250 1.651570 -10.474960 -2.919617 17.896390 12.988010 6.410101 -8.872075 22.733670 8.003740 2.150677 -1.908466
-15.572840 3.409348 -7.996523 2.521452 16.686120 13.489670 8.401790 -11.412130 14.112900 3.831491 0.627213 -1.030911
-6.007133 14.457240 -10.389450 -0.650947 2.512518 6.993661 -1.540437 -16.194620 7.821388 -7.925649 -17.593180 -13.192220
0.134421 10.260240 -18.615750 0.524939 -0.012783 13.247070 -1.804356 -22.646830 4.295461 -15.009730 -5.792560 -23.299190
1.232919 8.745804 -20.012200 0.410155 -0.428564 9.043711 3.528248 -25.089120 10.363160 -8.024241 -6.860717 -28.066020
1.185033 9.232069 -22.377540 1.767306 0.991213 3.570667 2.830989 -26.025200 14.028500 -8.754721 -10.365120 -25.501880
1.733129 8.866228 -21.201080 -2.125998 2.129775 3.856678 1.066315 -24.061330 10.242590 -6.052394 -13.884140 -28.276610
3.344529 7.737562 -19.803250 -1.807096 2.156365 5.510150 2.830430 -24.568300 9.837926 -2.622948 -15.993380 -21.657860
1.631010 8.436853 -17.428250 -1.680366 0.105666 9.456737 -4.700188 -18.890390 11.473910 -5.705080 -17.079400 -20.592350
-0.668106 8.677287 -16.206960 -3.335644 4.962883 4.995696 -0.979611 -24.519860 16.335910 -8.470147 -14.908980 -23.614130
-0.411367 9.462121 -13.343030 0.386783 3.675253 3.728750 -2.153265 -19.643930 11.922280 2.716725 -24.547850 -25.344090
-2.878950 10.376510 -12.613430 1.873780 4.891974 7.218449 -3.542750 -17.532990 13.017970 -1.243775 -13.219310 -24.251550
-1.873916 11.442480 -7.544832 3.998581 10.339020 -0.028228 -2.208620 -15.094160 9.271999 6.631290 -10.643390 -8.746608
-2.994339 12.199070 -3.060331 5.661129 10.641990 3.315725 3.017745 -0.006124 7.070838 6.504688 -10.041370 -7.816876
-6.606575 4.861084 -10.207400 1.994797 11.808750 6.269496 -1.731107 -0.584037 8.066297 -3.255956 -4.203588 -2.517600
-12.494270 4.411361 -11.610740 3.141078 14.711160 8.179281 10.373350 -11.175080 3.529840 -0.555869 -2.997918 -2.598063
-11.920790 1.018304 -11.416960 2.765043 11.695950 15.130350 2.400445 -1.963070 -0.220649 7.049187 -0.634761 -5.924727
-15.072050 -3.595606 -12.483090 -3.392776 12.811140 19.543420 3.461709 -5.562051 2.057376 1.980643 -0.523236 -6.821141
-12.437730 0.835176 -13.914020 -0.636404 15.300990 14.914250 7.873394 4.571331 9.507865 5.023562 1.581137 -1.480375
-15.027050 0.152911 -10.851490 -1.679847 10.623460 13.752380 6.547093 0.959372 9.586988 3.340770 -6.307961 -1.702278
-17.891000 5.874309 -0.171576 -5.576267 12.256770 10.963090 -5.111163 -7.407393 9.827375 -6.289912 -6.399455 -8.432925
-22.404420 7.946021 3.190938 -18.690720 7.960369 8.364321 -7.138077 -10.626580 8.784443 -14.988450 -9.990479 -0.255192
-20.994370 14.033670 3.030260 -14.346070 4.204648 -2.559836 -16.733070 -5.950499 14.164140 -2.210653 -5.301521 -3.443559
-27.959790 15.214250 -2.574160 -10.086080 12.470300 1.118557 -12.824620 -4.330092 10.562100 -3.537168 2.722924 5.202497
-28.362500 12.825690 -1.667329 -11.123810 14.121330 9.363531 -2.764414 -4.672687 7.000003 -7.508872 -5.382730 -8.627170
-28.473270 10.502340 -0.723950 -15.132940 9.343081 3.964960 -6.787491 -2.726988 9.118272 -8.108269 -0.645589 -8.592595
-27.193040 11.359010 1.826899 -9.993111 5.044266 -3.645855 -9.208047 4.414740 7.392610 -2.685689 2.214561 1.115202
-22.943280 14.538630 9.875278 -2.026795 9.326964 5.654070 -7.148142 -3.335181 10.611080 -5.921311 -5.097418 -3.927597
-12.211570 21.289030 18.656020 -5.630283 -1.149733 -1.827447 -12.884450 -16.366780 4.138720 -14.283740 -10.835040 -4.468840
-10.515360 21.228820 18.296730 -8.925776 -7.983518 -1.933902 -17.591930 -16.986220 -9.639447 -23.665700 -3.739619 -13.566250
-12.324650 19.863870 17.609200 -3.021416 -7.224477 -3.396852 -17.954810 -21.907140 -16.089960 -27.811060 -6.483912 -15.313180
-11.885020 19.189080 16.717540 -2.373744 -10.309790 1.017128 -14.912480 -26.761430 -19.791460 -33.631370 -8.284566 -8.466871
-12.003870 19.373040 18.634640 -7.551486 -13.735950 1.106221 -16.743140 -27.265810 -12.170670 -26.374750 -7.244020 -13.613390
-11.828480 19.070730 19.074610 -6.472724 -12.739210 0.459270 -13.508460 -24.945510 -15.995010 -25.679000 -4.077986 -8.859759
-12.145800 19.714790 21.624080 -5.269831 -9.018134 3.369637 -15.629870 -27.239860 -12.756940 -22.238350 -5.926824 -11.523860
-11.896560 20.380860 21.558570 -4.763950 -10.288040 -1.949436 -15.742260 -20.469270 -9.281505 -17.102580 -5.551642 -15.668980
-11.769630 21.413190 22.329540 -7.962318 -12.387890 5.623458 -13.776290 -24.474870 -2.965130 -7.228780 -7.564521 -13.796320
-13.731820 17.962830 21.112390 -3.335124 -2.392239 -0.454046 -9.771110 -19.834260 2.840329 -5.095600 -9.309413 -10.267240
-16.094390 15.463400 19.194600 -6.415073 -0.308503 7.478875 4.455876 -12.457210 5.473282 11.526180 -6.152583 -9.689539
-13.891050 8.368336 10.544200 -0.938685 -3.716129 3.114238 -0.718488 -6.524951 3.365563 11.752490 -5.157512 2.256150
-16.592300 6.567371 6.725163 -0.198044 -6.669298 -7.114538 -7.779980 -0.752739 4.273608 8.227814 -1.931384 -4.521016
-16.039590 6.794516 4.431537 -1.867864 -4.356721 -0.936975 -9.782852 -12.179500 -8.778124 6.555105 5.916568 -0.405432
-17.837340 5.939919 4.664624 -4.354675 -5.152021 -1.372845 -11.993730 -10.213910 -12.193280 -4.965637 6.811481 5.489149
-16.471720 6.171216 2.936474 -3.233325 -4.200400 -1.768509 -12.695460 -6.681541 0.472630 3.494260 0.214675 0.663224
-19.907410 4.081233 -1.067373 -5.425127 0.160459 1.576814 -3.077538 2.633418 -3.971891 8.498943 5.358397 -2.565375
-8.077779 9.541434 -8.811636 -12.823750 -6.832064 2.475510 0.998658 3.339372 -8.665090 -5.566154 1.901639 -6.961323
2.514309 14.150780 -17.051730 -19.625090 -6.519423 10.837900 1.633292 -1.137726 -4.822665 -9.644293 -6.175321 3.301547
-0.669260 13.939000 -14.107110 -18.794080 -2.579985 8.633427 12.578070 10.538200 1.377661 6.651457 6.008063 0.228846
-4.614393 11.929990 -5.375335 -7.709378 5.898388 10.487470 9.764436 0.418660 -2.846820 5.933301 5.658868 6.615638
4.609764 18.522180 -6.153209 -12.812330 -7.508916 1.196685 2.350680 -8.042406 -9.393785 -9.671182 -10.496130 -2.219633
5.411137 23.205430 -8.781983 -20.195890 -18.804280 6.767502 -4.098544 -13.196910 -2.960608 -21.708410 -7.785948 0.964962
5.244978 20.802350 -8.227541 -20.760980 -17.577890 4.555715 -2.916503 -14.022250 -3.478307 -29.022170 -6.703715 1.207610
4.573994 20.860070 -9.006105 -20.349110 -19.933170 10.318880 -0.220287 -15.003320 -5.981647 -27.737110 -3.231797 -0.117524
4.447066 22.828800 -13.868510 -20.722550 -15.938140 5.766007 -1.646676 -14.320730 -7.148918 -28.942630 -6.460632 -6.175547
4.914967 21.548980 -11.652810 -17.869050 -15.642420 7.047574 0.635211 -9.606579 -6.676433 -25.113210 -2.120329 -6.497401
4.314370 22.587530 -12.053470 -20.445720 -15.565870 8.664495 0.943861 -10.628310 -7.888165 -23.778850 -8.203899 -2.215233
4.214559 21.926860 -12.221040 -17.772450 -14.986520 9.359877 1.041713 -11.039250 -7.077330 -23.297090 -9.357055 -5.186097
4.831887 21.240440 -10.781840 -16.214810 -13.837480 7.740213 3.084284 -9.498436 -7.413419 -26.063280 -5.664251 -2.534573
5.035548 19.346460 -10.831490 -15.211360 -14.418440 10.741960 -0.231470 -9.282151 -10.980790 -24.369290 -2.552897 -7.864023
4.058784 19.745110 -9.686745 -13.664120 -10.290450 8.243246 -0.511044 -7.357215 -13.757680 -17.156360 -7.765917 -1.982643
3.496842 15.570120 -6.306991 -11.389220 -5.276111 6.739632 0.339421 -4.954722 -17.408700 -17.945100 4.844079 1.050454
-1.971419 12.242670 -5.494637 -7.477733 -5.286586 9.628526 5.348278 -0.956912 -12.637130 -5.691636 -7.586176 4.261452
-3.345119 12.179970 -7.868947 -8.067234 -6.095585 -0.232913 0.899130 2.764054 -6.897228 0.021120 6.237611 11.567920
-7.754691 11.281360 -6.447670 -12.791550 -7.948870 -3.547168 9.021886 2.545173 -13.943050 0.312416 8.377174 5.908439
-9.674179 7.936055 -8.585446 -9.856512 -6.982744 -2.042641 6.767398 6.622577 -7.494051 -2.732744 0.027897 5.530009
-12.376580 6.581074 -11.985200 -9.926629 -10.104320 -3.004844 7.884018 3.371382 2.662488 9.287683 0.907110 4.208647
-12.790820 3.121161 -5.844956 -7.833511 -9.163174 3.079514 3.329191 -3.406123 -0.160364 2.115088 0.635333 4.733546
-13.174490 7.603435 -2.308662 -2.579940 -4.711262 1.697889 -0.320933 5.625936 2.103343 -4.711314 -6.209970 0.653166
-22.002290 8.589667 3.402647 -9.075358 -0.049043 3.151245 -7.806819 -10.557370 13.745910 3.450566 1.737598 12.211000
-21.080910 5.793749 4.353612 -8.634401 0.442480 5.733111 -4.382591 -11.699350 12.421140 -4.545499 -8.615354 3.305947
-21.820550 14.507900 8.444348 -2.990772 6.966847 -3.277605 -7.017301 -6.273196 12.320920 -12.000430 -9.508101 -1.205039
-28.836750 15.039840 5.521802 -11.550220 -2.877316 -0.183569 2.132612 -3.910499 10.214710 -19.786980 -14.748730 -3.241143
-26.617250 14.484230 7.994036 -11.640600 0.265209 12.656770 0.347249 -9.256197 13.987050 -11.736020 8.941299 8.443040
-23.496570 13.324420 12.990910 1.005889 6.420531 12.579100 -0.688854 -11.568720 7.742264 -16.708210 0.469669 4.830354
-13.783740 18.837770 18.845660 -1.178122 -3.986064 0.101985 -10.003160 -17.913650 1.594687 -19.204390 -14.662110 -2.722530
-11.353080 19.571530 20.526230 -8.618300 -18.024290 -0.393737 -14.126880 -21.613850 -2.034478 -23.714990 -10.214610 -9.763088
-12.285420 18.973140 18.904970 -10.957610 -22.447200 2.601154 -16.644170 -30.553340 -12.991300 -28.874290 -7.541241 -9.922129
-12.790250 19.695690 20.335900 -10.986690 -21.708300 2.072993 -14.809040 -28.178530 -6.546820 -25.822400 -8.211479 -12.023610
-11.849250 17.516430 18.678090 -12.264900 -21.487520 3.019662 -17.765820 -32.200570 -6.467696 -23.902090 -9.150245 -10.653220
-11.342120 17.724050 19.664220 -13.404430 -21.958890 5.098039 -16.390310 -33.855580 -5.525741 -21.184080 -5.745459 -13.145070
-11.520400 17.981100 20.093150 -14.462410 -25.528480 4.242290 -16.553590 -35.321990 -13.284440 -23.965950 -3.938849 -10.490400
-12.122150 17.873550 20.427610 -11.542430 -27.517140 -0.593396 -22.355880 -34.955170 -12.123200 -21.327490 -5.357284 -13.164560
-11.974450 18.818670 22.646070 -10.441340 -24.490640 -0.696196 -21.824680 -33.365910 -7.498572 -17.880120 -2.473313 -11.774680
-13.580080 18.933280 22.815030 -12.652360 -27.297970 -4.218791 -21.622830 -30.109520 -5.683990 -18.473910 -8.356030 -10.630590
-13.022180 18.365630 20.819310 -13.140060 -25.519620 -2.401297 -19.118960 -31.895170 -9.509834 -11.780830 -4.590680 -11.751420
-9.295128 18.697000 15.879670 -7.641858 -16.740690 -1.980961 -22.247960 -31.404640 -12.686860 -1.170951 -1.463626 -11.475450
-10.393050 18.482310 18.007100 -11.233920 -18.127430 -1.790439 -14.770460 -30.741080 -2.525802 3.747463 -1.669353 0.445092
-9.613023 18.491860 18.395350 -9.815481 -14.843090 -0.794427 -10.296150 -24.400470 -1.039020 -1.913755 -10.763580 1.063655
-9.301475 13.611770 10.735910 -9.488269 -14.449870 -5.821549 -18.776760 -16.717160 1.705461 14.583660 1.747343 1.155434
