1.114618 13.684190 -11.091220 -7.811704 2.408768 7.021069 0.345450 -18.316260 -10.931170 -15.950140 -9.960207 -18.558560
1.200785 12.670900 -14.311220 -5.649636 5.407380 12.856590 4.545084 -20.201360 0.207021 -12.090220 -7.553045 -11.396210
3.839437 15.893760 -12.824190 -8.592146 -2.603564 6.895829 0.438566 -19.459840 -2.212254 -17.101640 -1.226171 -14.325830
5.097704 12.540620 -17.440820 -14.770270 0.304980 13.080830 0.014840 -30.058020 -5.771318 -15.242110 0.043641 -8.978635
5.585032 11.043920 -20.148590 -18.698440 1.473670 12.809200 -4.376199 -34.372240 -8.296000 -12.465170 -10.624480 -13.786040
5.898886 10.817400 -25.579590 -16.399560 3.083181 11.551290 -7.441509 -31.851430 -6.939682 -21.779040 -6.059417 -9.315510
5.319113 10.466820 -27.231930 -15.349480 1.410695 13.400700 -6.432750 -34.441020 -7.365753 -24.244790 1.071366 -14.539840
5.091427 6.251163 -24.120240 -16.505910 -2.837155 12.543060 -6.627448 -38.247370 -2.369729 -30.312560 -1.322745 -9.562023
4.751324 3.858994 -20.990640 -19.873350 -2.404388 15.721880 -10.877870 -37.581680 -1.219145 -26.260400 -0.760269 -14.424910
4.399808 3.071851 -19.841570 -18.177650 -1.384348 13.140490 -7.018724 -37.268670 3.639724 -25.669420 -2.375919 -9.591352
2.590871 6.334232 -21.721940 -19.902810 -0.837348 15.816650 -7.346512 -42.113680 10.191450 -24.505540 -4.740014 -8.817728
0.573649 6.735305 -21.677970 -20.014160 -4.102503 12.414440 -10.940420 -39.808880 9.390739 -29.644490 -4.356329 -14.501000
-0.559076 8.164678 -21.572100 -18.490220 -4.448131 11.389670 -9.383781 -36.663810 8.709405 -30.420090 -2.542312 -10.265890
-0.370194 8.740306 -22.744780 -20.685750 -4.875772 11.302930 -10.550090 -35.374750 7.064806 -33.006700 -2.605607 -9.591352
0.029827 8.123326 -21.081850 -20.178440 -5.835767 14.407700 -6.392776 -35.241610 7.233076 -28.365460 4.820770 -13.736100
2.388293 8.389367 -20.725970 -21.350350 -7.102580 10.714810 -7.577891 -29.908130 6.076142 -32.157820 3.318007 -10.924580
4.342743 9.129303 -21.419000 -22.536240 -6.058375 15.517940 -6.343397 -33.487000 4.204221 -16.585850 -3.297283 -9.902862
6.098040 4.803859 -21.792790 -23.204330 -10.567640 14.587100 -13.303600 -27.877550 -4.896315 -16.648650 -5.138053 -12.727060
6.463252 10.106000 -23.256200 -19.685100 -13.524520 14.072600 -3.961409 -28.031850 -3.342519 -11.110010 -0.552766 -12.987050
7.865321 9.974998 -23.125910 -18.303480 -8.821931 6.808245 -1.295370 -24.553490 -0.973408 -11.365050 -1.078701 -10.035230
7.607961 13.728840 -20.039460 -21.894610 -13.649000 7.900712 -0.778058 -22.611960 1.498570 -13.185570 -4.897272 -10.862760
8.704165 15.599540 -19.142030 -22.584170 -14.674900 5.495338 0.478540 -17.908030 -4.761065 -12.803010 -0.852275 -9.477210
8.237950 18.456820 -17.674550 -23.158900 -13.776410 3.028191 2.130177 -12.559560 -3.959719 -12.076890 -3.070204 -1.724333
8.667645 21.257380 -17.523080 -19.068940 -14.804510 -3.254552 2.837013 -9.397738 -5.180786 -12.038830 2.893214 -5.632874
8.928428 21.150160 -11.449540 -19.881840 -15.453290 -4.270436 -2.552439 -9.299867 -0.582260 -14.407500 -3.312943 1.746667
8.159772 20.889610 -9.596048 -20.951890 -17.593690 -3.388254 -5.136648 -7.192575 -4.962988 -4.720579 -0.875113 -7.111160
8.578053 22.138570 -8.704318 -18.312970 -14.224560 -4.308516 -6.100730 -7.305434 -3.758431 -7.319556 0.078877 -8.141601
8.147789 23.686140 -7.959175 -19.592730 -12.141270 -3.576114 -2.106610 -9.868571 -8.819222 -12.144460 1.485719 -1.223380
9.604639 22.870090 -11.736200 -16.810500 -15.013940 -3.292208 -4.597703 -11.531480 -3.216158 -18.566250 -0.969077 -8.326287
10.382430 23.703710 -12.112440 -18.000390 -15.917550 -0.290251 -0.059935 -15.683470 -6.960001 -12.621240 -1.269890 -11.079940
10.310520 21.076240 -10.864010 -19.824910 -16.149670 -3.034112 -3.727208 -12.958090 -8.703656 -15.012760 -14.249250 -5.563121
8.616857 20.656140 -9.647353 -19.615700 -20.005760 1.504576 -3.307715 -18.601930 -8.287109 -23.254110 -7.046034 -9.155396
7.646764 21.976090 -9.588718 -23.089490 -24.993930 3.896410 -2.411824 -20.437660 -8.450934 -24.059210 -0.674788 -8.566459
6.333716 22.634420 -8.607409 -23.775560 -21.162740 0.100701 -1.872879 -18.774750 -4.629623 -19.633050 -0.888164 -10.552830
5.259766 23.169430 -7.974648 -19.735040 -22.015090 -2.974877 -2.332346 -10.638310 -0.156823 -31.296570 -7.194157 -7.497179
3.614033 24.914610 -5.487577 -20.400630 -21.349460 -5.420445 3.424397 -9.602295 4.985247 -30.996800 -12.202930 -13.855790
4.139024 23.309590 -7.936372 -15.585660 -18.461420 0.998961 6.592229 -10.651530 -2.764687 -21.232790 -13.515810 -15.963440
4.670863 22.705420 -7.126894 -13.517470 -12.426860 5.942142 3.251803 0.653785 -2.050969 -18.630960 -9.504745 -9.218807
2.243920 20.107220 -5.201735 -12.200250 -11.522510 10.580260 10.101490 4.563298 -8.017878 -13.124670 -7.645051 -7.292676
-2.042747 14.664550 -1.928803 -4.238549 -0.819042 7.507644 11.074500 7.595507 -0.297789 -0.502833 -2.294353 4.953715
-8.844808 8.986952 -3.265175 -3.988388 -4.449595 3.241861 10.386950 6.980072 4.830946 10.878990 8.779634 6.194207
-9.135835 6.880584 -5.937107 -1.626091 -4.536003 4.268323 9.945353 8.665906 5.722458 -0.903480 9.504588 19.129410
-8.960077 8.076852 -6.034016 -4.655983 -7.153106 6.062727 4.225291 8.031073 8.824971 -1.781860 7.576379 9.688193
-11.682610 7.529767 -3.595808 -2.760054 -5.116686 3.179241 5.270261 4.987401 6.573967 1.293897 2.789462 9.432961
-11.983340 7.252748 -4.029864 -3.127555 -8.652779 2.957109 9.556898 4.875424 1.756372 6.627938 4.705925 7.857180
-14.089010 6.169558 -5.459889 1.024815 -0.053828 2.140086 6.982094 15.668470 17.873440 16.834470 5.948984 3.087032
-6.817885 5.170167 -17.800770 -4.923620 13.446150 8.333976 -8.445095 -10.823470 3.656233 17.529180 -9.528235 1.697523
-6.481205 6.269826 -22.155180 -0.982464 16.079360 1.348872 -11.918140 -9.582015 0.355606 17.171350 -23.937930 -4.524754
-7.613931 8.420837 -15.553940 3.789067 17.125760 -1.203320 -2.137178 -6.254432 10.524810 29.359230 -13.539950 -1.513489
-12.608770 9.145771 -6.496575 8.253513 22.994110 4.725280 -1.270916 -8.851957 15.712600 23.215330 -10.696910 -0.993513
-16.203240 3.838136 -11.046430 -3.885528 12.806150 5.662889 7.525742 -8.097212 13.557480 19.863590 10.324160 8.432641
-13.199950 7.506347 -7.793044 -2.629231 10.464380 11.899940 11.173730 1.001179 14.873160 18.699710 15.954140 -0.292813
-11.519410 7.303980 -10.530120 -0.654908 18.326680 14.913740 10.792800 -9.295459 13.066640 5.913243 -3.344265 -15.747840
-1.559413 13.033180 -12.796500 -1.561678 13.192060 10.334430 9.048991 -21.977130 2.189429 -5.439081 -8.186646 -21.044300
2.318104 11.196880 -19.271520 -0.166570 7.897070 7.309629 8.865110 -23.823430 4.239145 -15.274460 -3.081950 -20.647190
-0.138513 9.522326 -22.287110 2.735994 1.874949 2.501844 5.021951 -27.992170 12.819000 -17.165410 -4.035287 -26.651490
2.437938 9.830450 -23.344970 2.873308 0.470471 0.887260 2.059634 -20.957870 10.514650 -10.038440 -3.110661 -32.815900
4.027178 5.880463 -20.575320 -0.379781 -1.766588 2.360948 0.102783 -19.490700 10.094300 -10.394360 -8.163808 -30.359490
2.679891 7.174070 -19.688470 -1.932675 -0.310852 2.021192 3.505757 -19.947430 8.572249 -10.545680 -3.719466 -30.649600
3.186622 10.639180 -18.271480 0.226397 -0.184903 -1.516844 1.207480 -18.022650 14.635680 -5.165955 -11.134750 -28.614080
2.166883 11.890710 -17.107750 4.550035 -0.484398 -4.864904 0.330871 -21.010770 12.541510 4.586632 -20.818860 -21.870240
-1.303765 12.165530 -12.289150 6.420998 -1.171260 -5.282935 -7.695462 -22.264570 14.535980 4.421044 -24.797950 -21.290820
-0.953961 12.723230 -9.815112 8.947073 6.373966 -5.082805 -10.975690 -14.455240 -1.501076 9.770311 -9.575217 -13.669520
-1.970276 11.088560 -5.472104 7.818603 8.604435 -2.863176 -3.574366 -0.569151 14.023550 16.841130 -8.376531 -7.481326
-5.977899 5.948894 -6.727855 1.284962 1.562274 2.875872 -7.713803 -7.673989 9.175481 4.611375 -1.678370 0.556904
-8.480738 3.676023 -11.560300 -1.111788 5.263857 3.349331 -0.045356 -6.213873 1.357605 5.239470 -4.543604 -5.071680
-8.692446 0.932916 -10.684850 0.878513 7.445997 6.768473 -1.932605 -2.192383 2.680903 5.871370 -4.356982 -8.931870
-11.682610 2.065509 -8.023509 -2.646208 11.168820 10.117380 -0.456854 0.402497 6.942255 10.521170 1.467448 -8.084530
-11.553080 3.220424 -11.938160 -1.507752 4.098828 8.509143 2.588703 -4.982121 8.736710 8.575029 -0.390288 -11.765580
-11.437240 3.960361 -10.746750 -0.280416 8.051578 8.974562 -1.968817 -5.173453 5.517995 3.974716 -7.032331 -7.791251
-11.954240 4.378999 -4.454963 -1.500262 7.689108 4.258591 -0.430989 -10.133970 -4.434685 9.253561 -7.378821 -17.759570
-22.334230 8.884853 1.419051 -10.167510 1.641358 9.021527 -7.568956 -12.480200 21.575370 -2.792521 -5.592863 2.665344
-21.056560 10.916570 6.168427 -9.092967 -1.700685 3.853676 -10.960170 -15.769870 11.330600 -10.402930 -15.685450 2.548032
-23.760840 10.611010 7.523530 -4.136188 9.076744 13.211150 -0.826498 -16.007050 15.455430 -7.010267 5.890257 1.224312
-27.014070 15.240180 6.183900 -6.800076 4.307523 -1.104313 -11.198140 -4.846338 20.299060 -4.383692 0.909540 -0.838947
-25.655370 15.455360 7.574021 -11.400340 3.348992 0.093508 -12.208310 -3.207234 17.753430 0.090050 2.859935 -1.473857
-26.474810 12.056480 6.750698 -4.580585 5.937538 1.799060 -10.577830 -6.357593 17.867730 -13.798440 -5.541313 -6.802820
-16.781310 18.060870 11.093710 -3.931965 7.052773 -3.007033 -7.872759 -17.909790 3.728621 -13.006660 -14.548100 -9.836279
-10.125330 22.978040 17.702280 -2.893373 -2.778574 -2.061385 -12.616040 -21.318490 -10.213640 -24.723470 -15.957560 -1.873351
-9.320724 21.214930 17.659930 -2.119422 -6.559242 -2.558961 -18.678000 -27.765570 -20.037420 -20.261150 -7.378821 -18.366740
-8.300414 21.422790 20.166550 -4.180128 -6.669813 -2.181125 -17.193310 -24.366570 -11.689330 -19.400850 -10.062650 -18.521310
-7.406788 20.490730 18.383900 -3.277852 -11.279400 -1.078926 -19.645840 -23.311160 -17.886100 -24.919510 -10.562490 -13.908100
-7.196792 19.808980 19.032140 0.342240 -12.919670 -2.030921 -16.259800 -27.888130 -10.167290 -24.457960 -10.101150 -15.724060
-7.447874 18.989630 15.944060 0.743696 -14.620710 -4.264089 -13.800690 -33.487880 -8.043277 -18.578620 -11.536050 -24.489940
-8.266747 20.012080 15.542580 0.746192 -15.455490 -6.379633 -11.742720 -30.347230 -11.512810 -20.027040 -9.163475 -16.526220
-7.080951 19.858750 20.466230 -3.492061 -13.873070 -0.931684 -12.628270 -27.460500 -6.122462 -17.546070 -10.928550 -14.646060
-7.393663 19.599660 20.655980 -5.985680 -13.349510 -0.755248 -18.040760 -25.927200 -2.550063 -12.993340 -12.791510 -14.889400
-6.975953 19.991580 19.111940 -1.547198 -10.874460 2.619468 -15.302770 -21.122750 -5.807512 -16.961750 -9.832312 -8.933455
-9.364092 20.534280 19.926310 -1.657049 -7.982759 -2.508611 -11.723910 -24.902650 -3.424431 -4.969913 -16.387570 -9.326607
-11.181020 19.653450 15.742920 -0.503114 -3.923099 3.492341 -8.343984 -13.324000 -5.659561 9.673243 -3.355357 -5.630496
-13.558890 10.401320 8.233657 2.302083 -5.450597 -6.714736 -6.869644 1.718011 3.423195 17.813720 7.128095 6.279020
-16.392700 5.098809 1.877539 -0.205517 -7.102580 -1.533345 -2.941834 -5.922908 3.628294 13.546490 13.230500 12.588490
-16.269440 7.159433 3.989187 1.149645 -2.153223 -7.626112 -11.179320 -5.722760 11.449340 12.797530 13.090860 3.361288
-17.654960 2.928402 1.406836 5.221125 -2.242558 -9.019833 -6.662719 -7.255176 3.436530 3.373269 0.752934 -8.953271
-18.249000 3.048797 -0.559041 1.140158 -5.630734 -4.988451 -0.670363 5.488214 0.515621 7.140882 8.880122 7.159651
-17.564800 5.240428 4.257927 6.942291 -2.913310 -0.456110 -5.514286 0.341658 4.007377 4.953021 17.964560 8.771101
-12.098040 5.364483 -3.533916 -3.765191 -4.934353 -1.369602 4.133115 -1.151081 1.180445 -2.273867 3.468087 1.542956
2.666766 7.161994 -19.342370 -14.586520 11.297690 14.081490 9.286485 -4.557136 -10.185700 -11.996950 -9.160865 -5.161249
2.924697 13.658940 -16.692420 -12.994180 4.429811 12.601450 2.880279 0.566495 -13.094540 7.185609 -8.388928 0.555319
-1.286075 11.580390 -10.539080 -7.184555 -0.951581 10.449520 -1.183913 2.646455 -0.554956 2.274104 3.924202 12.930120
2.811709 17.359720 -2.923142 -3.357244 -1.988464 1.999613 1.160451 -1.120221 0.699130 -9.945179 -4.178843 -2.279979
5.913723 22.648690 -9.644910 -13.547930 -13.165710 5.470798 2.470192 -8.047835 -3.769860 -14.213360 -9.380113 -1.953408
4.980722 24.023910 -12.137680 -18.459270 -15.834800 6.666080 -0.431459 -11.703410 -4.686137 -15.700800 -11.235240 -4.080079
4.636054 23.600510 -11.650690 -16.702650 -13.761770 5.526226 -0.293196 -8.539831 -4.016868 -27.552750 -5.869533 0.331000
4.890561 24.207250 -12.005750 -15.422390 -14.982450 8.415635 2.285841 -11.981150 -3.690488 -21.981740 -7.485183 -2.895072
4.780997 22.010120 -11.825780 -16.127930 -14.522590 3.563424 1.364555 -8.299124 -8.082645 -24.862410 -9.888429 -3.492728
4.796404 21.573190 -11.401490 -15.794880 -14.720300 4.209511 4.406350 -11.503270 -8.553801 -22.177790 -5.737071 -9.637324
4.996700 21.757620 -10.891700 -16.602290 -16.933930 9.903286 2.021071 -13.479180 -3.453005 -22.379540 -7.676372 -6.824222
4.903115 22.721520 -11.322500 -16.333150 -15.807710 8.985563 6.543790 -11.012150 -11.813790 -19.905230 -4.052253 -5.334046
4.268560 24.086850 -12.058690 -16.921350 -12.700720 12.449550 2.922605 -10.716780 -8.057881 -25.293510 -5.906074 -2.916474
4.385542 22.037570 -11.372180 -13.392640 -8.837308 9.026605 5.355382 -7.633430 -14.629290 -17.205380 -5.581117 -1.699761
4.661162 19.853990 -12.341270 -8.876760 -8.527561 6.093191 6.043878 -8.077814 -15.539220 -20.160270 0.311176 -2.532040
1.684120 16.874120 -7.802002 -8.864777 -4.388818 17.848850 5.810617 -5.318935 -13.443150 -6.824694 -0.456193 7.510793
-4.356133 11.063680 -10.437290 -9.893881 0.520265 9.466214 -5.025661 -10.513990 -2.398938 -1.835153 2.955856 5.714656
-7.026169 7.661507 -9.793939 -6.558903 -0.333552 3.325213 2.857235 -3.196654 -2.169075 11.168300 17.518890 10.868440
-9.584360 5.622107 -6.237607 -8.032904 -3.486671 7.221622 7.259091 5.786233 3.349538 4.124127 6.309830 3.239220
-10.237750 7.507444 -6.616287 -7.666401 -5.553114 4.928796 4.267146 6.694396 6.022804 6.520401 4.243286 0.319110
-12.520320 6.188952 -6.256338 -5.497841 -6.718143 2.128238 6.637846 1.815000 -0.547971 1.035998 3.856339 0.014734
-11.599300 8.611860 -4.997330 -2.530365 0.057476 5.424679 1.836719 0.249079 1.754467 -5.825454 0.658971 0.935789
-17.786780 9.143575 7.097618 -9.869913 -2.523747 5.584614 -6.796750 -16.976060 12.730730 -5.488567 -18.771240 5.254920
-19.496990 9.455359 6.315013 -11.053310 -4.700029 7.885480 -5.148406 -15.488610 14.520110 -3.630931 -16.152010 11.095140
-22.334230 6.490855 2.884908 -11.040330 -6.888027 4.964760 -1.103965 -16.104920 16.331070 2.702350 -7.024501 11.826750
-25.266760 11.670780 4.855671 -6.276785 -1.746085 4.459991 -0.924317 -11.118840 12.718670 -6.481146 -2.770696 10.045680
-24.131750 15.667970 7.560177 -5.892306 4.607750 8.985140 -1.414352 -3.507898 12.500870 -14.564530 -13.649580 5.266810
-15.443150 20.481220 13.205350 2.449383 3.616268 1.716131 -11.434690 -14.191610 4.049921 -10.179290 -12.193140 3.022828
-7.194509 20.163940 18.409150 -6.031618 -14.320480 0.781483 -6.834373 -23.491910 -2.227494 -16.277510 -10.241440 -3.046468
-11.640390 19.368380 19.192560 -6.737660 -18.796070 0.863566 -11.339690 -29.937230 -7.162560 -24.144860 -10.191200 -14.458200
-11.828130 18.578680 21.074560 -9.285206 -21.786620 2.153202 -9.234231 -30.763390 -11.462010 -25.421990 -4.529248 -15.665400
-11.057760 16.662600 18.872520 -9.312669 -18.330350 3.857484 -8.245694 -33.754160 -8.082010 -21.376490 -4.865298 -12.096910
-10.664590 16.826910 19.668150 -8.443348 -21.381690 4.913564 -10.448030 -33.922570 -6.720613 -21.851370 -4.175581 -14.130840
-9.385206 17.792270 20.955660 -8.704494 -20.479540 4.307672 -10.821440 -32.527700 -6.814590 -20.972990 -2.328285 -13.661590
-9.482215 17.490000 21.036290 -8.895235 -22.056100 4.095272 -13.775760 -30.808360 -8.029943 -14.503620 -6.148161 -15.747050
-9.344690 16.940350 22.945160 -8.659554 -20.229840 1.221516 -11.294070 -31.014680 -10.731150 -18.750870 -9.887776 -12.454390
-9.370940 17.418640 22.521690 -7.565538 -20.283290 2.817060 -12.690350 -32.351360 -4.393411 -18.130390 -7.723354 -13.300150
-10.158430 19.942180 21.702440 -10.029200 -23.823780 0.921955 -10.662480 -33.457900 -5.086809 -19.509340 -5.805585 -19.126890
-10.539620 19.034280 20.934490 -7.954011 -21.616740 2.777710 -11.356150 -34.103320 -6.902853 -16.983640 -7.515199 -14.076940
-10.939640 20.077220 21.720350 -8.943669 -24.336360 0.634664 -11.886630 -31.638050 -9.497381 -20.025140 -11.392500 -12.841200
-11.169610 20.442060 20.998010 -5.753495 -21.265250 -1.180895 -14.007140 -31.778240 -11.683620 -19.766280 -4.034635 -16.283670
-10.937920 20.126250 23.044510 -5.533792 -20.934270 -3.047228 -13.040710 -36.101280 -12.490680 -13.286450 -11.493640 -15.762100
-11.589030 18.037080 26.136650 -9.999238 -20.981140 -5.063765 -11.902620 -35.112000 -8.741120 -13.953560 -12.298200 -15.130370
-12.508330 18.615270 21.266750 -4.657481 -19.559820 -7.266892 -11.373080 -30.293440 -11.705840 -15.243060 -8.419598 -8.379395
-10.823230 19.473780 16.494570 -8.789378 -19.058950 -9.816969 -17.112890 -33.285090 -3.915271 -12.733540 -10.163140 -18.813000
-10.722790 20.413520 18.421360 -5.835384 -19.318900 -9.879167 -14.301540 -27.279750 1.001381 2.880310 3.936600 0.541051
-8.346637 17.450480 16.916410 -3.586932 -14.065660 -9.234772 -9.138763 -20.023250 -3.861297 2.512019 -3.613105 -11.034760
-10.010060 12.632110 12.000090 -5.040462 -16.285140 -8.543412 -5.770121 -15.961200 -3.931780 12.642410 3.938557 3.024413
