0.959960 2.344266 -23.300500 -17.719390 1.972174 15.721470 -5.813297 -35.408440 6.270377 -21.770390 -16.104990 -6.387684
-1.191976 2.421929 -24.753680 -14.899510 0.070707 19.367630 -4.176786 -35.016470 14.021260 -24.640020 -12.802200 -6.775644
-2.870729 5.287251 -26.766620 -13.828330 -7.153394 16.612910 -8.619795 -36.385430 6.757804 -29.448800 -18.953860 -14.996060
-3.144884 6.310937 -24.460470 -11.960120 -0.850943 16.105030 -9.466890 -37.677170 7.474857 -30.974330 -15.008480 -7.328804
-0.588836 4.272648 -25.725680 -14.704550 1.549444 15.286600 -8.893490 -37.752710 5.536538 -31.278300 -15.909960 -6.512519
1.821945 4.980236 -26.561650 -16.353150 4.583107 12.939770 -4.963940 -38.675980 5.888469 -29.829380 -11.438930 -5.847231
1.029033 4.442505 -28.423860 -14.351970 2.367869 10.271280 -2.057352 -42.034170 6.284766 -28.918250 -21.636670 3.385317
1.750736 3.214445 -26.185720 -15.996090 0.544230 10.838410 -1.097160 -37.686400 -0.718484 -27.480620 -17.374920 -0.163133
2.011717 3.719022 -25.580000 -17.097890 2.578415 10.862750 1.147247 -36.413120 -3.722789 -23.880480 -19.842560 -0.051754
2.372035 3.547348 -27.272160 -15.967700 -1.013973 13.155090 -7.119566 -37.491680 -0.159711 -20.777830 -21.068770 -8.672088
0.515616 4.322606 -27.302490 -17.199480 1.637922 9.937982 -9.741715 -42.500000 7.417301 -25.900270 -16.459200 -4.767073
1.219517 3.167666 -24.599260 -17.266710 1.782109 13.453470 -9.881391 -37.577290 6.435251 -21.434160 -13.232550 0.743601
-0.814569 1.872844 -24.366250 -18.723340 -2.694244 12.682650 -10.197500 -37.153420 2.034613 -21.409170 -14.891070 -3.270550
-0.282993 2.571349 -20.799940 -21.867400 -3.397156 13.216460 -3.370406 -34.490200 7.556395 -20.792350 -13.779820 -4.478533
-1.008257 4.255390 -23.216390 -25.067490 -8.753379 12.259950 -5.501150 -32.507690 4.733751 -25.994600 -16.815370 -8.485209
-1.983821 7.459064 -24.505050 -26.937200 -11.710030 18.930640 -5.049328 -31.820270 8.641565 -27.025870 -13.517480 -2.346622
-2.944074 9.525058 -26.449060 -28.966760 -15.382710 18.729080 -10.863640 -30.349750 4.802698 -28.743290 -13.735610 -2.919966
-2.453088 10.588260 -24.602480 -29.955030 -19.719790 18.624860 -6.918819 -27.831730 3.625797 -26.572720 -14.022510 -1.323275
-1.236482 10.987470 -20.737900 -27.303970 -21.953050 16.346270 -6.303007 -23.468010 10.803510 -26.190540 -14.884680 -1.055665
-1.255708 11.981630 -20.154690 -31.788880 -23.081150 11.218260 -12.529550 -23.530120 8.501273 -26.896860 -19.529620 -3.802032
1.422463 17.829910 -18.396350 -30.226930 -20.031920 13.896800 -10.415210 -16.027280 8.459305 -24.756930 -12.361040 4.905761
2.573913 16.645900 -16.502440 -31.422110 -20.622600 10.200920 -11.846450 -10.820870 4.036483 -27.415310 -16.824210 2.913635
3.281730 18.529320 -11.159850 -28.960040 -28.036760 8.057765 -9.633708 -12.958660 5.264945 -26.239720 -16.493590 2.409063
4.873252 19.718770 -8.179039 -26.044550 -22.755090 3.551912 -20.713800 -11.003840 13.270630 -14.212120 -7.648301 -1.747863
4.721577 22.168990 -5.815895 -33.096110 -23.625950 7.272138 -18.565530 -9.582003 11.302330 -22.687150 -9.092138 4.605260
4.701994 21.954170 -4.307564 -32.167600 -28.226010 5.085077 -21.709620 -8.213042 12.405490 -20.124730 -10.156230 -10.697100
6.267168 19.041160 -2.259690 -26.757930 -24.710630 4.068786 -16.960690 -4.180022 6.763200 -20.054580 -8.386677 -6.460193
7.759709 20.708850 -2.410891 -25.523900 -22.701020 1.494467 -15.004110 0.202162 4.131811 -15.566700 -9.828549 -9.219268
8.350388 22.591820 -3.151269 -26.542050 -25.522500 4.434884 -12.203270 -6.590601 5.417229 -16.000490 -11.070970 0.287618
8.617422 21.523170 -4.439463 -25.664340 -26.608820 7.496981 -14.590740 -9.007056 0.517771 -11.622270 -6.619094 -7.535119
10.001010 19.532570 -2.134685 -27.563180 -20.542310 6.702359 -11.935230 -14.877390 3.850625 -4.929970 -2.163782 -1.827100
8.636648 21.404630 -1.187957 -25.556770 -21.421360 -1.289354 -10.410680 -5.266126 2.564008 -6.728829 -2.886929 1.606980
7.901415 20.741100 0.119999 -22.110170 -20.838880 -0.449235 -11.269090 -3.992850 3.643184 -4.994474 -3.110947 -2.553684
6.438782 22.354290 -0.661741 -22.007090 -22.796050 3.546622 -8.833549 -2.192469 5.524547 -4.268802 -3.876834 0.330974
4.943748 22.590460 -4.608587 -19.039310 -15.864420 0.978650 -5.891334 3.951486 4.757732 -0.887172 -0.060171 -0.400843
3.655934 19.349990 -4.348926 -19.707860 -14.085020 8.002745 2.337025 1.214404 8.371172 4.744846 -7.078430 -0.381407
-2.137988 13.568030 -3.626471 -9.387496 -7.746527 3.372038 -1.766693 3.300160 5.897462 2.930667 -7.520571 5.362492
-3.439333 10.406140 -5.214769 -5.857237 -4.186089 2.703857 4.475121 3.117184 3.824845 -1.250008 6.937945 12.431730
-7.647786 6.356354 -5.862772 -10.025420 -4.403189 12.559390 15.348810 11.293180 2.720489 7.454021 3.667572 11.155730
-7.019010 7.127979 -1.779892 -5.809430 -5.001238 6.887524 8.499671 8.441945 -5.283997 -5.494381 2.853541 9.863275
-7.870314 7.836929 -4.371445 -6.470513 -4.586700 3.168885 -1.463594 -1.810570 -9.500576 0.132800 0.752878 1.624173
-8.499446 6.051610 -4.729915 -10.959160 -6.861742 0.761214 1.273350 -0.632140 -13.638010 -11.473920 1.378754 0.445343
-10.375800 7.633464 -4.309862 -6.448851 -6.957594 -2.230520 -4.186965 -5.269483 -9.178022 -1.894243 8.959514 4.236735
-10.314210 8.063103 -4.425675 -10.017210 -8.228243 -2.723588 -3.098974 2.950155 8.793849 5.594688 6.418183 4.316720
-10.756420 6.414487 -2.247281 -2.354617 -5.496881 -3.930333 4.323006 4.821040 3.242690 2.702484 2.483124 0.911045
-9.059505 5.919902 -5.113662 -3.003001 1.343813 -1.347549 -1.208560 0.410318 3.816452 11.533100 2.468386 -1.682082
-6.113587 3.124521 -14.666890 3.362073 19.281180 -0.959232 -9.240697 -9.856466 2.848191 5.092362 -14.132060 -2.413898
-9.469668 5.731878 -4.679362 7.873872 23.278270 1.964256 -2.951948 1.969809 23.410080 19.101860 -13.304760 -10.481070
-11.395870 8.646250 -5.391706 10.168620 25.462380 13.195300 -4.025237 3.522584 18.482450 5.195569 1.406756 -8.391022
-8.934533 7.324178 -3.434368 12.172030 18.572530 12.227150 -0.953527 7.212315 25.652370 13.023950 -4.638300 -11.787730
-11.053000 4.055558 -5.801649 15.856920 21.040920 16.796490 7.203016 1.444383 17.461430 9.056949 0.664450 -12.384990
-4.675878 5.692820 -10.662590 7.640066 6.291233 14.211590 4.159581 -18.155000 6.850134 0.714143 -0.495926 -32.909490
1.873216 2.032256 -19.174870 8.771750 6.907305 5.593486 5.240786 -18.943140 0.001566 -6.396633 1.675480 -31.629000
3.841077 -3.008060 -21.978290 5.727033 3.097816 0.203603 0.316550 -22.204810 -5.631731 -10.783720 -1.457338 -33.721290
3.116525 -0.113216 -22.616190 3.971614 2.803708 1.718780 -3.779251 -21.936220 -0.077574 -8.784092 1.210740 -33.815480
1.197442 -0.721797 -23.382760 3.041615 -1.602191 1.436272 -4.713996 -24.329170 3.690548 -10.367670 -0.155477 -35.164740
-0.642243 1.724786 -22.814720 3.939493 -6.565995 3.143491 -5.386357 -23.767660 4.180374 -8.763935 0.689013 -36.555860
0.191259 5.168260 -20.182270 2.962435 -4.572773 1.045310 -5.022751 -22.293780 0.466211 -3.755994 1.912271 -35.295560
0.252499 10.439290 -15.620050 6.041514 -1.630045 2.206028 -4.656317 -16.762540 1.543588 1.283392 -5.914615 -25.194400
-2.564174 2.746202 -12.719200 8.520016 7.559424 5.986036 -7.743295 -20.696520 -1.030846 7.916838 -2.247789 -21.001590
-4.459046 -2.448983 -13.644790 5.186214 16.915200 21.704410 4.933163 -10.635370 6.145072 4.209462 6.295857 -17.915100
-7.020434 -5.105390 -19.788870 -1.795871 9.469903 10.667000 5.419479 -7.669990 2.143729 5.797876 9.616831 -10.366700
-7.196321 -6.127714 -16.150400 -4.597071 5.101689 6.597080 4.334881 3.111309 3.856021 5.511639 5.221945 -7.123986
-9.106858 -5.193952 -14.998700 -3.581916 -0.178343 2.275333 0.287145 -6.797918 -2.015294 7.532231 10.558100 6.509926
-8.474878 -2.678336 -15.343380 -3.025411 -3.846922 3.209093 0.289973 -14.525700 -4.023759 10.927570 8.941829 1.482893
-9.513462 -5.733045 -17.591170 -2.380014 2.180262 5.616764 -6.495271 -10.705040 -0.651935 6.688840 8.164151 -7.048487
-10.995680 -3.186546 -12.350620 0.545933 8.168122 7.610196 -7.440761 -7.765675 7.778225 13.663350 8.722723 0.964118
-10.076370 -1.462084 -11.438820 -5.021359 12.475710 12.565210 4.065710 -0.534776 6.608519 21.561880 5.190995 4.241220
-11.583860 -0.833975 -14.062540 -4.245240 3.929350 3.072600 0.522387 4.212520 6.379494 5.780138 5.405188 1.192110
-13.332050 -1.124640 -12.330860 -0.496114 3.343590 2.672115 2.208660 0.897974 6.850734 2.878257 4.213862 -1.294870
-2.037227 9.422417 -6.389447 -6.186658 -0.748538 10.704560 5.348228 -3.093079 -4.541164 -1.513669 -1.833650 -5.430119
3.922255 17.354400 -17.637590 -12.500190 -4.854593 12.209690 15.318840 5.696470 4.740345 -3.431054 -6.229518 -17.107790
-1.186636 15.723950 -11.312890 -6.572851 -4.663709 5.158084 12.100110 12.505180 15.720360 2.781501 -14.953460 -15.252450
6.392140 21.080360 -6.287881 -5.313431 -10.296020 0.336922 2.509498 3.670308 0.658664 -4.154307 -6.704083 -4.086835
6.893452 23.516500 -6.741942 -15.859390 -20.035200 5.000959 -5.621598 -3.039361 0.962032 -7.645594 -11.889420 -17.350730
7.527212 23.635490 -7.440499 -22.683110 -22.238970 2.313424 0.610037 1.503976 -2.126209 -16.706810 -12.752090 -11.248770
8.174146 22.319770 -8.365168 -26.389660 -19.392090 4.138620 -5.450257 -7.227659 4.069458 -15.500590 -12.457330 1.230981
7.734430 20.397750 -4.482203 -23.833470 -22.130830 -3.391768 -5.002393 -6.386642 3.337417 -9.883081 -11.276810 -8.926243
8.269210 21.209800 -4.589285 -26.058000 -21.037950 -2.792363 -7.651686 -0.904085 4.806295 -12.344720 -10.520750 -7.010364
7.481994 20.177930 -3.514335 -23.076770 -20.295720 -5.926939 -1.579518 -0.362712 3.047839 -10.576500 -13.068950 -9.220763
7.962299 18.933070 -4.616859 -22.852680 -22.432310 -9.011255 -4.574322 2.008418 -0.240050 -13.520310 -11.424190 -2.273366
6.062086 18.985750 -3.166894 -18.932490 -17.334970 -7.171775 -2.312951 4.667441 5.563517 -10.324130 -11.651650 -5.815836
6.477235 18.517510 -1.187957 -16.810300 -19.943440 -8.058451 -3.303113 0.823273 -1.055427 -7.664946 -11.589750 -7.548573
5.390229 19.239630 -3.877860 -26.277610 -22.692830 -6.457568 -0.252327 3.969112 2.851788 -8.842146 -15.287030 -5.629704
0.963877 14.480900 -3.235371 -14.313130 -16.967130 -7.288165 -5.790112 4.407247 -5.890733 -11.177200 -7.118222 -11.473770
2.822788 16.970630 1.694049 -9.128292 -16.741020 -12.965850 -6.687536 1.624001 5.855494 -4.318793 -10.976640 -22.809080
