3.942403 5.258321 -20.961150 -14.651500 -1.097397 26.922360 -6.313609 -18.781850 8.141981 -9.870818 -6.744952 -5.133913
0.725682 2.276642 -19.603030 -13.536570 -6.944536 29.614390 -17.889280 -23.337300 6.183892 -21.897800 -12.143340 -18.486950
1.161799 -0.367284 -18.460100 -14.417780 -4.036289 27.966720 -21.777750 -23.499380 3.910631 -20.995360 -15.449440 -15.520190
1.508840 1.010807 -20.019660 -15.249400 -4.847997 25.217630 -19.144480 -29.309570 4.878052 -23.674320 -17.696870 -15.694710
2.471220 -1.267302 -17.181010 -14.236370 -1.891914 24.719520 -19.077020 -29.693490 4.801159 -22.205010 -13.984880 -15.346430
3.445358 0.705549 -21.892510 -13.836190 -3.858401 26.084860 -19.431770 -33.709800 5.447150 -23.144020 -14.215070 -21.652940
5.345531 -0.707007 -21.317810 -13.732920 -5.748649 26.219780 -21.486830 -28.300000 5.068497 -23.763930 -16.454160 -16.033250
5.878207 -0.842403 -19.439290 -18.726010 -3.499635 26.129430 -16.813560 -26.018500 3.409485 -25.053120 -15.472790 -13.336130
5.826187 -2.029462 -18.968340 -19.697580 -2.706612 24.453240 -18.473510 -25.018550 0.629267 -24.764190 -14.335170 -8.219013
5.546131 -1.097934 -20.365380 -19.541320 -0.864946 22.708680 -11.504260 -25.236940 -1.104402 -26.909190 -7.232581 -6.552505
3.498447 2.607994 -21.414270 -19.726120 -4.907044 27.944130 -13.889980 -24.619520 1.350362 -32.079670 -4.093851 -12.624590
3.507354 2.387421 -22.105290 -22.685690 -5.069236 22.451900 -15.620400 -26.353650 0.264919 -28.761600 -6.141671 -11.766240
2.851397 2.485399 -22.532470 -21.795640 -7.760729 18.439720 -15.995030 -26.725200 -2.063329 -29.428140 -7.219792 -14.299330
2.706381 2.920637 -22.893180 -23.553310 -6.695642 19.114960 -20.472560 -29.225100 3.406803 -30.979750 -11.690750 -9.262360
2.358984 4.145114 -20.837950 -22.731210 -8.706974 17.622430 -16.762970 -24.598920 3.919125 -33.403610 -2.704914 -7.279027
3.032756 5.734424 -22.094350 -25.165590 -9.507471 19.898370 -21.474190 -20.505000 4.131475 -35.502890 -6.691018 -3.796212
3.219816 7.058849 -18.104660 -27.320720 -9.032106 15.201440 -15.056640 -19.725500 1.724545 -32.864160 -2.069384 -3.694349
3.725413 8.953417 -16.908250 -26.764270 -8.068670 12.603340 -13.167820 -17.619130 5.005015 -27.960660 -4.461936 -4.822332
3.533365 11.338370 -16.115900 -30.454220 -16.805370 7.086736 -14.350740 -18.797650 4.055923 -30.994380 -13.799170 -7.501478
5.095049 11.643130 -12.185790 -31.739010 -20.663600 8.300495 -14.459760 -13.974360 9.391493 -30.199830 -7.938726 -16.622710
5.307407 12.713990 -10.964650 -36.198070 -22.664470 8.756397 -15.600520 -13.006000 10.295880 -33.820540 -11.835870 -12.172950
6.119070 13.924190 -10.389950 -31.669710 -21.491000 8.035394 -12.800420 -12.119360 9.798310 -30.740190 -11.124160 -5.274723
5.912413 15.449990 -9.067889 -33.040790 -24.858170 8.585211 -19.871460 -2.440505 2.559192 -30.467730 -7.791380 -10.706420
5.852910 18.187960 -9.017228 -32.660990 -22.330370 8.487730 -15.990210 -7.333158 6.135163 -29.375110 -5.826407 -5.040288
5.959089 18.066350 -8.641929 -28.360920 -17.855510 6.829362 -14.714540 -6.884687 1.786238 -22.248900 -1.521705 -5.725617
5.899942 19.998820 -7.772985 -29.399080 -20.430400 9.138595 -20.974270 -4.851119 4.764948 -16.891890 -6.542005 -11.582740
7.288818 19.456750 -5.987273 -27.858140 -20.566430 9.116008 -14.535650 -2.837467 5.904932 -22.038600 -10.663780 -5.289703
7.824701 19.858500 -3.327348 -23.933110 -22.088950 3.162527 -12.113190 0.786008 2.556509 -15.514010 -7.749679 -5.870921
9.675705 20.450310 -2.650512 -27.436220 -19.092500 3.863915 -13.028090 -2.150682 -2.505017 -9.414572 -1.587871 -6.780947
8.909293 21.361650 -0.939373 -23.816250 -17.496740 -2.127013 -14.117050 -1.248934 4.719349 -14.174530 -0.759958 -1.264617
7.797622 23.372910 -3.777220 -22.572230 -22.982130 2.541976 -7.981989 -2.329933 -3.652601 -12.813100 -0.681559 -0.275947
5.479858 23.154300 0.793652 -21.073420 -22.936530 1.825133 -6.317223 1.965217 2.075481 -8.541395 -5.753013 -1.167997
4.874140 19.272610 1.547898 -15.065950 -15.122160 2.820748 -7.012883 -5.843522 2.951257 -5.507678 -3.368245 -3.270419
0.174478 13.137910 -3.691704 -11.691250 -5.634293 3.493011 -3.506274 5.660804 2.856929 2.091244 8.572273 -6.590703
-3.910201 11.229060 -2.823976 -11.267970 -3.124425 5.870600 -0.255040 8.597494 -1.589901 -6.518003 1.205571 -0.215278
-5.312973 12.884350 -4.704932 -14.899490 -8.116506 1.937474 -3.958001 -0.274387 4.149357 5.488861 4.092424 9.266968
-6.514790 7.646717 -6.568055 -6.565001 -5.197047 1.293742 -5.073467 3.585341 3.847597 7.329389 9.911168 7.411713
-7.364221 7.873690 -2.686177 -6.240237 -3.199915 1.313952 0.549637 7.721844 3.755951 3.935430 2.187502 -9.135031
-8.779820 7.557601 -6.273813 -9.294926 -7.952818 4.480305 8.092883 7.381886 -3.496579 3.158257 5.606465 -1.878791
-7.425862 9.402933 -1.006246 -8.690239 -9.785515 -1.600971 0.391231 -0.053243 0.493363 2.295138 -0.478056 0.660294
-9.157860 9.725423 1.505748 -3.024524 -2.019725 -3.528601 -0.905528 -3.535927 -5.343800 1.306757 3.379051 4.802223
-13.354780 4.080616 -3.279118 -4.907887 -4.913023 -2.349317 -5.670349 0.461846 0.140639 3.566044 6.917560 9.669926
-11.019200 7.583695 -1.502727 -2.503406 -3.057904 0.551340 1.403101 6.473957 3.839550 6.350152 11.478030 7.050699
-13.218670 5.034301 -4.427307 0.672221 0.258440 7.323306 11.956660 1.665779 -3.163972 -0.971731 -3.685176 -0.529106
-8.222559 0.702595 -19.298250 -1.366730 11.367480 1.892895 -6.853875 -8.732824 11.171210 12.765030 -13.039650 -0.470685
-6.064777 2.425824 -18.861340 4.940361 15.076970 1.713981 -9.887677 -6.079776 21.747570 24.416220 -22.160590 -6.507565
-9.968810 7.726477 -13.622140 6.980670 21.689480 3.858566 -8.264469 -12.291050 21.177580 19.215560 -21.577880 -18.011340
-9.593977 8.627480 -12.895860 1.851701 14.390090 6.346117 -8.241582 -5.081878 16.939970 1.080005 -3.756347 -11.817170
-10.126650 6.953978 -8.640307 7.776276 15.316150 18.917020 7.865815 -0.284689 11.320970 0.460095 -4.189486 -16.021270
-1.040878 8.310406 -11.400740 8.327289 7.850079 10.984200 -4.899401 -13.730550 -5.202084 -7.448781 -10.287350 -26.801520
4.168656 7.394632 -21.694730 0.357648 1.091824 12.387570 -4.224219 -21.506330 -6.918318 -5.710657 -7.163078 -26.563340
5.421424 1.807431 -23.781980 1.781720 -3.717137 9.592714 -2.349249 -24.171740 -4.514517 -1.443521 -13.664060 -38.129280
4.311891 -0.816801 -23.641340 3.711283 -8.801898 12.292470 -5.420996 -18.092320 -2.772355 -8.727002 -2.116645 -34.682420
0.061530 0.000994 -23.602840 0.047151 -12.167570 8.960870 -9.937668 -16.182370 -3.496132 -11.484590 -1.912030 -39.143420
-0.235628 1.426843 -24.833310 -1.830097 -11.177230 8.045499 -9.219723 -20.073010 0.282801 -9.252737 -0.910639 -39.414550
-1.070807 2.546942 -25.012440 -2.539415 -11.851410 8.034205 -15.514390 -23.717780 -4.913288 -5.720715 -6.449150 -37.769020
0.186593 6.938715 -20.495480 2.047374 -4.114769 9.287194 -12.778730 -21.999440 -7.549556 3.772681 -1.011279 -30.479820
0.388974 7.189322 -15.604830 2.783870 3.954478 12.520120 -10.691150 -14.686560 -3.213148 8.509778 -4.730493 -22.436390
-4.925670 -3.327300 -11.653240 1.361157 7.618376 11.977440 2.089726 -4.098403 5.495879 6.946289 -0.215615 -17.111050
-6.482722 -2.130394 -12.817240 -0.054763 6.783498 21.285690 12.487890 -4.707581 -1.830415 -2.383443 6.032932 -18.495940
-8.526132 -7.307467 -20.451300 -5.050566 9.206663 18.902760 14.930230 0.218037 13.834750 21.248100 14.277590 3.563389
-7.454010 -5.874725 -20.770260 -3.557872 4.080793 11.055530 8.501245 -6.136779 5.662629 15.750290 -0.029348 -6.130822
-8.359736 -3.239169 -15.587000 -4.423458 0.682232 5.426585 5.183156 -7.148413 -5.222649 -0.531943 -6.293464 -3.259933
-7.164690 -1.982689 -12.738200 -3.224954 5.095055 7.461206 2.938974 -3.950744 -0.341284 -1.278029 1.128284 2.964195
-8.732788 -2.252497 -13.273590 -2.373636 11.210520 10.067640 3.629816 -3.504334 -1.600630 2.875731 0.806349 -9.244384
-9.909663 1.531714 -10.132990 -0.177738 11.498280 10.843920 3.850259 -2.530474 8.182663 18.740120 1.277298 -6.840867
-9.988050 -1.014234 -9.497093 -2.575425 9.538522 12.525470 1.777733 -6.283064 2.567239 13.926220 5.229484 0.807845
-9.835908 -1.726174 -9.075590 -1.862709 8.716350 10.661440 5.644520 3.246757 1.985624 7.037721 2.576159 -3.367039
-3.146996 11.747020 -14.108090 -13.078640 -2.811252 7.869557 9.341458 11.297930 16.192500 6.254148 4.471074 -12.733190
0.142411 18.668980 -13.286970 -9.472935 -4.977302 8.682693 17.693600 8.709440 15.792840 1.763917 -8.419683 -14.362250
4.932930 24.695360 -7.669636 -12.796680 -15.206620 5.085401 -1.290400 -3.605978 -0.335472 -9.256394 -8.155573 -18.429280
4.762973 24.958280 -11.655670 -18.832680 -24.664590 9.817990 -6.314814 -1.162399 -1.433433 -18.983860 -9.808064 -11.475630
7.111379 21.725500 -12.048400 -18.869370 -25.409780 11.825270 -9.133594 -2.927435 -0.177663 -16.936690 -7.191991 -8.046744
7.720660 22.451230 -10.613260 -24.934580 -23.123390 6.272412 -5.966080 -5.087373 -5.172579 -10.192660 -10.295140 -6.564488
8.471751 22.820980 -7.710570 -27.548320 -23.046410 1.892300 -6.674389 1.674707 -3.461709 -9.475831 -12.845040 0.241607
8.684821 22.520650 -8.651251 -26.863470 -21.193530 -3.858491 -1.064536 0.056643 -2.070482 -11.485510 -14.724390 -3.412728
9.995311 19.494660 -7.386337 -24.843540 -23.016510 0.827141 0.718282 5.130607 -0.224603 -12.110900 -11.149740 -1.579194
7.396779 23.147900 -2.941105 -19.096970 -27.292550 -4.357785 -1.156086 7.671709 1.265869 -3.925903 -10.989600 -4.270324
7.140239 21.276970 -7.712596 -24.132180 -22.685400 -6.864357 -4.509109 -0.814200 -1.468750 -12.034100 -9.065221 -6.762971
7.286681 18.642400 -12.935580 -27.588410 -22.664470 -2.183481 -3.346061 -1.064189 2.444299 -8.883351 -9.438311 -8.544076
1.178546 15.517440 -3.140103 -15.894170 -14.552620 -4.884421 -6.031731 4.102490 3.041114 -10.551990 -12.662110 -10.220320
4.428403 16.768010 -4.920141 -13.327310 -11.636150 -9.338832 2.810683 5.973978 -2.806777 -9.570006 -6.797218 -8.248973
4.553466 15.480020 -9.709870 -22.203300 -21.507450 -6.137410 1.448876 7.719097 -7.178949 -4.679303 -8.264553 -7.100767
