-5.726927 12.147530 -7.131825 -7.655176 5.075665 7.606430 2.051519 -18.356920 -2.833461 -7.266815 -11.029220 -2.873195
4.352112 12.955430 -14.128520 -19.255680 1.736711 9.093654 -1.493914 -26.983660 -1.758967 -10.840350 -12.133640 -1.325652
3.781722 6.226779 -16.437860 -25.240850 -0.688078 12.405410 -11.176540 -23.730210 10.756760 -16.086510 -9.674683 2.225851
2.724944 3.569488 -16.456710 -29.462910 0.669260 11.656370 -11.309380 -36.085090 12.793390 -18.706880 -10.150650 -4.350808
2.562815 3.859702 -14.745910 -30.513800 3.808568 10.988260 -10.178460 -33.341760 12.650970 -13.063280 -11.071960 -3.009319
2.612746 3.122906 -15.831910 -28.807750 -0.998980 15.057760 -13.314270 -31.336700 12.730090 -11.657640 -8.094873 -6.361707
2.305523 3.664724 -18.125090 -28.548330 -1.414959 12.229420 -11.341900 -29.486800 12.006910 -14.438340 -10.850150 -1.730287
2.877675 3.070783 -18.632060 -28.618600 -3.753833 11.281030 -11.803860 -31.642770 8.920306 -13.644150 -13.788540 -3.420894
3.341741 4.182734 -17.288200 -28.725860 -3.975729 12.310900 -11.232450 -28.159060 9.384760 -18.113100 -10.008550 1.592741
2.416546 3.371293 -15.363310 -29.618250 -3.175913 13.699270 -14.628390 -27.354200 7.291949 -19.123340 -5.399667 -0.210502
0.308278 3.885763 -16.960990 -32.552720 -5.640879 9.958394 -10.979070 -37.552400 4.631032 -26.120940 -8.626868 -1.680642
0.558521 7.497671 -17.730550 -30.203130 -0.608344 13.979550 -10.951310 -32.496520 12.541780 -28.305820 -6.645030 6.591428
-0.952337 9.290433 -16.552310 -30.846140 -1.633147 13.516760 -10.138410 -32.014030 9.506610 -29.091190 -4.404994 4.981428
-2.063157 10.597360 -16.125460 -29.495140 -3.201255 12.735670 -7.818274 -32.062920 7.328345 -30.376570 -1.786033 6.406727
-0.942938 11.255970 -16.818930 -25.268850 -1.183173 9.074099 -11.516370 -37.387320 12.562350 -26.926690 -9.340237 10.224070
-0.148739 11.375020 -15.155940 -26.581280 -5.426400 7.472265 -9.625291 -30.463820 9.276361 -25.034610 -12.607290 3.113593
2.055867 11.267880 -14.045700 -28.907610 -5.012894 8.957315 -4.678895 -25.786990 4.210887 -20.119310 -13.205140 4.463089
3.871598 12.714120 -15.943670 -23.001170 -5.376334 15.343470 -6.391536 -24.523020 -0.462927 -10.805700 -7.271755 7.951067
4.914278 16.274230 -13.133410 -23.037090 -8.316615 8.429889 1.039161 -16.747200 -2.312830 -12.523850 -5.088903 8.340221
5.755470 18.245240 -8.574656 -23.372600 -7.173756 7.633046 -1.726681 -17.342340 1.904443 -7.544681 -3.328297 8.712828
6.597250 19.171860 -9.351618 -20.097870 -12.280460 4.000810 -1.667597 -11.035950 -2.998829 -6.820463 -2.146472 -3.086723
6.851018 18.988470 -9.648533 -20.577090 -11.913930 5.497267 -2.161285 -4.603451 -8.827051 -13.014360 1.297916 2.563759
7.688686 19.944370 -11.623930 -20.815370 -10.025650 3.930197 -4.564692 -4.891812 -4.048795 -8.862676 -0.869917 3.779800
7.121821 19.698240 -10.226880 -19.788780 -10.831030 6.699322 -4.463179 -14.569260 0.278459 -9.569910 4.481795 -2.916435
6.397526 19.698880 -7.786923 -20.451870 -13.815200 1.562481 -2.966254 -8.829674 -7.148846 -7.853119 -3.336384 -1.177250
7.362665 19.006480 -9.517918 -18.570400 -17.749370 -5.882327 1.578054 -6.839488 -10.805130 -9.984331 -5.477069 -5.243355
6.886263 20.726850 -6.365636 -19.201780 -22.438250 -3.693316 -5.321681 -7.392828 -2.108692 -11.993250 -8.049819 -8.193242
7.191137 19.847530 -6.705641 -22.484440 -19.648160 -2.401637 -8.255653 -8.551940 -5.700099 -7.840890 -12.425340 -9.525657
5.742547 20.971700 -4.674365 -20.408540 -24.455710 -5.907313 -2.001877 -6.621268 -2.763833 -15.320850 -12.008870 -3.033341
6.746456 22.083970 -5.024468 -25.478610 -19.913940 1.547815 -8.878216 -8.965706 -7.784206 -16.556640 -1.929862 -4.460241
5.823611 20.721710 -3.320405 -23.677980 -23.524240 -2.127332 -7.525630 -8.884228 -4.639055 -13.293590 -9.926528 -11.468760
5.387742 21.053420 -4.580106 -25.174800 -20.578400 -0.299536 -6.759918 -9.633824 -6.362360 -15.537570 -6.747848 -7.888965
6.130247 21.214300 -7.158082 -23.554880 -23.317800 0.193670 -6.958980 -4.433410 -12.689060 -12.507540 1.091126 -16.708730
6.644832 19.178620 -9.539462 -23.431770 -21.867750 -0.785138 -8.476524 -5.131286 -6.498453 -16.649040 -9.838729 -8.593607
5.739610 17.263590 -9.477521 -19.042220 -20.349700 -1.594474 -0.861438 -4.728148 -12.404220 -16.239370 -8.616470 -0.633288
3.041566 17.061210 -6.763542 -19.838450 -13.112420 -0.076289 -1.564497 -4.956994 -15.382420 -11.582910 -12.332340 -1.044863
1.227010 18.059590 -7.198479 -14.811180 -6.861000 0.431040 1.368683 -0.990792 -21.663230 -4.234066 -2.872550 -3.148112
-0.771410 18.148710 -5.237897 -10.842200 -3.821823 0.954121 1.952384 1.096459 -10.225950 -7.281761 -8.841745 -0.179541
-5.897868 11.233130 -5.930699 -8.713994 -4.061645 -3.776423 -6.311832 -5.105071 -4.256889 3.369544 9.680436 15.422940
-5.877308 11.551330 -5.733429 -10.370910 -5.995666 0.547280 -3.798187 -12.759740 0.611568 4.290781 12.700270 5.721836
-8.081914 9.355103 -4.006474 -0.972049 -3.718601 -0.983398 -1.223080 -2.970351 0.122586 3.918482 3.740700 4.227141
-10.550860 7.809120 -7.242916 -5.666458 -11.408950 -0.881823 -1.443157 -1.060225 8.326881 6.236523 -1.220537 7.818146
-11.764480 6.631534 -5.260788 -10.655690 -9.770376 -2.063237 -5.119843 2.495753 2.114911 -0.086458 1.598860 2.794903
-10.569070 8.069090 -1.466201 -3.503385 -4.324953 3.255026 5.834080 6.534931 -2.388788 -0.238639 -0.288247 -0.078649
-14.055440 7.698761 -1.885652 -3.801375 -2.489209 7.717238 4.986285 1.061742 -1.667184 -3.702792 -0.450560 -4.332124
-13.188400 7.634090 -5.231164 -5.445607 -2.238880 3.848177 -2.318313 6.738271 6.594872 1.798140 -11.741430 -9.338820
-18.079890 9.703232 4.165086 -13.398360 -0.477307 5.560276 -1.551015 8.878659 -0.799201 -0.145564 -8.503834 11.650440
-20.864870 15.221480 8.406730 -15.994690 0.205688 -0.658577 -9.013435 3.421767 6.010942 -1.796455 -17.578930 6.291955
-26.569360 16.829560 5.912239 -18.430920 -1.452044 -5.617255 -5.676977 5.228450 3.245583 -8.604512 -15.855870 3.689584
-28.692310 18.962080 4.497011 -12.942400 7.818155 -3.765016 -5.347852 -0.793828 0.088563 -2.393629 -14.464940 4.425188
-30.285990 15.162920 3.481710 -11.826520 4.515669 0.250161 -0.068762 3.712253 8.355366 4.507504 -9.268611 10.669280
-29.408970 15.971470 3.915974 -18.333170 6.902755 3.369093 -5.566343 -3.697275 4.779784 2.082120 -3.224324 12.676440
-30.807630 11.415560 6.764607 -18.413480 0.790407 -3.192506 -10.409240 -7.309934 4.513138 -6.918972 -2.899120 -0.010320
-28.116630 16.539340 16.508270 -7.537882 5.688197 14.164770 5.529143 -4.271871 7.441492 -10.717380 -16.140060 1.640251
-15.896430 21.678580 23.364250 -13.265220 -5.153202 -1.107786 -17.244340 -19.025750 -10.153160 -20.906710 -15.896300 -5.959741
-12.553980 22.842970 25.124190 -9.036817 -5.572270 -5.028993 -16.762150 -17.603780 -15.612670 -14.291590 -6.565318 -7.299094
-14.333880 16.137160 25.192870 -4.559561 -2.544219 -1.824782 -18.415710 -21.236280 -28.998750 -33.846840 -14.314180 -4.481594
-9.431230 13.315460 19.684110 -6.586848 -7.595916 4.944311 -17.874840 -16.803880 -21.322200 -31.212890 -7.692267 -4.608643
-9.142804 15.661950 24.607790 -15.850980 -10.091790 0.139352 -14.022480 -20.599330 -15.596050 -22.170350 -6.219319 -17.273520
-9.507595 14.892010 22.358370 -11.288650 -15.020480 -0.257711 -17.171780 -20.896190 -18.064700 -21.396540 -9.424570 -16.315310
-11.560060 17.120090 25.490450 -11.557060 -11.711200 -1.434779 -15.866770 -18.394470 -19.111500 -16.621190 -1.872100 -16.669230
-13.816360 18.701150 19.948710 -9.900145 -6.712039 -3.999669 -16.268070 -11.215910 -18.243520 -10.811810 -15.621350 -14.273450
-16.516160 23.459110 14.572600 -6.419360 -2.212302 -9.713366 -9.942520 -8.286960 -10.513170 5.373033 -11.300700 -9.600924
-19.580760 20.598160 10.695200 -5.184073 -0.437749 -10.102830 -12.853490 -9.401436 0.149488 -4.197380 -3.135947 -6.051024
-17.719800 12.643010 6.384206 -1.605544 0.091341 -4.837251 -6.792831 -6.853657 2.300850 -1.982605 -13.426370 -16.422070
-15.022930 9.317138 4.148254 -2.197298 -4.612986 -6.193568 -13.787730 -3.802134 -6.505574 -9.872233 -8.745859 -9.914277
-15.969860 8.291415 7.116058 -5.140748 -9.706713 -7.650916 -13.491520 -5.814283 -8.224132 -11.779250 4.432119 -0.791298
-18.182690 5.020236 3.653396 -2.180391 -2.316142 -7.607462 -15.537250 -10.577550 -6.069604 -3.407942 -1.386893 -4.591027
-18.244370 5.292431 4.925215 2.022651 0.768155 -3.108313 -12.458150 -5.532299 -11.794180 -5.425018 -3.274578 0.048934
-16.318200 8.040776 5.170288 2.072316 -3.317457 -1.753082 -3.838634 -6.485236 -11.905740 -0.871140 -11.958040 -3.200427
-16.948510 5.940747 0.412241 0.211459 -2.443470 -2.113209 -5.684511 -2.718832 -11.997520 -7.120069 -1.359167 -2.147734
-20.482460 2.373884 2.063789 1.035161 -9.241904 9.919285 -13.627530 -6.556086 -4.950801 -1.602832 -10.881350 14.429500
-18.244370 6.374138 8.576395 -14.103190 -3.711184 0.739565 -7.366619 -30.561600 11.915120 2.436077 -25.153930 10.336170
-16.482680 9.129560 7.333526 -12.151450 -7.377728 4.990481 0.528422 -24.160270 13.390770 6.235164 -13.305070 16.546100
-19.143130 9.246033 6.970630 -9.746922 -6.548862 8.352215 5.869768 -12.340310 22.853920 10.675590 -7.914654 17.709830
-18.963380 14.401670 16.185100 1.276089 -1.196771 15.671000 7.570910 -17.506710 2.556419 0.920382 -7.302947 6.602105
-8.230533 17.846920 17.337070 -0.515553 -11.130190 -5.054522 -1.137824 -17.715720 -0.369561 0.475389 -15.987570 -1.511955
-5.103082 11.696760 14.821710 -7.257855 -22.500060 -13.191880 -1.812333 -22.459150 -8.530339 3.203096 -6.895143 -11.503460
-4.341779 9.255041 18.334200 -9.365452 -23.136700 -10.807330 -5.046484 -20.168560 -8.771666 9.440475 0.302088 -14.900150
-2.429123 6.005096 15.717170 -6.497556 -26.698780 -8.581382 -7.221487 -16.509140 -11.922360 5.536763 0.691986 -16.929740
-0.392520 6.746075 11.673470 -1.478739 -32.688130 -7.236471 -2.651800 -16.025940 -9.273307 10.606290 -0.994107 -16.410860
-0.847775 10.598970 9.299495 -7.131051 -28.337970 -13.075640 0.422150 -16.488590 -7.656027 6.241958 -2.683088 -10.462510
0.853408 12.250160 7.859355 -5.952297 -30.430840 -14.467810 -0.185344 -13.583730 -8.338070 8.294362 -0.639444 -11.252030
0.664257 12.674550 8.558890 -5.811227 -31.192340 -14.014800 -1.701303 -14.943350 -1.718614 5.675356 -1.361478 -6.973998
0.634886 11.894310 6.567338 -5.747825 -32.353120 -16.567740 -0.618758 -13.947900 -2.789152 2.397352 0.834659 -5.740875
0.453372 9.624404 7.017087 -6.048985 -31.285670 -14.338530 -6.815037 -15.518650 1.945587 2.799545 0.190028 -2.839564
-1.022240 11.177470 9.042303 -9.875840 -26.750700 -15.211960 -10.344610 -13.187680 4.478324 9.516565 -2.175354 -11.080670
0.352922 9.414627 7.205604 -8.003360 -28.433160 -13.203290 -10.477050 -9.994452 0.833904 10.422860 -0.500814 -9.438643
-3.040632 11.366650 8.006130 -8.870914 -24.294390 -14.569930 -11.307790 -12.516720 0.497630 8.226424 2.279304 -5.323428
-7.244246 8.067481 7.711235 -11.197250 -26.513350 -12.430350 -9.287838 -15.307520 -0.340286 8.634051 0.980799 -1.792744
-6.196867 10.971230 10.392900 -2.615753 -25.689430 -15.638360 -1.843659 -3.098590 -0.438399 4.673272 2.754691 -9.543272
-9.247953 4.802414 4.941374 -14.506850 -31.633660 -15.322230 -1.465760 -10.278560 4.752090 -0.028710 -4.675323 -5.379478
-9.110496 2.913128 3.999460 -7.244118 -29.323830 -19.925670 -6.761108 -8.795665 -2.582640 6.453924 9.597836 -7.131475
