5.687831 1.265676 -10.114680 -14.145800 3.215130 17.468320 -14.055270 -14.418390 5.101409 -12.478340 -14.421690 5.348149
5.531145 -1.659496 -8.887919 -18.684780 2.901508 23.178410 -17.191290 -11.442970 3.199850 -14.250820 -14.449030 0.550323
3.263115 -0.756300 -10.779050 -19.068240 1.731457 18.121170 -18.153210 -20.612410 2.587998 -23.753040 -17.878770 -12.172370
2.237692 0.932742 -10.973110 -18.411310 1.375617 18.141870 -18.416960 -18.201630 4.411674 -23.293760 -21.262300 -12.111720
1.904958 1.557743 -11.855020 -20.353550 1.169803 17.817400 -20.532220 -20.861540 5.071048 -17.794560 -30.578400 -10.413490
2.855365 -0.982005 -11.147390 -21.850330 -0.549839 18.987170 -20.968590 -20.123840 -1.638204 -21.803070 -24.613280 -11.013620
2.320572 1.122454 -11.039230 -23.203090 -0.724744 18.113900 -18.389470 -18.351560 0.444866 -20.343490 -24.093840 -13.096190
2.059831 0.673668 -12.922950 -23.779810 -2.208416 18.336550 -15.802650 -19.457000 -2.337840 -21.903100 -20.704450 -10.156200
2.952765 0.023171 -13.655920 -24.860320 -1.323339 15.690450 -15.397150 -20.580330 -1.843474 -25.771330 -14.866270 -10.309430
2.837821 -0.541467 -12.361790 -26.538200 -0.441278 15.863870 -15.108810 -21.658910 0.912830 -22.884490 -14.771230 -8.459886
2.904973 -2.010802 -11.182610 -27.480750 -1.018010 15.882330 -12.722560 -24.109220 1.924003 -20.838760 -13.779220 -8.555650
0.553457 -4.760884 -14.450070 -31.501360 -6.779302 11.929410 -16.917900 -31.262470 -7.153452 -27.152230 -18.754920 -17.011700
1.039852 -2.317866 -11.889620 -28.183870 -2.211432 16.096600 -13.138190 -21.599240 1.844139 -21.501760 -9.811155 -10.204080
0.152967 -1.378302 -12.305550 -29.866010 -3.942382 16.785250 -16.239010 -18.999750 -0.857383 -19.665850 -11.060290 -14.619490
0.705909 -1.179216 -12.410610 -29.951700 -3.704904 18.714720 -15.377860 -16.703850 -1.902877 -18.491110 -11.116920 -13.002980
0.775481 -1.817340 -12.977950 -32.194150 -8.148382 19.726730 -18.524000 -17.210320 -7.163353 -19.947030 -15.037470 -11.353900
0.644807 -1.275197 -13.062000 -33.712200 -8.449187 17.567890 -20.300790 -16.782170 -10.516990 -22.044610 -15.984570 -13.824640
1.009604 0.993480 -11.782710 -33.830100 -7.637239 16.921190 -13.980540 -17.016390 -7.376544 -23.992140 -12.605590 -6.500534
0.843842 4.674503 -10.613420 -34.045830 -11.926170 18.448430 -11.024850 -13.353980 -4.961478 -27.640180 -8.269754 1.294736
1.798484 5.388737 -9.725331 -33.834350 -15.969320 16.100510 -12.519570 -11.109550 -6.546881 -26.658180 -6.734213 3.360068
2.901343 5.052803 -10.581900 -34.378250 -19.507370 15.542200 -20.334050 -15.655850 -5.937009 -24.510590 -6.476445 -1.694408
5.107061 6.652612 -10.099850 -32.995110 -19.769730 13.965170 -19.362490 -15.756550 -4.573377 -21.887850 -11.480140 0.915507
4.968523 9.337082 -9.960796 -30.767850 -18.111900 15.066130 -16.102070 -13.763490 -7.721742 -20.628330 -11.934490 6.517759
5.101616 10.458490 -9.313733 -29.246150 -15.565240 10.951530 -15.345070 -13.121260 -6.215543 -16.827200 -12.265160 -0.411157
6.169387 13.474390 -7.402827 -29.306310 -21.049850 10.274060 -14.459810 -8.583160 -7.058407 -18.419750 -18.954110 1.216209
6.467032 14.721020 -3.929575 -28.498060 -21.786410 9.951268 -14.283820 -8.310905 -1.910138 -14.145300 -17.836460 -5.954035
6.736848 15.055830 -3.108850 -28.416630 -21.838420 4.589142 -11.663730 -9.454380 0.690398 -13.157810 -20.397210 -8.867206
8.099844 15.855920 -4.242909 -29.305100 -20.639720 7.187689 -9.897065 -3.877978 -2.967513 -16.569190 -16.816450 -0.332630
7.980665 15.593470 -5.740981 -24.864570 -19.297790 5.267729 -7.134730 -9.542397 -3.890902 -13.834230 -15.614840 3.760365
8.039348 16.215470 -6.135893 -26.661560 -19.199030 4.217122 -13.001260 -7.982705 -1.222382 -11.487190 -20.046360 -3.246439
7.513629 14.967720 -3.602645 -26.482290 -21.766050 8.342351 -14.334930 -0.466198 -3.750974 -11.924520 -21.807780 4.483072
7.016949 15.550730 -2.234357 -26.103080 -16.855150 7.064055 -14.263570 0.112626 0.260056 -11.658580 -19.638880 -2.133650
6.020565 17.312880 -3.239869 -23.824780 -14.423830 9.884697 -14.621340 2.737474 -2.242135 -18.428900 -17.887880 -4.963825
7.023604 19.426710 -3.182394 -22.382690 -10.407810 10.970550 -3.695432 2.794163 -9.507135 -19.645110 -13.017630 -1.951697
4.480918 18.326310 -3.576688 -11.394700 -5.109417 5.169270 -4.126971 -3.698214 -11.366450 -13.570130 -8.936957 -1.439673
-2.539751 11.557020 -4.279991 -7.377141 0.427967 5.654854 8.770035 17.619810 3.145067 -6.875449 1.776034 6.565003
-2.556085 9.154868 -2.519262 -1.899254 5.203160 15.952820 5.635948 -2.712870 -4.923196 -2.393624 9.110052 1.339427
-3.708552 8.039463 -4.535850 1.048134 7.266580 5.839466 -2.602359 -6.855639 13.215210 7.767944 8.854888 6.828676
-5.017705 12.020050 -3.139751 -0.948190 0.311113 -2.570990 -5.592760 1.902058 6.106642 -1.827601 -2.715377 0.516486
-5.777546 12.792400 -2.994517 -5.299992 -1.731198 -0.110621 -3.073436 1.040535 0.766962 0.724379 11.439730 13.494560
-7.344417 8.209680 -4.475902 -5.552799 -9.398345 -3.403980 4.209698 -3.455048 2.605159 12.331500 4.685687 5.567770
-6.970546 10.593080 -1.637971 -5.089725 -6.236495 2.844283 5.201034 -3.029135 -3.370794 7.614240 3.951439 4.047660
-9.406757 8.155690 -0.986582 -3.552829 -6.078930 2.754774 -2.659255 1.470177 -6.306628 -0.617484 3.862913 11.550530
-16.207220 8.577857 7.114993 -14.481860 3.834080 1.444592 -9.730235 4.856596 10.326240 -4.724807 -5.063929 7.134485
-22.157700 12.949490 2.405709 -10.904280 3.803924 0.037628 -12.635770 -0.977890 14.656730 -0.247862 1.503295 8.341125
-29.371350 14.082890 6.716372 -12.458800 9.477010 1.195646 -2.392616 -1.209121 8.204892 5.719162 5.673798 7.493285
-30.448190 11.973190 6.907958 -14.171930 6.612196 1.045719 -3.053668 2.009468 17.307430 -3.251807 -3.207479 11.788660
-30.286670 10.485860 6.689180 -17.279150 3.479748 2.308909 -2.397438 2.559202 18.106070 -4.390561 0.747566 9.156404
-29.122710 11.552140 6.281907 -15.531980 5.571062 9.381210 -5.782251 -3.904830 17.475740 -9.456707 7.639603 10.417950
-29.246120 10.609960 10.490600 -13.941000 5.240855 6.081139 -4.901332 1.271766 16.178770 -0.499766 10.339660 21.199170
-27.930310 10.863410 7.339333 -14.694560 7.295982 -3.625513 -14.852300 2.601719 6.030738 -5.001719 2.255769 2.674391
-30.315710 9.525670 5.393199 -14.069230 8.841474 3.038964 -5.520916 -5.230307 13.512890 0.485284 -2.831893 -1.020223
-29.886180 9.890847 5.128071 -18.314680 9.749921 6.372042 1.582369 4.274043 24.808060 1.408120 2.771955 6.572664
-28.088810 14.020660 9.249621 -17.262130 3.151802 -3.078951 -8.715755 -1.959504 6.705294 -6.400917 5.294957 4.822080
-29.397360 11.885450 6.613163 -17.528920 4.225353 -2.151418 -7.999738 -0.215573 3.837443 -3.306091 1.589217 4.366877
-31.546210 10.892650 3.113338 -16.713980 7.886284 -1.108083 -3.645287 -0.906283 12.899720 -3.125550 3.197012 13.363040
-30.716800 13.231440 1.013319 -8.853873 16.734790 0.442654 -0.635117 -2.882937 6.868322 -7.590296 12.079590 6.526058
-25.316840 11.066620 -1.403125 0.436779 11.269030 7.895926 4.449817 -2.725551 6.717174 0.300472 5.150450 2.467538
-19.548460 7.985099 2.932877 0.812951 3.233223 3.381894 2.969564 2.749408 0.879168 -3.504321 3.193107 1.059155
-20.638010 4.695124 3.152891 2.628177 7.575678 1.090473 -4.521384 -0.839151 2.944417 -0.150882 -5.071740 -1.541823
-21.190950 5.240641 3.734444 0.917477 10.701340 3.271127 -8.370042 -5.878501 1.722692 0.909191 5.351587 -0.567573
-20.018520 7.931109 4.362967 1.570156 12.702940 3.835591 -3.003040 1.303094 0.785443 -1.598265 1.903616 -0.584811
-21.763260 2.994085 1.756174 1.020179 10.415610 10.340630 1.307534 -5.188537 -3.883641 -5.118217 -1.737030 9.538825
-19.673090 2.764630 0.333501 0.924769 9.737105 8.974505 -4.423986 -7.790261 -6.409594 -0.099647 -1.518969 -1.370084
-18.974350 2.537050 -0.191813 0.402139 10.249000 4.678650 -3.311627 -6.902631 -4.644001 -8.080076 -10.490720 0.014678
-20.123180 2.255856 -2.996371 1.445575 9.424237 1.648783 -5.632779 -0.305828 -2.543111 -11.244440 -3.036936 2.886350
-19.469210 2.221737 0.517051 5.447338 5.751244 2.143878 -5.796716 -3.570664 -9.940119 -11.744580 2.076763 6.256001
-15.745020 5.314876 6.543946 1.139898 -0.551347 6.659588 -10.993030 -8.642833 8.825325 0.351707 -0.803598 16.195130
-16.595000 4.693624 4.647254 -3.475043 -6.597613 2.043180 -18.785330 -14.903230 20.781850 11.297050 -6.863748 24.827380
-11.304550 13.535130 19.453070 -0.403075 -9.727799 2.059404 -10.178650 -18.209090 4.743671 2.116258 -12.811940 -3.768039
-5.011655 9.191236 26.051010 -3.679233 -21.168210 1.126836 -14.117960 -15.580520 -15.168250 0.948227 6.009677 -10.617150
-5.510755 5.295380 20.578480 -6.266857 -30.162220 -2.243164 -21.324430 -16.289870 -18.446640 -1.963618 4.762496 -16.889760
-3.485318 3.623960 20.579710 -7.301177 -28.916780 -5.222124 -19.053900 -13.446480 -13.452160 -0.779728 8.662864 -12.726530
-2.073320 0.053915 16.987800 -7.126765 -32.307060 -5.521977 -21.197130 -6.668417 -15.588030 0.955546 4.308148 -11.180250
-1.885779 -1.751728 16.487210 -6.785840 -32.145720 -4.164244 -22.828300 -1.819274 -14.636260 2.338276 -0.375287 -13.971480
-0.874875 -2.570941 15.835200 -5.248337 -32.182660 -2.636443 -21.916530 -0.476641 -14.840880 2.476122 -2.709518 -14.763770
-0.700644 -2.881755 15.958190 -4.818079 -31.067650 -4.575983 -19.305590 -2.312318 -11.099140 2.872581 -0.580980 -10.214940
-0.009769 -2.981860 14.044810 -3.366870 -32.671190 -4.586612 -17.093890 -5.151241 -7.277539 2.510278 1.340562 -10.819530
-0.724238 -2.912499 13.746930 -4.699576 -31.449120 -5.582955 -16.411140 -3.287219 -9.544758 4.376079 1.638037 -10.635670
-0.503424 -2.969862 12.670960 -5.079394 -30.954560 -5.431350 -15.494060 -3.293932 -8.331614 -0.993206 3.427441 -12.651840
0.057987 -3.095838 10.200130 -4.937190 -29.068310 -4.984926 -17.963240 -0.496034 -8.449760 -0.134413 -1.152496 -9.980633
-2.416942 -4.275354 10.181590 -8.117938 -29.636000 -8.946802 -19.202410 -2.099735 -9.192960 2.122967 -4.133101 -9.621195
-2.392138 -5.143683 13.331000 -10.323310 -28.703420 -11.323820 -15.373040 3.430422 -7.182494 1.895461 -3.208781 -10.256440
-1.816208 -2.800021 12.434260 -9.373464 -28.241280 -11.156550 -12.043670 3.214108 -5.036722 3.020186 -5.649765 -10.230900
-1.784144 3.951271 9.095735 -0.499700 -24.419770 -13.483210 -7.539268 8.884495 -6.536980 0.609101 1.448617 -11.144500
-1.309243 7.865123 9.004269 -0.500916 -28.582800 -12.845460 -2.284611 1.257594 -8.131623 -4.329567 -0.393513 -9.384974
-2.346161 3.832794 5.839407 -6.193932 -29.059260 -12.374420 1.244370 4.604479 -5.779261 -2.993193 1.424532 -4.842523
-5.623280 3.751810 5.163916 -2.918381 -20.332890 -11.261160 -1.785086 -5.563728 -4.665122 2.521867 5.490235 -2.495003
