-0.975167 9.069617 -19.775880 -10.575080 3.618578 13.202040 5.027561 -16.763910 6.663939 -3.996754 -9.719723 -6.400605
-2.617220 8.864563 -17.885770 -12.984540 10.713780 12.046640 5.424787 -23.909060 13.453230 -11.489170 -8.562212 -6.771272
-1.598498 11.340060 -20.289040 -8.965968 2.650906 10.509720 4.123889 -30.685840 16.818450 -13.420990 -10.954710 3.273854
-2.776873 12.579440 -22.840550 -16.399610 -3.147699 11.842440 -4.531305 -36.908760 18.960150 -20.649410 -11.668800 -2.371246
-3.488762 10.633240 -21.506840 -17.352600 -0.219749 10.088400 -1.402120 -35.570900 13.583640 -21.806030 -10.114980 -2.467197
-1.413900 9.476463 -19.930000 -23.717610 -3.055388 13.774820 -0.960757 -41.687070 9.468292 -20.266220 -9.866309 0.799697
-0.202472 6.226036 -22.190910 -19.499610 -5.485709 15.131320 -10.940790 -36.575390 9.307665 -18.869450 -11.632150 -4.647791
-0.178150 4.408449 -22.459250 -19.017590 -2.306822 10.611050 -10.818100 -41.246950 13.232170 -25.697030 -10.250050 -3.978421
-0.299137 4.283822 -23.103850 -18.259480 -1.812906 15.489050 -11.330530 -40.870710 9.949114 -19.710870 -15.715120 0.430743
-1.033165 5.206926 -21.623170 -19.597700 -3.959398 17.060600 -8.771379 -43.116800 8.950891 -20.644990 -8.411437 -1.323213
-1.925287 4.113910 -20.467510 -18.030810 -3.021435 15.010350 -11.049260 -42.988180 10.807380 -22.601530 -15.745480 3.349244
-1.191259 4.498295 -18.122190 -19.630180 1.557500 11.354950 -8.955404 -42.054570 7.206786 -19.778850 -11.674560 3.662798
-2.266109 6.689762 -19.383250 -20.579930 0.064081 10.134410 -6.396997 -47.237120 7.656331 -22.161840 -13.757140 3.546857
-3.243982 6.818736 -18.581590 -23.221300 -2.053763 11.422150 -7.739039 -42.649560 6.969291 -22.992660 -12.629470 4.373861
-3.401140 7.855597 -19.562560 -21.808370 -3.070243 13.171020 -9.171597 -39.865350 9.620968 -22.218350 -12.519000 8.011421
-3.699865 8.373666 -20.465830 -22.934820 -6.224726 11.253110 -7.613363 -42.456190 7.116665 -21.587950 -15.721920 2.663311
-4.853294 9.693110 -20.011050 -23.336930 -4.578517 8.280605 -9.194787 -41.718570 9.129013 -22.847870 -13.266600 -0.318586
-3.620662 10.066630 -19.657040 -20.786510 -8.705447 11.946350 -11.198870 -39.887220 12.197900 -21.862530 -11.993910 0.383339
-1.839536 12.393950 -17.998310 -24.279540 -7.991895 12.457620 -6.079815 -31.759450 9.255713 -20.206180 -10.327530 -2.487758
0.282722 11.740390 -18.364070 -23.258330 -5.987583 9.158399 -2.835426 -30.955340 9.847860 -22.507940 -16.732320 7.133015
1.741425 11.913920 -15.255310 -22.241670 -7.251287 14.191490 -8.085397 -24.786670 4.953232 -17.666040 -6.689044 8.694499
3.997767 11.048060 -14.535130 -22.624300 -9.999390 12.064210 -11.228050 -20.374110 6.297094 -16.226010 -13.372870 5.168310
2.826565 15.783500 -14.192880 -21.095730 -9.059305 10.065660 -2.699277 -18.958380 9.842029 -19.845070 -10.008180 12.106460
4.320814 15.799070 -11.223120 -24.820020 -6.730314 7.236352 -2.181611 -15.964170 10.715670 -7.246763 -5.117426 0.523267
3.150859 18.129660 -11.796330 -22.745780 -12.770310 10.267790 -0.762518 -12.444090 4.240216 -11.088320 -3.032232 -1.184427
2.868037 20.709130 -13.951840 -19.600300 -9.924056 6.722497 -5.391589 -8.253770 5.261764 -10.774890 -3.453145 1.090976
3.758600 19.131740 -9.657615 -14.576760 -11.259380 4.519227 -2.270631 -8.216146 1.827625 -9.347218 -0.679516 3.436057
4.520069 19.797620 -10.963180 -15.303690 -11.432330 5.885544 3.685519 -7.062911 -1.079041 -12.448900 -5.415835 -1.004519
5.045488 19.771900 -8.939111 -16.997910 -16.430910 3.056756 10.365060 -4.482570 -3.951779 -8.733591 -6.504241 4.389853
5.233205 18.929580 -6.564814 -19.980980 -14.135870 4.170281 3.187303 -3.768580 2.738377 -7.989295 -16.302510 5.514989
4.487327 20.995700 -7.699890 -20.642300 -12.800550 6.711124 -0.924849 -6.011175 4.246047 -10.448210 -13.143570 4.626874
3.661623 20.871070 -8.536395 -17.919080 -17.055860 6.650124 2.787085 -3.895453 3.609369 -11.823790 -7.694210 1.348558
2.631988 21.357990 -10.509660 -15.997490 -17.994890 5.236246 -3.515424 1.386851 0.942319 -14.521980 -8.306732 1.803752
2.046698 19.686400 -10.210250 -15.664230 -13.903500 6.877068 -0.052597 -0.499623 -5.105328 -10.016470 -0.906202 5.440742
2.292414 17.974600 -6.044097 -14.251950 -15.424510 3.219080 5.005867 0.998356 -2.442518 -13.836840 -7.614634 2.544515
1.252488 15.409620 -3.951575 -8.313746 -10.142100 6.063894 7.573998 -1.585484 3.689418 -3.556180 -5.623673 -6.732435
-1.179098 14.795540 -4.996786 -4.058715 -2.936021 6.514681 8.130564 -3.079089 -2.273939 -2.418103 4.012303 14.354450
-3.596964 13.285540 -4.143484 -5.769173 -3.829420 6.221049 6.460119 -2.745718 -1.003233 -7.750907 0.591599 1.147518
-6.893544 11.803420 -0.162946 -2.465839 -4.553052 4.053966 7.864251 5.387298 -2.484928 -1.108741 1.987837 -3.106868
-8.299236 7.049874 -4.028003 -3.138848 -1.708924 8.467744 6.176600 8.255509 5.356656 0.491101 10.938000 2.012788
-11.113430 5.602905 -1.903145 -2.488575 1.049791 14.378110 11.980890 10.104360 7.755994 6.230046 2.174212 7.889198
-9.381882 9.309450 -1.266948 -0.500729 2.326226 6.219498 6.730921 8.264259 1.480924 4.820914 3.361563 3.990629
-9.321700 10.010470 -2.293682 -0.908042 -0.188978 3.515814 -0.355567 4.458060 -2.154661 4.059842 1.522424 1.031006
-9.047920 5.800350 -9.454787 -3.738451 6.008049 10.230050 0.150878 0.976482 -11.206520 9.544508 4.090308 6.482492
-6.798750 3.164721 -23.073610 -5.845828 12.678830 14.277310 -14.385660 -3.241837 -10.828010 20.794610 -14.201090 7.882345
-11.281810 3.480273 -20.202110 -4.176946 8.048966 5.551073 -11.413570 -2.603095 0.722318 24.150560 -19.359890 1.410240
-14.869630 5.811944 -13.621770 -0.188909 4.305604 0.291553 -11.018590 1.889095 13.875210 29.403020 -15.496280 8.899536
-13.354180 5.355101 -0.692061 11.610850 10.995490 2.176378 -8.325527 3.066829 9.940632 20.116530 -6.916777 8.355245
-14.096940 2.882863 -0.954098 13.260240 11.577470 -0.130801 -8.898551 -2.974965 9.439665 12.473140 -16.239690 0.539830
-11.560580 4.094709 0.172580 17.752380 9.008150 3.099146 -8.489355 -0.102379 8.752625 9.055373 -10.307120 -11.672180
-6.625377 12.868540 4.415996 17.539960 -1.798051 -2.500531 -16.008230 -15.838170 -7.442111 -8.747718 -14.675920 0.087491
-1.300709 19.009650 -2.725793 7.498732 -6.219952 -8.986273 -22.027970 -15.626420 -12.087580 -1.981060 -16.587310 -3.559207
-4.445119 17.884390 -4.525622 4.604660 -11.993090 -10.852490 -30.497640 -16.147910 -5.133424 6.767741 -15.609360 -10.244920
-4.510290 18.138720 -2.209696 5.373814 -8.513928 -8.681786 -32.453100 -16.907400 -5.412799 10.374450 -15.841280 -13.065750
-5.111482 16.792100 -2.855972 5.145147 -10.926210 -10.174760 -35.466340 -19.802740 -5.466341 9.474757 -18.751550 -19.504160
-3.962107 14.798440 -2.186599 3.506147 -11.412700 -12.211050 -37.043270 -18.645130 -8.482743 4.715847 -15.435030 -20.967410
-4.107104 15.753430 -0.990633 4.537099 -6.063978 -10.506640 -32.926630 -22.102210 -12.894430 10.215520 -8.778951 -18.999850
-2.791528 15.718280 -0.558522 3.667254 -8.937285 -4.762218 -34.528250 -22.135460 -10.608010 9.580708 -4.386064 -23.074330
-3.214047 16.666020 -0.171345 3.949840 -7.740427 -3.621294 -35.151390 -20.959470 -12.570520 7.793688 -8.995689 -21.424320
-3.510278 16.822530 0.931397 3.820565 -4.497347 -5.219208 -25.923930 -18.436880 -13.494000 14.416430 -5.781778 -18.147710
-5.018559 13.533340 2.937414 -0.762527 -4.807703 -7.056990 -16.803430 -4.983938 -5.203400 16.498340 14.436180 -10.748660
-7.422705 9.638406 -0.988953 0.300257 -5.924982 -8.663175 -18.951150 -14.714680 -1.878467 12.016670 1.294692 -8.979280
-11.286180 8.201580 -0.506451 0.583493 -7.792949 -13.858080 -23.355050 -14.825810 -0.399423 6.920485 -10.306070 -17.059130
-12.045460 7.591853 -1.621371 -3.542264 -5.916493 -16.817650 -22.957070 -16.678160 -3.507536 5.784174 1.345474 -13.034910
-12.449580 6.644114 1.373166 -3.741049 -5.713303 -8.774837 -17.856710 -10.106990 13.342960 15.348790 2.911333 -0.952546
-14.928570 7.043715 -4.797318 1.101892 -2.055885 -7.508810 -13.998160 -6.520418 -2.216156 8.049733 -4.297588 -9.470457
-14.953820 8.588863 -4.549978 4.617653 -1.104129 -8.401595 -14.996830 -6.099548 -6.535070 -0.222294 0.177492 -7.696511
-15.201720 4.329108 -4.146423 3.723771 -2.511603 -6.512634 -11.774890 -13.613950 -3.529801 5.032814 -7.592646 -0.766927
-6.529960 6.038010 -15.941060 -10.311340 9.042634 12.629250 6.752615 -0.994867 -15.353140 4.091627 -19.872420 -9.284267
-4.695512 8.072968 -15.634930 -15.983200 9.792792 13.173090 6.347908 4.965553 -15.780950 12.099660 -16.930740 -2.416366
-3.820540 16.192880 -9.124721 -12.939060 -3.758330 2.355245 0.545860 -0.626497 -12.728500 32.163900 1.180564 3.948936
-6.661548 14.058290 -3.937717 -7.123637 -2.282948 0.432165 -0.004721 -2.697594 -8.118548 12.602040 -2.321810 10.655210
-0.584142 21.960830 -0.880190 -1.742808 -6.279901 -4.472205 -10.188230 -3.667956 -5.286099 -5.329072 -8.953284 5.943341
4.480155 25.878230 -8.105125 -10.525710 -18.018760 0.536591 -8.765394 -6.172173 -15.472420 -2.962861 -8.978937 11.089270
4.053271 24.212440 -8.800113 -15.675280 -21.293670 3.892158 -3.807920 -6.441669 -9.255133 -0.916265 -12.928920 3.145349
4.374448 25.847070 -7.687293 -15.220540 -21.426300 4.026050 -3.953794 -5.886051 -9.142217 -4.736637 -6.315772 11.198360
3.277771 25.753240 -8.286116 -10.478290 -16.212330 -3.914408 -3.339627 -8.469892 -0.656533 -7.808297 -7.782685 11.386260
1.887981 24.316050 -3.163782 -11.529380 -20.917530 2.146912 -9.234435 -5.778428 -0.342170 -9.886678 -9.203528 7.070190
0.249981 26.624900 -4.994687 -11.537180 -22.088390 1.549826 -5.946658 1.214479 1.460780 -8.294783 -9.027624 0.029806
0.904807 24.564580 -8.220186 -13.437320 -20.787550 5.728389 0.986475 -4.698692 -0.929016 -12.960990 -7.015200 5.512705
2.819392 21.557610 -6.894040 -16.164440 -14.715200 2.009401 2.857404 -5.210560 -3.687248 -5.272566 -9.783070 2.618191
2.189201 23.347300 -10.333290 -16.027370 -18.051650 3.691062 4.052823 -3.668831 -3.684067 -15.764240 -5.194384 9.054885
2.453314 21.235900 -11.147530 -19.136470 -16.637280 3.633680 0.442626 -1.626608 -4.589518 -18.865920 -1.541236 7.205550
2.872090 19.282810 -12.094900 -18.716160 -19.270260 5.347392 1.359015 -1.681733 -2.554374 -16.889960 -7.677980 1.570158
0.887657 21.759400 -14.244110 -21.617380 -12.592580 8.313691 3.264355 -9.087633 4.012263 -13.103140 -14.529340 6.853730
0.561179 18.911110 -10.381160 -22.118240 -11.012160 4.061203 -2.964094 -2.597845 5.792417 -20.111710 -12.497540 4.817633
-0.039389 19.776970 -6.755043 -16.393110 -16.261140 3.097078 0.432901 -1.821731 -1.833407 -17.442660 -1.460090 1.039574
1.582396 16.433440 -14.987810 -20.680620 -19.380610 2.006816 3.829897 -5.935925 -5.082532 -17.613950 -7.345019 8.784739
-2.062177 18.208640 -6.754623 -11.420250 -16.964610 -0.651376 -1.559215 5.174675 -11.029460 -7.738547 -8.580011 3.905530
-1.867912 14.894450 -11.613660 -16.555520 -12.875350 8.128103 0.980490 -1.155865 -3.095630 -4.590073 -6.579628 -3.897320
-3.820852 9.343867 -12.080200 -16.536680 -12.907710 1.232932 4.456034 5.019803 -1.502079 -4.536215 2.170023 8.399794
