5.843506 -1.357827 -15.130100 -15.425400 0.413348 12.375150 -5.963008 -16.146020 0.485955 -6.664492 -13.947500 -1.949157
5.389592 -3.564771 -12.380590 -17.811380 2.008532 18.515120 -13.709410 -12.701230 8.100362 -9.386499 -15.657080 -5.803559
-0.700124 -6.775700 -7.897139 -19.919840 3.349195 21.657840 -18.642020 -21.483240 -2.055347 -18.861260 -17.809390 -11.960330
-0.131989 -5.603261 -11.210950 -22.721260 -0.177481 13.437930 -16.062310 -22.264010 -4.773635 -26.282550 -17.145300 -15.098830
0.342393 -4.907249 -10.713420 -23.452280 1.430857 16.152230 -17.783120 -15.595040 -3.931701 -22.766440 -21.091890 -9.392744
1.268379 -4.425670 -13.596040 -23.233990 1.308458 13.116190 -17.570210 -15.325420 -6.802477 -23.168570 -23.547920 -9.107591
1.826941 -3.565168 -13.091970 -22.703490 1.383956 13.052300 -12.663010 -19.198630 -5.091111 -18.766900 -18.388800 -12.668990
0.976223 -3.481139 -14.490730 -26.261310 0.121651 14.753440 -19.203330 -17.762710 -4.875128 -21.628270 -19.455900 -12.514930
1.550961 -4.771297 -14.782260 -28.256400 -1.764086 15.104850 -18.880330 -19.740930 -7.121953 -21.656580 -18.069310 -11.161060
2.114805 -4.406248 -13.558950 -27.262240 -0.298736 18.385060 -15.985490 -16.491210 -6.562996 -18.658750 -11.581410 -8.902184
1.832883 -5.901722 -12.637210 -30.138960 0.118791 18.022240 -18.815010 -18.727820 -7.109953 -16.570420 -16.228890 -10.658410
1.930269 -6.145088 -12.550790 -30.598380 0.629547 15.641660 -14.879200 -25.044450 -5.430084 -19.666250 -10.818030 -9.167400
1.280263 -6.156583 -11.382030 -32.238960 -0.918736 15.500760 -16.326630 -23.717810 -5.693564 -21.707400 -10.920240 -11.081910
0.207374 -4.802610 -11.465390 -35.249360 -1.108053 13.808740 -16.708290 -21.526130 -5.854551 -21.938220 -11.292300 -12.410410
-0.501722 -2.973003 -9.744549 -36.319670 -0.998237 16.491090 -16.771800 -15.835550 -5.750060 -17.540180 -8.715364 -8.998846
-0.609672 -1.475943 -9.229561 -36.431350 -2.085524 17.652570 -17.604690 -13.548380 -3.711218 -18.522280 -5.268160 -7.878170
-1.198935 -1.391914 -12.528540 -38.813950 -6.731517 15.428880 -23.099210 -17.241850 -6.982964 -23.620780 -9.737494 -7.876357
-0.130668 1.440885 -9.696978 -35.900010 -7.189081 21.000090 -20.627160 -10.762840 -2.845286 -19.060880 -6.140766 -2.720641
0.112300 2.406820 -10.065760 -37.493200 -6.985465 20.178040 -18.663800 -12.300380 -5.317093 -19.458650 -5.138495 -0.040080
0.169080 3.377114 -12.222160 -41.942800 -8.477124 14.500720 -24.466790 -13.634680 -9.182292 -23.728210 -11.655590 -4.444248
1.185189 6.099725 -6.996784 -39.379990 -11.684650 15.114550 -18.485970 -9.030231 -6.436506 -24.768380 -6.346944 3.890443
1.852360 9.595242 -6.923900 -39.424830 -12.391590 15.942870 -18.542820 -7.831244 -6.391510 -20.724570 -4.521129 -1.558280
3.603975 10.904030 -6.063696 -35.743480 -10.763230 15.839610 -20.540670 -3.446367 -5.669566 -12.396680 -7.664031 -0.263007
4.116981 12.325780 -4.322776 -34.442190 -12.257750 10.298630 -19.792460 0.950255 -9.507267 -17.829080 -7.227728 3.040421
3.825485 13.617520 -3.667258 -34.742550 -16.673820 13.517230 -15.733870 -2.082444 -5.269597 -14.915440 -5.897791 0.022750
4.285011 13.850580 -3.888528 -37.022770 -15.736950 10.291790 -18.134540 -1.312397 -5.860051 -18.060630 -6.635477 -0.554806
4.417059 13.841870 -3.361320 -31.674620 -16.361530 9.650009 -14.968720 -0.819628 -5.196103 -14.167800 -4.982547 -3.502396
4.146361 15.485980 -2.149354 -32.789770 -20.340620 6.080575 -17.734730 3.990613 -9.062801 -12.146250 -6.677530 -10.756280
3.777948 15.519670 -0.998923 -32.373490 -19.828150 5.899735 -15.952220 1.853579 -6.349513 -10.910100 -9.975796 -7.481251
5.145963 14.459400 -1.458048 -36.268900 -15.419520 6.948831 -16.355660 -0.402434 -11.126140 -10.492000 0.347711 -12.737250
4.422341 15.093180 -2.455728 -32.289730 -17.093630 3.733659 -16.622400 4.221423 -12.087070 -8.250515 -5.151929 -8.377791
4.492987 17.139990 -3.133067 -32.859150 -17.937270 3.999498 -16.462720 1.272469 -7.795400 -6.149125 -8.569929 -11.982680
5.269098 14.791940 -0.648034 -30.249800 -14.212690 -0.271045 -12.269250 3.934443 -8.824820 -12.301590 -12.025310 -6.999753
7.008168 15.110220 -2.810545 -25.514210 -13.935290 6.255139 -9.764534 -1.949677 -8.416852 -10.728630 -11.468100 -7.580329
5.895005 19.199490 -3.982797 -20.029840 -9.866404 5.849534 -2.023575 3.611717 -6.824476 -17.119180 -7.614385 -4.844187
1.995302 17.981870 2.173488 -10.136470 -8.161977 3.784431 4.954055 5.626708 -8.519343 -9.798793 -8.164582 1.951764
-2.989834 13.523980 -4.708580 -5.754552 -1.380875 10.236450 5.814161 0.734764 -7.915391 0.213841 8.824960 12.570700
-3.029778 14.156180 -1.885750 -9.228611 3.120985 0.895567 4.312907 -3.719560 -10.227210 -2.574947 6.398717 -5.801746
-3.195168 9.958706 -3.710028 -8.793719 -2.218790 9.155982 3.496954 -4.892504 -3.737716 2.989563 -2.030054 -1.946740
-5.654559 9.515177 -2.848515 -3.056361 -3.304933 4.385706 -4.058918 -6.860005 -2.823287 -1.840368 1.481983 -2.158793
-8.252600 10.361810 -2.445690 -8.388440 -6.215042 -2.616250 -6.566051 -9.466828 -4.171682 -3.323318 4.395927 -4.059412
-8.989427 9.766470 -3.984979 -2.657851 -4.194895 -2.087994 -2.530445 6.989099 -1.144418 -2.031271 1.768179 -3.791779
-9.695553 8.795779 1.100306 2.264719 -1.857314 -1.460476 -3.385108 8.419916 2.780276 -3.236939 -1.596671 -4.791023
-11.530030 7.749780 -0.908582 -0.460547 4.344397 2.122650 -1.352789 -2.337254 -0.984931 -7.306885 -1.465838 7.453650
-11.097900 1.136876 -12.229150 -8.594887 4.884895 7.766315 -5.728929 -5.950042 -4.136185 8.972898 -0.679091 -7.223888
-8.359559 -3.136304 -16.394000 -4.578483 13.281770 0.683353 -8.883862 -15.649160 -11.803090 21.286540 -1.025447 16.367710
-5.699455 2.539601 -11.792720 -1.382789 7.359173 -11.702140 -14.535040 -10.129130 -7.259442 15.266910 -13.233180 6.261081
-11.140490 -1.780349 2.738665 0.971888 12.212790 -5.163401 -10.674240 -5.575742 10.760650 18.527510 -7.355640 18.102190
-10.092690 0.817804 8.202334 13.505070 6.115743 -8.047700 -7.418899 -1.567718 11.294610 5.947478 -13.689340 4.001000
-3.309059 7.193684 3.765585 2.455936 2.760081 -15.727380 -21.593720 -10.160280 -2.999274 -3.211534 -29.451740 -2.698288
-0.415561 6.836562 1.495712 1.559077 -5.277035 -10.795090 -22.688510 -21.390810 -15.373310 -4.905712 -13.684660 -12.498620
-3.806550 7.146914 1.162279 0.638528 -7.738730 -13.412410 -29.032250 -17.492070 -10.517690 -10.835330 -14.800830 -18.686810
-3.691008 6.319706 3.558281 1.009116 -8.164265 -11.797970 -30.915780 -16.013250 -7.998884 -6.324059 -8.964764 -13.917740
-3.522317 4.292710 2.420071 0.569994 -7.823380 -12.327940 -30.620610 -19.982470 -11.906080 -10.195840 -6.711990 -16.348190
-4.283242 6.687133 2.091875 1.175797 -7.451037 -12.058680 -29.745980 -22.389120 -12.937500 -13.608880 -7.721854 -12.637570
-4.316915 9.011400 1.408862 -1.948825 -4.479157 -11.389520 -29.831870 -23.724960 -12.382040 -13.852040 -14.070740 -13.762480
-2.796714 9.420050 2.966918 -0.749911 -2.729546 -6.778974 -26.314630 -18.347390 -16.262240 -12.690650 -19.790570 -14.687410
-1.448505 12.636130 3.434771 1.557385 1.593864 -1.212321 -16.159690 -22.022990 -21.306350 -10.978330 -17.093320 -11.927710
-1.532356 9.810863 0.613250 7.175443 8.857124 -5.717328 -22.370960 -14.523710 -9.134295 3.549207 -22.146140 -11.472790
-5.072558 9.178665 2.252045 7.589183 15.637650 -2.335578 -16.281260 -9.784448 -4.067690 11.895970 -17.592700 1.053410
-7.987514 11.262740 7.305470 7.854010 6.095152 0.497379 -9.888530 -11.807100 -3.119764 4.878273 -5.680516 -12.968030
-11.362990 5.632414 1.143512 3.355333 0.509437 -1.789638 -11.908750 -17.537520 -10.823160 -5.342685 -4.454545 -16.641190
-12.424650 8.152484 -1.338903 -1.909905 1.236392 -1.872356 -13.926550 -14.942950 -13.909420 -9.491024 -7.522101 -5.070739
-12.873280 6.711312 -3.581717 3.112504 -0.682518 -9.181795 -8.931646 -10.001470 -3.627725 5.943849 -3.590699 1.891350
-12.257280 9.230589 3.838469 1.916128 0.102205 -4.643702 -14.146720 -18.360670 -2.966276 4.372343 -12.149720 -12.041890
-13.935610 9.130309 8.012487 8.217830 1.159178 -6.526255 -14.554400 -15.446440 -16.347230 -1.401943 -6.601601 -11.273430
-13.588980 9.053415 4.102509 4.217502 4.692146 1.202481 -8.389694 -7.992607 -11.291130 -13.475320 -12.855280 -1.566737
-12.881210 7.947168 1.587798 2.678458 -1.250470 4.066813 -12.392030 -18.851390 -9.309782 -10.191490 -7.009868 -0.173595
-11.035840 4.833745 -7.589456 -8.579658 -6.636001 0.824259 -2.221968 -4.793439 -14.405390 -7.107272 -11.523590 -1.200630
-3.636538 6.064845 -15.635480 -21.613720 2.068015 -3.274002 -0.086218 5.789603 -17.252160 6.046196 -23.431690 6.376472
-0.164010 6.821897 -20.398680 -18.902840 3.549379 -2.493598 8.722919 1.700387 -10.217710 12.767740 -23.195140 8.921102
5.681087 16.417820 -3.202023 -16.268110 -6.315134 0.852212 7.426105 -5.456252 -21.469840 -1.595024 -11.254920 20.904790
5.450334 13.960770 -3.718756 -24.253530 -18.421710 4.809566 -3.654874 -13.827710 -14.937340 -11.437080 -14.208000 7.060960
5.975554 12.339260 -3.219917 -26.243540 -21.844860 14.572030 -6.481976 -10.593300 -7.208446 -14.890760 -5.001822 5.151884
5.602519 12.694790 -3.340808 -29.871590 -17.729640 13.116190 -10.218180 -8.882655 -5.309594 -16.274990 -13.432340 5.267274
6.123117 12.984530 -3.756726 -30.982510 -19.407760 15.851590 -10.706900 -13.569830 -3.638224 -15.173130 -14.768710 2.289477
6.249553 13.944520 -4.824671 -29.198950 -17.118800 13.815010 -10.521210 -9.838065 -0.673455 -12.972290 -15.798430 4.791213
6.757277 10.524710 -4.916758 -29.782750 -18.587580 13.844680 -10.268380 -6.544939 -2.251832 -18.157170 -11.426630 0.688511
6.403719 11.996800 -2.878628 -33.438720 -18.067100 10.728200 -7.047517 -7.210305 -1.477892 -17.657770 -9.364270 0.810546
6.031674 12.037230 -2.576182 -36.580270 -16.797930 10.211350 -7.819919 -4.830716 -0.817444 -21.166620 -7.989944 3.055524
7.148139 12.032870 -2.801817 -35.795090 -20.666640 11.890820 -11.044410 -4.708673 -3.749715 -17.982960 -8.454283 -2.339430
7.698448 12.956790 -5.687057 -33.541940 -18.621320 10.859980 -12.150690 -1.920060 -4.303172 -19.388970 -6.784416 1.063680
7.145167 13.108590 -5.674400 -33.027520 -14.096590 8.679069 -9.578843 -2.843300 -2.824287 -17.658500 -7.242914 -0.715507
4.855788 11.696750 -5.413415 -32.611240 -15.999480 7.535845 -8.681235 -3.227302 -7.282940 -14.886410 -8.923879 -1.303937
3.285409 13.898150 -5.016700 -37.458510 -15.489870 7.056650 -9.821996 -4.969100 -6.164527 -21.338650 -0.111955 -0.987973
3.438585 12.484720 -3.677732 -39.761570 -15.189590 5.258527 -9.484486 -8.088608 -0.075501 -22.203890 -5.328903 2.637460
3.872692 13.217990 -3.208133 -39.519590 -15.929130 4.908828 -12.211180 -0.782351 -1.041426 -19.757710 -10.272500 5.388102
5.463869 16.082100 -7.450235 -33.024140 -16.465050 5.229433 -3.460715 -1.602441 -2.844786 -20.029190 -11.360050 8.189490
1.177266 14.734470 -3.003884 -26.989800 -15.353740 12.051690 5.496007 6.969184 -4.087689 -16.245960 -2.476870 2.674917
5.519659 13.939370 -12.192920 -31.078120 -18.663650 3.536846 -0.865274 -5.653870 -5.833053 -14.851570 -5.652480 3.588374
-0.833493 11.974600 -7.033880 -22.684030 -20.765010 3.520303 -0.411026 -2.246871 -4.796134 -16.423070 -0.294770 1.270296
-1.185730 14.189480 -5.163777 -22.738180 -19.708610 0.306842 0.674087 6.886971 -11.045650 -25.720720 -9.618342 1.739107
-4.169021 9.919466 -7.005949 -25.540440 -19.941400 -5.190784 -4.169003 1.188214 -6.845474 -5.565526 -3.988454 -0.090828
-8.427564 6.045424 -11.281220 -17.049050 -20.627740 -14.174550 -5.425291 -1.374695 -11.736590 -11.029140 -8.058281 -2.702517
