-10.093380 3.608776 -7.698972 -4.639441 -3.953677 -1.248920 1.462936 0.356559 -11.302150 -7.929497 -14.548010 -19.657330
-4.383437 6.257112 -11.772700 -9.284125 -3.185619 4.214391 -0.072369 -6.318741 -10.878810 -6.568085 -7.632689 -10.835620
-2.964893 7.290081 -13.547000 -12.278540 5.031852 11.711420 3.052925 -3.298083 -7.477925 -4.553829 -6.356185 -8.034622
-1.184907 15.844010 -1.663739 -4.228403 -2.046375 -0.955050 -7.746818 -5.446410 -2.310758 -8.439273 -4.846580 -8.460829
-0.245796 12.530840 -14.229740 -16.485240 1.682060 2.869267 -1.062218 -22.836860 3.636546 -10.436960 -9.451137 -11.856270
-3.641865 6.893381 -18.635890 -17.366100 1.590092 9.410546 -3.159592 -35.613660 8.095077 -18.250020 -11.439350 -15.156000
-3.085018 6.046110 -16.641360 -12.234450 3.785726 8.446118 -5.911789 -33.738190 7.336886 -20.177680 -16.049780 -17.705010
-2.910970 8.834434 -14.210470 -15.086820 5.216616 3.539825 -5.198820 -30.341960 7.334054 -19.641550 -13.117410 -13.032450
-2.961690 9.237254 -14.942770 -12.474060 3.578591 6.952725 -8.460478 -28.490560 3.696720 -23.099290 -9.616984 -9.293799
-1.933419 8.412022 -16.399780 -10.762960 6.271349 7.785579 -8.621069 -31.376390 8.284094 -21.010490 -12.935240 -8.968536
-3.593815 8.784641 -15.346770 -11.447890 5.901820 12.037340 -7.415945 -30.801800 4.597912 -19.499990 -9.182124 -10.275570
-3.759320 10.393480 -12.785110 -11.041340 2.369749 3.875772 -3.122905 -29.370110 5.753959 -15.125850 -13.737710 -9.921144
-4.601264 11.738260 -16.225660 -11.227470 0.461619 2.691610 -7.357108 -28.344500 5.466540 -11.729100 -15.784690 -16.584160
-4.602331 11.918240 -15.330250 -11.197270 -4.094529 2.465196 -9.759050 -24.603190 12.653430 -11.276550 -21.756510 -19.421050
-3.199270 8.920139 -18.266990 -13.160210 -7.043307 2.170658 -8.904872 -25.745970 0.653337 -12.592780 -17.891080 -21.085490
-1.437970 9.487028 -17.083900 -12.102610 -3.551006 4.076806 -9.203212 -23.711600 2.339621 -4.482295 -11.976720 -21.274670
-1.557027 11.541130 -16.694350 -11.182980 -4.324035 2.495919 -12.659380 -23.451580 -1.839278 -2.326476 -14.151680 -21.282150
-1.500435 12.481050 -16.680590 -8.920437 -5.289285 3.527135 -16.006870 -26.505140 -7.054584 0.841366 -10.092330 -21.934920
-1.385649 13.227920 -14.017760 -10.611940 -7.639028 2.393732 -20.277070 -28.406300 -9.608788 3.515997 -6.460656 -22.677410
0.117783 13.596050 -15.192600 -11.647080 -4.723392 1.369862 -20.139320 -25.073460 -8.997139 -0.499715 -4.528596 -15.179180
-0.030104 13.866230 -15.807890 -8.977990 -5.736698 1.205562 -20.210620 -26.341430 -15.730950 1.997210 -4.433920 -8.142296
1.028064 13.545440 -13.187740 -8.491031 -5.358883 -2.853183 -24.398440 -21.733400 -9.154299 2.998691 -4.599114 -10.123030
1.435422 15.981960 -11.190450 -4.744751 -9.042577 -1.310366 -25.119020 -22.496590 -5.657134 8.654422 -0.130370 -8.003965
-0.041850 16.258260 -10.246860 -5.397840 -14.230900 -1.813952 -20.489570 -27.542790 -14.097760 10.956320 2.944993 -17.069440
0.401278 16.889230 -10.906890 -3.160603 -1.046326 -1.433257 -26.162170 -24.828700 -11.489050 9.295218 5.484943 -7.959102
-0.663831 14.048250 -8.683852 -2.451594 -5.892463 -4.248398 -26.913210 -25.578240 -17.446970 8.985738 4.333804 -5.201475
-0.598162 13.594830 -10.616450 -2.785077 -10.232360 -2.228042 -25.885290 -22.168370 -15.052050 1.476892 -1.056897 -11.824860
0.559309 14.446180 -9.103683 -3.878592 -7.950560 -4.261755 -29.164250 -14.939330 -9.172705 0.513061 -4.497908 -12.626430
-0.346701 14.097640 -7.464280 2.384528 -8.563680 -7.556439 -30.922450 -22.180400 -11.318430 2.040884 3.057953 -11.993100
0.596682 14.131920 -8.267464 1.357546 -9.138687 -9.907399 -29.315150 -16.690410 -9.029703 -0.837056 -2.418936 -14.320790
0.388465 14.243340 -5.857224 -0.441713 -6.365560 -8.367253 -29.394760 -17.713620 -7.948698 4.083754 -6.542927 -9.251926
-0.458283 14.115190 -5.841395 2.679642 -8.078983 -11.014090 -32.869610 -20.600260 -8.443539 2.022059 -2.035006 -11.530260
-0.677712 13.859700 -4.367171 0.496285 -7.392951 -6.949330 -32.775470 -20.475060 -10.425030 7.791492 -0.897578 -16.728480
-0.449207 12.650010 -4.674817 1.127332 -1.832612 -11.309290 -35.931920 -18.090800 -2.123865 10.457090 -5.554370 -14.432950
-0.437996 12.385550 -5.558526 2.498818 -6.531269 -8.058690 -34.890840 -19.756010 -5.010796 10.294440 -8.917682 -16.890730
-1.416615 11.965990 -3.340307 3.005778 -12.399830 -9.689000 -32.907680 -18.079560 -4.057925 8.568580 -9.430243 -17.787260
-1.590128 11.593370 -2.895700 4.000922 -12.082490 -11.967830 -32.688950 -12.393760 -5.280517 1.834564 -7.636607 -15.717540
-1.440639 10.017190 -1.386376 1.574698 -9.644926 -15.375390 -35.481990 -10.835280 -5.458914 3.119170 -7.993114 -18.493120
-2.137899 8.738523 1.098194 -0.896018 -15.241720 -18.213900 -32.422450 -10.720520 -8.719631 -1.641252 -9.173635 -13.780180
-2.427267 9.260110 3.390054 -0.831526 -19.577480 -18.583910 -29.326920 -6.182313 -6.418157 -1.022292 -8.646057 -15.004210
-3.212084 8.498953 2.155340 -1.842997 -22.970350 -18.069640 -29.162180 -11.531860 -8.040020 -1.520020 -4.985657 -15.867840
-3.503587 5.868983 4.299228 -4.109214 -24.559500 -19.517620 -27.473890 -14.079840 -7.794369 -4.887405 -0.871461 -17.167390
-3.135204 6.646873 6.898046 -4.563927 -25.872730 -14.299420 -22.323220 -9.273592 -5.798012 0.395594 2.815058 -12.469410
-4.425614 8.521399 7.968957 -5.857451 -30.667500 -15.293900 -15.671150 -10.366610 -7.882860 -4.190134 6.654365 -7.142581
-4.537197 5.640840 7.834061 -7.455069 -29.628510 -16.705150 -16.244990 -10.926770 -7.443237 -2.424365 4.276998 -11.191540
-5.570807 4.696026 8.700563 -8.343678 -33.857380 -16.234950 -18.100780 -12.425860 -6.428068 2.012270 4.249574 -18.908110
-6.804090 3.281866 6.222876 -11.300940 -35.366160 -17.441830 -18.174850 -13.984340 -6.772829 -2.724056 -0.729772 -23.327190
-6.784337 5.860412 8.439030 -13.123060 -31.674180 -16.431310 -13.999480 -8.206250 -1.442838 3.091309 -2.950432 -18.932780
-8.095035 6.611773 7.812037 -13.007140 -28.697230 -17.437820 -13.206910 -7.669370 3.817775 5.102553 -6.703551 -17.696040
-8.631593 9.379691 5.045287 -13.591650 -27.693870 -15.117580 -8.207132 -6.774568 8.060389 8.390874 -7.600042 -16.042810
-10.122210 5.544114 3.827779 -13.136530 -30.707270 -17.457860 -8.121991 -6.397387 1.818586 1.487434 -5.587018 -16.715760
-8.530154 2.280730 1.213819 -8.881251 -29.796700 -16.661730 -8.600995 -5.856493 -1.117191 -6.880578 -4.027789 -4.382711
-8.004273 2.506017 0.348005 -5.941128 -24.371420 -13.099900 -4.624984 -0.413050 -3.089479 -7.226202 -8.747264 -2.290564
-8.411631 5.100480 -2.203324 -8.840025 -24.115400 -10.717550 0.371333 -10.478970 1.620366 5.566397 -7.225253 -9.667664
-8.600628 3.014951 -0.698818 -1.454817 -18.120070 -9.667628 6.804662 2.646930 5.420525 10.228180 -2.339278 -12.023010
-7.581433 6.668095 -0.438661 -3.377755 -15.777790 -9.061188 3.403180 -1.127287 9.068478 10.177730 2.194108 -3.809202
-9.950299 5.880818 -2.362309 -7.951008 -20.720860 -10.916580 2.211207 -6.744072 5.666175 2.918874 -5.052257 -3.185596
-9.878758 -0.343934 1.403775 -2.904674 -17.262530 -7.465607 2.452093 6.456458 10.638660 16.755870 9.590652 -0.807816
-12.400320 0.934728 1.988784 -2.838957 -19.301570 -11.707350 -2.447315 12.157510 7.154240 4.781025 12.090120 -6.163803
-10.856310 3.525110 0.187644 -4.559437 -19.768870 -13.964140 6.828889 15.365150 4.307662 0.692273 3.387689 -10.197060
-11.320260 2.162374 1.501506 -0.543759 -14.331980 -10.450390 3.186520 2.746442 -3.969434 -0.473360 -0.036346 -9.697574
-11.220420 2.842313 2.350802 -0.478041 -15.575620 -14.977330 5.076925 16.243900 0.995974 2.668880 11.437830 -14.191430
-10.109930 3.936094 2.991560 -2.092395 -14.285590 -13.052480 -1.013072 16.978200 7.217246 9.737978 9.700998 -7.024440
-13.955540 0.330292 -3.276300 -5.145584 -18.416690 -14.767610 -1.726041 -1.626449 2.066361 1.977632 6.781036 -6.487570
-15.299340 -1.476486 -4.850320 -2.865080 -15.344460 -9.552084 1.282271 5.279172 7.786420 9.494761 6.123522 -2.333932
-14.773450 3.266765 1.839435 -2.204236 -20.321510 -14.209260 3.741667 9.910472 3.906974 9.817042 7.039601 -1.571995
-14.429100 1.956270 -1.516454 1.161211 -10.456070 -10.761630 2.759431 8.814240 2.963306 0.399359 4.719040 0.692878
-16.243250 1.374281 -1.904625 -4.534538 -13.081710 -10.374250 -5.275655 8.999620 1.114198 -3.822673 -6.683963 -7.603930
-14.848730 3.769578 -0.270728 -1.862181 -7.722711 -0.258445 6.472405 3.636428 -0.104854 8.829116 -1.108479 -9.353618
-13.794300 2.655391 1.555877 3.654377 -2.477217 0.356679 3.514624 4.553700 -4.364458 -0.073521 5.266207 0.159746
-14.828980 -1.466283 -10.305360 2.415957 6.555539 -0.776725 -9.118071 -1.278961 0.763066 13.637730 -6.595815 1.649971
-14.550820 -2.257233 -19.229160 -5.341919 9.045305 1.484071 -17.982410 -2.697001 5.542996 26.247350 -8.717881 21.749690
-12.215590 5.144149 -15.738380 -2.749974 8.674119 6.285506 -14.044480 -6.672649 1.900706 22.175920 -15.636470 6.772667
-12.789520 6.624426 -7.300477 9.383596 18.931460 7.088974 -2.942933 0.974494 5.555738 12.292130 -9.084835 15.205560
-10.751670 8.189184 -9.623309 5.087906 15.270130 3.491070 -6.086916 -8.701401 3.194091 12.587300 6.493088 11.420550
-8.145220 10.595090 -8.904779 7.780673 18.443450 6.011673 -0.316716 -7.455901 -1.129226 -1.650288 -3.292575 -10.756360
-4.181093 12.754080 -15.572510 2.281666 11.090970 5.798617 -3.067529 -15.598190 -0.264846 4.284050 -11.778880 -8.461576
-3.809506 16.319070 -16.434880 0.360361 8.087511 -2.421061 -3.716123 -22.068050 0.121683 -6.906179 -10.857580 -10.779540
-4.519044 13.190370 -21.607740 1.733480 6.104813 -12.016580 -4.199972 -25.993140 7.551388 -13.863830 -19.106860 -12.707180
-3.373318 11.828860 -24.637400 1.627761 -0.337095 -17.595440 -6.929327 -28.591680 -4.490469 -7.070332 -22.838430 -24.560940
-5.550519 14.266600 -21.392320 2.870262 -4.301664 -14.831730 -13.935110 -22.115400 -4.968320 -8.332348 -25.438460 -18.014570
-5.281972 14.567390 -15.555990 5.070354 -4.246981 -15.430820 -12.552090 -18.916580 -7.975599 -4.964211 -24.617710 -7.466348
-6.491231 16.819440 -10.357670 7.776183 -1.074497 -14.302090 -16.154310 -11.966020 2.387760 -11.716300 -27.678700 3.075144
-7.863860 8.161024 -5.193755 7.399432 6.881155 -5.515378 -6.242661 2.078752 8.670622 2.412862 -11.683550 -0.131121
-8.022426 7.683923 -5.835201 5.179747 2.272810 1.594940 -4.927477 -3.793233 -0.603236 -6.091441 -14.705370 -7.155293
-10.070420 4.758061 -7.364484 -1.091128 0.393678 -3.307346 -9.882262 -1.323902 -2.983998 1.827034 -1.052979 -7.834979
-13.467030 1.948923 -4.548180 1.306115 1.561093 -7.071554 -14.351810 -0.153036 0.440250 11.561730 -4.162948 -4.837331
-17.452510 6.009378 1.740327 0.333829 0.256141 4.683247 -9.296659 -10.297600 -0.034769 0.191533 -16.237830 4.578828
-26.688260 7.672496 4.028747 -9.060442 -4.478972 12.299820 -6.086224 -2.999548 12.430430 2.335304 -27.975790 -0.699395
-24.972870 7.851255 4.181538 -4.786386 -3.357956 5.534134 -10.265050 -2.370378 10.487170 -0.029847 -8.183774 5.309360
-28.412720 11.899470 0.586138 -9.212693 11.190400 13.860010 -10.487250 1.505757 12.774480 1.493458 -10.362650 8.059509
-31.551460 12.725920 1.549683 -6.325225 11.414930 15.296630 -2.533149 0.013084 5.625115 -6.728473 -12.121680 1.024122
-30.944420 13.949490 2.485010 -9.381272 5.286214 14.390980 -10.818120 -1.823065 16.816750 7.187591 -6.063014 8.442348
-33.127500 12.621030 6.308907 -9.978032 3.299372 14.969370 -4.280960 -2.221914 12.143720 8.917216 -6.837404 12.771700
-32.551430 11.941910 7.193304 -2.401796 4.148627 8.780062 -11.193290 -3.308516 11.898070 2.758486 -18.224740 8.084932
-32.647530 12.567570 7.833373 -4.325958 -4.729191 6.372999 -12.787440 -3.863855 15.660000 6.056595 -19.876680 8.827428
-33.424340 10.059220 5.818876 -8.222040 0.068890 14.543920 0.054304 -7.240828 9.553409 2.710294 -21.627220 -1.268417
-28.833430 7.132544 5.882883 -1.888713 8.801714 15.545080 7.575776 1.126971 9.837996 19.651880 -4.189719 15.328190
-21.154500 6.706051 5.281355 4.590334 7.361710 8.379998 -8.073537 -2.290127 -6.633367 6.149967 -9.499454 4.639394
-21.509000 4.875194 6.076968 -0.295993 7.477705 8.627784 1.580611 2.580322 -0.266262 -3.248139 -0.910637 1.589405
-21.206290 4.596851 1.854576 4.472778 11.535900 14.378290 -2.798262 1.024250 4.416682 -8.904623 -8.860876 6.277670
-21.259670 2.747628 3.352889 3.434776 8.355959 10.256090 1.537694 3.145291 9.239088 2.731378 -8.433851 -2.689851
-18.268290 3.618979 -1.476536 0.615474 4.747662 2.434473 -4.570992 1.979240 -3.749976 -2.349066 -12.047890 -10.210520
-19.215950 2.683144 -4.915703 1.899609 9.216813 -0.424081 -9.680831 7.109703 9.445804 22.390520 5.517590 5.375908
-10.450020 4.789079 -17.957280 -11.148690 -3.683573 19.953800 9.430879 16.973390 -7.501995 1.228404 -12.367180 15.011900
-8.712744 5.487384 -19.084630 -12.368340 -3.847624 12.691870 -1.563373 4.951746 -10.839170 1.208826 -18.629560 13.784870
-6.119111 14.204570 -18.874720 -10.789090 -6.260335 16.125480 5.494323 0.932763 -14.814890 3.998666 -9.588908 -3.750880
-5.591628 13.560950 -10.672880 -4.645155 -1.808584 12.404010 0.436400 1.843615 -8.157537 1.592100 -3.031397 12.278950
0.928761 20.938250 -6.038921 -7.077094 -12.904410 6.181984 -2.838410 0.039567 -9.329157 -7.772874 -9.935620 -1.613868
1.563555 24.488960 -14.194640 -14.878650 -16.106720 3.607282 -6.252352 -6.553877 -21.254210 -5.747323 -11.120060 -10.672610
0.986955 24.158370 -10.880050 -14.686390 -22.542830 2.005690 -0.357556 -1.195500 -20.735290 -15.971460 -12.551310 1.027860
0.696519 22.984600 -10.833930 -17.338340 -20.298310 3.459679 -4.659595 -3.039674 -20.219920 -14.505380 -12.724340 -3.655918
0.947981 20.883560 -14.110670 -16.144000 -17.607210 3.709468 -8.128222 -6.740862 -22.638910 -13.578450 -10.901320 -8.212583
0.716807 21.419440 -12.878030 -16.694230 -17.550870 5.034555 -3.065452 -6.319543 -29.576610 -15.304310 -5.752213 -3.341124
1.115088 23.415580 -13.031500 -12.687940 -13.625240 8.211691 -4.729507 -4.277149 -29.282110 -18.594890 -7.790702 5.726593
0.915413 19.386550 -12.311600 -6.933006 -12.349280 5.346458 -7.778659 -1.659352 -25.767960 -19.015060 -14.581970 2.712495
0.027556 16.057060 -8.642558 -5.552540 -4.952069 6.741005 -1.455389 -3.026834 -16.489140 -9.382773 -9.276801 7.272151
-4.805209 9.230316 -5.805606 -1.681765 -5.093750 5.843366 0.404558 -5.171950 -10.560950 -3.092270 -5.943525 1.800265
-5.838285 8.810353 -4.183409 -5.032927 -8.373944 -0.880247 -1.667203 -2.725892 -9.496936 -6.604982 -2.992221 -8.441387
-9.938554 6.958273 -2.560524 -8.027338 -8.840412 -2.444437 -6.973628 0.277111 4.099531 -0.249721 -3.599458 2.201796
-11.234300 8.701792 -4.177215 -8.428171 -7.049935 -1.125361 0.851721 0.980112 -4.958409 -2.163076 -2.302060 6.145322
-11.964130 6.290986 -4.270128 -8.833902 -10.783340 -6.604701 -3.772191 1.130984 -2.847368 -1.762484 3.336107 -2.378048
-13.753190 5.762053 -1.523337 -8.789411 -10.382330 -3.018151 -2.394016 4.545675 -2.622247 -4.738312 -1.534198 -5.008561
-11.943840 9.223378 -0.799990 -4.096560 -2.434961 4.553677 1.752969 -0.828752 -19.931800 -10.082300 0.675362 -2.645735
-23.390960 6.312209 4.101013 -8.954723 -5.230459 24.251650 6.165067 -2.374391 -6.765042 0.153130 -22.279510 21.785580
-24.073270 6.026112 3.474020 -9.533524 -7.520546 21.835240 5.702676 4.158864 2.864904 11.126500 -20.716370 24.440770
-22.200920 12.077820 8.829953 -5.419473 -1.619677 15.215150 -8.900719 -10.950040 -2.722772 -8.232200 -16.372340 21.532100
-22.201990 13.898880 11.891270 -3.928798 -1.970150 10.101140 -9.894722 -9.811275 -1.972368 -13.589750 -18.333130 8.613577
-13.862110 17.216550 20.466140 -3.865530 -16.810980 3.133082 -17.737380 -17.834800 -5.740670 -6.397909 -18.466330 2.506870
-14.527330 18.681310 17.305020 -5.597032 -23.486530 3.307401 -18.392200 -22.469310 -9.984698 -1.578754 -10.266660 -8.077991
-14.570580 16.588440 17.839790 -4.432901 -27.683920 -4.249066 -18.434420 -23.982040 -17.325910 -2.682642 -2.202159 -6.803112
-13.822600 17.337350 18.192860 -3.604295 -26.996230 0.853586 -17.489570 -21.240660 -17.753500 -1.125452 1.257788 -6.445697
-14.597810 16.465180 15.291900 -5.883574 -29.752790 -3.883064 -17.688230 -18.575520 -18.473460 -10.039380 -6.781251 -10.366790
-15.304140 14.392710 13.263640 -6.420740 -30.952520 -3.227868 -21.043330 -24.021370 -19.405100 -7.021387 -10.151740 -15.155250
-14.837520 13.564620 12.859640 -6.274203 -27.079090 -1.023842 -18.884360 -26.637560 -16.477110 2.376719 -10.082530 -11.228180
-14.302560 13.031610 15.713110 -8.521645 -30.428880 -4.559633 -17.243840 -22.523080 -18.290110 0.238218 -8.186385 -9.616818
-13.245460 12.919380 15.273320 -9.619242 -29.544830 -4.853503 -16.176460 -21.202140 -18.300020 0.897087 -4.745374 -10.134250
-13.202750 12.489210 14.009700 -10.855620 -27.613500 -5.276275 -16.421500 -16.106990 -19.177850 9.375789 -1.100644 -10.983670
-15.086310 16.843110 15.919580 -5.666831 -24.352360 -8.999742 -7.365414 -16.504230 -12.640140 15.774720 -6.195561 -8.421199
-13.766540 14.490660 11.256710 -9.935581 -20.374530 -9.300291 -10.765510 -16.440030 -7.022727 15.399730 2.794163 -8.699354
-11.169170 9.259702 5.756245 -8.542870 -19.860840 -8.572294 -16.862430 -24.102420 -4.230659 23.053150 14.814200 -1.488250
-13.162180 10.271040 10.150700 -6.342369 -13.811660 -6.636092 -14.059700 -18.113270 -13.986620 10.624250 3.457554 -6.515236
