-5.899781 10.376860 -10.227540 -0.856827 5.546127 3.445268 2.106887 -10.978740 -9.671909 -5.802124 -9.865075 -12.542360
-5.464484 7.141218 -16.223380 -7.535061 11.699110 10.928750 1.258496 -27.948450 4.400014 -16.937290 -16.345980 -1.761743
-2.486556 6.478312 -17.347630 -7.651640 8.506932 4.491702 2.758539 -30.070780 6.443470 -10.652260 -18.545580 1.346113
-5.236256 3.637902 -19.406900 -12.426370 3.912109 6.125203 -0.292629 -36.303660 7.699902 -19.547190 -21.621790 -1.576598
-5.082466 2.587222 -20.691820 -16.011500 4.772358 7.777622 -2.938586 -34.390900 5.946017 -16.544840 -21.540800 -3.137846
-4.958149 2.965577 -20.658910 -20.052280 1.580181 6.437359 -2.830207 -34.810040 6.116102 -20.694760 -22.968770 -7.499523
-2.610495 2.056583 -15.797970 -21.986490 0.203327 9.880541 -5.964213 -28.303650 6.049043 -21.790340 -20.476960 -9.718683
1.512354 1.048290 -15.787810 -20.600710 0.266291 12.828880 -7.531906 -27.491130 6.310572 -19.062470 -18.502170 -12.048070
0.575257 3.257193 -18.265710 -16.430180 1.472460 5.310522 -4.364766 -26.953890 2.771711 -15.376830 -22.949330 -9.036659
-0.816407 5.500633 -13.089220 -15.352760 1.565009 3.624995 -4.660908 -29.060230 12.106860 -13.566430 -19.953460 -9.649792
0.122579 4.933494 -12.590740 -20.445890 3.576809 10.021840 -1.992172 -38.498800 8.918538 -9.856849 -18.018200 -2.921700
-1.410028 4.958220 -15.074440 -16.361230 3.176269 12.266060 0.863639 -38.824700 5.373581 -9.544408 -8.800583 -7.393603
-1.858172 5.566963 -15.987200 -17.255010 4.392301 11.512860 -0.249830 -37.980210 -0.608647 -8.494956 -11.760820 -12.904040
-2.355060 4.243114 -14.466100 -16.383800 3.595015 12.209300 -7.730025 -31.023600 -1.558439 -8.356547 -10.198090 -16.228040
-3.565351 3.696775 -16.264510 -15.829110 5.358754 13.836890 -9.102361 -33.858100 6.719019 -8.114771 -14.456060 -17.703180
-2.725743 2.984024 -16.364210 -15.819080 2.270504 11.044620 -10.139200 -26.762970 -1.081714 -3.532108 -16.388740 -23.077560
-3.618630 4.727046 -15.556470 -17.174780 2.322848 9.769394 -12.125920 -24.426640 -0.793363 -1.675566 -20.094050 -20.886820
-5.213584 8.384608 -15.690530 -14.874540 -2.939541 8.811049 -13.063360 -20.851540 0.276525 -0.476610 -20.973900 -21.735900
-4.357349 9.963181 -14.673720 -12.119880 -5.570356 7.102466 -13.850310 -18.070320 -1.395060 6.408772 -21.860860 -18.776160
-3.289135 10.688880 -14.143290 -13.024940 -6.578532 3.280913 -17.862390 -18.474360 -6.453710 6.394756 -17.008130 -19.212760
-2.307827 11.202650 -15.968330 -11.479320 -5.235815 0.698527 -17.389530 -20.257470 -15.914450 4.378197 -6.924924 -19.118030
-1.032922 11.683830 -12.821100 -9.515654 -5.805521 0.378094 -18.873690 -18.810910 -21.484570 10.878720 -8.084010 -18.233640
-1.786001 13.178410 -13.940030 -9.148367 -4.418047 -0.408801 -21.862040 -27.096860 -18.819300 14.371050 -7.997192 -9.750546
-1.761062 15.098840 -10.914280 -13.135880 -6.726458 -3.842523 -20.090710 -23.224280 -15.024400 8.690467 -6.201225 -4.090268
-0.901049 15.732700 -14.435610 -12.094180 -9.424030 -0.985226 -23.535350 -27.638540 -14.337960 6.727053 0.668413 -8.947962
-0.572309 15.620840 -15.463550 -12.668930 -4.871688 -4.876541 -25.202450 -27.487580 -16.435060 12.589850 -0.432362 -13.122770
-1.849103 15.605540 -11.875920 -15.677430 -8.151104 -10.426190 -26.783950 -25.288890 -21.157200 4.832551 -3.274032 -11.806950
-1.912206 15.744080 -10.251250 -11.367130 -6.115788 -5.658706 -23.747970 -26.988520 -21.348010 3.275018 2.801934 -7.747532
-3.530966 16.377940 -6.515524 -12.332980 -4.240535 -9.350193 -21.785420 -26.470820 -17.350110 0.776074 -2.496557 -2.502324
-3.352237 17.657440 -8.317809 -12.447060 -2.953196 -7.491443 -22.440520 -20.491010 -17.322680 2.122782 -2.504332 -8.559587
-4.005182 17.418810 -6.708626 -10.183160 -3.549453 -8.621237 -23.148090 -23.845000 -17.149540 4.706407 1.405719 -8.724066
-4.387578 17.244550 -7.716241 -12.303530 -4.377841 -8.891418 -26.195120 -26.562280 -22.508740 -3.617956 0.503200 -7.981762
-3.582355 16.349290 -5.720370 -10.529770 -4.613007 -6.846438 -24.930470 -24.425750 -21.056610 4.963367 -6.401425 -9.500814
-3.621653 17.620160 -3.881787 -9.956273 -2.614103 -3.400301 -28.190800 -28.482140 -17.376930 10.886310 -0.561941 -14.870890
-3.627698 17.823070 -3.495583 -7.938701 -4.848172 -4.836339 -20.414460 -23.076870 -17.537260 8.596443 -0.186809 -11.932680
-3.769774 17.463950 -6.425507 -7.509363 0.252636 -6.431412 -22.221000 -26.786950 -15.129860 8.745948 -5.928461 -13.796180
-4.310117 18.437700 -4.462061 -7.980068 2.165818 -5.834885 -20.855570 -26.286110 -19.140570 9.235341 -0.488081 -12.859260
-4.752593 16.567910 -4.706463 -8.913955 -4.757899 -9.619192 -26.175790 -25.048240 -18.319410 5.967851 -1.055637 -18.223310
-5.984800 18.451050 -3.400242 -9.521921 -6.856178 -11.221950 -27.115990 -22.124050 -16.149150 3.470659 -1.069891 -20.186710
-5.325809 16.440350 -0.815386 -6.545391 -5.774419 -9.527555 -27.974740 -23.006720 -13.146760 6.108595 3.007317 -18.343870
-5.060172 15.034080 -3.875980 -8.010153 -6.815973 -8.150638 -32.178030 -20.181100 -12.818170 4.341990 -3.929703 -22.263780
-6.525142 15.155750 -3.081793 -10.263390 -9.507476 -8.847669 -33.223850 -26.203530 -14.234330 10.255010 -3.309666 -29.030620
-5.723697 13.359350 -4.026493 -5.574525 -11.588310 -11.084200 -34.855740 -21.864750 -9.419525 8.761131 1.221716 -33.094350
-5.666640 14.379420 -4.031816 -3.096903 -15.118060 -13.966330 -32.771010 -15.898270 -7.857672 7.297623 1.468565 -31.943000
-6.175242 13.029270 1.106923 -3.798259 -19.457990 -16.201080 -30.865060 -12.697910 -3.614697 5.910034 -2.168074 -29.489610
-7.390068 11.958960 0.948666 -5.718055 -21.990950 -21.082080 -26.543030 -11.411200 -5.689243 -0.184609 -3.586966 -20.673250
-7.714272 10.916920 5.677487 -8.691451 -29.635330 -22.828500 -19.208490 -12.673930 -8.053970 -1.797623 -5.167183 -16.276270
-7.658727 10.363510 7.466705 -9.117028 -28.510340 -20.006670 -16.948420 -9.737313 -7.281578 1.281819 -0.986960 -8.022236
-8.339634 8.376759 9.073953 -9.617190 -29.493480 -18.522160 -16.287790 -12.042570 -2.128437 0.026799 0.475340 -8.197047
-9.490223 7.881051 7.990355 -9.736904 -28.545990 -19.942820 -13.965590 -13.474910 1.970667 -1.155805 -4.254298 -9.136552
-10.023760 7.996049 9.021685 -10.704640 -30.062430 -18.876290 -13.164830 -13.541510 -0.508059 -5.393322 -6.035364 -6.101031
-9.410872 7.052124 7.290058 -8.863813 -32.094710 -21.246430 -10.024610 -15.221610 -3.657371 -7.584497 -8.738385 -9.129663
-9.845412 7.424984 7.432827 -9.926188 -29.237070 -16.802930 -8.136618 -11.999940 -1.640129 -3.943830 -5.659584 -11.782840
-9.782687 7.297034 4.563400 -13.736950 -26.625980 -18.150880 -13.971800 -14.830890 0.216173 -3.737677 -12.738490 -16.924710
-7.676109 7.395940 3.051010 -10.403790 -24.441980 -12.468800 -10.485740 -11.678480 10.317010 -5.137529 -9.396646 -6.981117
-7.227209 2.662186 2.835645 -8.791108 -25.293880 -18.564130 -12.205990 -7.645182 5.280919 -2.680049 -16.259160 -8.867876
-7.507582 4.869126 4.117184 -6.784191 -27.135000 -20.069340 -12.812080 -7.287317 6.941531 -3.143163 -18.761330 -8.663786
-8.046413 5.178404 4.193167 -5.200343 -29.139970 -24.907180 -13.211770 -8.642407 4.518890 -3.353404 -20.267690 -6.213840
-6.834610 8.001544 3.109569 -3.697349 -28.613500 -18.661090 -10.508520 -7.307741 1.532958 -3.606860 -19.525200 1.674208
-5.603915 10.427100 2.630444 -1.128846 -22.318660 -19.416060 -10.173030 -8.973632 -6.041605 3.720027 -15.212810 2.184003
-4.790001 13.039080 5.010099 -1.959943 -15.470810 -16.606650 -7.663065 -3.954647 -10.165700 6.630109 -2.156412 2.038471
-9.390089 7.107072 6.556367 0.510158 -12.102640 -8.745981 -2.242064 -0.798689 -6.683538 2.924033 6.448291 -6.569491
-11.375370 4.211322 7.273603 6.466352 -13.550800 -4.200793 -1.480652 -4.284095 -5.358218 -1.867119 4.068570 -3.830203
-13.268460 6.078371 6.357458 1.066103 -18.962630 -14.986160 -4.350269 3.976096 5.800927 1.096107 7.181061 -1.059052
-13.025870 2.825067 0.766695 -0.454441 -14.848760 -17.417780 -4.105209 3.438855 -1.409082 7.892137 5.716169 1.636318
-12.850920 3.322737 3.032619 0.831064 -18.756290 -14.937090 -1.767821 1.955892 -0.594016 7.340839 0.838810 3.978620
-12.085380 6.782095 5.611668 0.337796 -14.836620 -10.748990 -8.093818 0.771298 -6.345197 6.408188 4.956187 6.766133
-12.190040 5.097552 -0.219141 -0.223790 -12.451590 -15.639440 -10.425680 0.332625 0.397231 7.430191 2.744919 -2.436877
-14.790110 2.462019 -11.687660 2.716388 -0.087216 -8.655527 -10.988290 9.423099 0.773977 0.116736 -27.418510 10.023830
-13.596450 4.891498 -7.660101 11.867860 16.231730 1.866158 7.530650 14.781300 17.025910 14.331340 -35.278140 11.394760
-13.702250 8.896016 -3.451059 7.597672 17.619200 -9.370295 1.921194 1.240163 17.442280 10.632860 -8.683962 23.339650
-8.609805 10.485970 -4.844877 9.669773 11.852350 -12.361790 5.645414 -8.661056 14.318580 2.205710 -13.112980 0.273993
-5.491690 11.182630 -13.447840 7.568213 5.766879 -9.331275 5.153223 -17.101510 12.094670 -13.684980 -19.045110 -14.888970
-4.277998 8.564366 -16.296460 4.390490 6.142385 -14.277300 5.444534 -22.615110 12.712830 -17.653860 -9.580001 -16.104040
-3.487512 9.475323 -16.320650 4.106564 -0.008322 -12.463480 0.477066 -27.872970 11.065630 -7.748602 -3.011634 -19.229120
-1.776176 8.991782 -18.118580 -0.547203 0.463526 -14.979060 5.293356 -33.843890 12.773790 -0.710211 -9.672003 -22.759800
-1.009495 7.841018 -22.642200 -0.444413 -0.309485 -17.560260 -2.014952 -26.516110 13.088970 -11.228670 -8.268661 -22.365390
-1.137212 7.043489 -22.031440 0.011249 0.626624 -18.911170 -0.427930 -28.391570 12.485440 -6.661190 -8.613989 -21.245050
-1.766352 7.876341 -19.248640 -1.240411 -3.688277 -17.251060 -2.059132 -32.445290 11.181460 -3.586420 -10.588130 -23.199840
-2.567419 10.387060 -16.153200 1.575040 -5.417878 -16.436380 -5.542434 -32.703700 9.975014 -3.236019 -4.660529 -16.654310
-0.568530 10.688100 -12.115480 3.716712 -1.484552 -17.671410 -14.929950 -24.207300 6.159995 -1.168653 -10.360070 -1.173584
-5.872575 8.372441 -3.035333 3.449708 -1.545998 -10.761990 -3.893284 -4.604664 8.024221 11.340670 -5.587020 -6.346456
-8.516851 2.031856 -11.489230 0.007488 -2.561001 -6.126941 -5.254575 2.473597 10.502950 0.906306 -8.485705 -14.583270
-9.704848 2.969501 -6.082860 -1.709235 -1.165941 -4.948668 -12.435170 -0.006592 8.263193 -0.846283 -9.960964 -18.399840
-10.023390 3.729351 -9.555307 -2.075268 1.329085 0.244481 -14.675230 -10.031240 -0.239216 -0.578811 -4.319736 -7.466800
-12.389560 4.188166 -6.980131 0.542123 3.340885 3.778708 -11.677910 -13.069100 -0.879929 2.304407 -1.995734 -11.304040
-14.844900 -3.236069 -11.296610 0.554032 7.086079 -2.324898 -4.624322 -4.640184 -0.629374 3.838580 3.787383 1.017158
-14.625360 -1.186123 -12.065150 -4.127940 1.064335 -0.505758 -2.534755 -10.128030 2.317542 -1.856023 -5.568231 -4.553561
-13.403360 2.109568 -7.020299 -2.441929 -2.795408 1.508479 -1.809930 -8.713448 7.273166 16.481640 -3.824096 -9.916745
-16.399050 3.157109 -6.863011 -1.798863 2.611873 0.034603 -2.815711 -0.699233 5.772884 7.693576 -8.137785 -4.117824
-18.034810 3.955030 -4.581117 6.478261 -0.469549 7.595531 -8.806217 2.381245 -8.730042 2.285719 -8.045784 2.744606
-9.086666 10.229290 -5.243181 -2.330990 -4.598593 -0.301793 -6.056715 4.879194 3.150897 1.698213 -10.752690 2.053110
-4.191468 18.010290 -15.651330 -13.229890 -10.579370 3.649825 -0.991913 13.223750 1.099516 -1.116676 -16.082930 -5.435369
-5.982533 14.360580 -10.876050 -5.389001 -9.974013 1.862611 8.519863 19.369600 6.575758 5.192296 -8.150095 -5.217501
0.738493 17.164880 -3.394919 -10.521620 -12.466760 -4.043532 -6.203060 2.440741 -6.404941 -11.917790 -15.635880 -11.841390
3.978280 22.467340 -8.918894 -20.188290 -19.822880 3.396198 -4.869382 -8.399983 -4.533399 -6.005940 -10.575170 -11.800060
1.562232 22.485000 -11.629100 -22.872120 -22.402110 -3.296249 4.803236 -7.986175 4.577414 -17.346090 -11.011850 -3.541721
1.126557 22.005390 -12.080640 -22.663410 -24.257640 -3.559926 6.016110 -10.519640 2.471167 -11.547530 -14.719110 -6.581547
3.332514 22.318590 -10.476780 -25.305870 -27.244240 0.292960 5.336155 -7.243805 4.982203 -14.876930 -15.098130 0.032874
6.727979 21.612120 -12.683170 -26.457240 -25.537390 2.180088 0.236838 -3.506206 -3.041651 -8.986686 -10.867370 2.107362
3.566788 21.406850 -10.634070 -29.206880 -23.598420 -0.033385 -4.959813 -5.352362 0.252140 -11.224580 -7.961558 -4.554422
1.564121 20.264330 -11.728790 -28.846490 -24.428320 2.836918 -9.072677 -3.768167 2.669295 -14.885110 -10.219470 -0.518256
1.731892 19.632820 -11.560370 -24.619550 -25.524500 1.728407 -3.880859 -8.044783 8.911832 -12.842270 -11.699270 3.986371
2.583214 19.612410 -13.676270 -26.675360 -22.314110 -1.373057 -1.163800 -9.748857 3.533130 -10.869510 -9.343519 -2.299956
4.560942 16.654650 -10.203820 -21.700060 -20.474520 -2.505216 3.519260 4.460057 2.496771 -7.804666 -4.970223 -0.317610
0.196640 22.357050 -14.630160 -28.292430 -22.235220 0.885348 1.591226 -3.215830 8.160167 -18.383280 -12.158630 7.610051
-2.383400 17.414500 -14.709530 -27.596090 -27.357270 -5.072821 6.074787 -2.673260 7.218300 -13.578690 -2.276921 16.898310
-4.204316 19.309410 -16.485200 -24.220930 -20.718780 2.064212 10.383010 -6.059211 14.591690 -16.178090 -7.225548 15.299180
-6.674397 8.837143 -10.647620 -23.459400 -27.089480 -11.823800 3.871318 10.084660 4.267116 -4.749752 -0.295656 5.250525
