-2.206429 8.415931 -19.372340 -20.093600 5.544035 16.534300 3.479286 -29.303100 23.736240 -4.754461 -12.212650 -6.798982
-0.300013 3.809969 -21.542030 -17.917800 2.053068 11.076380 -0.847211 -26.270060 18.557450 -16.186850 -14.922140 -11.729550
-0.211812 2.848799 -19.693080 -18.862530 2.919768 12.345470 -4.446758 -30.996420 14.963710 -20.380450 -12.674930 -9.270244
-1.202197 1.612893 -17.501960 -18.593330 -0.390359 8.255975 -5.648518 -33.135170 8.646299 -20.590420 -14.258890 -15.797590
-2.727510 4.387411 -18.937890 -16.288640 1.117199 8.937556 -7.285792 -39.286210 12.773760 -23.900180 -16.935650 -12.369240
-2.976762 3.478885 -15.955890 -16.890530 3.929806 9.907955 -8.154366 -35.290220 14.289000 -26.974450 -19.506460 -9.364811
-1.870481 2.144682 -15.277190 -15.027090 3.086441 5.740175 -6.060292 -33.499920 14.683750 -24.675490 -20.821400 -13.261650
-2.644125 3.457088 -15.754480 -12.851930 3.989809 9.050715 -4.280575 -36.604190 12.153430 -18.949010 -14.152310 -18.560160
-2.347010 6.668388 -13.198770 -16.605460 4.714003 16.109950 -6.077484 -39.364300 10.248810 -11.303770 -7.134583 -17.529700
-1.987581 4.539174 -15.564790 -16.686720 3.430621 15.259290 -6.471248 -33.338570 5.668190 -11.239930 -9.160929 -16.962300
-1.557110 2.833993 -15.157360 -16.851800 5.386529 11.664540 -9.034401 -28.183090 19.720220 -18.473040 -13.182160 -12.901320
-2.072471 3.310671 -14.835100 -17.374320 4.644834 13.873760 -8.854300 -32.210830 18.738040 -10.306440 -11.949400 -17.460130
-3.083928 3.442693 -14.753000 -16.633390 4.972346 10.568480 -4.172515 -33.003850 16.444030 -11.166160 -12.906710 -15.534540
-1.921054 3.411435 -14.526600 -15.942620 3.218946 11.084280 -9.176025 -29.900440 9.765441 -6.915102 -14.082330 -20.593910
-2.276870 3.985998 -14.440930 -16.635300 1.918063 9.180979 -15.997730 -27.748820 11.892280 -3.884104 -15.671430 -23.353230
-1.367462 5.932191 -12.211570 -15.479780 -0.848710 8.111238 -16.967810 -18.815350 2.213421 0.544998 -8.554180 -19.831940
-1.087204 8.417577 -11.047940 -15.355340 -7.008945 10.091510 -17.463910 -22.680030 -5.100941 5.590514 -8.477133 -21.529260
-1.238922 9.524752 -10.318250 -14.837260 -7.286456 8.452028 -18.155650 -21.816630 -9.172681 9.342908 -8.712128 -18.866150
-0.091701 10.838800 -8.300508 -12.634790 -8.362330 1.088181 -21.913200 -17.134050 -8.277100 3.399371 -9.912782 -17.029690
-0.538127 9.016405 -10.284600 -14.945190 -14.364230 -1.659857 -26.501660 -27.408100 -20.260030 -3.305285 -14.169010 -16.433480
1.366784 12.420190 -8.349461 -11.172620 -6.899775 5.233593 -24.104690 -23.855820 -14.677080 4.053380 -6.198457 -6.142443
2.227125 14.412440 -9.005724 -8.316200 -4.858030 2.915821 -30.636600 -24.390510 -10.381110 8.736424 -2.731326 -1.392317
1.713269 14.958630 -8.675298 -13.076680 -4.407179 -1.807884 -27.143470 -27.876700 -5.401034 11.994410 -2.102106 -9.562642
1.836991 14.883360 -9.094449 -9.530129 -0.990382 -4.755923 -28.008770 -21.977120 -4.742440 10.899190 -0.471913 -6.506583
1.250888 13.647460 -8.070026 -5.857867 -5.208043 -5.146056 -27.262990 -19.897600 -5.666218 7.395777 2.440478 -9.413182
-0.686233 16.468450 -6.786565 -7.655269 -7.205619 -5.367767 -25.587240 -21.518820 -9.554679 2.264431 -5.968599 -1.641236
-0.534515 14.821260 -8.532520 -7.625429 -6.458091 -6.080928 -25.719040 -17.082550 -8.642985 1.116014 -6.891884 -7.685419
-0.964986 17.164750 -6.525997 -8.596191 -6.003907 -6.857247 -26.865140 -21.847530 -3.423236 -0.543126 -2.723622 -14.212770
0.389945 13.928360 -4.499077 -8.890150 -5.426385 -5.377636 -24.929060 -25.600630 -5.482268 4.440678 -0.944470 -8.584355
-1.037534 15.211570 -4.428708 -11.043730 -5.609725 -6.098691 -29.798310 -24.546710 -7.756803 3.204303 -5.803590 -11.868140
-1.370472 14.952460 -0.714982 -7.153698 -6.358087 -8.692781 -28.271550 -22.755550 -6.317428 7.117717 -0.916861 -9.350680
-0.618502 11.693860 -0.106651 -10.051380 -5.716396 -9.903313 -28.775020 -18.720090 -6.928357 -1.266650 -9.971851 -4.011408
-1.501118 12.497100 2.872284 -8.581589 -4.506350 -12.734250 -26.435350 -19.150060 -7.946795 4.881176 -2.617682 -7.387585
-1.810576 11.788460 2.190525 -6.215950 -6.644764 -11.330290 -29.233450 -16.987290 -10.254230 2.392112 -4.967626 -5.359270
-1.059208 13.844460 1.227292 -6.150556 -5.803066 -10.798050 -28.819220 -16.536710 -3.142612 5.593351 -5.454309 -11.175730
-1.947544 11.937340 -0.501837 -5.669302 -6.645598 -13.157930 -29.305490 -17.208720 -8.556381 2.802109 -9.682282 -7.402259
-2.245864 11.350030 0.268138 -6.193729 -9.334867 -10.571080 -33.686840 -15.457900 -4.604813 1.227380 -10.890000 -11.786610
-2.472238 11.779000 -0.457984 -5.014085 -10.254900 -13.153990 -34.029030 -13.420420 -3.493728 1.967928 -7.738762 -14.009500
-2.631181 10.480980 -2.102977 -5.541052 -11.484950 -10.946080 -35.986390 -20.734380 -4.067061 2.672300 -10.279400 -15.816070
-2.227802 12.089510 -0.673679 0.028927 -12.672490 -11.959900 -35.947910 -16.787320 0.939869 5.359270 -4.952858 -15.988900
-1.823219 10.087390 -1.218780 -2.697334 -17.088500 -10.752000 -36.622470 -19.326010 -2.661254 5.405376 -9.779876 -17.561770
-1.993301 8.474334 -0.045971 -3.306203 -17.008500 -17.019790 -35.673670 -17.381220 -1.654228 3.907256 -6.859138 -17.189480
-1.564937 7.821627 2.831491 -3.817933 -19.942770 -15.054650 -31.632060 -15.714510 -1.282972 5.573490 -6.322375 -16.380760
-2.571577 6.380490 4.881357 -5.977228 -25.166310 -17.259270 -29.338240 -13.215300 -5.227155 1.448693 -8.532992 -11.223560
-3.687793 7.023737 7.560462 -6.710538 -28.482270 -20.140860 -23.312250 -11.964840 -1.482363 -0.411189 -6.458492 -13.161650
-3.235346 7.517688 8.303921 -6.975291 -26.673030 -17.498740 -20.011510 -8.395399 1.260775 1.613969 -4.901494 -8.746316
-4.335607 6.959988 8.001030 -7.247663 -25.357980 -20.135590 -18.488020 -13.243620 2.680681 2.827645 -4.857192 -6.370166
-6.361531 7.887843 7.123972 -9.432989 -25.970500 -18.417820 -14.758310 -16.456040 0.232266 0.331487 -3.879332 -5.056544
-5.851287 6.343063 8.216215 -11.712920 -30.263170 -20.833620 -14.320340 -15.103440 -4.322846 -1.053139 -8.676172 -6.257663
-5.159222 6.355402 8.731741 -8.714282 -27.617230 -15.481630 -14.947420 -12.548450 -0.414916 4.884723 -5.016423 -8.208802
-4.574022 5.763154 6.610486 -11.759900 -26.903040 -15.877020 -14.669080 -13.949960 0.273890 0.659910 -8.479701 -10.013200
-6.692061 9.584387 5.861928 -11.992270 -27.510560 -14.173070 -12.380170 -15.844960 -0.557913 5.370619 -10.118240 -12.100750
-6.641789 10.077520 4.876768 -9.732662 -26.513860 -14.794120 -12.142770 -11.113460 -3.411152 1.361445 -7.293814 -7.875641
-5.397035 11.666710 0.337996 -7.898436 -24.007930 -18.889540 -13.724370 -13.829810 -1.936867 2.532561 -13.131440 -8.187062
-5.778137 12.901800 -0.840932 -3.487150 -23.218730 -18.366510 -11.985590 -13.197280 -1.158100 4.600988 -16.120870 -4.913606
-7.402188 14.953280 -2.856124 -2.623051 -20.549460 -26.580360 -17.827380 -15.479350 -2.516913 0.118686 -21.494280 -7.469652
-4.702862 16.461050 3.728435 4.470688 -16.104290 -24.798110 -10.478480 -7.424725 -0.727765 6.128191 -8.855308 -6.127225
-6.447626 10.895970 7.277967 2.066321 -9.604045 -9.573707 -4.075916 -0.365661 5.601726 14.275640 6.651116 4.407294
-8.984697 4.834476 2.862596 -0.024405 -10.130730 -3.356575 -8.110978 -9.154946 -1.358834 9.708217 5.860738 -2.434736
-9.356468 7.615985 2.815173 -0.969771 -10.054900 -2.744072 -8.617715 -13.114030 -3.812620 11.320540 11.921150 -1.851568
-9.846543 7.684258 3.970645 4.451006 -10.470740 -13.059910 -10.293460 0.081485 -6.338911 0.924493 15.623280 10.856380
-9.684891 7.133138 4.206227 2.915818 -14.995080 -12.855960 -7.043475 1.925853 -4.185891 1.940973 -5.509526 3.177913
-12.868570 3.442693 0.143208 -3.031291 -18.064370 -5.394083 -2.613011 -0.908930 4.517495 11.346790 4.147718 9.894396
-14.583230 0.450606 -5.398571 -5.862311 -13.660030 -8.129622 -0.638459 1.711292 2.396028 0.898957 -0.764692 6.581808
-13.364370 4.949224 -7.378068 -2.830663 0.732184 -4.460526 -5.238380 2.681967 2.104662 9.525208 -5.337453 7.179106
-12.716550 6.673324 -12.386470 -2.462421 14.636880 5.461226 -13.581110 -0.852286 3.661524 10.302640 -15.544940 9.387317
-12.804150 6.063390 -7.983340 8.922607 24.350590 6.797416 -8.213307 7.962747 9.720460 19.511260 -9.422890 3.151825
-11.582280 6.887191 -2.915274 8.700393 22.837200 8.152027 -1.272084 5.300471 11.313570 9.566349 -3.447225 3.699666
-13.576890 6.521149 -8.755864 3.152636 16.294450 9.216505 -0.730965 -3.395265 16.329900 15.248850 6.102153 -5.075023
-8.538272 9.655128 -7.924700 8.083270 23.444720 6.280309 1.483449 -8.656306 4.553748 4.905294 -5.847250 -14.645930
-7.510559 11.808200 -11.086700 10.850160 21.066300 0.044098 9.338272 -27.924760 1.134561 -9.172923 -7.932665 -3.718466
-5.785061 8.998308 -16.167000 2.563448 14.779390 -5.088161 10.066860 -34.514360 2.941165 -15.835730 -10.152270 -9.158284
-3.063760 11.384570 -19.644120 -2.485277 6.381567 -5.022371 10.387760 -34.858520 4.618198 -15.184560 -8.710201 -9.749061
-2.437619 11.539220 -22.734730 -3.500483 0.763852 -10.462530 6.215990 -32.998700 6.370422 -16.597560 -10.411020 -17.204150
-1.891854 12.090340 -24.685160 -6.365787 -3.926327 -12.773720 3.595532 -36.602470 4.587316 -14.389390 -6.234413 -22.357000
-1.354216 11.837400 -22.191160 -6.279440 -2.652945 -16.170440 9.068122 -36.783560 7.292858 -7.767016 -5.577584 -22.870060
-1.278056 13.225890 -23.294620 -4.299187 -4.592186 -17.761900 5.117379 -33.261330 2.414155 -0.701308 -13.813950 -17.227520
-1.873792 15.568560 -18.581460 -2.311315 -3.646317 -13.821090 -1.024037 -34.052630 3.503756 6.726162 -10.178600 -15.379640
-2.311187 17.004350 -12.605230 1.848551 -1.845414 -12.348060 -8.597248 -19.689040 3.969673 2.047374 -3.033095 -3.081492
-9.793261 14.902690 -11.702670 0.329870 4.253985 -9.357916 7.069829 -2.358505 4.261039 10.199790 -0.735158 -14.908980
-13.232520 9.826221 -15.401610 -1.566577 6.549073 -2.841441 8.750490 -0.613694 12.152090 0.278287 -10.237020 -12.020320
-9.105711 4.403450 -8.913939 -2.430676 1.301373 3.842798 -0.175110 -5.899623 2.344334 2.280746 -9.461413 -11.215950
-9.024734 3.726478 -7.765605 0.324790 4.938179 4.146089 -5.393921 -13.084850 -0.621691 -5.600700 -6.241476 -9.946348
-10.733370 2.425589 -9.657907 -0.411694 10.848400 10.410590 -0.063775 -4.183134 -4.159037 -4.020297 -7.255932 -12.285540
-13.081400 -1.903580 -12.137630 -4.035704 4.827341 5.851359 -3.703436 -1.980019 4.028752 2.868787 -4.978541 -7.214211
-11.944410 0.738093 -11.654740 -4.526481 2.010566 2.434240 -7.781886 -6.698649 5.467456 -2.024931 2.656210 -2.497237
-13.286400 -0.726487 -9.672695 -3.322076 -0.989548 2.598714 -3.515968 -7.554319 0.789487 4.412304 2.642727 -5.846240
-16.094100 0.281980 -4.457774 0.653034 5.648206 4.000036 1.106876 -4.334185 -4.372526 2.716988 1.152503 -1.329815
-17.350890 3.740462 -2.293686 0.981912 5.085684 0.964496 1.498184 -4.422584 -6.553743 1.068488 14.420060 -3.972276
-13.968530 5.191058 -2.275838 0.228920 -1.047884 4.793460 7.227007 -1.108043 -9.271369 -5.082175 4.775655 -3.018991
-11.914010 7.029906 -9.170427 -6.894024 -7.361459 3.899377 1.961533 5.159719 -8.346249 1.967928 -2.227308 -2.886922
-8.566568 15.410220 -13.694410 -12.639230 -9.280699 3.906614 2.589427 13.468390 -5.439301 11.823460 -7.314360 -10.397990
-7.893768 16.530550 -12.111120 -10.417080 -5.798066 7.578341 7.642874 16.879910 0.751891 12.980390 1.056193 -13.771990
-5.780244 16.310520 -4.391484 -1.108179 -1.205390 1.337524 -4.558093 1.517328 -5.305703 2.012616 -9.865270 -6.513649
2.376736 24.931430 -10.513550 -17.156550 -15.470940 -8.344753 8.054648 -3.606393 -1.270216 -7.195291 -12.588890 -3.273888
0.577787 25.049470 -12.530270 -27.356860 -23.043730 -4.751318 4.913538 -9.887029 -6.510777 -7.066191 -11.555170 -7.396824
1.563055 20.526580 -13.238040 -25.969600 -22.338700 -5.001318 2.385587 -11.407840 -0.437070 -10.544070 -18.495220 -11.429000
1.233729 19.004010 -13.576110 -29.168860 -24.424610 -9.633575 0.512545 -16.963260 -4.958615 -12.674210 -16.663410 -16.523700
1.789128 21.393160 -11.740410 -30.210730 -19.262750 -4.986187 4.069523 -19.715650 4.378526 -5.607794 -14.070770 -10.950180
1.446256 20.545500 -14.225230 -29.063470 -20.629470 -7.773699 2.957814 -19.462470 5.758151 -8.849465 -20.414980 -7.692484
1.354442 20.937860 -11.907150 -30.420250 -23.904590 -7.693435 3.796099 -14.041790 5.112312 -8.474226 -20.648690 -8.299022
-0.229873 19.947490 -15.125750 -30.757380 -28.472270 -12.984910 2.049127 -16.620820 3.452062 -14.632690 -26.453570 -8.312066
0.021787 21.590570 -15.837590 -29.072990 -21.289490 -11.298710 2.628722 -13.953390 8.583193 -11.774060 -19.475640 -4.068475
1.426990 22.428360 -12.136610 -29.034890 -19.018570 -9.901998 7.601943 -12.179400 8.319352 -10.375250 -13.315710 -2.520064
1.236740 23.454510 -14.999800 -23.791890 -19.263580 -11.564500 10.016920 -12.578480 8.212607 -13.170040 -6.167638 9.981898
-2.094145 19.840560 -15.426090 -26.433070 -21.816180 -8.551333 16.047000 -13.983430 16.849530 -1.841213 -8.788533 11.583570
-5.326895 15.223490 -14.889660 -27.998740 -22.290360 -6.612510 17.026090 -3.276827 21.796040 -0.450203 -0.303692 12.264020
-4.738986 9.331860 -13.529710 -25.996260 -23.112890 -10.604630 4.662217 11.472970 14.509870 0.795394 -2.736463 -0.477075
-7.719774 8.244838 -11.196840 -20.612950 -23.090390 -13.409250 1.036473 7.745611 12.411900 2.836866 -3.275794 -6.817461
-7.700809 7.704411 -10.816440 -20.486600 -19.873600 -10.316470 6.156229 14.868190 10.806030 -1.911437 -1.840145 -10.764850
