4.226281 3.020151 -9.175011 -17.907600 4.668225 15.267460 -18.138120 -3.115355 -5.536938 -18.655870 -6.626063 -0.660255
3.380300 -3.922882 -7.781798 -24.912620 1.217450 21.451050 -22.115640 -8.632059 -1.908077 -23.796380 -6.412680 -7.106791
2.284863 -8.758087 -9.696155 -27.466790 2.200687 27.485410 -24.411790 -8.062444 -2.007583 -27.322710 -3.304828 -11.331920
0.422515 -6.884593 -12.766900 -21.161050 0.191464 24.181810 -22.297570 -16.970580 -0.511504 -29.370190 -8.722157 -9.089919
-1.142445 -6.019722 -13.877020 -23.297320 1.767228 20.632020 -24.680300 -21.359310 -1.947740 -28.754980 -12.134840 -13.245700
-1.967084 -4.313737 -12.897030 -21.537710 3.339016 19.764860 -20.333500 -16.983710 0.707627 -26.206910 -9.532870 -11.569510
-1.314580 -4.815375 -13.434210 -23.065530 3.370829 18.889450 -19.910790 -18.935790 2.159171 -28.385270 -9.304971 -14.090310
-1.445431 -4.510947 -13.111040 -25.246930 4.667231 18.170140 -15.729020 -21.586900 3.246090 -27.401090 -9.434888 -13.080890
-1.681592 -2.888718 -14.477110 -22.983620 3.316150 16.977020 -15.958300 -19.936210 0.667267 -24.915870 -6.824205 -14.486520
-1.690339 -1.852179 -13.028390 -25.054700 3.945461 18.311800 -16.579850 -20.539590 1.554477 -24.359820 -7.755400 -14.020960
-2.249078 -1.954348 -13.019760 -26.453810 1.974016 15.029520 -15.399650 -20.467680 -2.487025 -24.210460 -11.361870 -15.727350
-1.859675 -1.083833 -13.554470 -23.392600 -1.752145 15.759140 -18.426240 -17.385760 -2.926106 -14.793840 -16.255180 -13.321920
-1.640308 -1.220751 -11.235530 -24.611730 -3.239428 10.231600 -20.618240 -19.535410 0.818267 -12.226540 -17.683540 -14.369790
-0.434662 0.012701 -9.355099 -23.939760 -3.976110 11.108390 -22.538350 -20.883480 3.283666 -1.660854 -14.868190 -9.973674
-0.481894 0.523249 -8.578625 -23.502920 -8.280879 7.907249 -25.924070 -16.112090 0.900377 2.562021 -17.759750 -11.222060
-1.441233 1.019541 -7.767613 -23.491220 -7.893152 1.972598 -29.838690 -20.540840 -1.431419 2.575330 -16.671060 -11.344280
-1.131949 1.359312 -6.782682 -21.349940 -9.131891 1.289048 -30.789620 -19.866800 -10.167130 5.430263 -14.160540 -12.380480
0.789876 4.007389 -2.856525 -17.177130 -10.847830 4.622217 -31.742570 -23.952280 -10.332050 7.359431 -6.726223 -7.224900
2.481139 2.869868 -4.018460 -16.398170 -13.769710 1.226469 -32.409440 -23.805970 -13.637340 9.023884 -6.431551 -14.968570
2.562309 4.978588 -4.329297 -13.189860 -8.485679 3.139586 -33.379970 -30.740140 -15.685920 11.441810 -10.896640 -8.331140
2.394722 8.094443 -4.625331 -11.639760 -7.177347 2.562625 -27.412680 -23.332640 -15.564840 5.376285 -8.168377 -10.856740
2.579452 9.193650 -5.753345 -4.862633 -4.939464 -0.826934 -23.487250 -27.232410 -16.218940 12.262580 -0.681807 -15.436890
2.474492 7.082852 -5.520218 -6.195992 -0.458725 0.067046 -27.471530 -31.363530 -13.590720 2.525049 -8.907961 -16.510850
2.467494 4.969083 -1.801286 -4.655357 -2.769184 -3.299132 -31.010100 -30.264940 -9.283399 -2.540774 -17.554350 -15.367530
1.652651 7.476974 0.578708 -1.863270 -4.506998 -10.104380 -28.187090 -26.166960 -7.303008 8.898921 -13.812880 -21.979560
1.411942 5.772476 -0.441377 -2.470052 -4.677996 -9.556992 -30.822080 -29.100700 -13.715270 2.440754 -6.350987 -21.999470
1.063473 5.724361 -1.607630 -2.997155 -3.610254 -9.001348 -32.299190 -24.472500 -18.124880 1.341964 -9.693271 -16.613850
1.387451 6.196299 -1.033446 -5.169088 -2.491809 -8.459459 -29.925940 -20.472060 -17.167390 0.169231 -10.567130 -20.433850
0.742294 6.141947 -1.670537 -6.474588 -5.880945 -10.712980 -32.638710 -18.842620 -15.305990 -4.308007 -17.094200 -17.056080
0.741245 6.237285 -0.915649 -5.469972 -6.116564 -9.046048 -26.188520 -21.003530 -15.112540 -6.851641 -13.175630 -20.672120
-0.020768 4.387552 0.476946 -4.623597 -6.404874 -11.301630 -28.189790 -18.708190 -15.124370 -5.792779 -15.957600 -22.272770
-0.954566 3.153208 0.423907 -4.848145 -4.594485 -14.148610 -26.106010 -24.884550 -15.410370 -10.146530 -19.788350 -26.142890
-0.267425 3.861560 1.340997 -5.076594 -6.498327 -13.232620 -21.763270 -24.917690 -12.010440 -8.651409 -12.879510 -24.998880
-0.853804 4.667328 0.068049 -6.884681 -9.006625 -9.849942 -28.538780 -20.698400 -15.875890 -5.165005 -19.375370 -21.343010
-1.214518 5.618926 1.411922 -8.335608 -5.619478 -11.783690 -27.756940 -20.593990 -13.480070 -3.499073 -16.919280 -24.027240
-2.253277 5.552991 -0.335915 -7.985692 -5.860068 -14.770270 -28.497520 -20.681520 -16.697690 -6.694882 -12.953540 -26.898920
-1.937346 4.143713 1.944167 -7.461932 -5.932642 -11.678470 -29.748060 -20.216330 -15.374880 -5.044478 -17.703140 -22.204790
-2.029011 3.413383 0.755712 -5.676133 -8.251054 -14.115600 -31.073680 -21.309290 -16.572440 -7.769271 -19.355050 -24.411770
-1.665148 3.696130 1.285490 -1.238658 -7.549168 -8.806048 -32.272820 -21.626300 -13.256710 -3.714246 -17.274190 -18.995250
-2.710904 5.789405 1.027077 -2.178640 -7.744026 -10.085130 -32.031360 -22.945600 -15.841790 -0.297348 -17.004920 -22.739710
-3.839579 5.338258 4.418521 0.430688 -6.669324 -10.308620 -29.286130 -21.293660 -11.128100 -1.342160 -15.935100 -19.848800
-2.877441 1.664037 5.539752 2.610980 -11.395620 -10.252230 -26.835770 -16.714850 -14.248990 -5.760984 -14.706330 -19.826140
-4.140465 -0.603282 6.580807 -1.514468 -18.457240 -14.202250 -28.515780 -13.731090 -14.049980 -8.774154 -15.223820 -20.441400
-3.794796 -5.097528 6.874991 -5.520119 -21.805610 -15.919380 -26.456350 -16.014550 -11.505950 -8.644014 -11.538970 -18.453470
-4.155159 -5.461356 8.471726 -5.125627 -24.183670 -13.915490 -21.047710 -11.725870 -8.446291 -6.409462 -8.561031 -8.334573
-5.212811 -6.495817 8.226265 -7.218996 -28.738970 -14.546770 -19.648380 -12.654380 -6.293328 -9.997169 -8.585709 -12.771200
-4.886384 -7.847774 8.381066 -10.171000 -30.400240 -16.219890 -16.061100 -16.075200 -4.565531 -11.696370 -9.105377 -14.222840
-4.677863 -7.191100 9.547935 -10.384400 -31.600200 -12.456930 -14.101770 -12.790070 -2.828687 -10.321040 -7.204522 -10.737260
-5.071814 -7.218721 7.866090 -12.522900 -31.700610 -12.911480 -14.475780 -14.246310 -3.034659 -13.299450 -6.294375 -15.872930
-4.860144 -5.935966 8.405119 -12.341260 -28.632600 -12.377150 -11.919910 -13.141460 -1.658266 -9.499533 -7.528952 -15.762370
-3.915500 -6.369888 8.605559 -12.448800 -29.684430 -13.815770 -11.938850 -14.817800 -2.974816 -9.078059 -12.806930 -14.364980
-4.427357 -3.573904 7.357897 -10.388860 -29.656590 -14.687750 -13.156250 -15.049770 -10.626390 0.280884 -16.167360 -17.324570
-4.185248 0.170707 6.771379 -8.723971 -27.830300 -17.580800 -9.461442 -16.916810 -14.992860 1.998576 -9.582950 -23.645440
-2.424012 3.844631 12.825280 -4.158899 -26.077570 -13.836400 -7.688096 -13.241510 -19.494310 13.140280 -14.146750 -11.572950
-2.658424 7.535484 13.514180 1.408560 -20.897930 -13.147350 -2.199650 -1.209550 -15.684530 10.937520 -9.858026 -3.088350
-6.464639 1.045974 6.767062 -1.195197 -14.657510 -6.968576 7.601098 9.612520 4.132604 17.066640 2.140808 -9.453858
-7.738159 4.968786 8.385384 -0.276388 -17.689730 -8.079174 8.190860 7.942440 3.734577 5.899800 1.295983 -6.000553
-8.233573 2.069446 6.474111 0.265203 -18.308110 -3.145780 -0.224080 -8.696462 2.500138 4.025349 -4.762223 -19.166930
-9.962271 -0.063034 7.293139 4.514904 -10.557540 -7.238145 1.293612 -10.336530 -1.345829 11.054350 -6.406147 -15.381950
-10.959750 1.402080 5.439224 1.693285 -9.341661 -4.266694 -1.158097 -2.543238 2.702631 11.135690 -1.218895 -6.115228
-14.088620 -0.071350 10.581590 3.898093 -12.008030 -9.211090 -4.878607 -0.736850 3.566877 10.155210 1.142115 -7.621114
-13.273070 0.398508 8.468026 7.615675 -10.825960 -3.652598 -5.080154 -7.695414 -1.137074 7.564253 4.595445 -7.279835
-6.137513 -5.094261 -10.658880 0.998467 18.229740 -10.798250 -8.540953 -3.554290 4.218890 9.109658 -11.857590 3.690540
-6.305799 1.907579 -8.304176 5.340662 26.988410 -8.547482 -7.928195 -1.009466 21.711190 19.087500 -21.305260 4.552321
-5.980422 6.653980 3.654383 4.881536 15.737350 5.123534 -2.632504 -4.215819 1.442445 -7.415824 -20.207860 -3.692626
1.532996 4.629609 -1.011860 -2.378115 5.872169 10.259790 -4.868462 -5.398194 5.894498 10.197360 -22.749590 -13.364490
1.984326 6.644179 -6.742594 -4.325500 3.430480 10.360190 5.123012 -6.516791 -7.669025 -0.808293 -18.034830 -15.923740
2.161710 4.165394 -14.140990 -4.300983 5.567952 4.398722 1.800862 -18.478090 -12.222670 -1.024946 -10.667290 -18.528310
2.491285 3.185582 -12.551040 -4.688231 -3.229486 8.668508 -2.419459 -19.656720 -9.526947 2.723216 -20.192610 -19.892740
1.238058 0.417813 -10.001440 -5.662203 -0.508434 6.551838 -6.780457 -18.696940 -1.138466 3.555073 -22.033950 -25.515950
1.907005 0.417813 -9.969370 -6.911983 1.426227 3.734426 -8.624818 -18.197350 2.486917 2.306918 -21.338640 -22.850950
2.978652 2.092909 -12.108220 -3.606165 -1.272953 1.474033 -8.822984 -18.941410 6.739957 1.783403 -30.178090 -14.527040
2.892234 5.315686 -7.990873 -4.499901 -4.345942 0.009281 -8.005973 -15.999550 -0.495499 9.736693 -28.422400 -13.299260
2.652924 9.877945 -9.137389 -0.635776 -0.042167 -5.186118 -12.795770 -17.424520 4.250899 13.122530 -21.489610 -10.262770
-1.476569 7.025530 -5.326563 2.183614 6.620781 11.467350 1.773809 -8.830268 2.685234 9.069729 -6.992589 -6.475734
-5.365004 3.706822 -10.595980 -3.605051 3.535862 8.443638 -9.554776 -7.741683 -3.122336 -5.176836 -10.443740 -9.803378
-6.186844 3.543767 -7.626997 -3.718718 6.900144 7.648683 -12.888420 -11.503900 -3.830712 1.623686 -6.574532 -10.308770
-7.548531 4.859489 -6.644533 -3.954967 4.866066 1.363317 -1.555104 -1.179537 6.835984 5.823639 -4.437067 -1.706753
-9.381840 2.457034 -6.943651 5.507262 8.304910 6.605477 2.776135 3.736914 14.438850 8.456743 -5.318907 -8.797394
-10.053240 1.216454 -4.612996 4.429653 4.570796 0.073235 -9.450621 -2.682672 -5.450653 3.055959 -0.912609 -9.317209
-11.826720 2.417533 -7.367350 -1.394114 2.891638 -2.084695 -11.532380 -9.215431 4.902215 11.769380 -6.079540 -8.936790
-10.957650 5.567544 -5.197664 -4.796884 0.760131 0.543606 -10.563870 -14.092490 0.652654 10.996680 2.365804 -2.300730
-11.308560 -7.334256 -12.416590 -1.389100 13.423910 -6.167432 -7.201136 -15.114170 -1.690275 13.121060 -9.587305 18.101860
-10.333830 -2.848326 -13.844340 1.070902 12.925830 -6.441128 -11.884070 -13.477230 -0.425219 17.914770 -16.888800 12.142180
-8.719190 -3.336599 -18.079480 -6.048894 12.261720 -6.770525 -9.648787 -6.693116 7.714844 18.894510 -29.274480 7.903998
-9.615552 -5.054462 -10.911130 -1.523383 10.273370 -4.263255 -13.730460 -8.119343 10.006980 12.606410 -23.897790 2.630308
-15.877840 -5.468484 -3.196965 -0.547740 4.927704 -9.607192 -11.258460 -10.213350 6.992551 6.052122 -17.595000 1.221244
-16.080060 -6.583433 -0.684989 9.011998 13.546190 -5.833221 -7.744908 4.118325 10.336810 6.466941 -19.845680 2.131780
-16.941090 -9.585834 -6.561273 6.380939 14.435980 -13.635600 -13.832590 0.802550 10.350030 6.941654 -22.836680 6.302664
-17.659720 -3.698942 0.199414 7.814035 14.402170 -11.019680 -12.705140 2.750872 8.781583 13.796150 -17.614590 2.394778
-16.448830 -4.413234 -0.323580 8.847069 18.478280 -8.150005 -11.684550 -4.621616 4.264816 12.323950 -18.704730 4.962268
-15.128420 -4.491642 -4.440926 9.048215 14.381300 -7.069664 -6.490310 -1.709761 7.973004 4.361789 -10.514140 17.756460
-16.715430 -2.121560 -6.612463 1.747332 6.574055 -9.540487 -6.829153 -1.563450 0.998492 2.337974 -15.014070 3.676806
-16.531390 0.306437 -2.367452 5.997591 9.378617 -8.969716 -9.655550 8.704637 13.018620 13.351760 -7.723464 -4.468573
-16.075520 -0.365680 -0.889130 5.147316 11.006080 -1.355070 -6.275912 3.662507 11.456430 15.893170 0.343741 0.807864
-16.498860 1.425247 -1.932034 6.072812 6.617798 4.215800 -0.500701 -1.961118 -0.152445 8.307379 -3.436922 -1.782974
-18.032330 3.494168 1.826370 7.191652 5.290577 -4.838153 -8.417184 -3.287302 0.991534 4.937804 -4.545210 -4.713717
-18.701980 4.209944 0.648400 2.488955 -0.988620 -5.116663 -2.648059 -8.274408 2.596861 2.339453 -10.257210 -10.196840
-17.608990 -2.270656 -4.669119 2.824384 9.039604 1.632886 -3.556375 -4.021362 -3.278903 -1.415364 -3.527647 -14.695270
-15.910380 -1.346680 -6.795634 4.268068 4.080669 0.888820 2.162700 4.239001 2.154300 3.032297 -2.727821 -0.943166
-16.271440 -0.519824 -6.667352 4.144371 7.541385 -1.628765 -3.124874 -5.231248 -4.906497 1.730903 0.845265 0.965113
-16.724520 -0.215694 -7.165677 5.705065 3.273400 -5.560902 -1.497616 -1.442148 -0.556039 0.538206 3.126437 4.856520
-17.371080 -4.912495 1.580291 -1.017453 -4.809227 0.210083 2.181638 -9.262951 0.009688 16.848510 -3.587162 5.534958
-15.138220 -2.349064 8.614810 -2.807153 -5.485264 -1.077248 10.942860 -6.080357 -6.232789 17.173120 -8.460146 2.841805
-14.773310 4.516451 14.255500 -1.018010 -3.643062 -1.500170 2.303378 -8.716470 -10.001520 8.651952 -9.331825 -6.503201
-6.848095 4.255980 22.337860 -3.591678 -23.455940 -13.676180 -7.188962 -17.348870 -23.890700 5.819942 5.111485 -14.320350
-7.549231 1.515832 17.777080 -5.361876 -29.497530 -11.921220 -13.134610 -13.374690 -20.172770 4.293762 12.946440 -16.787580
-6.896377 -1.814459 15.316910 -8.567400 -32.866780 -16.113300 -17.157440 -14.330090 -20.383610 -4.504695 11.280010 -18.523510
-5.366753 -1.265598 13.648630 -5.491145 -37.212310 -11.393090 -18.275420 -13.739220 -15.490390 -5.471128 17.386120 -15.655250
-4.884984 -2.213631 13.440790 -7.286973 -37.473780 -11.481110 -17.952130 -11.368210 -14.022140 -4.209663 15.780660 -15.343500
-4.129270 -3.463716 13.493210 -8.825380 -35.256770 -12.838590 -15.202840 -10.221480 -9.165104 -5.177575 14.744230 -13.866450
-5.343662 -3.297394 12.222730 -9.870114 -38.163730 -11.131080 -16.830770 -6.988865 -10.945090 -5.368347 9.824068 -12.648290
-4.620484 -3.455994 13.046080 -9.676211 -35.932810 -9.923524 -13.023010 -4.746669 -8.529793 -5.928094 10.943240 -10.972100
-4.946561 -4.049999 12.137000 -11.417440 -35.053960 -10.629770 -13.886020 -5.460095 -9.970203 -5.312151 7.043550 -12.741670
-5.265291 -4.555795 11.748460 -10.610620 -33.618370 -9.938652 -14.257320 -2.750201 -8.180475 -1.998033 7.799102 -14.909520
-6.391517 -7.492855 13.273040 -15.005750 -34.980390 -14.443620 -11.261840 -3.379842 -10.938830 -5.967284 1.518076 -15.339380
-5.301328 -7.006364 10.945470 -12.024220 -32.223550 -12.617150 -9.769851 0.918849 -10.263850 -3.277244 -1.922915 -11.423940
-5.058869 -1.214514 14.560170 -8.465434 -27.976440 -13.724310 -4.289521 3.284848 -12.432120 3.534369 -1.854690 -6.920015
-3.612864 1.625426 9.068113 -12.685600 -22.152580 -13.117780 -2.416077 9.032900 -10.014040 2.375685 -4.101024 -3.800435
-5.114848 -5.543923 9.770578 -7.202281 -25.673940 -13.339210 7.551049 3.965760 -2.726397 3.680776 -4.777465 5.344748
