-2.312022 1.047926 -18.388280 -26.629710 3.435432 9.703480 -7.895699 -28.811050 16.448830 -22.466280 -11.301810 -23.821810
-4.294555 1.241154 -15.209630 -28.310110 3.290902 9.495307 -4.872027 -29.603240 12.058310 -22.064690 -8.540678 -19.626510
-4.863754 0.394301 -12.695970 -27.740090 7.122147 9.401187 -7.552540 -33.437910 19.364280 -19.670890 -10.241510 -24.080920
-4.348171 -0.298228 -11.913760 -21.475350 7.023641 9.818639 -5.253894 -35.920680 16.943400 -20.461210 -11.845880 -17.690060
-3.500607 1.639461 -18.023100 -18.978650 3.215811 8.693624 -4.134347 -44.052140 14.261150 -25.361530 -12.888530 -10.960310
-3.055160 2.966035 -16.338860 -14.289620 5.294938 8.794387 -1.648863 -40.139250 13.544200 -21.655980 -10.063550 -7.790919
-3.822613 2.230223 -17.858160 -15.976670 3.124572 4.105531 -7.715559 -43.948810 14.443820 -23.546910 -17.120900 -11.026900
-2.737519 1.606226 -14.445580 -15.133150 1.589652 3.325439 -8.123479 -39.121750 14.731900 -18.368420 -15.186410 -16.417560
-4.090379 3.693087 -15.926490 -18.075820 -0.656612 2.507699 -13.657940 -39.690770 17.553500 -20.765790 -20.134710 -20.862750
-3.124050 4.484034 -16.113220 -14.089320 1.173019 2.025471 -12.048590 -33.868450 14.796880 -9.577810 -19.469730 -20.124960
-2.888391 4.535819 -13.440320 -15.556120 0.309879 2.353231 -9.734317 -30.450690 10.141390 -6.940771 -12.167170 -24.469270
-3.388388 5.953854 -13.656620 -15.514970 -2.323143 1.449122 -11.386100 -26.347650 9.453316 -3.691728 -17.081500 -21.920310
-2.514016 7.267030 -16.197770 -18.966540 -4.209294 2.873662 -14.828850 -24.723080 6.773953 -7.255332 -13.194190 -23.189510
-3.140883 7.796217 -15.601260 -18.586530 -9.696573 0.452553 -21.034750 -25.416250 2.865737 -4.984925 -11.703240 -26.309450
-3.064512 9.406964 -13.109900 -13.781320 -6.214138 -0.956484 -24.455920 -26.268000 -0.661981 -0.255802 -2.034191 -17.146780
-1.749993 9.944139 -12.245220 -13.828520 -6.428914 2.495519 -27.069440 -30.772150 -1.097351 10.145420 -7.462717 -16.161080
-1.233474 9.111970 -10.572900 -11.156340 -9.975137 -7.119155 -30.316420 -31.408630 -1.944263 6.835030 -8.658188 -9.330448
-0.890895 10.579210 -9.544305 -8.709860 -8.788218 -9.192572 -34.726130 -31.691360 -4.616405 11.347310 -4.170417 -10.120980
-0.050189 10.869060 -6.094379 -4.754835 -9.912965 -6.424879 -27.782550 -30.965180 -4.866220 8.992737 -6.020680 -3.446610
-0.166772 9.200598 -8.203964 -8.896235 -10.432140 -6.092689 -30.999020 -23.415680 -5.821433 6.885674 -5.158718 -21.229990
-2.149616 13.314290 -4.055338 -3.608144 -9.754708 -9.720200 -32.207150 -21.631810 -1.623693 7.527636 -2.015852 -15.009240
-2.172996 12.043620 -5.162780 -5.015639 -11.495520 -9.909547 -33.749500 -19.637690 -1.306010 6.130298 -3.425964 -16.874470
-2.857842 11.182090 -7.512527 -7.043376 -17.084540 -12.410380 -33.857440 -23.977530 -3.784655 -3.816554 -12.451090 -14.266830
-2.635898 12.421060 -5.561666 -4.335491 -17.046590 -13.867590 -32.865920 -25.146440 1.892474 5.422712 -11.682870 -16.554700
-2.374054 12.204900 -5.301793 -0.586205 -17.049010 -10.298210 -31.919070 -17.615590 -0.015064 3.287117 -6.833736 -11.628860
-3.185147 13.059490 -4.593757 -2.748277 -13.717560 -11.641920 -28.968350 -15.216060 -0.674256 6.723043 -8.833433 -15.593400
-3.870929 12.873730 -4.186571 -0.888762 -13.362300 -10.929920 -29.126900 -14.987870 4.057768 8.459195 -8.710489 -15.544610
-3.954158 12.912630 -3.966120 -1.506583 -15.971900 -11.657970 -28.041600 -15.289250 7.060589 6.469825 -9.708301 -19.074650
-4.373108 12.029710 -4.083348 -4.310076 -16.625920 -13.219820 -30.326100 -12.147750 2.850575 5.785065 -10.712220 -18.437740
-3.836328 11.323790 -2.187990 -1.647575 -17.115220 -10.724520 -29.679230 -7.203723 6.168912 -1.195207 -8.207170 -16.136030
-5.171732 11.122060 -1.071212 -3.050834 -16.767220 -17.438070 -31.167250 -8.414973 3.688102 -0.227270 -10.615090 -16.534260
-5.593800 11.357020 0.864606 -1.099341 -16.977960 -13.953400 -25.174250 -6.651916 2.572603 2.615197 -3.876983 -13.848160
-5.895232 9.996954 -0.426976 -2.181285 -20.497540 -15.186930 -23.076580 -8.278636 -0.989050 -0.349243 -10.188530 -14.256940
-6.529268 8.192463 -2.447344 -1.760731 -18.965040 -15.256140 -24.847460 -8.759405 4.186285 -1.779393 -9.752451 -18.143680
-6.503707 7.194634 0.038823 -4.409315 -18.199600 -15.548470 -24.834060 -5.376802 2.706896 0.008116 -4.497133 -19.016630
-7.417667 5.611454 2.378196 -6.357782 -20.516910 -16.177970 -23.532140 -5.516727 4.812986 -0.096738 -7.642716 -21.173950
-7.683564 5.843070 4.626794 -7.011910 -23.292850 -15.330330 -19.117970 -4.296866 5.673617 2.292076 -4.171775 -19.325850
-8.753695 5.449657 6.831303 -7.001018 -27.620660 -14.014300 -18.144320 -5.239029 3.185586 2.498930 -1.207550 -20.062980
-8.447275 4.853485 7.821517 -9.725242 -30.013880 -12.908110 -14.170820 -6.889430 1.462881 4.883464 -2.976304 -17.152710
-8.908308 5.927317 7.957418 -11.290670 -29.890340 -11.806900 -12.997680 -11.583740 3.811565 4.822834 -0.041966 -17.747420
-9.272707 5.813441 6.771652 -12.642500 -30.465230 -12.000680 -13.110080 -8.789542 0.038364 2.026731 1.256750 -16.852060
-9.313231 5.809062 6.395070 -12.005310 -28.435360 -12.654540 -11.000510 -7.591208 1.176245 0.593015 1.725429 -13.688600
-8.730316 4.580132 5.918377 -12.583190 -28.224620 -14.586780 -8.804586 -6.703580 3.018803 -1.296494 -3.227625 -12.660050
-8.226579 4.030849 6.085401 -10.180890 -28.956150 -14.075200 -5.723598 -3.107143 3.107609 1.998200 -3.394719 -13.455860
-8.308560 3.532579 4.562475 -11.827410 -30.054250 -13.937350 -9.027901 -4.860873 3.257787 -0.324278 -8.690112 -15.298680
-7.719100 2.771519 4.104455 -9.801486 -31.120050 -14.877440 -7.740868 -8.406363 6.097434 -2.502671 -7.320075 -13.389930
-7.256821 2.164268 1.123960 -10.009040 -30.977950 -17.230450 -9.787912 -10.553320 2.554553 -3.887170 -10.368530 -16.189430
-5.979396 4.405969 1.734479 -5.991083 -29.006210 -17.748110 -6.896741 -11.748780 6.708973 -0.056794 -8.794716 -13.263340
-5.175785 5.986573 4.273554 -2.583081 -27.542340 -21.937030 -2.102190 -12.004950 2.135068 6.926331 -11.352070 -11.415240
-3.901789 7.232507 7.180394 5.922401 -21.977550 -16.150840 -4.320442 -4.312653 2.431812 10.888670 3.098183 -5.952055
-9.493404 2.983039 5.462952 3.783323 -13.338070 -9.288353 -9.008547 -2.728269 0.277348 21.383330 21.907830 -4.228572
-10.329430 1.816200 3.774557 1.860876 -10.192330 -2.435835 -4.993361 1.882806 1.644104 20.261320 17.904360 -1.585329
-9.809487 1.606226 -0.752725 -1.593114 -11.402670 -4.458316 0.707844 -9.230127 -11.575820 0.499574 0.233807 -7.570704
-9.689787 3.565814 3.190492 3.651408 -6.703439 -3.595177 0.057256 -5.477979 -8.765771 3.503245 -1.180380 -1.104679
-10.509920 1.041228 4.130391 1.586760 -7.179821 -0.702359 -3.091471 -3.702005 -7.824276 7.357872 8.716218 -1.360498
-8.913607 1.689443 0.811698 0.679089 -10.234320 -3.952281 -1.876643 -2.827293 -8.394660 6.560412 5.200446 -1.577417
-9.437295 -0.426789 -8.631898 0.487268 -3.279945 -6.943094 -11.316870 -0.759987 3.899649 8.820834 2.029731 -1.807522
-9.377756 0.301294 -17.001250 1.581314 10.894450 -3.023811 -18.381030 -6.590205 6.514031 12.760340 -21.503390 1.604498
-12.325990 5.628716 -1.765243 11.345430 12.206520 2.086372 -16.831240 -10.517440 11.556520 15.675570 -18.845500 -1.638075
-12.071940 5.622017 -3.984794 9.480472 14.991340 0.993468 1.528151 -2.149194 12.515340 8.737379 -5.136303 5.289479
-12.906420 5.802105 -5.804421 10.979940 18.200060 4.689078 4.633704 -9.272464 14.887130 4.236508 2.636976 -4.423733
-11.854050 4.257055 -12.183490 7.266964 15.740630 -3.065335 3.039987 -16.360570 7.397766 -4.611874 -3.537360 -3.428808
-5.770233 8.413516 -11.392980 1.555294 4.076530 -3.298975 14.056060 -19.415970 0.805856 -13.214170 -12.099920 -22.389750
-2.865947 11.497950 -13.806530 3.333119 7.543624 -9.546353 9.395502 -28.828270 12.660460 -7.217528 -5.177737 -20.221880
-2.720374 10.610130 -12.554890 6.488183 9.084196 -7.861045 6.286227 -26.158930 3.890263 -7.089849 -13.730110 -15.555820
-1.753110 12.354330 -15.077880 7.037626 5.238418 -7.714328 -3.006612 -20.542540 6.727745 -5.703923 -15.889430 -14.015630
-1.315768 13.219480 -13.623420 7.913227 9.112456 -8.683767 -14.310020 -12.233140 4.925619 -4.688196 -11.204680 -6.708303
-4.842245 12.989670 -3.923586 8.886250 11.144750 -1.170747 -11.633230 -7.297007 4.510466 6.373530 -2.130644 -4.276703
-11.961280 4.160699 -6.470961 3.621153 7.785852 1.484555 2.047728 2.972787 8.858383 5.527566 3.834485 1.494390
-10.132740 2.609723 -8.458650 3.848676 9.043825 4.992477 -4.895103 -7.382397 -7.894310 3.095955 8.090633 -2.880248
-11.985290 2.338946 -4.919506 3.896480 8.935630 9.692960 -4.764837 -12.533080 -6.419253 -0.317145 6.472672 8.863693
-12.674180 3.544946 -5.757219 4.667395 5.814114 5.793608 -3.833618 -9.026340 -4.305221 -4.505593 1.400750 -3.331228
-13.007100 0.113734 -6.131207 4.205693 11.664740 12.184380 -1.700969 0.077412 -1.492288 1.747121 -4.152756 0.830447
-14.452540 0.540123 -6.322092 0.492714 4.964700 4.772125 -6.661517 -3.219083 -11.063190 -3.003401 2.430485 -4.256924
-14.492750 0.369310 -5.374413 3.894664 7.398287 2.062565 -1.874410 -5.147899 0.687447 7.105367 1.779090 1.696803
-13.591570 0.603244 -11.418920 3.070499 10.703090 13.411270 -2.874112 -1.958321 -7.113101 11.252450 -9.552074 3.088644
-13.244320 3.511968 -18.210360 -5.814995 11.138290 7.647779 -13.598390 -1.968367 -4.700158 19.998110 -6.999472 13.145370
-10.116840 10.539280 -13.493750 -0.767134 8.317141 2.611785 -13.040850 -4.673588 -6.407701 20.401120 -10.052000 6.583079
-13.950360 2.706079 -5.813239 6.874851 10.745880 4.390661 -17.743840 -4.825712 5.244024 13.394460 -9.401961 0.749350
-6.478147 12.884810 1.857413 7.979789 5.012338 -3.934564 -20.320890 -21.981980 -14.420520 3.742911 -19.117200 -5.001964
-2.233157 14.491440 -4.457856 2.764311 -8.398230 -10.100000 -23.545540 -15.902050 -13.959880 10.161110 -13.476070 -5.414043
-2.809837 14.730780 -7.395817 2.631186 -6.472515 -10.024710 -24.706780 -18.399180 -17.386520 10.604060 -10.217050 -10.190210
-4.935761 13.948340 -7.812858 0.443094 -7.099079 -10.730610 -31.666730 -19.602530 -21.779200 7.603245 -6.579019 -10.334600
-6.287374 14.755770 -8.081030 2.007314 -10.695360 -14.522550 -28.649760 -19.809190 -23.999360 10.561260 -4.515473 -21.213510
-7.029889 14.253890 -8.075324 1.433666 -12.343320 -11.895490 -29.731340 -19.549430 -27.951620 9.646112 -5.094190 -19.554640
-6.898655 14.274760 -4.883715 6.420410 -10.465250 -12.066560 -30.033560 -18.153770 -25.348790 10.011320 -8.656829 -19.502550
-5.767739 14.854450 -2.123151 4.668000 -8.281153 -5.371284 -30.509220 -16.622480 -23.761100 8.523391 -12.970710 -24.026200
-7.335685 13.620620 -1.099222 0.610106 -5.525402 -3.587426 -20.611200 -8.775908 -21.777750 5.639553 -6.136831 -19.126080
-7.842541 10.579210 1.250525 1.952854 -1.770863 2.362090 -6.877387 -11.518440 -21.761870 10.627600 -1.453437 -11.566230
-8.414545 8.108731 -3.686018 -4.940000 -5.913774 -4.942206 -18.529170 -7.594079 -9.933976 1.172921 -1.379399 -5.400857
-10.455990 5.788708 -3.684462 0.974384 -2.809215 -2.346144 -7.961204 -2.912683 -1.218648 7.048304 -2.774568 -2.527508
-11.530180 5.121170 -4.108246 -2.530436 -3.430127 -5.897804 -10.583650 -7.752661 -10.807600 1.926870 0.467468 5.495189
-12.008350 4.174354 -9.162018 -1.458174 0.303419 -0.123796 -8.574574 -12.083880 -5.905185 4.319964 7.494936 16.898920
-11.546390 5.859301 -2.750269 3.584846 0.729741 1.897024 -5.755607 -8.913681 -10.735400 -4.399313 -1.962871 -6.101063
-13.446000 2.545314 -6.426871 -5.130006 0.319568 -1.438713 -4.778980 -12.421860 -17.161250 2.411195 8.079086 4.678282
-14.845620 2.392277 -6.512976 -4.681616 -2.699404 -0.195216 -0.367785 -0.271325 -4.324715 7.385691 7.365200 1.139672
-18.374280 -2.029550 1.317438 -4.914585 -1.616644 6.113617 4.926245 -9.563078 1.205125 11.863740 -7.291547 -2.779371
-20.478380 2.754515 7.430930 2.272354 3.605799 14.345830 7.716926 -15.068240 6.060612 11.693970 -22.605800 0.904951
-14.594060 10.530010 10.099160 -2.111092 -6.535494 1.886505 -0.604498 -26.211310 -3.861188 13.915160 -13.137810 7.193616
-5.948536 6.133427 15.604730 -8.007928 -25.680410 -11.511250 -4.018968 -10.498060 -9.616294 7.017632 2.607768 -12.339620
-9.870896 3.820360 11.809340 -10.649860 -34.713920 -14.390790 -13.566390 -12.452000 -16.894830 -1.730889 4.481126 -11.963800
-8.720964 4.660515 9.754741 -12.333890 -31.346130 -12.603610 -13.433890 -17.977250 -10.590280 1.869094 4.432220 -9.320559
-8.539544 3.075016 7.976091 -11.340290 -31.710290 -12.248160 -13.446540 -16.887270 -8.075534 1.374069 0.313958 -9.282977
-9.083182 0.716090 7.610921 -9.184875 -33.730470 -17.969570 -9.851185 -12.911240 -10.417000 -5.067667 0.166562 -6.079964
-10.217530 0.786682 6.433973 -10.825340 -33.501160 -17.218270 -9.717196 -9.032797 -7.326814 -9.474382 1.535241 -5.699532
-10.796390 1.542847 7.609884 -8.631195 -32.797890 -15.371850 -9.204319 -3.884984 -1.385431 -5.783099 2.721202 -8.011134
-10.998700 -0.630065 6.359797 -10.706740 -33.833820 -16.786980 -6.013906 -4.700856 -0.170296 -7.014240 -1.344758 -3.167055
-10.722510 -1.768564 4.493486 -12.235250 -32.094620 -18.530420 -7.854758 -3.052608 -5.401226 -6.131185 -0.666192 -9.122101
-8.166728 1.069825 8.376534 -10.235350 -27.313840 -16.252710 3.242458 1.711308 -4.983184 -0.302166 6.720596 -8.845183
-8.440729 0.429082 3.745510 -8.389755 -23.561720 -13.681560 8.866993 0.691647 6.853374 0.221390 0.595166 1.673068
