-2.105175 15.013930 -6.804171 -4.564017 2.610051 6.421701 0.595291 -11.688650 -0.072789 -3.076553 -3.754459 -14.294890
-0.344913 9.597298 -10.763720 -13.678390 0.580957 6.794789 -9.018779 -31.973330 9.823359 -3.880929 -17.509880 -17.497180
0.410784 7.532248 -15.951020 -12.782720 2.561974 7.292988 -7.812132 -31.570920 10.265600 -8.645521 -14.140620 -19.423320
0.448783 2.514813 -16.116950 -12.117970 3.323296 8.707918 -2.434818 -28.534510 16.524960 -11.204520 -7.978403 -22.482390
2.497516 2.149242 -18.520690 -10.441230 1.289593 9.107375 -6.534441 -27.816010 13.193980 -13.789750 -8.114715 -25.120050
3.099612 3.195216 -19.193860 -10.530840 3.342395 9.800253 -9.223099 -32.768650 11.114560 -10.423620 -15.939710 -23.703450
2.283973 7.106767 -19.915620 -9.419330 6.798637 9.354792 -2.541108 -37.083290 10.488010 -15.664020 -12.622210 -16.958260
1.402504 3.998800 -17.983160 -10.359370 6.654408 9.118596 -1.740900 -38.267850 9.621028 -11.576800 -13.369910 -17.877270
0.438079 3.817543 -16.518200 -9.004022 2.665372 7.328333 0.318826 -38.755140 12.889200 -12.416610 -14.238400 -19.395780
-1.148779 5.103156 -15.693610 -11.246860 3.597925 4.034497 1.560719 -40.105060 16.645940 -13.769050 -9.966717 -22.265720
-1.481671 6.064461 -17.149730 -11.213250 1.724916 1.997379 -1.903364 -36.396980 13.533260 -12.935220 -14.773290 -18.288570
-1.343590 6.272923 -18.125110 -9.815250 -2.596046 4.983207 -1.586696 -37.445460 14.956260 -14.639230 -16.276750 -15.761080
-1.365533 5.588241 -16.706210 -10.171540 -2.456426 3.154233 -3.521956 -35.884820 13.225900 -12.717100 -18.041900 -16.359670
-2.813241 8.503641 -17.464560 -13.644790 -3.414006 0.975174 -4.315005 -36.241870 11.039910 -9.513861 -18.791330 -18.579600
-1.714482 6.540987 -15.258280 -13.555180 -5.547155 1.292719 -3.631551 -32.968400 9.073244 -8.562231 -17.547270 -15.543490
-0.919179 7.751713 -17.367400 -17.372650 -7.368136 1.958668 -7.966336 -34.877320 1.249820 -3.960998 -11.508130 -20.686610
-0.425728 8.304349 -15.783830 -15.154370 -6.330210 0.566179 -12.723530 -32.100640 0.093502 -0.444384 -1.111618 -14.978870
-1.468826 9.736985 -15.438720 -16.735470 -4.776613 -2.012337 -19.572390 -39.066100 -5.242242 9.775516 -0.726839 -13.131680
2.030290 9.746461 -15.263330 -19.112720 -3.410054 0.834354 -19.424800 -32.652320 -7.961083 10.557340 2.526817 -5.573989
2.616865 10.111730 -14.364290 -16.062100 -7.096800 -0.730373 -22.060030 -30.357820 -5.648962 14.492710 0.168679 -5.544611
3.091585 10.856010 -12.358020 -14.104040 -9.312272 -12.025690 -23.879090 -22.295600 -10.128540 7.619623 3.115201 -1.416894
3.134400 11.486290 -11.048260 -11.607880 -9.620489 -10.569240 -31.999580 -26.623400 -7.034896 6.386369 2.500935 -3.242968
2.096654 12.344280 -7.973236 -13.474180 -9.409084 -10.717360 -25.723480 -27.300920 -6.543229 12.490970 3.275095 -15.148710
0.061301 13.628060 -10.195280 -10.799240 -12.138910 -10.084510 -28.561380 -31.728230 -14.378490 14.273210 -0.061959 -21.851660
-1.210326 15.998770 -9.741029 -11.848280 -11.326220 -6.560648 -25.893660 -31.782370 -11.166960 10.533410 -3.868340 -22.307950
-1.493981 14.878520 -7.717720 -10.051770 -6.278841 -8.255534 -29.900760 -26.022700 -10.293800 6.957439 -1.008665 -18.026000
-0.770930 13.975900 -9.247031 -10.492930 -3.227627 -7.610905 -29.091190 -26.041720 -9.282663 7.553818 -3.400163 -20.803210
0.146397 13.511600 -8.301306 -9.591657 -2.138331 -11.191990 -22.523200 -24.932520 -8.042942 7.318672 -4.052390 -20.097200
-0.366321 12.852290 -5.567598 -7.795148 -2.052715 -10.294900 -24.262400 -24.265240 -9.335176 6.176992 -4.666656 -22.430060
0.374926 10.967270 -7.075459 -5.883180 -1.682591 -16.117320 -20.970690 -19.575270 -14.164320 8.692738 -7.227825 -20.184420
1.089414 9.502237 -7.146121 -6.046029 -0.102651 -9.170583 -27.663700 -14.995040 -10.147070 4.515320 -3.179878 -25.481780
-0.038246 9.362550 -5.419967 -6.245067 0.593471 -8.365498 -26.823290 -17.522210 -6.185934 10.499360 -10.524620 -26.619290
-0.672454 6.217597 -3.552491 -6.897755 -1.889386 -11.246410 -26.308350 -16.508860 -8.068169 7.003916 -9.008507 -30.941640
-1.917321 4.762649 -4.065416 -7.007183 -2.234484 -16.234010 -26.192700 -18.534840 -7.685132 5.299449 -17.201030 -31.775260
-2.682652 7.087205 -3.543658 -8.424142 -0.653885 -14.889770 -24.747590 -20.087430 -7.033351 10.430340 -19.043250 -36.230740
-3.058361 7.651456 -1.182184 -6.425148 -3.286899 -12.893050 -25.765890 -14.880900 -1.547275 12.433910 -16.454470 -29.683860
-2.573472 7.625169 -1.281867 -5.638907 -4.976164 -17.080610 -25.705310 -14.730910 0.424026 9.533466 -15.732650 -26.387930
-4.350326 7.777083 -2.324121 -6.818916 -6.830733 -19.022920 -28.091060 -16.721770 -0.593287 3.915720 -18.162690 -31.716500
-4.529081 6.867128 -3.966364 -8.633518 -8.908561 -18.433270 -26.765460 -16.169360 0.087324 0.511387 -21.848280 -26.750570
-4.112698 7.468670 -3.369529 -7.748189 -7.575590 -17.597330 -26.307250 -14.564820 5.693357 0.830745 -20.930910 -25.521260
-4.882311 7.063669 -2.283743 -6.879661 -9.303052 -19.881860 -25.107210 -10.146290 10.179620 -2.145170 -25.327400 -23.799840
-4.286102 5.400259 -1.125403 -3.757527 -10.935680 -20.120300 -22.951660 -6.804779 13.658880 -0.362474 -24.242660 -22.509010
-4.989885 4.811249 -1.056004 -3.436568 -14.288520 -18.158920 -22.856390 -6.156524 14.744150 1.630519 -26.743430 -21.873700
-6.389960 2.708297 0.419050 -6.914988 -20.036630 -21.952080 -22.740730 -6.717711 8.281944 1.278950 -26.551330 -25.528600
-6.571392 3.170151 2.516175 -9.083723 -22.263960 -22.650010 -17.424550 -6.812827 6.746193 2.417869 -21.931110 -23.539110
-6.648995 3.661655 3.871357 -11.585050 -25.567410 -21.581800 -18.491310 -8.246160 0.483232 7.129082 -18.526760 -23.468410
-6.246527 3.542447 6.469419 -10.523080 -25.982320 -20.505170 -12.789620 -13.408060 7.217781 7.771478 -11.875660 -21.075880
-5.308328 3.442801 5.869430 -7.761975 -28.285380 -15.216860 -12.233930 -13.075150 8.199056 9.429929 -10.634470 -17.196960
-5.408945 3.168623 4.683331 -6.064124 -27.089400 -17.636040 -6.527282 -16.470810 8.439999 7.304407 -12.150580 -11.682020
-5.765921 4.131152 5.250513 -6.109790 -25.329000 -17.683170 -8.361759 -11.509390 5.086367 9.804046 -12.003340 -8.463208
-6.665586 5.275243 4.764086 -7.622390 -24.266710 -19.882420 -7.650218 -11.871560 2.840659 9.632403 -12.266190 -8.081284
-7.306752 4.837535 3.927507 -9.425361 -23.475090 -23.028710 -7.520246 -14.876510 1.851662 6.657409 -15.901750 -8.647743
-7.877272 5.541474 2.596300 -10.259420 -25.564780 -19.788730 -10.882990 -15.625740 1.192674 2.052034 -14.625480 -10.750160
-7.043971 6.953325 3.506694 -7.310909 -25.159090 -17.357770 -6.659457 -16.573240 0.309218 7.363308 -12.395020 -6.183599
-7.539027 8.338278 5.548300 -5.857762 -25.556870 -19.367390 -7.981757 -15.690850 -0.133540 6.249238 -11.095170 -3.936123
-8.783895 11.185820 7.611987 -5.516555 -23.818220 -20.235310 -6.172613 -17.596110 -4.057608 7.608118 -10.639650 -2.215629
-9.062733 13.866780 9.405647 0.042282 -19.636220 -17.186090 -7.145200 -21.547100 -7.068360 10.007440 -10.633900 -2.121066
-8.320415 13.136250 12.540610 9.120467 -14.499270 -10.808800 -5.847132 -21.351020 -10.494070 11.350680 -7.202518 -1.222259
-9.401512 6.062627 8.617648 4.073441 -11.147740 -4.572901 0.179491 -3.566428 5.718583 12.227760 0.434400 -7.288057
-9.593647 5.750241 6.637240 1.582885 -12.950280 -9.296815 -8.899270 -17.045170 -3.521666 9.222392 3.951478 -11.015490
-11.489310 8.235881 9.611953 -1.147635 -12.762590 -16.867420 -9.697276 -16.352280 -4.933856 8.357274 2.184024 -6.966727
-10.244450 7.856555 10.167150 4.447821 -16.272830 -16.246360 -8.301730 -5.585093 0.029148 6.172390 -5.746799 -8.078529
-9.820571 9.143696 7.379814 -0.200699 -11.631140 -10.126030 -11.272360 -8.904658 -3.728114 6.432846 -0.637115 2.911885
-10.824600 7.258987 5.041684 -1.353997 -13.898640 -11.454560 -7.652972 -6.381145 -3.321910 4.691105 -0.825766 3.579334
-12.539370 7.115632 2.396303 -4.517920 -13.652330 -7.845418 -6.042090 -6.970135 -0.908366 9.939336 0.843336 5.052862
-13.940510 6.739056 1.233547 0.011694 -12.714510 -10.164740 -1.574579 -8.007637 -6.384145 -0.932164 2.868460 2.795288
-24.798590 14.260780 7.169723 -1.243708 4.795887 2.134272 -7.384216 -7.927885 8.017834 5.958871 -0.028025 15.195880
-25.224600 14.466180 6.857426 -2.404761 6.915865 -4.258721 -9.062837 -5.986045 4.715171 7.239062 -0.495626 9.274224
-28.425080 15.650930 1.286543 -9.091046 4.618070 -5.676457 -13.344200 -6.689176 2.593023 2.783243 1.347748 9.384395
-30.085260 15.849910 4.424660 -8.479286 7.615938 2.321657 -10.686940 -5.667039 9.377512 -1.289255 -16.062790 10.307070
-30.983850 13.443740 7.468141 -8.962233 -0.222514 3.484683 -9.048518 4.680903 4.881463 6.508314 -8.585193 12.975950
-31.939180 15.158510 4.617716 -14.534860 -0.799432 -6.233004 -16.097290 -4.437110 3.169123 0.345266 0.487315 23.935150
-29.228940 14.059650 4.236020 -13.803330 3.480039 0.681191 -12.773100 4.184834 8.581063 4.948340 -7.882927 8.593923
-31.917240 12.763030 1.412724 -16.666540 1.925125 -3.385751 -18.942910 -6.996475 5.454988 0.099536 -3.795295 -1.437091
-29.405560 15.797340 2.412076 -14.606800 4.955923 -6.073109 -5.284287 2.776378 4.525197 2.792447 -0.566946 10.825790
-29.493330 17.164870 0.205804 -8.639981 4.642437 -5.259608 -4.742371 -2.405275 9.457311 8.667888 3.615587 2.246272
-28.218490 12.931150 -2.359452 -9.297408 1.915905 -4.486502 -6.869285 4.830163 8.629972 8.410653 -0.076338 6.950547
-22.058910 6.207511 1.327552 -6.967978 3.070400 -2.737195 -10.432500 5.329890 5.924002 1.197040 6.029516 2.151709
-23.575660 2.594285 -3.007390 -4.665690 2.219511 -2.925703 -10.395050 -3.915433 7.176080 3.463373 10.948820 7.196594
-21.833060 4.698460 2.541411 -7.539673 -0.001230 -2.449945 -6.511311 1.482794 5.128583 -3.307558 2.448021 5.869041
-19.606640 6.044899 -2.933574 -7.221299 1.014964 -11.921340 -11.561490 7.843893 9.003227 -2.132745 2.422139 0.819565
-20.720390 2.969332 -2.371439 -0.075762 -1.188654 -10.651150 -16.747150 -4.442232 -0.074849 1.736358 4.692854 1.195063
-20.391780 1.279329 -4.085605 -1.995915 -5.829687 -8.616841 -7.180997 1.577911 -5.007478 1.182774 5.529130 -1.043232
-19.968440 2.587866 -1.853466 -0.855110 2.092405 1.357238 -6.724443 -1.567519 -5.237609 2.258650 2.651626 7.011141
-21.264150 3.144170 -3.462272 -4.952184 -8.588490 -4.540361 -7.437637 4.471647 4.284770 5.708539 3.039281 8.583823
-21.548870 4.932902 1.056263 1.857747 1.228344 -0.879047 -1.269476 0.308471 -1.911263 6.215186 2.811519 4.694808
-23.446140 4.949408 1.384964 -4.051345 0.739676 -0.148018 -3.533521 0.558701 6.086175 -10.500920 -9.569860 6.210569
-24.059480 6.149741 3.161590 -9.947943 3.684199 3.757346 -5.455564 -2.641603 17.724520 -4.799427 -6.669924 17.546180
-22.445330 10.047230 8.439102 -7.403966 4.832767 3.063907 -8.240048 0.194331 19.360670 -2.180143 -12.644070 12.515070
-21.901030 14.619930 17.891310 -4.305958 4.779422 13.738160 0.587031 2.349818 9.628751 -6.377807 -19.946250 12.104680
-18.028350 15.943140 21.430050 -0.644010 9.030574 4.722326 -5.727074 0.079460 12.033540 3.751900 -19.536160 6.611773
-9.924399 21.310560 16.568930 -7.712431 -8.184779 -8.117519 -4.867386 -14.702370 2.367526 3.981984 -17.437410 2.104887
-10.740570 14.496140 13.302110 -5.937894 -24.656590 -11.232390 0.317724 -22.436080 0.359157 1.823330 -12.944300 3.066123
-11.410640 9.394645 11.390470 -7.661594 -26.588870 -12.716880 0.644857 -13.652430 2.233154 10.133530 -8.108963 -2.100868
-12.033610 9.792921 9.528043 -10.056510 -31.439990 -14.175010 -1.764581 -18.597030 4.587492 8.775107 -10.608590 -4.620098
-11.997220 10.971860 11.769010 -12.498810 -34.128990 -16.160520 -5.067851 -17.738780 3.170668 9.585006 -5.040507 -6.536144
-10.441400 5.563482 10.635280 -11.601420 -33.020590 -18.288520 -5.889538 -12.636150 -1.025233 7.472368 -5.040507 -1.247048
-7.886370 3.591964 9.875670 -13.867520 -33.948540 -16.660400 -9.446144 -13.678040 -2.359169 6.529942 -8.089983 -8.723026
-7.050393 4.338696 7.499055 -11.626410 -31.208170 -14.553150 -0.191700 -13.951690 -4.239860 4.080000 -8.314869 -7.029157
-8.332724 4.762037 6.515476 -14.935520 -29.762580 -17.868870 -5.773885 -8.015685 -1.281621 3.670450 -9.404214 -7.032829
-8.122927 5.731901 6.951430 -12.299780 -26.325440 -17.506440 -1.887944 -2.582338 -1.638401 4.073098 -8.255053 -8.758832
-7.024168 7.218639 10.612570 -10.635530 -24.654620 -17.052000 -0.803559 -2.718428 1.650361 9.045227 -2.103762 -7.403736
-9.776150 5.569595 8.064976 -12.562570 -28.197130 -16.190810 -2.061424 -2.042369 2.474611 13.302710 1.124587 -5.747508
-7.935608 8.309546 10.809410 -12.403600 -25.446230 -13.681860 0.337550 -8.302498 6.415669 9.554174 -1.669519 -4.073836
-9.730658 7.705558 5.612021 -12.708620 -20.768320 -16.128540 2.340000 -12.474450 -3.186508 8.287328 2.722370 -10.758420
-9.674462 6.424531 6.313586 -14.885970 -24.408960 -14.184550 4.091867 -3.761783 1.915501 8.128110 2.362323 -5.208591
