1.121948 7.273728 -15.878460 -19.984440 4.005759 7.732961 7.822985 -29.226240 17.136880 -12.828860 -9.748595 -11.686000
1.430775 3.300883 -16.694700 -19.607960 6.474911 9.688972 3.652099 -31.006570 21.424040 -14.951520 -12.224310 -12.264740
-2.223214 4.434532 -16.210910 -15.008700 3.596544 6.441763 0.490635 -38.571940 22.031130 -24.800410 -13.867320 -13.252600
-3.565699 5.768867 -17.775470 -18.524140 3.835070 2.437406 -2.438598 -42.647670 20.733960 -26.765960 -15.406930 -17.165040
-2.420443 5.020241 -16.836990 -16.486720 2.244163 2.750847 2.774140 -41.948230 20.017160 -22.657320 -12.761810 -17.245780
-2.931471 6.737908 -18.015420 -15.874160 4.296076 0.704995 1.324002 -41.269920 17.763300 -23.114540 -9.071589 -19.376620
-3.251347 6.780188 -19.228140 -15.143350 5.097730 -0.693011 1.866645 -45.841280 24.002480 -24.270620 -9.123282 -17.515190
-3.471780 5.646538 -18.987530 -15.678390 2.791972 1.620862 -0.779394 -41.623460 20.466220 -21.481510 -12.048680 -18.585600
-1.865771 6.319061 -18.926090 -16.970380 2.775924 2.110489 1.405080 -38.527110 18.424390 -18.156990 -11.118800 -16.880200
-1.042048 5.479394 -19.667300 -19.184090 -2.096730 2.213804 2.089031 -38.827360 11.301860 -19.325040 -6.798289 -21.265250
-0.500635 4.444961 -19.700280 -17.024420 -5.112961 3.535447 -0.829778 -38.604080 12.217620 -10.344800 -6.853720 -21.013070
-0.434892 5.864418 -17.188190 -16.801190 -2.942150 0.994479 -1.693259 -36.009270 17.608680 -4.758835 -4.951000 -21.878470
-1.309440 6.807810 -18.103390 -20.366240 -9.245963 -3.658721 -3.495508 -35.091620 8.971265 -3.890188 -9.148195 -20.168540
-0.482956 8.946579 -17.283910 -18.432900 -9.700404 -1.893370 -6.515665 -32.060390 9.227631 2.644035 -4.646440 -16.839380
0.345738 10.330240 -16.708280 -15.651370 -9.253987 1.345353 -13.751880 -33.921920 3.457414 10.237120 0.412118 -14.505350
-0.542622 11.848910 -15.863590 -15.597780 -6.138552 -3.963178 -19.030060 -34.607840 -2.979012 9.090195 0.711695 -10.004180
-0.815539 11.093240 -13.081780 -15.446750 -5.557189 -2.226775 -18.752660 -34.063170 -11.249220 8.697789 4.789309 -7.993083
-0.577427 11.843840 -14.224000 -17.261820 -9.741253 -6.869495 -24.292020 -32.516260 -7.568582 8.734424 2.704725 -16.144520
-0.356995 15.223650 -12.254550 -17.468670 -13.335200 -3.897296 -23.112340 -25.912530 -9.433059 8.945773 -3.727778 -13.706170
0.128068 12.821340 -10.510190 -16.982340 -5.212894 -10.337310 -23.741270 -29.167040 -6.511286 3.404188 -0.089876 -15.197480
-1.466340 14.371300 -6.154123 -17.437220 -5.053147 -8.776593 -23.174880 -38.733480 -7.151917 10.285020 -0.422463 -23.015100
-2.545300 14.825090 -4.964694 -14.575080 -2.206146 -10.319840 -22.463710 -36.726480 -9.985012 15.913260 -4.233509 -14.825560
-2.343651 13.753170 -1.682285 -12.225410 -2.672987 -11.297600 -24.386420 -31.448060 -10.484100 9.460057 4.150294 -19.848320
-1.146464 13.016670 -3.326400 -10.918800 -1.076244 -11.953930 -23.586650 -31.603680 -2.757321 12.723290 -0.747576 -23.461410
0.217014 13.784740 -3.442820 -13.077140 2.876587 -14.987520 -21.745590 -24.390160 -8.664531 15.615260 -5.405037 -19.031000
0.688265 13.017230 -5.637992 -11.774520 3.713983 -11.131890 -24.751270 -24.133050 -10.885990 12.876170 -6.886107 -13.568280
-0.489586 12.554410 -5.147733 -12.939830 4.283675 -13.369900 -22.895740 -25.692640 -12.037640 12.859970 -7.148938 -19.373900
-0.813881 12.232240 -3.247493 -9.885470 3.603108 -16.073080 -26.858720 -26.370090 -6.917151 14.847360 -4.318213 -21.523780
-0.649247 12.302430 -4.054675 -10.610970 4.573263 -16.391510 -25.796020 -24.153350 -5.664882 9.167690 -6.079553 -18.860460
-1.210550 10.631270 -4.487370 -9.528479 0.049281 -14.651620 -23.718690 -21.147500 -9.308002 7.099283 -4.747337 -25.878900
-1.253642 10.298110 -3.689244 -7.522947 2.295954 -12.907730 -21.223800 -20.679790 -5.323819 14.695890 -4.358696 -26.770610
-3.517082 9.021836 -6.295121 -11.546850 0.543840 -18.708880 -26.683250 -21.331030 -7.341206 11.207210 -15.828580 -30.180490
-3.498851 7.633102 -3.495210 -7.888797 -0.572931 -18.940960 -27.346350 -20.234070 -1.471513 12.246350 -13.078200 -32.744030
-3.473990 6.982001 -2.315483 -7.367926 -3.432333 -20.700830 -27.909260 -23.910610 0.880116 8.270159 -13.237020 -34.383210
-3.053566 5.837923 -3.631033 -7.749721 -2.995399 -17.975690 -29.725990 -21.651570 1.471291 2.050847 -10.854100 -32.333110
-3.465703 6.727761 -1.199787 -6.820479 -5.291673 -19.852340 -29.127170 -19.173480 7.529137 1.633784 -12.543820 -33.388100
-3.658512 5.857090 -0.550420 -5.033749 -6.659372 -17.466090 -27.777220 -16.661560 9.527198 4.968879 -11.622670 -33.145890
-4.075622 4.994028 0.940408 -5.372138 -11.887990 -16.352080 -28.656340 -10.638870 8.706372 6.611770 -16.370440 -32.065510
-5.062873 2.355235 2.030233 -6.679188 -15.350640 -18.759790 -29.292220 -7.863921 5.379872 3.626810 -20.470470 -32.251460
-5.953443 0.617556 4.154259 -8.526599 -19.691530 -21.285780 -26.339240 -6.185925 4.000841 1.563334 -24.928010 -30.337430
-5.813118 0.866158 7.119099 -9.880156 -25.052180 -20.287060 -18.607870 -5.319862 4.615323 -4.307251 -18.514190 -25.608580
-6.843461 2.992244 8.341514 -10.206140 -29.005740 -21.431520 -14.856860 -7.488402 5.633396 -2.176144 -14.657050 -23.070440
-7.704198 2.357208 7.996779 -13.210450 -33.465530 -23.019690 -13.249200 -9.335551 0.499830 -5.333001 -14.569860 -24.735920
-7.356699 2.843421 6.751728 -10.923670 -30.838090 -21.775410 -9.249153 -10.318330 2.159101 -0.691766 -9.231653 -20.310050
-7.646741 2.010518 6.839043 -11.384300 -30.335510 -21.810850 -12.151750 -9.866692 1.725952 1.203335 -9.687559 -20.442490
-7.859992 1.953300 6.072609 -12.329490 -28.101970 -22.228100 -11.435940 -11.934590 2.119311 0.755274 -6.649435 -22.109790
-7.709170 3.094559 6.467144 -9.636107 -27.216430 -20.876510 -9.636590 -8.684313 4.214005 1.518951 -1.985123 -19.690480
-7.437911 3.726494 7.097108 -8.951799 -27.497260 -18.937470 -4.616123 -9.224756 6.637826 0.674961 -1.841874 -14.299430
-7.203114 4.500487 6.225249 -7.079143 -27.658470 -19.082710 0.900658 -13.944970 9.003666 1.946581 -6.095123 -8.267035
-8.521843 5.819320 6.104948 -6.358516 -27.910120 -21.982040 -1.662566 -14.630040 6.695239 3.122389 -10.044440 -10.513080
-8.772661 7.494990 8.975358 -5.701226 -26.721140 -22.267030 -4.570372 -12.904680 3.557460 8.220140 -11.721690 -13.734290
-8.877628 10.265130 10.602660 -4.654168 -21.516590 -21.654130 -5.038887 -22.211470 2.056214 12.067410 -12.134630 -12.451610
-7.816900 12.213080 13.022260 2.072425 -16.848180 -14.104090 -4.166718 -24.676030 -3.314390 18.673490 -3.377752 -7.378051
-8.494220 7.439463 11.783680 8.659942 -12.561990 -12.486980 -4.414586 -5.443343 -0.060650 19.402640 6.165745 -3.455635
-10.200780 6.507909 11.019830 5.470048 -14.106950 -12.189510 -6.797122 -7.042684 -1.354415 18.762960 5.027227 -7.270103
-9.859908 6.198424 9.372481 3.128784 -16.688430 -5.874270 -7.097690 -13.753830 -9.393837 7.331063 7.676087 -10.655500
-9.486996 7.234831 11.138840 3.891046 -12.425590 -8.614882 -3.873100 -1.188302 -12.255350 7.207071 5.577178 -2.074081
-11.166480 8.865403 10.691910 8.403493 -10.428380 -14.375110 -8.822914 -7.807255 -3.394540 3.726849 1.360675 3.076584
-10.404080 6.500862 5.576529 1.429751 -14.331610 -16.487340 -10.774580 -3.076894 0.593623 2.545405 0.963938 -1.979740
-13.723830 4.541921 6.055792 3.382133 -18.683450 -17.476080 -13.227770 -1.255964 -2.993791 -1.099670 0.907884 0.255420
-20.455590 11.835380 6.668293 -2.866109 -3.561444 -15.434720 -5.963176 -0.520994 3.031086 2.458047 6.779224 13.257270
-25.253180 12.400240 5.681953 -2.498930 4.450717 -11.932460 -0.533265 -4.622106 -2.638517 -0.228910 2.877869 -0.664407
-28.629280 16.572360 1.729480 -9.522720 5.475579 -8.884401 -1.824722 1.365906 -8.795839 -6.885715 10.674350 -2.655550
-29.164620 16.697500 8.993468 -12.187310 7.418076 -4.649953 -10.242360 -6.573285 -0.004943 -7.883286 -3.643074 4.263106
-29.964030 15.467460 6.731031 -15.639860 1.860478 -7.247321 -4.420956 -1.219596 13.223750 -1.543504 -2.983506 18.479600
-31.175580 12.673360 9.310390 -11.662900 6.638305 3.378727 -5.900630 -0.740047 10.083130 2.756050 2.907142 10.690100
-31.973890 11.601720 9.539351 -11.620380 0.813733 5.859303 -6.761216 -1.652627 10.958520 -4.820127 3.415364 16.368710
-31.698210 9.107804 7.736774 -11.999070 2.064721 5.393134 -0.225168 -0.087963 13.136210 -2.829214 -8.343510 10.957700
-31.450710 9.715499 9.408054 -18.813810 1.926857 0.675049 -6.310074 -1.152780 0.720953 -3.704905 -6.328681 12.654930
-34.774320 9.696896 8.820130 -18.016110 4.678302 2.313127 -10.946000 0.282482 5.479918 -4.276254 -0.745085 8.869495
-33.368310 12.263810 8.067925 -10.979920 13.677390 7.051676 2.027064 1.923265 7.888390 -1.287067 -2.875758 14.184350
-32.948430 15.817530 7.199946 -9.266272 9.523967 3.098227 -4.618439 -4.705837 -5.008904 -0.636110 -7.793558 13.837830
-29.436430 13.029910 3.045031 -16.060190 5.768084 2.422931 1.550441 3.597879 8.814944 -1.785147 3.556745 8.136537
-23.852130 12.083420 8.404251 -4.317993 6.622257 -0.434971 -7.118538 5.960099 0.938096 1.854292 11.834670 9.909969
-23.205750 4.817019 2.780498 -8.431814 4.428104 -0.177930 -4.089116 6.300096 0.661267 6.721672 15.887990 14.804820
-24.687460 2.812979 5.386375 -5.873078 4.632347 2.065070 1.044282 5.428113 5.585079 -0.325426 12.681080 11.705170
-22.430090 5.370595 2.247551 -6.272147 5.867288 0.609166 -6.335556 -1.078353 2.297800 -4.056450 4.480389 7.932433
-21.186500 6.105128 1.632463 -8.067736 -0.842824 1.199613 -11.595200 -8.113421 1.948211 -3.604162 10.734140 11.365910
-20.350070 0.489309 -1.321382 -5.500141 4.176448 -0.903635 -16.126890 -5.681003 -2.468554 2.979376 11.241740 11.048410
-23.190280 2.200775 -0.941075 -4.333939 -2.548982 -1.553975 -12.055610 -3.546294 -12.258770 -2.069764 -1.925332 12.330180
-22.351090 8.402021 8.877694 -8.985461 -9.066522 6.392352 1.684799 -17.582600 15.689640 -10.554740 1.214935 17.028190
-23.036700 11.138060 14.605580 -13.276010 -12.201650 3.795983 8.226638 -21.690480 24.993260 -7.407044 7.306754 25.064430
-23.358230 10.753310 9.821993 -12.846820 -4.712499 -1.598895 2.431875 -8.522772 15.557760 3.929744 -1.566587 18.048710
-20.359460 14.343390 17.365390 -0.747190 12.146300 6.427289 -3.764803 -10.948420 16.212030 5.676196 -20.147230 3.842199
-16.224280 18.064820 22.685800 -2.323534 10.796110 3.931740 3.828734 -11.071060 6.870317 6.273611 -19.637130 -0.397711
-6.326908 15.334980 15.392060 -11.789130 -18.360310 -13.404340 3.312151 -27.395160 1.849303 -4.317114 -11.785220 -6.416497
-9.634502 8.687266 13.974320 -9.148012 -24.383290 -15.474150 7.058535 -19.642040 5.908520 4.870954 -8.104346 -8.633514
-10.985830 10.764030 14.593290 -10.791680 -29.276370 -18.241210 2.456198 -18.007170 8.424427 9.732697 -5.476661 -13.274370
-10.949360 7.569683 12.280400 -9.526707 -34.125680 -21.052700 0.086982 -17.317880 1.811786 1.863450 -3.185300 -7.222933
-10.633360 6.888704 9.721743 -12.040710 -29.652760 -19.660180 -3.522727 -18.573840 1.692982 2.832136 -5.485381 -8.983665
-10.296910 3.816126 9.034862 -14.459040 -32.561760 -16.139460 -4.201467 -20.968190 -4.295514 -0.681902 -7.300283 -14.502620
-8.306934 2.667820 8.589231 -12.990320 -31.061300 -18.572120 -0.100655 -15.068140 -2.710140 -2.869370 -8.631876 -13.151010
-6.445687 2.500958 8.413953 -11.417520 -31.310040 -18.489270 -3.315399 -10.236290 1.141597 -3.153283 -14.407920 -12.660250
-4.610958 5.048427 8.361564 -13.897860 -30.202750 -13.255110 -3.276019 -5.313096 2.362034 3.175931 -10.746980 -12.971390
-5.446282 8.179351 10.562560 -13.352630 -26.716030 -11.553140 4.879852 -3.187690 7.879864 8.806282 -0.461078 -15.910490
-5.657876 5.150461 10.202950 -13.027530 -26.766360 -12.883770 -3.947808 -7.097659 -0.392049 0.817270 -3.790683 -19.074540
-6.823020 6.622627 11.140780 -10.097190 -23.983550 -14.296750 1.424191 -1.366759 -4.043696 8.693563 2.653653 -8.963709
-7.383217 3.937327 10.293500 -14.773510 -20.696700 -11.590570 -3.936225 2.542365 -2.731741 2.906108 -9.033596 -10.985690
-9.154412 -0.406731 7.926280 -16.609850 -20.507780 -12.473500 -3.759591 9.585045 -8.323467 7.419125 4.630489 -4.218529
-11.681380 2.639071 4.453072 -12.815810 -22.836150 -13.609470 -3.201890 -5.801948 -2.240042 4.582110 -3.387094 -11.746770
-6.402043 11.234450 8.384848 -10.189760 -25.575190 -12.591290 4.643568 -6.340699 0.261086 2.806774 -4.015522 -7.222933
-7.689834 6.779060 3.661412 -11.731550 -22.255510 -11.164830 4.221383 7.564514 0.245170 11.330500 7.184058 -10.875930
-7.720219 5.653585 7.215469 -9.544424 -27.336060 -5.304786 7.509676 -0.671540 2.924788 -1.852779 -12.569360 -12.206690
