2.510217 5.275594 -16.830030 -15.755550 5.022861 6.952470 10.437320 -32.370530 12.498220 -6.076073 -20.085520 -2.559567
-0.042166 1.635097 -18.599700 -11.941900 4.029218 3.330702 9.840114 -38.294300 12.830430 -11.344360 -20.868240 -7.991250
-3.313474 3.344153 -15.869600 -13.560750 7.764458 3.344379 9.350464 -42.358910 11.837480 -13.703310 -22.248040 -9.050009
-3.809651 3.584787 -16.711470 -14.077140 6.066847 2.781966 10.974370 -47.590190 9.494665 -14.713710 -21.944490 -7.195597
-3.879187 2.871372 -18.142960 -14.874380 9.455467 2.814244 5.378072 -45.809880 10.477100 -14.970340 -22.704000 -8.072876
-3.504402 3.238478 -17.743910 -16.859370 7.869269 2.694978 5.690825 -50.036070 9.889427 -12.758280 -24.936780 -9.454967
-3.225082 3.931946 -16.559880 -17.663390 9.429058 5.793176 5.407084 -48.863620 10.284190 -16.169590 -20.145100 -6.738334
-2.012337 3.398901 -14.164390 -17.577430 9.759997 6.837580 9.348341 -46.075340 8.156889 -14.722590 -18.336300 -1.919241
-1.764445 3.795714 -16.883740 -16.958180 6.468761 5.031620 7.311199 -47.406480 4.462632 -17.935370 -19.977640 -0.763007
-3.269475 1.843053 -18.866260 -18.731340 4.301562 -0.070040 3.892140 -53.406250 3.160601 -19.301670 -22.165880 -9.888456
-1.883087 4.336399 -17.544580 -17.211300 5.538665 5.928855 2.380028 -48.345210 11.158340 -15.297190 -22.026020 -6.104347
-1.817873 5.728853 -16.872200 -16.206960 4.262774 3.985027 2.805287 -40.978710 15.897060 -13.892150 -18.045290 -12.259570
-3.135118 5.763229 -16.300880 -17.917850 -2.299067 0.047586 -2.408211 -39.853400 16.079460 -17.266340 -21.719960 -19.104250
-2.457835 6.734255 -15.047230 -16.697620 -2.061385 -3.973015 -1.414759 -33.762260 12.859340 -13.492670 -18.429130 -20.705060
-2.541906 7.792282 -13.499170 -18.121560 -4.346599 -2.515554 -8.528835 -31.406790 11.817500 -9.297735 -18.362650 -23.584950
-0.737913 6.228371 -13.781250 -16.361260 -5.117415 0.953028 -10.430830 -32.148350 12.502950 -7.110685 -14.893700 -19.242930
-1.127233 9.556086 -11.603380 -17.090150 -11.707320 -0.811353 -10.045900 -32.617710 5.014037 -4.223134 -10.783770 -19.650270
-0.343879 11.404770 -11.058320 -15.750810 -9.592936 -1.703665 -11.602590 -34.515360 1.236727 -1.643868 -8.126396 -17.028730
-0.113666 10.375600 -9.108423 -13.678510 -8.052129 -4.776697 -19.117870 -36.663080 -2.678302 -2.425072 -5.038147 -18.798350
1.210258 11.299940 -8.457927 -15.108550 -6.666475 -6.498405 -21.372950 -31.903080 -2.205745 -2.320966 2.637942 -7.984118
2.140147 11.479040 -7.512221 -13.283950 -10.346420 -8.217924 -20.926460 -32.743710 -1.805726 1.853798 -0.847939 -12.374480
1.152901 11.423020 -7.369789 -10.548410 -9.682892 -12.294330 -20.231610 -28.143370 -4.445007 -0.879611 3.741157 -11.556630
-0.233094 9.586642 -5.868277 -10.344030 -4.754290 -16.829740 -20.480680 -31.071120 -5.746512 -0.965156 -5.128462 -13.269190
-0.504164 9.986002 -4.048878 -13.603390 -3.244843 -12.954120 -21.123880 -27.589370 -8.366870 -3.469368 -4.735846 -16.116580
-0.952805 9.327334 -3.746109 -14.328900 -6.043385 -17.615920 -25.600070 -31.672250 -10.167220 -6.845172 -7.881794 -21.464260
-0.473914 12.507780 -0.397746 -12.737110 -7.805368 -14.240340 -20.349070 -26.094720 -5.096811 -4.161799 -1.157141 -17.486790
-1.967551 12.666510 0.093210 -10.375840 -6.214219 -18.109950 -24.459440 -25.710000 -7.680899 5.196514 -1.429338 -25.448870
-2.462942 10.925200 0.084059 -11.857980 -3.905897 -15.971900 -21.841370 -25.313730 -4.245260 4.939878 -0.962087 -25.110480
-3.034154 11.010080 -1.125824 -11.111490 2.159123 -16.111960 -27.056990 -23.887370 0.098698 6.011613 0.041406 -25.577260
-2.814548 9.824731 -2.226296 -10.149790 5.009657 -18.418510 -26.563100 -22.354250 3.173216 5.865541 1.517794 -21.147270
-3.878008 9.546325 -2.346448 -10.716260 1.569044 -17.565040 -23.188620 -23.833510 1.248817 4.780894 -6.732796 -28.544310
-4.450398 8.047346 -2.788865 -11.342950 1.243882 -16.285390 -20.940610 -28.410760 1.407037 7.899255 -9.797838 -30.542960
-4.948932 7.121731 -1.745685 -9.682815 -0.436399 -19.101830 -20.941320 -22.218630 0.846171 6.821871 -7.360606 -30.653900
-5.638001 5.891822 -1.841966 -14.483200 -2.715836 -21.713110 -28.024970 -23.357410 -1.648031 6.880784 -16.180050 -38.448770
-5.439216 6.768207 -0.727967 -12.232910 -0.951376 -17.537690 -27.380360 -21.155830 -1.053523 7.419880 -13.116890 -37.319480
-5.320967 7.209157 -1.121447 -12.852170 -0.702140 -18.618200 -22.794490 -23.680580 3.287282 2.643073 -13.972990 -34.968190
-4.266935 7.543160 -0.837377 -9.233434 -1.981332 -18.544890 -18.725870 -19.406300 7.585509 1.342141 -12.469640 -27.398380
-6.249284 7.861459 -1.521691 -11.688790 -4.230234 -19.193190 -23.543820 -20.031480 7.737422 2.806900 -21.426430 -33.447410
-6.305856 6.261474 -3.248788 -10.554500 -3.560928 -18.380210 -22.249650 -17.653890 4.592467 0.723150 -22.487630 -32.719910
-8.181741 4.434859 -3.877799 -10.720310 -9.821540 -20.064170 -23.645010 -16.431430 0.024056 -1.241967 -20.581620 -33.609870
-7.132031 3.110734 -1.047844 -11.508090 -11.949120 -21.028150 -19.328020 -5.256171 0.247457 -7.022719 -24.694060 -22.905000
-7.076245 2.030637 0.070134 -10.057750 -10.885330 -19.244070 -15.880660 -4.232806 3.610030 -4.805002 -27.397840 -20.254930
-7.852921 1.298973 1.349641 -13.149270 -14.766650 -19.511060 -16.414890 -7.296167 4.968306 -6.332709 -29.325800 -23.309960
-8.387990 2.567078 4.559153 -15.279090 -21.529860 -18.803660 -12.183520 -2.695836 1.588912 -10.459050 -25.536990 -18.776950
-7.924028 2.637528 5.119733 -14.124510 -20.649280 -15.782060 -9.078630 -5.638009 7.401007 -9.680266 -19.225020 -19.063830
-8.835060 3.677731 4.612863 -14.374920 -24.118780 -16.852720 -9.806737 -5.527401 7.307441 -4.128711 -22.357800 -18.692950
-8.424525 4.260007 4.518571 -11.922270 -23.886050 -20.289570 -4.226708 -4.270317 10.804060 -6.428745 -18.064730 -8.799583
-7.227102 2.620128 2.215378 -8.862558 -25.013390 -22.025510 -6.810815 -10.016160 10.319410 -6.511869 -16.784030 -9.721242
-6.504641 1.864273 3.252989 -10.463820 -24.238440 -19.999070 -4.378132 -12.112910 8.030734 -5.220622 -11.005790 -5.150989
-7.076245 1.245923 1.276436 -7.792572 -25.152860 -21.383210 -6.522827 -12.077320 11.747590 -11.368570 -14.893070 -1.254347
-6.424891 2.453339 2.133419 -5.415050 -25.357530 -18.913630 -4.603145 -7.946350 11.931570 -8.387405 -11.826150 -2.246536
-6.512890 2.513179 1.992578 -8.953247 -27.116210 -20.173590 -5.753681 -10.312400 9.206610 -7.986312 -15.199760 -6.403905
-6.610319 3.471048 3.231902 -7.712035 -26.606190 -19.833840 -1.546371 -10.284510 11.135740 -5.835578 -12.084550 -4.599420
-7.005924 3.570358 1.058808 -5.028609 -29.128260 -23.457800 -3.782344 -10.282580 8.212608 -6.915384 -13.373410 -8.540442
-7.865492 5.458086 4.009712 -3.649335 -25.973190 -24.365430 -3.683990 -10.554780 6.455891 3.090167 -10.279510 -10.637350
-8.333776 7.962466 5.687872 1.224147 -27.343160 -25.350750 -0.535229 -13.025660 4.918895 7.613567 -6.253628 -9.173635
-7.456923 9.957567 7.206890 -0.401475 -24.344900 -21.285830 6.392044 -18.685910 -6.090287 5.762241 -11.347610 -8.928759
-7.389351 6.817862 5.160314 2.450469 -14.873110 -11.233510 7.391864 -4.956086 0.250611 9.244574 -10.891020 -7.785204
-9.835270 2.135039 -0.531426 -2.339092 -11.586820 -10.061090 0.566483 -3.819228 -3.906743 -3.744565 -14.125400 -4.385449
-10.355020 -1.120103 -1.703910 -0.923271 -11.186560 -11.344570 -9.210949 -6.398799 -9.385051 -13.412780 -15.937330 -6.162198
-8.199812 3.225746 0.343064 -1.200750 -8.683472 -7.265979 -9.091367 -6.829690 0.353112 -2.790657 -1.380418 -7.272468
-8.445740 2.823839 2.166441 1.298592 -9.417150 -8.744776 -7.124983 -8.103125 8.143223 3.675263 -5.468395 -9.631691
-9.298630 4.825306 3.657211 1.283703 -5.127318 -3.094928 -5.237850 -8.473421 0.392536 5.205391 -0.618391 -1.095058
-11.043300 3.890355 3.453110 3.671377 -2.573061 1.764916 -6.764114 -11.775310 -2.727188 -2.955291 0.326147 8.776911
-10.910120 1.238708 -3.619590 0.962233 -1.845985 -6.204068 -7.187251 -15.318610 -9.232087 -9.842480 -6.412932 -0.033130
-11.655760 1.092290 -3.588557 2.786828 -5.573798 -4.877910 -0.740429 -16.203480 -13.446210 0.369671 -5.284630 -3.567606
-12.032900 -4.789460 -16.268650 -5.356170 12.669130 -3.132130 -1.468536 -7.355799 -3.470455 8.571511 -17.479570 -0.602925
-9.251880 0.750224 -13.494790 -3.773862 11.332170 -2.901256 -11.001140 -13.972080 11.791220 17.360060 -15.765480 -0.415107
-11.522190 2.876465 -8.498906 -4.900698 2.418262 -14.144060 -10.360070 -5.336963 -6.282148 13.412880 -11.220290 6.141903
-17.893130 -0.204250 0.984011 0.364638 11.771220 -1.872717 0.974761 -6.611360 2.224421 11.675350 -10.649550 7.252965
-17.861700 -3.026505 2.621988 5.100733 15.632730 -10.370200 -9.218732 -13.388260 11.940510 2.990095 -14.822830 0.394812
-17.862090 -1.973995 -0.022169 0.579854 11.487320 -3.991069 -1.273950 -8.713874 21.001630 8.184136 -19.775060 6.736266
-18.545660 -0.481807 0.515336 -3.363734 11.589650 -9.075221 0.468129 -3.715353 10.561730 18.002460 -10.076930 11.747930
-20.556300 1.164863 4.357041 4.882811 21.551670 -5.012495 -0.136150 -9.046659 12.545000 16.813700 -1.808156 5.199640
-21.360480 0.116596 3.009102 6.042132 24.955970 -0.093565 -11.393850 -17.030630 12.861970 18.319620 -3.399946 -1.792443
-18.812020 3.621710 2.012471 4.801598 19.937410 -2.554398 -5.181243 -15.767780 12.314770 27.037150 -2.880639 10.705020
-20.875300 1.598174 1.945233 4.710909 21.157180 -6.754445 -0.608818 -12.187930 7.439905 21.303210 -11.171370 -1.531716
-21.914010 -0.937612 -0.046438 1.749327 24.097670 -1.218939 2.218698 -12.544760 10.958600 24.212550 -0.381943 7.151527
-18.869770 0.149275 -1.765180 1.391311 21.436130 -6.321146 -9.920658 -15.431150 7.605484 16.045410 0.617159 3.004460
-17.579240 3.302138 4.186360 2.560784 16.475340 2.663246 -1.755816 -7.656846 4.950959 23.822750 5.027509 13.485850
-15.380430 5.132147 -0.737515 0.086482 11.177840 1.393439 -2.306319 -2.555412 8.529049 18.064600 6.555326 -0.413522
-16.197960 4.692045 -0.149881 7.365234 12.024580 -0.437141 -0.097941 6.660641 5.721035 10.345360 9.646083 7.353611
-16.498890 -0.985569 -3.747700 4.779264 9.902772 3.301706 0.110797 -5.089778 -0.774404 7.150332 6.447451 -1.610964
-17.291280 -0.436396 -5.004530 1.195045 11.095310 5.877429 -1.837896 -7.772263 -6.614358 1.741621 -0.052672 -4.811013
-16.452530 -1.324239 -9.571528 -1.621706 7.561438 1.011567 -6.331071 -10.165240 -6.213288 2.785110 -10.526620 3.036160
-15.702960 -3.005709 -8.298784 0.462771 4.398121 1.275813 -1.107667 -8.718682 -5.111003 -1.748782 -2.697501 5.624411
-15.708460 1.389370 -4.973895 0.192736 7.383177 6.945905 -4.988780 -4.556936 1.455923 6.222248 6.056716 8.415539
-17.237060 -0.647747 -5.494291 3.002720 7.374098 3.826917 -2.717426 -8.792742 -5.200889 6.268249 2.910140 2.414852
-17.449990 1.597750 -6.247435 1.285734 6.778243 5.092895 0.395247 -3.137306 -5.936272 8.599757 4.540815 3.433986
-16.060460 3.592851 -3.105161 1.453575 0.592732 4.181982 -1.903702 -4.320331 -4.796666 -3.424175 8.196036 -5.888791
-14.198720 2.990628 -13.351960 -6.311781 -1.433343 4.109765 6.009240 -4.110656 -1.432516 -1.579305 11.776000 5.900988
-8.211598 5.857021 -13.835760 -13.643320 8.248900 10.502570 10.470570 -2.471734 -10.408490 2.477632 -4.589712 3.925326
-4.357292 15.883460 -15.821060 -14.062250 7.577118 4.614734 13.824530 -3.392185 -8.788966 2.017625 -0.134833 3.128880
-5.132789 16.356660 -9.959836 -10.450280 6.939173 8.199846 16.756770 1.178330 -3.784792 1.123436 3.199898 3.117785
0.377797 20.334980 -8.352893 -11.207600 -4.919347 -8.925864 7.038071 -12.549570 -8.184470 -17.453580 -6.143244 -1.714780
0.954116 23.023120 -11.437870 -19.579350 -9.448511 -6.573357 18.346010 -15.758160 -7.773413 -18.320320 -5.891744 4.021217
0.980044 20.914280 -11.106060 -24.065030 -16.887630 -7.116622 10.682140 -23.590170 -4.789307 -16.057410 -10.875340 0.945588
1.797970 18.998550 -12.325890 -28.305050 -19.340380 -6.628066 3.429379 -28.426150 2.196562 -22.097220 -13.824980 -2.331332
1.570113 18.253730 -12.821220 -28.727360 -18.358290 -6.205709 2.648203 -30.121810 3.462849 -20.500920 -9.858675 2.435457
0.886545 18.503270 -10.744410 -31.230760 -21.387910 -1.861776 4.264331 -27.109430 7.450418 -22.314310 -8.463820 4.881062
0.227726 19.424640 -12.831170 -36.986760 -19.658110 0.780693 1.559227 -23.851780 14.524070 -24.732980 -11.195200 1.252279
2.566395 16.401650 -12.053360 -34.087440 -20.789580 -3.105322 0.621675 -16.334290 9.938838 -25.850720 -8.234899 -5.991814
1.169793 18.221900 -13.295470 -31.345140 -21.282270 -7.949847 12.480120 -16.314090 5.082372 -24.028440 -10.690950 2.757998
0.833116 19.082580 -13.544130 -33.977810 -17.164920 -0.744608 5.077348 -11.860910 12.799940 -21.567000 -11.982320 1.645351
3.355642 18.112400 -9.710381 -27.164680 -19.440240 -0.433858 6.742299 -2.480390 13.503790 -15.945240 -11.925240 0.539044
0.985544 17.641740 -9.882652 -31.015550 -18.748650 0.397726 11.092540 0.821499 12.388360 -20.690570 -3.577439 4.501462
2.104004 17.706670 -8.636564 -20.923430 -13.543580 -5.235163 8.459612 -0.060479 2.976098 -10.066030 -4.496889 3.486290
3.831390 12.738660 -10.829950 -26.639500 -20.693840 -2.156660 8.586978 -2.256289 7.509291 -11.121620 -5.807074 -0.600548
-3.250618 8.112279 -10.167120 -20.155280 -16.096180 1.140681 3.698969 9.624936 10.379860 1.658497 1.695914 4.153562
