-10.604560 17.993230 24.564140 -6.417813 -6.933627 -8.909066 -31.920600 -13.843960 -21.492970 -15.593330 1.929453 -7.238916
-12.886640 18.827770 24.635180 -15.726730 -6.566621 -3.657443 -32.168570 -20.668000 -24.341370 -11.836390 -6.464608 -15.157950
-14.935360 16.409760 29.653930 -8.213341 -10.123320 -1.835085 -26.039940 -22.675070 -30.912080 -21.504100 -5.782287 -12.788760
-15.994810 14.801610 29.456960 -4.245529 -5.412644 5.642868 -20.415090 -26.413150 -31.635440 -28.379910 -10.209790 -10.148000
-15.018750 17.954670 26.910850 -8.319240 -5.673729 0.650584 -16.142900 -24.318810 -27.177350 -33.730580 -17.399930 -12.914110
-12.734260 17.675840 22.071310 -12.220530 -5.591966 -1.587216 -11.878560 -20.513310 -32.151560 -21.304160 -21.731150 -9.634211
-14.312640 15.815870 22.596840 -3.945482 -2.599244 -1.935330 -8.049223 -28.782760 -25.141560 -26.380540 -19.343790 -2.183924
-14.886760 16.491130 23.040830 -7.275865 -11.105410 -2.941766 -7.944244 -19.435990 -14.177950 -22.545650 -29.068370 -2.497944
-14.848370 15.454510 20.317930 -13.646770 -8.008628 -2.739282 -10.930730 -24.628200 -13.824810 -25.122460 -32.407200 -9.950189
-15.844830 17.162930 20.764350 -10.322490 -4.156463 -0.283537 -8.262802 -29.248430 -21.915960 -18.235820 -25.698470 -8.486506
-14.400830 17.073460 21.203500 -7.506670 -4.469579 0.789231 -7.550269 -23.857900 -20.228660 -21.569780 -23.784940 -4.789435
-14.023480 13.743010 18.072130 -8.616571 -3.825693 1.689438 -17.901010 -30.877890 -26.339900 -25.939530 -26.336060 -0.456492
-13.590340 13.987130 23.147390 -4.394873 -5.919948 1.244571 -14.717840 -31.691030 -25.793510 -20.733220 -21.697040 1.257230
-14.478820 13.485780 24.933060 -6.005757 -13.829620 2.641513 -17.560730 -37.171210 -22.460810 -20.406970 -15.123260 1.357769
-14.383430 16.112810 23.272510 -1.954448 -10.549790 -2.688910 -14.567000 -34.500930 -22.212440 -21.295500 -17.630410 -0.326576
-15.543070 16.614160 25.309240 2.599881 -11.373930 -0.284534 -12.974810 -34.777000 -29.975300 -26.991900 -26.635520 0.099080
-13.487760 14.704810 25.879170 -0.664655 -11.759520 2.025582 -18.095280 -33.011100 -29.708310 -17.465660 -21.861550 -5.103455
-11.864980 14.110530 23.584930 -1.832936 -15.671150 0.089513 -19.279620 -34.863480 -26.115600 -15.929680 -24.103350 -2.135614
-9.836662 12.073540 23.984520 -1.244383 -19.928410 1.301925 -20.773470 -34.892030 -22.383970 -6.204947 -21.603790 -2.397405
-9.350129 9.194298 18.663850 -7.247354 -26.329180 -0.131424 -22.195520 -41.382890 -23.111200 -8.524073 -20.718290 -12.796600
-7.468189 7.475852 16.816020 -5.854376 -29.188100 -0.810694 -16.594800 -32.358200 -18.632160 -3.313439 -17.841170 -10.012860
-6.724892 4.997682 15.962750 -7.351895 -30.578080 -4.163654 -16.122990 -28.770070 -15.544710 -3.764561 -15.765400 -7.826478
-5.498662 2.615151 13.721790 -6.062101 -34.205390 -7.064266 -16.305200 -24.076850 -13.981590 -4.894891 -13.719950 -9.187011
-5.526258 -0.612718 10.364380 -9.426426 -36.524500 -9.815258 -19.493800 -24.625820 -21.410700 -1.316234 -18.105760 -11.345320
-4.495600 -0.620431 9.478004 -8.683776 -36.284780 -13.969180 -11.870720 -23.292270 -14.714250 3.521953 -18.431750 -8.837737
-4.592787 -0.497410 9.331889 -7.858987 -39.100970 -6.052842 -15.516040 -21.201900 -9.639139 0.976185 -18.283160 -5.476230
-5.062522 -0.985639 6.336136 -11.192090 -37.559550 -8.582398 -17.643390 -21.497800 -7.569977 -4.539046 -18.224780 -9.898613
-5.770424 -1.607303 1.524041 -9.402666 -38.146760 -13.052010 -16.291930 -22.313320 -9.782723 -4.083594 -22.481700 -8.532858
-5.432071 -1.243638 0.798311 -9.220737 -36.151920 -10.022730 -14.027630 -18.866390 -11.105250 0.477425 -26.737110 -11.784690
-4.580789 -0.620046 -1.478978 -11.562050 -33.776140 -12.052560 -8.007593 -20.047630 -15.439160 4.004112 -32.618720 -14.010240
-5.276093 1.282739 2.562988 -17.193700 -35.037900 -9.936949 -13.362760 -23.645290 -15.419750 -2.805296 -25.891040 -18.858280
-7.189828 1.864681 2.384583 -20.980260 -29.668460 -10.924930 -14.173630 -20.596600 -13.362230 -6.594717 -28.552840 -17.754320
-7.420196 3.074072 5.081649 -18.290020 -27.102210 -12.120890 -9.929201 -18.188120 -13.759610 -2.892633 -25.590060 -11.134450
-6.969059 3.473603 6.483057 -17.975720 -25.630470 -15.757620 -16.882590 -20.883780 -11.627580 -0.451525 -28.136630 -9.164814
-7.642765 4.973001 12.164580 -11.910980 -22.394320 -18.911590 -17.088320 -24.715460 -11.371460 5.190742 -27.577880 -5.728882
-5.706833 6.663679 13.925220 -1.287150 -15.054210 -13.251510 -12.193500 -21.825440 -16.546700 7.784871 -30.625580 -1.274509
-8.692020 7.729223 14.524210 -3.979424 -11.608070 -4.481345 -5.820520 -11.794040 -7.843951 12.237620 -11.158220 -3.497452
-8.019513 8.051239 10.110090 2.210227 -7.212365 4.233956 -0.163692 -10.484290 1.053602 8.181858 -8.687456 -12.641880
-7.035049 8.590374 4.393054 -0.996607 -13.839840 -17.158550 -6.540897 -17.236940 -11.787470 8.014401 -7.036999 -12.165950
-9.320133 8.802866 4.414850 -0.139234 -7.472521 -10.759850 -7.210594 -17.720060 -13.453820 9.089875 -6.315255 -16.887990
-11.831390 7.499377 2.359558 -0.094430 -14.822850 -6.886718 5.922103 -5.740302 -6.214078 5.462858 -8.525216 -13.757590
-12.706670 6.012321 2.771262 -3.496091 -13.093750 -12.710380 -9.187105 -13.128390 -9.007370 3.864084 -5.222026 -16.305000
-12.100750 6.484738 1.267331 -5.489161 -12.303990 -10.071610 -8.076373 -13.445710 -5.278841 0.659317 -14.318880 -12.561570
-14.004290 4.414583 3.007790 4.808822 -4.321847 -1.305434 -5.021710 -13.516320 -6.983223 -5.224751 -19.489350 -20.491050
-13.398370 4.951404 3.121614 1.919005 -14.360150 -9.299572 0.629084 -8.333629 -4.994778 -5.755270 -14.757080 -15.834300
-13.148200 -4.292181 -5.064841 1.690237 9.734003 -7.977938 -4.367096 0.430851 2.509622 -2.925836 -20.023830 2.978787
-10.762330 -6.445251 -5.403891 -2.500913 18.845030 -7.701143 -5.044034 7.933969 7.954174 2.246543 -38.794480 22.239720
-8.844999 -1.121773 -5.340117 -1.443962 13.863050 -5.089296 -11.094230 3.155074 15.385620 4.013495 -41.472210 19.971730
-7.221024 2.533394 3.269343 5.034875 11.945330 -1.507918 -11.494240 4.703614 12.249280 -11.364330 -32.044050 4.249227
-2.161323 6.129557 -3.996024 -7.847447 4.929481 1.561763 -12.028190 -8.078977 8.297999 -4.313846 -32.752150 -1.301276
-0.867302 8.188529 -5.253740 -9.902970 1.308669 5.598979 -5.434389 -4.196522 6.353794 -12.443420 -25.486190 7.980245
-1.562606 7.137254 -3.472918 -15.764740 3.207807 11.609670 -13.835160 -8.086910 6.356898 -7.682460 -30.950820 2.970953
-0.239189 3.103381 -9.437785 -12.113270 -4.381312 7.934032 -11.888820 -17.088590 5.607157 -13.627880 -29.204840 -5.704073
0.339731 5.197062 -12.557860 -11.324460 -0.993711 6.268774 -11.276440 -15.329820 12.118890 -17.093220 -27.320880 -0.592937
0.591096 2.328230 -13.266630 -7.344428 0.813443 4.052419 -14.983300 -14.576180 13.264450 -12.517040 -33.395050 -3.526177
-1.009482 3.945250 -13.872890 -7.051169 2.553700 2.805096 -18.416860 -16.861700 17.893290 -9.159252 -31.006920 -10.192390
-1.187658 3.609736 -11.658570 -6.346535 2.105861 -0.457095 -21.834120 -5.448364 13.084390 -14.893910 -31.250280 -7.224554
-2.451083 5.454288 -7.209739 -2.642112 -0.131480 -7.559005 -17.316980 -12.047110 14.427100 -9.271852 -38.482120 0.924278
-2.332899 9.622367 -3.166965 0.202901 1.779737 -12.644050 -15.131120 -9.924214 8.501345 -7.093476 -37.094740 13.244800
-1.454621 8.927430 -2.522769 4.128625 8.302217 -5.688769 -12.716590 1.440733 8.197878 4.104441 -30.691540 4.093849
-4.136250 6.446559 -5.748592 1.153275 11.116550 3.274899 -9.042909 -6.553443 -3.710283 -12.356800 -15.528100 -6.479002
-9.176153 8.251390 -6.655149 -0.979636 16.842760 -4.199562 6.486217 -8.381227 4.821713 -11.402590 -22.329320 -0.459757
-16.208380 12.024950 -10.437980 -4.220412 16.937530 -12.854020 7.370097 -15.542430 4.331199 -5.410974 -20.482510 4.936021
-10.695140 6.527160 -6.587339 -3.191971 5.776846 -7.461753 -2.541418 -2.312413 10.397430 0.430508 -19.138330 -4.548535
-9.156956 2.816459 -3.292898 4.973780 6.119694 1.171756 -6.198205 0.116700 11.066450 -5.872200 -15.617560 -2.699020
-10.677150 4.175096 -5.496727 2.951519 5.285337 -1.818627 -6.809982 1.224160 3.659847 -4.873959 -7.839105 -6.496629
-12.422900 3.375648 -5.921347 -2.707959 2.068696 -7.547036 -12.378720 -2.548819 5.016522 -0.161363 -10.763230 -14.875920
-23.759540 2.511412 -0.067882 -16.731410 13.300930 -1.988694 -2.941427 9.289734 0.421057 -0.400277 -7.239420 4.074264
-23.225610 10.926630 -2.775443 -14.887000 13.305570 -5.248391 -5.241323 4.066586 5.004880 -1.646094 -3.516224 -1.659036
-27.297850 10.935500 -3.574633 -15.747770 17.027660 -9.066167 -9.904465 3.274864 -6.961491 -5.348177 -9.449381 -10.505760
-31.470270 11.017640 -4.063835 -18.791690 20.349290 -8.713066 -9.923168 2.199137 1.042737 -3.444084 2.888492 0.025961
-30.992740 12.436440 -6.465442 -18.040210 20.060330 -2.750752 -3.004173 9.883923 7.240134 6.622060 4.031000 8.065768
-31.049130 14.520480 2.169044 -15.740980 17.994880 -1.904408 -2.488929 5.464397 2.834044 -2.494203 -6.037778 -3.431515
-33.571180 13.077770 2.157742 -16.366190 21.788510 -2.577195 -6.939698 10.605830 6.377853 -3.810755 -2.977191 2.344220
-33.975520 13.080850 1.592658 -20.820730 17.158660 -2.435555 -9.593146 -1.830874 -2.833256 -7.050890 -10.691960 1.302929
-35.845470 12.298380 4.118584 -22.112560 14.453040 2.399130 -9.448347 1.060738 -1.676823 -6.212887 -1.208464 8.399372
-35.704490 10.819030 4.898400 -16.695430 20.006440 2.973168 -7.967170 5.224818 5.290495 1.155190 3.348680 13.748150
-32.097180 10.285290 3.645528 -22.904090 11.176010 3.436986 -10.568130 -8.821514 4.053345 -3.611540 -7.724627 7.778515
-32.208770 9.701038 5.040479 -21.513830 11.608980 -4.166147 -3.808413 2.119012 3.822834 1.683543 -4.928628 8.815236
-31.686840 14.221980 10.182740 -21.209030 13.217300 -0.386275 -7.671538 -2.187070 2.443651 2.061763 -1.890027 17.192560
-25.323520 8.581504 8.443900 -9.871744 11.995500 2.830033 -5.061530 7.309634 8.306537 0.128798 -3.300156 13.190610
-23.681550 2.324759 -0.893712 -13.720080 8.242752 -0.852089 -1.182718 3.117789 8.551793 11.481180 2.096242 1.056806
-22.725280 2.468220 1.481256 -7.717789 2.929068 -2.030088 -9.766302 4.036441 1.308173 3.776747 -3.921068 -4.777031
-23.553170 0.860070 4.604557 -4.476334 -6.122498 3.369658 -4.726079 -9.021428 -1.305833 13.571500 -19.280110 -6.951663
-25.216740 0.966894 5.672565 -1.007468 -3.603631 5.841861 0.311129 -1.172427 4.837236 9.477479 -14.843500 9.957065
-20.506790 0.629067 -1.921358 -1.313625 2.898407 2.781157 0.641754 6.092698 8.419075 -1.582576 0.114480 2.252168
-19.565520 6.062840 2.908497 0.940799 6.930823 -0.914430 -5.816900 3.134448 10.409850 8.484289 2.913511 -7.186688
-18.741830 5.524476 -0.190586 -0.823503 10.698440 2.321328 -1.977304 7.135900 5.031268 10.259180 2.202381 3.990699
-24.688210 8.867269 -0.134078 11.143070 2.722802 8.182899 6.349865 2.901215 -1.044277 7.877260 -4.746676 -1.165484
-15.774640 1.694996 -20.535230 -7.599671 2.310269 12.022620 3.788123 1.152762 -3.108782 10.098220 8.211351 17.723330
-4.563991 -3.592617 -18.604260 -16.982580 15.921070 13.772160 1.709649 5.155006 -18.133880 6.017918 -20.634890 11.399860
-1.564406 4.616276 -21.285990 -19.668070 8.766780 13.119820 -3.511574 -1.443739 -20.030740 -0.087740 -12.174120 16.491410
-0.326177 12.544420 -5.348190 -13.840910 -3.554388 3.233505 -8.909573 -9.733820 -29.726160 0.238511 -10.106680 8.872033
3.469498 14.668560 -4.558687 -20.971440 -12.621750 10.673550 -16.341400 -8.330456 -27.227020 3.910279 -11.406130 4.204833
2.435241 12.782360 -6.664029 -30.063800 -15.395200 11.119920 -15.740480 -18.465770 -17.709340 -2.544007 -9.065765 2.310925
1.465775 12.679780 -4.632955 -29.782760 -21.765300 11.410680 -21.226570 -14.170000 -10.755990 -4.596068 -4.053741 1.583001
1.565962 12.118280 -4.852530 -33.343950 -26.999080 11.428130 -20.517050 -19.482000 -11.976070 -13.736150 -9.506242 5.323159
2.801191 12.255180 -6.169984 -29.938890 -24.315760 9.415259 -19.027430 -16.278620 -10.244520 -12.967440 -10.927740 8.140845
1.747736 14.887610 -8.193792 -29.568250 -24.482070 11.573260 -18.910980 -17.264700 -11.269010 -10.421670 -12.148340 7.749137
1.279801 16.638450 -8.832337 -29.340840 -20.565790 9.199309 -21.218120 -11.630620 -19.607750 -10.352380 -12.771520 11.298010
1.120823 17.797710 -8.613569 -27.437370 -17.783990 6.202941 -19.777370 -16.708590 -19.686140 -7.850638 -18.565940 1.897020
1.403984 15.815870 -7.196015 -24.459310 -15.096950 3.858912 -12.136790 -4.634429 -29.254270 -5.475214 -23.645440 2.470219
-0.614737 16.642310 -2.738308 -16.850890 -4.867246 8.160954 3.380272 4.095146 -22.091370 -18.525980 -18.762300 1.601280
-2.312502 14.618430 -3.782100 -10.640870 -4.019881 6.828348 1.986578 -0.986793 -5.767803 -7.460870 -8.742043 3.162237
-5.001930 13.023010 0.560168 -9.864277 -6.011932 4.184582 5.889524 0.146053 -6.030911 -3.156810 4.668591 3.069532
-3.935278 12.661270 -5.642841 -4.479049 -2.670787 4.975568 -2.627091 -5.211164 -1.007023 -4.867463 -1.249403 -1.123049
-7.515583 11.002990 -1.714699 -9.279797 -6.100199 0.915908 -4.056381 -5.213544 -10.000820 3.123523 3.177341 -7.433465
-6.932464 12.055420 -2.561518 -10.641550 -7.077641 -4.600541 -5.822933 0.713269 -1.880169 -2.917174 -8.506263 0.608954
-7.816141 10.924700 -4.546578 -10.723010 -7.048839 -3.632507 -5.246150 -1.352508 -1.173114 -9.464571 -7.996797 11.731500
-10.180410 6.120302 -6.284615 -12.540260 -12.887480 -4.406535 -4.787015 -8.471665 -13.574890 -7.001087 -2.695165 17.458930
-10.554760 5.157340 -6.934462 -12.857950 -16.167300 -4.672857 -5.070580 -15.737580 -17.608440 -13.733980 -8.845906 2.051744
-14.357640 7.684103 -0.055773 -11.741270 -3.007131 -4.181608 -9.771732 5.302562 -3.988914 -2.041638 -8.063512 4.031828
-19.993860 11.174600 12.732890 -14.466120 9.794396 2.832526 -18.215340 9.423803 -1.583687 6.612677 -21.256560 -0.174462
-23.725340 18.661560 6.144814 -19.031310 11.194590 -1.149830 -10.298440 -3.691184 -7.375945 4.811800 6.436560 19.298650
-30.854760 12.304550 5.180135 -21.099740 10.946520 -5.933146 -15.300650 7.619818 -2.643880 5.266530 7.168917 22.292600
-30.325030 12.952820 9.689507 -19.260080 13.213590 -3.578644 -14.544080 1.469292 -3.564371 -0.156311 -2.121258 19.581330
-27.277450 14.236250 11.945000 -20.435830 11.860780 2.162732 -11.970270 3.422419 -4.022287 -1.621553 -19.459780 8.245300
-20.198430 18.370400 23.260410 -16.715800 1.495424 -6.444345 -13.182960 -15.106900 -20.477790 -12.340920 -23.813750 1.139065
-15.446490 14.467640 27.332240 -12.819940 -4.349721 -4.209038 -19.175850 -17.744660 -24.509790 -10.000140 -15.866990 -13.463160
-14.770980 11.267150 31.617190 -9.547937 -7.906424 1.668491 -24.242010 -22.530690 -28.813430 -10.942810 -9.340210 -12.641220
-11.770200 5.897398 22.858390 -16.839340 -12.657060 9.230230 -24.878530 -25.101800 -28.540230 -13.412060 -6.860353 -14.981680
-14.082880 8.849143 28.268670 -18.534400 -20.719100 7.536544 -23.379850 -26.245760 -21.376550 -13.862460 2.824809 -14.448300
-15.468680 10.225520 26.304600 -19.511930 -25.153830 9.815240 -21.527630 -25.425470 -27.137760 -16.180150 2.528378 -13.895990
-15.904820 8.991833 26.161710 -18.849390 -25.495750 8.929996 -20.850090 -27.948200 -23.727450 -13.443100 2.006024 -12.008610
-15.542470 8.008431 26.786530 -19.625300 -25.907350 8.606319 -19.352020 -28.435290 -27.338780 -12.539410 -2.706537 -9.852262
-16.489740 8.895421 27.823060 -19.227500 -26.975850 9.066648 -18.764980 -28.983470 -28.236760 -11.261840 -2.592059 -10.304030
-17.508400 9.382494 25.451320 -16.097370 -24.221910 10.581790 -20.740890 -29.251610 -28.910440 -10.918990 -4.165945 -9.040772
-17.762770 8.663647 25.484420 -16.813550 -23.560380 9.074627 -18.795750 -27.472210 -27.164930 -15.708810 -6.095396 -10.820430
-15.312710 6.350919 28.333250 -18.501820 -24.297170 7.027341 -21.721900 -26.535310 -26.939850 -11.191100 -10.562320 -18.594530
-14.146470 6.237924 27.415390 -20.507110 -23.410790 10.541890 -18.467540 -31.146030 -32.969600 -6.181850 -9.374326 -19.321150
-12.040760 8.597316 23.585730 -12.859310 -18.111040 6.686709 -21.308020 -29.361880 -27.727620 -4.077098 -7.821668 -8.701293
-8.824002 16.157930 22.908440 -9.042882 -17.110370 0.456578 -17.358610 -19.330480 -18.788160 5.331492 -8.401640 -8.173793
-9.791068 14.509680 26.968970 -11.576990 -14.456780 0.828630 -18.158630 -15.108490 -22.929590 4.472557 -9.523679 -3.298334
-9.534304 15.561720 21.526410 -10.267510 -16.180310 -1.683471 -10.545200 -16.191360 -19.970210 6.211359 -11.491040 -4.361168
-7.898330 10.691380 14.021280 -12.408560 -23.225890 4.809491 -13.792330 -28.811320 -18.254180 4.462451 -2.677728 -6.233532
-14.579010 6.036231 10.383750 -7.544685 -11.003210 -0.343883 -20.803030 -23.941190 -12.111110 8.969336 2.196316 -2.035728
