-12.526330 22.016150 27.810310 -12.293950 -8.144707 -6.949707 -20.336480 -12.658080 -28.644120 2.561332 -8.974099 -16.342160
-14.310200 20.767320 26.588200 -13.350190 -7.839273 -3.805338 -14.221810 -14.497180 -34.186150 -14.109470 -16.657710 -23.446820
-13.454250 18.674580 23.722620 -17.189320 -13.901560 -0.070072 -24.410430 -16.270020 -28.644120 -12.124430 -18.026330 -24.870890
-11.887470 17.942180 24.288790 -11.075300 -8.223207 -5.123492 -24.525980 -13.174000 -20.252890 -8.449954 -21.779910 -16.819560
-12.734780 19.660980 23.073200 -12.028080 -7.220555 0.875108 -23.580590 -14.806740 -24.454310 -4.223832 -21.247850 -13.835940
-13.462030 24.409370 22.438980 -17.108330 -11.774230 2.929440 -14.014880 -19.616410 -27.811270 -7.834456 -7.967706 -21.533960
-14.462210 24.921820 22.616360 -10.952750 -13.363490 -0.494022 -15.859980 -15.677220 -18.131280 -9.774169 -13.231200 -18.796900
-14.473730 22.052880 21.193700 -9.184144 -12.268060 -3.544511 -14.995750 -13.760740 -15.469410 -10.480970 -16.190670 -16.104810
-14.032080 21.175780 24.316300 -11.031620 -7.914917 -1.421361 -15.486990 -17.085880 -13.820730 -9.916551 -15.489450 -12.028210
-15.772180 21.435540 23.679180 -10.307810 -9.124521 -0.041610 -12.580940 -24.301160 -18.915370 -9.621572 -13.319440 -21.012130
-15.549060 20.608450 28.534300 -12.385110 -13.276420 2.537775 -15.193530 -19.599720 -18.208690 -8.418030 -20.722430 -15.959050
-15.974580 20.371250 25.782390 -11.229640 -11.663620 -0.652048 -17.014980 -27.574210 -19.324060 -0.968843 -17.883030 -22.487680
-15.113450 20.048200 23.009490 -10.405760 -10.999940 -0.253161 -16.129250 -23.101390 -20.186330 -6.983996 -20.109440 -17.922840
-14.879100 18.258590 24.587070 -10.166190 -14.550970 -4.522400 -17.795370 -24.087200 -20.211870 -10.267720 -24.186760 -18.128750
-14.677570 18.564390 24.988890 -12.371540 -18.408860 -3.278161 -12.661020 -24.968820 -18.169210 -10.144490 -25.104250 -14.110680
-14.271910 17.059330 24.952690 -14.032030 -20.464110 -5.884734 -16.529120 -26.878220 -26.580560 -11.685150 -20.974530 -15.058430
-12.754930 16.166300 22.840800 -16.287420 -18.263280 -8.500227 -17.717980 -28.123510 -21.183270 -3.760931 -18.956430 -13.803970
-12.548790 15.822450 22.709030 -15.650110 -20.252160 -9.130205 -16.011550 -29.944910 -17.945520 -0.004733 -9.829235 -14.186540
-13.903960 16.235770 20.386450 -16.724590 -23.474210 -9.202846 -18.911140 -28.737550 -14.797550 4.077092 -10.166250 -19.492680
-12.948690 14.338190 19.350410 -14.629900 -24.902890 -13.506490 -18.278010 -29.790640 -6.681877 10.611330 -9.037786 -22.423730
-12.781990 11.016090 19.571230 -13.087720 -27.701750 -19.354720 -18.896090 -29.341480 -1.877491 10.962500 -7.799863 -24.064020
-11.675280 9.781869 16.044640 -15.089550 -32.044910 -20.426060 -15.712720 -25.740170 -2.371320 3.568859 -7.753425 -22.748870
-10.356390 9.559275 16.598500 -14.865240 -31.242070 -24.066600 -13.113560 -22.661350 3.307716 7.500002 -3.563326 -24.189200
-9.245646 9.072045 14.049300 -16.964160 -33.641300 -22.967210 -11.546870 -24.391700 -2.056291 8.067614 -2.713498 -23.752440
-8.397474 8.856975 14.389580 -19.220830 -30.023910 -21.142700 -9.057895 -23.306750 1.152051 13.253380 -3.377571 -19.719190
-8.028379 6.675728 12.556420 -15.837950 -30.684730 -20.896740 -7.376722 -18.309930 4.853448 13.340850 -5.271607 -17.094300
-6.943550 3.960343 9.952208 -14.313160 -30.484200 -21.088320 -6.636640 -15.916970 5.213370 9.694469 -11.270830 -19.679090
-8.173772 3.587287 6.646439 -11.873310 -29.859060 -17.112620 -8.003937 -15.258920 1.601761 9.762149 -19.015470 -22.629110
-9.033459 4.690081 5.458360 -11.534520 -29.005560 -16.075680 -2.523463 -13.029340 2.515886 6.273475 -22.869890 -20.111510
-9.716372 5.686223 2.835321 -10.449860 -27.691760 -18.206060 -4.128854 -11.427470 -5.811096 -3.231629 -26.984360 -18.318960
-9.539597 6.259304 4.248562 -3.768492 -22.730600 -13.939790 -0.148967 -22.325490 -7.004646 -5.076846 -35.488610 -13.548200
-8.911386 7.944913 6.393764 -1.262502 -22.243910 -16.052320 4.558104 -15.171920 -13.381080 2.043522 -30.185310 -10.479500
-9.567524 11.008130 6.576935 -1.114941 -18.303240 -12.172620 3.555742 -10.055730 -10.184350 6.295822 -20.642820 -16.732860
-8.870503 10.491690 11.891070 -0.528514 -16.322200 -14.703580 -1.348576 -3.662889 -5.289402 11.848710 -11.293380 -12.639460
-8.213790 5.288828 11.520380 -1.631828 -20.556880 -17.505140 -0.165628 3.202372 2.876583 21.663480 5.926093 -7.901756
-8.556398 2.868171 7.188712 -5.546006 -23.350030 -19.004260 -6.708660 -4.531858 0.367187 17.020430 7.987308 -9.842246
-9.656775 2.322085 8.427470 -2.369208 -16.429960 -4.790024 -3.323202 -0.962408 -0.865064 3.934710 -3.208402 -15.638790
-11.588050 2.322527 8.061129 1.594581 -16.342180 -8.577540 1.784275 -4.511626 -7.180350 1.887093 -6.740397 -18.581770
-8.809755 -0.244609 -0.343025 -2.845812 -11.416700 -10.400360 -8.719296 -5.842899 2.600255 17.639760 -1.831162 -2.424923
-8.842865 -4.079160 -11.050210 0.769428 10.028610 -4.059793 -5.091444 -4.367472 6.953383 13.253380 -18.000460 7.700743
-10.048040 4.974629 -10.598440 0.098196 10.621640 -3.820206 -10.950830 -1.795465 7.923239 10.776700 -25.795530 10.247060
-12.023070 6.916908 -7.270224 2.821287 10.428240 -3.789620 1.829959 0.640481 13.997800 5.399391 -18.945150 5.549459
-7.090670 10.320430 -7.816842 0.581161 13.125770 -1.988044 4.557566 -16.494090 0.465489 -13.382240 -25.100270 -5.605789
-1.541859 10.862540 -13.374960 1.515713 7.137692 -2.276058 5.139635 -19.994250 -0.749734 -11.767510 -17.772910 -14.608670
-3.040697 11.063890 -12.375850 2.118677 5.451383 -5.463332 -2.784130 -22.904640 1.402835 -6.864600 -9.051718 -19.814560
-2.540317 14.013810 -11.369490 -1.697976 3.898523 -5.896628 -0.087696 -22.262770 8.090429 -8.693855 -14.656870 -15.310950
-1.220268 12.541950 -13.809360 -0.810067 0.157671 -9.141250 2.726979 -25.144330 5.385979 -9.209750 -8.716033 -15.536380
0.746417 13.631020 -17.290340 -0.185901 1.018310 -7.546126 1.561230 -19.843520 11.095200 -12.310230 -11.349770 -20.235060
0.842865 13.686340 -18.045470 -1.600874 5.417842 -8.558424 2.263689 -19.527390 11.435770 -10.827670 -12.619540 -25.264840
1.037778 13.637660 -18.912090 -0.710845 3.183465 -8.843890 -1.880124 -18.615940 12.917260 -9.150371 -11.432030 -22.011900
0.457071 15.596310 -16.066780 0.658333 5.389297 -12.636080 -5.446167 -17.671100 16.538930 -0.444648 -18.068790 -19.717560
-0.586299 15.753410 -13.334420 8.567255 4.647835 -7.487504 -12.340700 -11.726900 8.715842 5.667554 -14.948770 -12.835620
-3.289736 12.725160 -6.607043 1.481367 1.013314 -3.375440 -13.855260 -3.286066 2.452416 16.028860 -2.083258 -7.520811
-5.868797 4.894088 -7.367239 0.336922 1.719095 -0.082816 -0.795530 0.002663 3.782969 7.472547 -1.305078 -0.670299
-8.981923 2.556185 -6.218257 3.390753 4.752025 -4.680851 -11.920400 -8.106872 -3.056334 -2.745104 -7.067459 -9.326914
-10.573760 2.635841 -6.378260 4.143822 5.243002 0.980458 -8.168937 -9.023892 6.814832 -0.725581 -8.569419 -4.784291
-11.672980 2.472546 -3.616213 0.148655 0.854888 -0.372105 -4.070808 -0.725187 10.098260 18.289100 -8.303391 -9.151343
-11.684210 0.878984 -6.421700 -2.106736 -4.211889 -8.264462 -3.996102 2.235782 0.865661 4.900735 -9.214253 -17.930420
-10.592180 5.145447 -4.873796 1.654369 0.502355 3.772243 -0.868087 -3.328048 3.693182 8.614794 -1.799319 -4.293885
-9.974911 6.866017 -4.828907 1.281651 -0.970579 -0.415010 -3.627942 -2.509659 1.425282 -0.904995 -7.265155 -9.901312
-11.908200 3.301411 -3.075388 -0.017563 -3.922155 -4.576775 -5.984164 -4.204098 2.831689 5.762688 -1.204903 -10.223190
-14.341870 2.338016 0.396176 1.321509 -1.507942 -1.145241 -7.470240 -7.393690 -3.619826 -5.862181 -2.001659 -10.638280
-15.149730 3.346992 -1.202408 -0.637912 3.171333 3.595951 -2.989977 -6.236413 0.179099 -0.608100 -10.588180 0.083464
-13.897630 2.177376 -10.049650 4.311736 0.243307 -0.230646 -5.965890 -13.221040 8.259941 6.473320 -17.356950 8.140212
-7.573776 4.509970 -18.048360 1.085751 7.632238 -1.878021 -17.522880 -6.528768 9.653190 21.657740 -12.993700 3.305513
-12.803590 5.513635 -10.713550 5.348478 7.872017 -2.552178 -16.058310 -1.756519 12.300360 27.732910 -7.817775 6.130360
-7.281263 12.464510 1.267144 8.453192 7.368195 -3.801939 -14.998970 -8.627849 -2.094993 9.178576 -13.162210 -1.147158
-3.365455 17.995290 -3.706713 5.023251 -3.251342 -8.392753 -22.363780 -13.853300 -12.352400 12.501240 -16.986100 -15.731450
-3.934069 16.546880 -2.081340 2.450265 -5.883212 -10.408430 -28.540800 -18.210790 -14.111760 6.731268 -16.964210 -16.901380
-4.417751 16.141960 -2.906697 6.463241 -7.822859 -7.074173 -27.642170 -21.496990 -18.647560 12.899020 -15.481490 -16.266840
-4.017562 16.666360 -3.923912 3.957251 -7.962017 -9.696888 -25.321960 -19.921920 -20.377510 11.521170 -12.709100 -17.179370
-3.944146 16.004770 -2.357183 4.385092 -8.293142 -6.805275 -29.229820 -16.301380 -16.173000 8.606494 -10.495300 -20.996950
-4.541263 16.356590 -2.379627 1.351191 -8.604999 -5.352035 -30.082240 -19.657890 -21.261450 12.687040 -10.884720 -23.595830
-4.106237 15.610920 -1.046749 5.794129 -7.319750 -5.914045 -27.176190 -17.016590 -19.278390 12.548490 -11.463210 -21.873720
-4.580994 18.559070 2.155488 5.385368 -2.409258 -6.812072 -25.669160 -19.069140 -12.647300 16.954030 -16.439450 -18.445220
-5.510066 16.817710 3.680949 5.118657 -2.195882 -11.985710 -24.149220 -12.074890 -5.304109 18.060520 -11.134830 -16.401770
-7.424928 11.009010 6.226521 3.556547 -2.416394 -4.212296 -18.107640 -13.320180 -3.982070 18.521500 3.218052 -5.752098
-10.918950 6.903632 0.434548 -0.347879 -3.616007 -14.458900 -20.333800 -13.574090 -5.206581 4.458267 7.164016 9.806508
-10.529710 8.731737 1.767426 -1.954087 -8.233911 -12.547300 -13.845580 -14.021730 -11.576820 9.916023 -1.261293 -2.196247
-11.786410 5.934042 1.654482 -3.059521 -6.910840 -9.986177 -8.345223 1.055745 4.379744 14.889170 -0.044599 -6.921485
-14.692250 3.026598 -0.631175 -2.629983 -8.351660 -13.479730 -17.373470 -10.136150 -6.049497 4.640873 3.031634 -3.079520
-15.229480 3.399211 -3.102900 -2.389985 -6.000247 -10.979780 -15.040360 -7.226270 -3.110516 6.795754 7.002807 -2.178365
-15.929380 5.831374 -0.870094 1.117129 -0.148476 -2.715726 -11.171190 -5.298150 -4.720492 -5.690429 -6.268049 1.837546
-17.829850 0.505485 -3.963008 -0.687099 -3.966400 -5.801473 -1.177127 -13.247850 -6.820427 17.084280 3.023673 6.532439
-16.930430 2.630531 -2.562074 -1.560591 -6.024510 -3.787921 0.654535 -15.517890 -8.222190 12.907960 -7.025664 0.157160
-15.573530 5.279977 5.041338 -0.129082 -5.637722 2.251460 -4.195499 -18.593170 -7.766288 18.565560 -10.277040 -10.236740
-8.721657 12.906150 14.063060 -1.603418 -17.822960 -7.638732 -8.164638 -13.733420 -13.624900 8.093153 -9.408633 -13.154250
-8.566187 12.789330 14.295460 -2.643552 -25.279690 -6.558466 -10.368220 -15.624110 -21.064850 8.845925 -0.830076 -20.578620
-7.806979 10.199180 12.937970 -4.266297 -29.642110 -9.257645 -13.016820 -16.717150 -18.833330 4.870727 4.897143 -23.702590
-7.889896 8.609598 11.456670 -6.073918 -30.943780 -6.794655 -12.266530 -16.635720 -18.804690 3.821698 3.908662 -20.512510
-7.892776 7.153664 8.827841 -6.398297 -30.102410 -9.205395 -13.876220 -14.704560 -19.971150 2.524939 -0.198510 -23.700420
-6.973492 6.137607 9.583694 -6.594197 -27.866600 -8.783993 -10.948140 -11.553410 -10.964570 1.929233 -0.778330 -19.434150
-6.752956 5.932714 9.777000 -7.070377 -25.054180 -9.874880 -11.040050 -9.788160 -7.813504 3.377314 -1.385351 -16.118360
-6.945565 5.381318 8.465842 -7.026278 -24.769440 -9.226210 -13.051220 -12.218540 -1.561688 4.518922 -2.034166 -19.453120
-6.856602 4.192673 8.444122 -6.793065 -23.321490 -10.240630 -11.429170 -13.560940 1.361038 7.227369 -3.655540 -18.497240
-6.315915 2.367223 8.213892 -3.216835 -24.876490 -11.702370 -10.839040 -10.142220 -0.580222 8.572654 -2.663742 -17.479580
-7.471857 3.323095 7.408807 -5.006646 -25.520180 -13.945310 -7.718009 -10.617170 -2.264504 6.596548 -4.464237 -15.684850
-4.092418 6.056623 5.608952 -1.025895 -26.308750 -11.389290 -3.526362 -1.450508 7.591956 12.427820 0.384628 -14.291120
-5.896148 6.457116 9.392558 -0.448373 -22.863340 -11.458960 -2.937844 -1.595673 5.900706 15.993750 4.130905 -9.183856
-3.014786 8.856975 4.479517 -2.277618 -22.574320 -13.453820 0.669047 -5.708861 2.188473 12.866460 1.938998 -16.966410
