-5.785981 19.331770 11.485840 5.261707 -0.588183 -8.416780 -10.940390 -12.678000 -20.767910 -19.537920 -12.243280 -10.947480
-5.906717 19.013480 18.303360 -5.040747 -6.681413 -7.970722 -16.927650 -15.930440 -11.140360 -8.215502 -9.002262 -8.234361
-10.218740 20.351710 22.579440 -13.155540 -14.118140 -5.540382 -14.638320 -13.409700 -15.508880 -11.243940 -8.575489 -13.872900
-8.333393 18.660540 22.721010 -8.828821 -13.156210 -6.768798 -16.684000 -15.611350 -17.323770 -12.329770 -5.025749 -14.488590
-3.882387 17.572340 20.004310 -9.053595 -9.026607 -4.129217 -26.411800 -17.499770 -16.691230 -8.206577 -12.280890 -15.912500
-3.201750 17.843950 16.583180 -5.083947 -16.914930 -6.522250 -18.897440 -20.442270 -18.973210 -17.830330 -15.982950 -18.732500
-4.439301 17.277040 17.889640 -11.478850 -17.818710 -1.084128 -20.257450 -22.098570 -26.608680 -16.702110 -16.090570 -18.058250
-4.819092 16.658500 19.526670 -7.097458 -14.737080 -5.763140 -21.078920 -20.121210 -20.906670 -14.488050 -14.799450 -21.741380
-5.334545 20.284160 20.910790 -6.791010 -14.454020 -4.927795 -13.758940 -19.352890 -20.467600 -14.900810 -11.069840 -10.977490
-6.234100 19.318330 19.293690 -8.611473 -10.815770 -5.876682 -15.661500 -23.832680 -17.071670 -19.000950 -9.476331 -15.431520
-6.079530 20.346760 22.830280 -7.447781 -12.983530 -5.136497 -14.662290 -20.939880 -18.612960 -20.472030 -14.922340 -15.076450
-7.539649 19.555990 18.937700 -9.209518 -14.397050 -9.931214 -13.726320 -25.035840 -23.750180 -26.595830 -14.646770 -16.251460
-6.892845 19.719380 19.666870 -8.533848 -13.366280 -7.976129 -15.714750 -24.518610 -21.416740 -18.557690 -15.112270 -19.515830
-7.942326 21.133990 21.414550 -10.232140 -16.304300 -6.780152 -13.634460 -28.492290 -19.713890 -20.881820 -14.512700 -16.860550
-8.689965 19.013840 21.004950 -8.428549 -16.065750 -8.840129 -18.150530 -27.599730 -20.918390 -17.904710 -19.104050 -19.689340
-8.997446 20.592550 22.932000 -8.612147 -14.177490 -9.834973 -16.615440 -28.377200 -14.336300 -11.261790 -9.396264 -18.814500
-9.388182 19.889480 21.796660 -7.654329 -18.667890 -12.919530 -17.723150 -28.245120 -10.471330 -17.021910 -14.174190 -17.501130
-9.006401 19.902210 22.996600 -8.266550 -16.951720 -9.705212 -15.051720 -31.579290 -5.821393 -8.463161 -7.232234 -15.121110
-9.098613 18.971750 22.189080 -10.633080 -20.342520 -8.656840 -15.248100 -28.569450 -6.829162 -10.495010 -7.440034 -8.593084
-8.615002 16.606510 20.189870 -12.217300 -19.429250 -11.247220 -16.771210 -31.078410 -0.441844 -7.421951 -7.090348 -15.259480
-9.244226 15.481890 20.132140 -9.937839 -25.245350 -17.692620 -17.936840 -25.995740 -0.173453 -7.537228 -6.794661 -24.167520
-8.263074 14.987840 18.739080 -11.331030 -29.069350 -13.537520 -11.793150 -25.670760 -2.486698 -9.572050 1.265989 -22.405390
-8.052116 13.688160 17.425060 -10.495380 -29.556540 -17.050300 -13.374170 -27.812240 0.284505 -3.471303 5.300969 -30.464940
-8.002694 11.881690 14.133810 -13.021220 -29.449130 -16.529630 -12.747750 -28.384400 -3.439096 -2.671802 1.319615 -33.372060
-7.450423 8.894378 13.066510 -10.915230 -29.014160 -18.522560 -9.188947 -25.376510 3.959900 -3.666157 0.412443 -28.362380
-6.985056 6.847428 13.200530 -11.968900 -27.384040 -19.380070 -6.658641 -23.543660 0.024583 0.104511 -3.639668 -29.655250
-7.156210 6.070450 11.420550 -10.270610 -27.511620 -16.579910 -6.244579 -18.746080 1.625158 -0.108938 -7.018475 -30.334630
-7.043434 5.792478 9.041974 -10.739060 -29.471680 -17.166000 -2.919434 -21.512030 4.021135 -1.542833 -12.130440 -29.484670
-8.143664 5.817941 7.368519 -12.465700 -27.594100 -18.808580 -3.874040 -21.376680 3.519530 -5.544798 -17.256930 -28.113470
-7.888591 5.205059 7.261308 -10.820060 -28.940570 -18.606900 -7.173223 -20.014630 2.290924 -2.387700 -16.187770 -33.766650
-7.290546 6.481750 7.114236 -10.570310 -25.231700 -18.952940 -5.217412 -20.546240 3.965111 0.167727 -15.886120 -28.397520
-6.746236 7.631125 7.247562 -6.283414 -24.988990 -20.322470 -0.756592 -20.815640 4.868651 4.421070 -13.045810 -22.049590
-6.250021 8.977840 6.672334 -3.459908 -24.921940 -20.031050 -2.723720 -21.629730 1.617341 8.428242 -16.790690 -21.161570
-7.331676 9.439359 9.890041 -0.944200 -25.361660 -25.721660 -3.173729 -22.501360 -1.159074 10.652710 -16.307680 -27.947290
-5.854310 12.253740 10.039180 2.835099 -20.902110 -19.062150 -2.166533 -14.463120 -2.636528 8.650614 -8.966884 -24.929620
-5.843032 10.062500 8.584952 4.130414 -16.284720 -8.367038 -2.436805 -8.635667 -3.355061 6.137579 1.859599 -9.425468
-8.970910 6.424458 6.582991 -2.199692 -17.071000 -4.713147 -2.762330 -9.305902 -6.689755 7.961185 -1.826068 -12.618100
-9.595822 5.662333 3.781070 0.425365 -14.033290 -8.853106 -6.870998 -15.661040 -1.839823 0.091123 -13.177640 -15.512780
-8.240520 8.713307 4.776896 0.564414 -13.195380 -8.506532 -4.036470 -5.600318 -0.032744 14.535680 -0.163291 -19.483620
-10.068820 6.714454 5.951408 0.020368 -15.471140 -11.755460 2.742300 3.544961 -0.129807 -0.058365 -4.383355 -16.381770
-12.706120 5.951976 7.064067 -0.518953 -14.948930 -11.211540 -4.090391 -0.069732 -1.026833 7.300760 -11.216190 -13.481230
-12.895190 5.433519 4.361797 4.314688 -11.968190 -9.687909 -5.431766 -8.227640 -5.741266 3.222935 -2.819638 -2.851319
-12.345900 4.351338 -1.873628 2.217478 -4.481014 -5.625809 -6.833054 -12.141820 -6.457844 6.851552 2.313557 3.605696
-9.729495 -0.828634 -15.835810 -0.133531 9.332602 0.311358 -2.747685 -4.045372 -4.633827 22.143210 -11.542050 5.461538
-10.454250 2.337985 -16.875620 -3.597607 5.668237 -6.300572 -8.626435 -8.398959 -3.844939 -0.159511 -18.503740 -4.224716
-9.191487 3.227425 -16.628900 -5.729242 1.611029 -8.155092 -9.767436 -6.275131 8.816998 17.105980 -6.524297 14.209990
-9.228305 5.090121 -7.539323 2.929598 -0.388794 -9.465692 -7.916139 0.421992 9.890561 14.018800 1.721437 6.626290
-13.114100 3.816613 4.363172 15.560790 6.427814 -6.187031 -8.001348 -8.121057 16.082450 9.578034 -13.834180 -5.250371
-3.685029 14.942220 2.510344 4.029165 -9.758885 -15.389880 -14.585070 -16.575180 -7.493625 -6.746652 -16.149410 -14.897820
-2.902893 16.196980 -0.213918 2.758824 -9.139356 -15.724020 -20.787350 -20.064980 -12.742240 2.668118 -1.075305 -18.769840
-1.682258 14.102990 -0.938280 7.282643 -8.077728 -20.618760 -25.162960 -25.470020 -13.209310 2.197343 -2.456173 -21.837290
-2.158239 11.967280 -1.653708 5.812503 -10.689370 -18.786410 -29.669710 -25.825730 -11.593100 -0.726226 -6.109440 -30.188940
-2.083940 11.070770 -0.837942 4.226264 -13.867130 -14.256620 -28.071380 -24.108620 -17.694440 -1.231957 -4.180768 -31.307570
-2.638533 12.992880 -1.097723 2.689975 -15.655690 -15.885680 -18.981980 -19.783150 -20.552940 -3.954721 -0.680930 -24.056980
-2.177146 11.763220 -4.290002 3.107797 -14.036850 -15.448270 -21.494980 -18.938330 -23.957990 -7.886033 -2.865071 -28.359460
-0.580037 13.480560 -6.192999 1.326484 -9.026012 -10.243180 -19.815430 -17.675020 -20.378350 -6.993567 -2.230124 -26.060700
0.237258 14.492720 -4.046028 2.364627 -3.250262 -4.156791 -19.272220 -17.695290 -10.232910 0.437698 -3.745802 -16.838590
-3.458149 14.321200 0.763352 0.791213 -11.549830 -11.779250 -16.885710 -16.713800 -11.400280 8.069768 3.691074 -9.293693
-9.288010 9.573040 0.691878 -0.025532 -5.947353 -7.306771 -11.086180 -6.128006 -3.262557 -3.945053 -5.565733 -15.833430
-9.037580 7.903793 5.386488 4.833085 -7.947176 -9.554903 -11.265250 -16.293350 -5.554955 4.009048 -6.231216 -14.967370
-9.224988 11.429370 8.143738 2.957947 -2.761878 -9.599238 -13.412780 -10.053950 -2.444355 2.527555 -9.953378 -10.252000
-9.704949 11.061920 3.594138 3.767267 -3.454992 -10.873610 -9.470536 -16.118110 -12.020440 5.496491 1.741920 -9.978927
-10.257220 8.391129 -2.193887 0.860737 -1.109205 -3.758313 -8.051940 -10.590140 -8.032362 2.006206 -2.411484 -8.861029
-10.886450 7.414690 -3.748448 -0.529753 -1.794604 -4.301692 -10.927080 -8.499658 -7.463659 5.564914 -4.023614 -7.118659
-2.626923 14.064450 -14.020780 -18.565630 -9.794491 0.629816 13.955930 11.272610 -13.915470 -4.664976 -14.379750 -3.411366
-0.705750 9.790538 -19.973750 -20.719540 -0.273077 7.064945 8.498562 2.248955 -13.639910 6.165841 -4.387824 -2.591428
-0.065248 10.880850 -22.041690 -17.665190 2.835847 9.711015 7.928727 8.679291 -5.728889 11.257360 -0.324541 0.325210
-1.951594 13.714330 -9.299372 -9.096119 2.111875 6.303673 1.400259 3.663969 -0.754533 4.001611 -10.805060 -3.005058
5.043177 22.347730 -13.950000 -14.435330 -8.509738 -0.162815 -6.030226 -12.547880 -13.867910 -5.129801 -3.391648 -17.258810
5.448840 20.168520 -14.672300 -18.123510 -17.230630 -4.180581 -4.320056 -12.763010 -19.141930 -7.292543 -0.431793 -14.874400
5.841566 20.220500 -10.340560 -22.741830 -20.492060 0.487077 -6.086810 -14.790720 -14.057480 -6.673767 -3.380476 -9.629721
5.137379 17.938730 -11.525380 -23.115770 -25.858950 -2.771579 -3.588457 -14.635090 -12.362450 -14.067100 -4.831728 -15.738990
7.316942 17.852440 -12.763120 -23.810340 -23.518500 2.328621 -5.497670 -15.101970 -9.874619 -15.943510 -2.239434 -21.003440
7.708673 18.944170 -13.567890 -22.670950 -26.013830 7.229311 -4.796028 -13.650990 -7.670164 -17.062070 -4.786294 -14.036890
8.201240 19.335310 -15.643380 -21.257510 -23.804530 -0.433694 2.067285 -11.552660 -9.884391 -16.592780 -6.042408 -12.354550
8.322639 19.965520 -16.079790 -20.472490 -21.923980 -2.669931 5.323864 -11.453270 -10.166460 -13.952570 -7.080293 -5.008782
8.623155 19.470760 -15.232410 -22.749250 -21.599380 -1.719963 4.323990 -9.795664 -8.176980 -12.105170 -5.155345 -7.292164
7.514632 18.850090 -15.088770 -24.539340 -22.791560 2.604366 -2.159876 -11.539580 -3.560262 -13.422300 -9.576507 -6.472958
2.270544 21.079530 -13.363090 -22.781650 -24.176010 2.992571 -5.202101 -6.208434 4.117547 -20.431130 -4.007229 -9.071137
2.686821 22.280540 -8.704901 -23.156950 -24.256710 0.788775 -6.110775 -1.293157 1.994521 -12.999860 -4.612010 -10.846450
5.425621 20.564250 -11.321950 -28.674360 -21.034450 4.404818 -4.244167 -6.026653 5.056264 -12.715020 -8.677899 -6.240154
5.372881 20.070550 -5.777213 -18.060730 -19.190100 -2.593696 -3.137116 4.752693 -1.168194 -11.525060 -4.729690 -8.238022
4.332688 20.050750 -13.100560 -22.690530 -21.362610 -1.318781 -2.283030 1.495022 1.791925 -13.974880 -2.486710 -3.882831
1.403163 20.378940 -2.768429 -17.424890 -18.193160 -4.825067 -3.145770 4.585297 -3.807808 -4.062561 -3.886943 -6.862429
