-8.125104 18.878320 24.836970 -12.138010 -0.250340 -1.431925 -22.301060 -5.484153 -22.055950 -1.421609 0.690434 -22.482770
-11.506970 16.720060 24.391050 -10.158910 -4.837688 -14.117510 -27.584320 -5.724472 -23.696100 -11.699300 -11.403610 -22.556610
-10.819750 18.150790 19.650900 -9.984015 -3.947071 -5.496420 -21.814550 -10.776270 -27.688260 -21.204640 -9.105032 -14.087490
-10.747840 18.587960 20.257370 -14.071560 -1.738452 -0.774856 -20.611740 -19.665220 -24.917830 -9.276080 -5.776090 -26.764320
-9.426470 18.344840 19.446440 -13.031910 -5.743068 -2.381234 -15.189630 -14.741520 -27.659320 -16.960580 -1.334642 -17.680960
-9.723684 19.650190 17.867230 -6.446048 1.021268 -5.475680 -21.103630 -19.379560 -25.095460 -8.264071 -2.852434 -14.276120
-8.954406 17.618400 18.099280 -6.990771 1.783249 -7.017012 -23.570080 -16.270160 -19.048670 -5.691065 -4.976800 -18.507330
-9.284387 19.544440 17.799490 -4.281731 0.550302 0.618470 -21.093400 -19.564900 -15.552570 -9.736499 -3.209880 -18.252230
-9.418350 20.133880 19.014320 -3.778910 2.251403 0.042003 -18.917560 -22.316670 -18.592740 -9.399162 -3.120067 -9.687786
-8.645302 17.820090 18.188960 -6.011848 -2.224179 -2.073439 -15.235920 -20.509170 -12.552530 -18.488360 -7.440109 -7.983355
-9.273078 17.211380 21.601400 -6.877819 -3.655353 -3.139644 -21.013210 -13.729810 -12.520290 -17.249730 -10.964470 -17.878320
-9.270468 19.663280 22.656920 -11.815550 -4.943831 1.446169 -18.097390 -14.883790 -20.164470 -15.760370 -14.397670 -9.738133
-9.186378 18.033770 19.967620 -7.054534 -1.186648 -2.088522 -17.373540 -21.148510 -18.867090 -14.492420 -10.189100 -16.617620
-9.088949 19.200300 19.922460 -5.142842 -3.089491 -6.170929 -20.088630 -15.217630 -13.351880 -10.366240 -9.262092 -21.847040
-9.255100 18.071560 22.125710 -5.445871 -3.471887 -2.555635 -23.135770 -23.695670 -17.893390 -10.842290 -5.045853 -16.337680
-8.880175 17.620940 20.210330 -7.615654 -3.765011 -2.302046 -22.311290 -24.789000 -26.815220 -13.235550 -5.666419 -11.232450
-8.606736 17.880780 24.234880 -6.966480 -7.387231 -5.964947 -18.345490 -23.247330 -20.357240 -14.218910 -0.318267 -11.227080
-8.451605 17.019510 22.638110 -10.587040 -12.965010 -7.991302 -17.952080 -24.154760 -14.509790 -13.656250 -11.531780 -13.206070
-7.497908 14.098460 21.376240 -11.678910 -12.319020 -4.192652 -22.914050 -29.383960 -17.197980 -10.018480 -7.333146 -10.551080
-8.003898 14.030870 21.972050 -13.595460 -16.715170 -7.460557 -18.574210 -29.315950 -18.427610 -6.027751 -3.237862 -15.628790
-7.626072 13.761580 22.417970 -12.976650 -19.214100 -8.080389 -18.871280 -28.114920 -13.651230 -4.891356 7.043677 -13.304750
-7.818610 13.574070 19.556820 -16.062810 -19.747630 -7.351674 -17.648010 -29.683800 -7.516930 -4.315019 2.672184 -12.926140
-8.105966 12.076480 19.725530 -15.498040 -25.825200 -16.269240 -18.463880 -26.222410 -3.224107 -5.811543 -1.609045 -18.481150
-7.700304 10.959370 19.957580 -12.962080 -25.984060 -16.847120 -18.605420 -24.112260 1.128585 2.498788 -0.977647 -20.755510
-6.094764 10.555990 17.855940 -11.948540 -26.914040 -15.763480 -14.404970 -22.796740 5.168115 0.354943 0.504039 -13.394030
-7.030193 10.533820 16.921450 -14.098890 -29.747570 -22.991240 -15.542680 -19.368230 4.581265 -0.545055 -5.466032 -19.729760
-5.904546 11.512840 15.467670 -13.464900 -28.972230 -16.125950 -10.046840 -20.239380 2.433209 2.111958 5.466762 -20.327890
-5.505263 10.043230 12.911330 -16.334260 -29.725780 -11.950690 -8.506588 -23.210490 1.464774 0.036492 4.835364 -19.858650
-6.415176 10.308510 12.848610 -14.627220 -22.452520 -15.350100 -7.767675 -22.062180 4.847058 2.438875 0.998687 -14.444620
-6.262364 7.702902 9.261825 -12.341440 -23.849250 -17.038020 -5.630586 -18.385980 4.105600 1.320064 -1.821617 -18.257600
-5.880769 6.364119 10.171850 -10.380560 -19.889620 -21.501750 -2.709377 -16.299630 3.993757 0.258561 -1.312527 -15.705990
-6.258594 7.101467 7.643726 -6.908182 -20.549670 -18.577940 -2.310590 -22.407350 2.550973 -0.125013 -0.001892 -21.893360
-6.234817 8.489309 5.878870 -7.453512 -21.457860 -15.247810 -1.027583 -19.915180 3.403617 1.506967 -5.631216 -22.196790
-6.015313 9.586064 3.072911 -6.736324 -16.891600 -14.174540 1.628305 -21.330450 1.542407 4.445962 -11.862150 -21.217370
-7.434695 11.827910 6.271478 -3.921011 -16.928860 -12.850970 3.586721 -20.022300 -1.618821 4.631562 -15.817070 -23.013090
-6.049529 11.077840 8.912491 0.183540 -7.578429 -9.233323 7.684378 -12.917030 -6.469547 4.649797 -8.386529 -9.590447
-9.130995 3.249014 6.056359 2.984885 -10.239740 -6.852980 -4.704926 -2.045441 -8.487338 15.241380 10.990930 2.182814
-9.544486 4.240019 4.869126 1.447880 -9.326626 -10.686040 -1.228860 1.231169 -1.297764 13.309190 3.537366 -6.910618
-10.756250 2.102473 3.885096 3.842960 -9.208533 -7.787677 -7.735384 -9.964057 1.009505 16.022210 3.461544 -10.874640
-8.901921 5.446159 3.141899 1.828639 -4.001900 -3.991854 -4.365877 -6.434659 -4.699785 10.564260 -1.255209 -6.264827
-9.507950 7.255551 5.164523 4.125949 -4.468648 -1.569561 0.471770 -4.586359 -2.892523 16.595290 -2.687701 -8.645257
-9.016169 6.073395 3.318134 0.554583 -9.974029 -3.994211 -3.643109 -12.029440 -3.576743 10.109050 7.455281 1.300725
-10.312890 1.887337 -2.720259 -0.135278 -7.533441 -4.758749 -6.857623 -4.129526 -7.445876 4.191983 3.947165 5.127807
-9.795596 4.137175 -1.555604 1.647672 -7.936925 -1.761402 -3.912196 -7.724105 -7.245215 3.916513 5.874756 4.500142
-4.404843 -0.866907 -15.444290 -0.446201 4.394649 -2.904438 -8.365586 -2.930200 -1.057629 9.332784 -1.186609 -3.301708
-8.800434 0.520572 -15.477530 7.297123 16.318520 -3.123147 -5.737682 -7.493988 1.366089 13.288350 -12.770210 -4.501321
-9.983784 3.771590 -13.390930 7.938402 11.205380 -6.986373 -7.865084 -5.110072 15.426810 21.472990 -10.167440 1.649130
-12.757020 5.508665 -10.014870 -1.886650 5.128512 -6.653597 -7.510427 -4.708785 7.878679 11.897970 -8.763833 -2.267906
-7.398449 11.916580 1.026455 9.609614 3.997491 -13.212970 -13.025630 -10.679350 -0.359593 -0.166040 -18.474900 -17.228500
-0.271672 13.411630 -1.988979 5.198391 -7.988943 -18.794290 -16.569510 -21.273210 -13.551880 -1.934126 -8.231726 -8.509654
-3.395763 13.481400 -3.333632 5.783194 -6.609786 -23.087860 -22.666480 -29.540400 -6.401783 4.322880 -5.729152 -18.615410
-3.910452 12.593240 -1.616440 6.263546 -10.137110 -20.449220 -23.743370 -28.388680 -4.922157 2.063767 -7.145848 -25.306920
-4.418762 11.282070 -1.448358 4.503672 -13.157620 -16.951290 -19.888430 -24.372980 -9.745250 -6.238098 -4.356686 -26.037300
-4.869658 11.886420 -0.533944 0.675430 -15.972870 -19.355670 -19.738280 -19.918580 -9.222217 -7.047575 -6.855649 -27.976690
-4.946209 9.172873 -1.941314 0.127671 -15.319140 -19.983520 -22.490500 -16.984310 -8.694577 -11.018770 -12.414570 -30.610870
-4.118937 9.861889 -6.595543 -0.633848 -11.318040 -16.099550 -21.464740 -19.427740 -5.886644 -7.747646 -18.585930 -38.574500
-3.330520 8.199676 -6.450667 4.307523 -8.355171 -11.795610 -15.317720 -19.621020 -9.161689 -10.232740 -16.307660 -37.907230
-2.039593 11.592060 -5.310472 2.423159 -2.374607 -14.853290 -12.913160 -16.790470 -9.061030 -2.883618 -11.550740 -35.452290
1.100736 12.085200 -5.064621 2.881042 -1.595756 -9.111713 -10.492450 -14.960870 -6.276781 3.493214 -7.570090 -32.973170
-2.485850 12.186950 -2.831895 3.841139 -3.052939 -10.747790 -12.449790 -11.969920 -9.737355 18.805560 4.289266 -17.366790
-6.461280 7.987811 -2.154552 -2.134417 -6.727176 -13.760220 -6.909287 -6.241384 -5.685983 3.338222 -2.186735 -11.520440
-5.549048 5.543915 -5.902520 -2.268625 -2.220665 -5.672707 -15.601870 -13.340990 -5.995856 7.086044 -0.963656 -8.278728
-8.279945 5.603877 -1.518601 -1.967418 2.300608 -0.017859 -7.469526 -7.617548 -2.530018 8.525910 -3.005883 -7.602728
-9.500701 3.746879 -4.836958 1.365898 1.104917 -1.389503 -0.488871 -2.414988 -9.703144 0.970354 1.719446 -3.285597
-9.810965 3.289716 -6.375406 -2.298381 -2.872284 -1.928733 -3.110855 -3.014651 -4.468203 10.608540 3.644329 -7.168397
-10.699130 4.129907 -5.445940 -2.068225 -3.519687 -0.807379 -6.542791 -5.339622 -6.483363 0.631715 0.162389 0.162872
-10.106150 2.431717 -8.085699 1.362862 -1.800310 -1.986710 -10.918680 -6.329803 0.206862 4.103416 2.278181 -2.329666
-0.687483 6.991719 -14.084580 -12.858840 -8.648997 1.205307 2.569572 7.460185 -10.469600 3.204720 -5.589694 -8.589540
-4.285667 8.882513 -15.085540 -13.570560 -3.551319 1.766691 -4.815790 1.091738 -4.262279 -1.058875 -15.702890 -10.112720
-2.748849 14.584700 -14.094610 -14.869520 -1.044656 4.746598 -0.365091 -4.991046 -7.786670 -3.009305 -13.163310 -4.273751
0.180964 18.708970 -7.225222 -11.007270 -0.836587 1.482464 0.728478 -7.659491 -13.493330 -7.148516 -8.803098 -4.821532
4.544078 22.948450 -9.986024 -18.299390 -12.102510 -3.327244 0.843648 -6.595627 -12.298580 -8.182667 -0.890994 -10.286590
4.570175 19.745040 -12.013670 -22.086940 -18.109790 -3.386163 -2.410691 -13.130140 -18.267740 -11.107990 0.560003 -9.481697
3.386825 18.236910 -10.438210 -23.336100 -20.788670 1.252914 -2.898276 -12.484000 -13.710440 -10.974480 -0.655404 -13.436330
3.083811 19.488120 -13.399710 -25.433620 -20.588340 3.179342 -4.102171 -14.649140 -12.267000 -10.560950 -6.869188 -15.524740
3.896585 16.300330 -10.936190 -28.366740 -19.375070 4.404394 -5.548245 -15.426770 -7.820223 -14.177880 -7.302456 -12.042710
5.663346 16.766940 -9.801637 -30.187340 -18.177970 5.735501 -7.176222 -15.674460 -7.484035 -12.299080 -4.182927 -9.491767
6.245597 16.949370 -12.418190 -25.942510 -24.204930 7.801922 -4.456828 -11.886610 -6.781393 -11.175060 -6.530247 -7.745044
5.898798 19.070560 -14.065770 -27.048960 -23.962420 6.525492 -4.872837 -12.426190 -7.028765 -17.336990 -4.924899 -5.428387
6.195433 16.302870 -14.013710 -26.896540 -19.999280 3.169444 -5.800649 -12.285060 -3.050420 -15.219190 -8.039463 -5.670055
4.179882 18.449870 -12.702300 -28.010880 -23.020490 3.533330 -4.541860 -12.910230 -5.876117 -12.527670 -8.505226 -6.342698
4.237585 19.001520 -11.715130 -27.554820 -21.463490 1.358969 -3.356801 -8.253486 -7.389954 -8.289469 -11.098970 -9.427993
4.543499 17.830990 -11.072910 -26.775690 -21.620240 0.339428 -1.291289 -8.030738 -2.870154 -13.015440 -6.989691 -3.239949
4.326314 19.161410 -11.025240 -24.134660 -17.630390 -5.133005 2.570648 -5.727872 0.414760 -5.385639 -7.007293 -6.041284
3.000591 20.313410 -16.264000 -27.353810 -16.397440 5.437133 -0.346793 -4.531947 4.658897 -11.482440 -5.571190 -4.137477
1.894952 18.707520 -13.418530 -20.880900 -18.903400 -3.109949 2.663214 -9.660257 0.419365 -12.274990 -9.332046 -10.384600
0.267954 16.293420 -14.086460 -22.457990 -17.876420 -2.348711 1.026089 -0.430658 9.345805 -9.289104 -2.425936 5.418480
-1.030802 16.312690 -9.417809 -13.569950 -11.702540 -4.077170 4.750253 -8.914363 -1.553689 -7.876589 1.589465 -8.050486
