0.725464 10.858790 3.625435 -2.449278 -4.801244 -13.037290 -28.044140 -11.610460 -25.304650 5.982084 -6.495612 -21.544170
1.143444 10.506390 -1.322493 2.016863 -8.159197 -11.102760 -37.242870 -12.034640 -29.079540 -0.773961 -10.510930 -23.963610
-0.959980 9.999520 -0.803609 2.861980 -4.881214 -16.300810 -28.323830 -18.947330 -25.773560 -4.115559 -17.161960 -21.886120
-0.859173 10.523270 -0.379800 0.165788 -5.048141 -12.125110 -25.471200 -19.052270 -23.789300 -7.079666 -15.777990 -23.253930
-0.364973 10.086460 -1.234669 -1.391118 -3.620332 -19.882280 -27.150770 -18.043160 -22.625850 -11.249090 -22.612090 -24.014300
0.545978 12.194530 0.061735 -0.630654 -4.629658 -11.727960 -28.523500 -14.684670 -16.486180 -5.236678 -25.459210 -15.220650
0.893885 12.764280 -3.742876 1.495543 -9.010137 -5.378961 -29.453570 -24.920130 -10.951800 -13.567970 -17.896440 -19.731320
0.258924 13.119630 -3.779939 4.677077 -7.050490 -11.720220 -19.588300 -25.502820 -18.432550 -11.164890 -14.282870 -12.792620
-0.685834 12.051040 -2.398129 2.959331 -1.253848 -16.973040 -17.826510 -27.262070 -17.508190 -7.337949 -25.616130 -5.121914
-0.143074 12.920010 -2.459364 6.277016 -2.108670 -13.733340 -19.113350 -25.959010 -21.939740 -8.023866 -12.639550 -7.801679
-0.029974 11.096390 -2.208785 7.913637 -5.609482 -9.248616 -22.848340 -24.623950 -24.568020 -7.439181 -18.283660 -5.379666
-0.096974 11.960300 -4.174742 4.933152 -5.919267 -9.408785 -25.203260 -27.320110 -27.183680 -10.487490 -14.555310 -9.928135
-0.003543 12.869790 -2.362677 2.453530 -2.736006 -10.259050 -24.207120 -26.473240 -21.759580 -9.035238 -18.206650 -5.139097
0.544749 11.500280 -1.057411 2.124795 -1.906029 -9.118218 -25.433760 -28.815920 -17.816310 -11.136510 -13.861510 -3.888139
0.884050 11.386330 -2.144327 4.174804 1.933295 -9.574312 -23.302730 -29.217030 -18.353420 -12.918000 -8.525429 -8.002726
0.582244 10.583620 -1.962234 1.597831 -2.401375 -9.409976 -25.665000 -31.502410 -22.740350 -9.272708 -13.221470 -7.028422
2.191468 12.947020 -1.507808 1.105434 2.273361 -6.465608 -27.627920 -24.864320 -25.082400 -2.652900 2.838347 -9.105046
2.819668 11.631960 -2.929099 -0.391510 3.191848 -9.259334 -20.259250 -27.727920 -24.871930 -3.427750 -1.880213 -10.343120
3.054475 10.416070 -4.038576 -3.103221 -1.641275 -7.557614 -22.581870 -36.836700 -22.111480 -3.423965 -1.232183 -18.064520
2.619283 10.762140 -3.809751 -8.928041 -3.835396 -0.803729 -21.259800 -37.111300 -26.191970 -3.872413 3.772615 -18.660780
0.746363 9.482948 -6.630578 -16.752780 -9.833126 -1.380694 -26.097370 -28.033780 -25.486490 -10.134600 -1.521327 -16.917520
0.088659 9.085813 -6.469433 -23.591320 -12.972910 2.784291 -20.940470 -23.835120 -26.134720 -10.357870 3.068645 -9.403179
-1.473850 6.154351 -8.851948 -29.176990 -17.055250 1.203442 -22.096650 -25.893520 -30.969510 -17.610620 0.968359 -15.803170
-0.366817 7.500645 -5.743479 -27.661000 -13.415460 5.439283 -20.643900 -17.984370 -14.992720 -16.533970 4.252099 -14.292740
-1.264860 5.920121 -5.803908 -33.449840 -14.868890 5.332107 -17.753840 -16.805580 -14.886640 -20.593650 3.078816 -12.535730
0.073292 4.971806 -4.783061 -35.495620 -15.868120 7.068956 -14.822670 -15.119270 -12.336650 -26.503890 3.288045 -9.883458
0.394153 5.107701 -6.186625 -38.012630 -19.127470 5.510734 -16.895700 -12.979010 -17.146190 -34.868290 -0.287018 -7.616097
1.035261 7.263461 -10.618090 -35.992250 -19.920180 4.475293 -20.495620 -15.652100 -9.220093 -33.539970 -2.273245 -8.367015
1.853396 8.676860 -10.742970 -36.110060 -14.690320 6.626556 -19.651430 -13.123380 -4.618493 -29.099960 -7.123301 -7.588603
1.631498 6.552752 -13.257630 -35.912540 -16.899190 5.218976 -18.129690 -17.320560 -9.082028 -29.418800 -7.319453 -14.205100
2.171184 7.021213 -13.662100 -33.621270 -18.586320 7.957923 -16.636570 -18.514970 -8.922917 -35.800190 -5.478524 -12.931810
4.060086 9.156714 -10.797760 -34.068520 -14.337050 6.692053 -14.323490 -17.426970 -11.866060 -29.288230 -4.130157 -11.396460
3.193392 13.403240 -10.813070 -34.406420 -17.092520 5.742353 -13.402230 -17.130790 -11.819750 -29.194570 -8.306028 -5.552360
4.201461 15.686030 -11.985390 -27.893090 -17.406180 6.144859 -13.774400 -18.791800 -4.296061 -32.635510 -9.829480 -4.076299
5.009762 17.252210 -8.083291 -18.373880 -13.098690 5.142167 -10.427740 -12.062170 -12.488190 -22.385550 -10.454260 2.816858
4.693203 18.801080 -0.638436 -15.807490 -6.802816 2.671756 -0.145512 0.839687 -22.794220 -19.241680 -7.050651 4.457880
-0.477459 11.383800 -1.863937 -12.609030 -2.872653 9.386343 10.262980 6.472392 -16.529110 -13.811110 3.112234 -7.155580
-5.584194 8.895896 -6.994763 -15.617730 1.449595 14.100900 10.864190 11.657840 -2.283177 -7.793019 7.983358 -0.876733
-6.519117 9.116199 -4.841073 -12.454540 0.351758 8.403299 3.052865 -0.525140 -7.239199 -9.088220 6.542726 -3.180180
-6.443512 11.567810 -0.913992 -13.078140 -1.496087 4.337154 1.392381 -3.352283 -1.395015 -9.530045 -3.440716 -15.696630
-7.433142 8.782369 -3.319873 -15.073830 -10.038870 0.464522 -3.743228 -1.670434 -7.028735 -4.571575 -4.373531 -3.327958
-7.245666 11.507450 -3.752545 -13.337750 -6.291165 2.381189 -6.807270 -12.527290 -13.326680 -0.830726 2.265872 4.633152
-7.671022 10.176770 -0.694836 -11.617180 -8.699574 -5.534962 -6.518043 -5.831893 -7.395785 -0.572443 3.703598 3.371884
-9.508905 9.956895 -1.072719 -12.403040 -7.909970 -7.882120 -14.156120 -4.156743 -8.140830 -9.457195 5.777731 6.949486
-11.550250 10.365430 -2.501261 -12.863690 -9.501601 -2.705511 -2.760298 -6.497191 -3.817043 -1.843045 -2.437432 -3.858927
-8.736872 -8.298271 -14.250270 -3.252775 17.855810 -6.656739 -3.220565 -7.457184 8.152505 16.515870 -1.722565 -2.909540
-5.962835 -2.461514 -12.696040 -2.276446 26.376860 -1.467626 -4.029519 -2.551544 16.672960 26.201020 -12.637370 7.121321
-5.561451 6.294044 3.244330 4.525408 20.386120 5.264228 -7.759369 -5.791708 12.825660 8.899833 -33.905400 -7.848933
-2.055949 6.501686 -2.008161 -7.979928 10.738510 11.204770 -2.981255 -10.416050 15.137410 -0.385117 -31.036490 -9.428096
-3.003166 5.965701 0.499241 -9.142494 3.762506 16.016980 -5.172478 -14.640020 7.936989 -5.889482 -25.892930 -15.524800
-1.430822 4.640508 -7.836740 -5.859376 2.099446 9.733475 -0.303339 -15.946800 0.829175 -1.739921 -27.216590 -12.156830
0.870528 2.502051 -10.187030 -11.706770 2.890603 8.146672 -9.032260 -14.581970 -2.417874 -6.919776 -28.878080 -8.738178
2.485898 1.502670 -13.758780 -11.457750 0.639028 5.288045 -5.906556 -16.400010 -10.036700 0.588412 -25.244900 -13.485120
1.689892 0.610486 -16.291970 -13.600880 1.081579 4.181154 -12.552160 -21.529640 -3.588900 -0.682190 -32.389210 -15.671720
1.686819 1.637722 -13.277770 -9.578456 0.981422 3.040323 -10.576030 -17.514790 0.784557 1.131469 -28.628890 -18.362650
0.671372 4.181755 -12.453520 -6.725656 -1.600125 0.390094 -11.693290 -15.284480 4.758131 2.456944 -35.371460 -11.482380
1.150820 6.121010 -9.394197 -6.005402 -3.654493 -2.326226 -12.913330 -15.906610 3.924690 2.422885 -33.579200 -12.244470
1.408370 9.653028 -6.143116 -5.896764 0.414647 -4.785920 -9.861033 -16.434240 2.743562 12.747590 -39.626520 -2.418951
-1.444345 7.244048 -2.164470 3.908853 14.148480 2.506228 -5.341316 1.509450 7.275288 7.465557 -21.391590 -8.365297
-3.876622 4.355211 -8.582837 1.174567 10.335550 3.454142 -12.046380 -9.515588 12.797880 2.406801 -20.187070 -17.079040
-7.993727 -0.192648 -10.912170 -7.251915 5.564542 5.485130 -10.787440 -13.793880 9.096229 11.105170 -14.431080 -21.657580
-8.999338 -0.331498 -11.888710 -5.659031 1.467452 5.433924 -6.142929 -16.155910 -4.884520 -3.412612 -19.682880 -21.722880
-8.438753 0.062261 -8.256521 -0.908597 7.079309 8.902860 -5.049153 -10.125070 0.537050 3.189220 -11.884720 -14.263530
-10.162920 -0.112462 -12.818510 -5.540517 7.276516 6.854604 -8.382601 -0.359932 13.066430 12.046540 -5.450191 -10.173000
-15.337270 0.680544 -5.093263 -3.029855 15.449730 7.880518 2.075073 -2.411638 4.939130 2.076615 -10.918490 -12.180030
-22.680200 4.461987 11.158110 -10.934310 16.096480 4.371094 -6.165686 -7.733275 10.834670 -4.277340 -3.535887 5.532708
-23.641560 8.508889 8.647490 -10.724090 16.941980 5.014151 -11.455450 -11.342550 8.882397 -7.417420 -2.215126 -4.608128
-28.550370 10.641020 0.681334 -20.736400 13.416330 -3.034184 -10.555470 -7.704996 13.142200 1.703855 -4.952545 -2.599378
-29.985640 11.872940 5.409300 -16.594760 10.488500 0.527637 -13.050600 -13.265520 14.041310 -6.239536 -9.782985 6.187398
-31.374810 9.715490 5.935435 -16.224410 6.182561 2.505633 -6.707435 -7.807693 5.562947 -7.510138 -2.958326 2.555669
-32.434510 5.699818 6.053876 -18.697680 -1.026362 -1.901690 -9.209907 -8.621083 10.168760 -2.793868 -4.268916 7.514823
-32.928710 5.777894 4.553625 -16.637090 6.246226 7.148147 -3.672757 1.571961 16.686430 -0.143863 7.557634 11.107030
-32.246420 3.888439 4.503670 -21.750120 5.351808 9.155914 0.888803 6.127836 15.585280 1.283790 3.330908 5.002597
-31.591170 5.581226 9.528142 -15.818780 7.472947 13.470350 -0.242411 1.123220 16.386730 -7.513922 -8.207225 5.182165
-32.707420 4.329467 9.022149 -15.265010 2.883615 11.105930 -3.563379 -2.055176 24.200860 -7.729631 0.634899 6.395319
-30.125170 5.558858 12.875100 -14.857970 4.372760 7.747738 -8.383335 -1.843829 20.719770 -2.559237 -7.077531 14.908880
-31.117870 5.773674 10.599750 -16.024060 4.799007 7.526241 -11.934800 -6.047706 9.283121 -0.838295 -7.682699 10.417970
-31.070540 5.880027 13.222370 -12.950460 10.170950 11.960360 -5.291399 -8.844337 3.474296 -0.900737 -14.371500 20.259820
-22.323070 9.132658 12.017010 -7.910090 12.925640 17.209610 2.075073 -5.459059 13.452010 -2.150525 -13.694410 30.136020
-22.271440 3.703588 9.328323 8.217681 24.348110 19.138180 -0.315084 1.715588 2.276331 -5.230055 -1.914358 13.658780
-21.428100 4.763320 7.922341 2.143137 11.544420 15.185170 -13.010230 -5.294595 -0.974928 -2.519501 5.110085 -0.327721
-22.200140 3.512405 4.473053 0.394351 10.708230 8.874279 -4.075766 4.068688 11.178990 -0.072906 -12.532030 -7.488939
-24.534070 -1.565953 0.597539 0.059267 -3.098587 6.725397 0.635547 -2.230803 -0.649971 7.587603 -15.084190 4.692435
-24.978480 0.277500 2.002715 2.968502 2.333144 7.080269 -5.907290 -10.596140 -12.574060 0.788038 -5.979077 4.485374
-21.283040 2.119687 3.693922 -3.333900 7.792049 2.518137 0.068838 -2.556010 -6.042918 -7.691787 1.110025 1.959401
-20.809120 1.144362 2.070395 3.597754 6.644522 -2.472105 -9.088050 2.723953 -7.870594 -6.244266 0.403149 8.247699
-21.434250 1.075570 3.697950 5.164536 7.304467 3.632174 -6.651645 -0.950812 2.783972 7.194974 6.334949 14.208650
-20.379470 3.864805 -1.879245 2.349831 -1.246861 8.102015 0.605449 -8.680617 -1.581066 -0.807074 3.604069 4.133972
-20.182150 3.715827 2.732697 -0.225026 3.361881 8.334826 0.426334 -0.686627 0.344265 -7.094803 4.117698 7.623079
-6.498219 -1.500538 -13.451810 -8.862434 10.734620 0.818799 -2.092287 9.315907 -10.776690 -1.214840 -2.394569 7.788041
-1.542079 3.456697 -21.334170 -19.182320 11.325470 -0.728110 -7.531805 1.075593 -20.226550 -0.523246 -13.456850 9.484051
-0.698128 5.204770 -22.378380 -24.357430 6.844835 5.264228 -3.269014 6.692669 -11.825650 -3.364361 -14.834280 11.251370
3.559124 13.426450 -4.574379 -11.168520 4.683322 10.468230 -0.514753 -9.761168 -12.816510 0.284716 -14.997010 7.676348
7.353524 13.956110 -2.860612 -24.209990 -8.874266 7.938869 -8.392878 -9.400240 -8.707401 -5.968007 -16.720980 7.366186
6.349143 14.323700 -6.470239 -28.192900 -17.547490 12.298560 -11.454720 -12.053990 -12.805570 -19.647550 -11.616650 7.433201
5.820520 14.299220 -6.945614 -27.333680 -23.176430 15.096450 -14.027660 -11.133440 -11.700210 -21.989130 -10.899600 8.114527
4.758359 13.420970 -8.586866 -30.844650 -24.504080 11.981200 -18.020310 -13.380120 -12.445250 -22.608820 -18.617120 4.811861
5.219981 14.966040 -11.080570 -27.028930 -22.963690 10.986250 -15.418000 -13.761880 -10.312830 -20.843420 -18.179040 2.266986
5.881988 15.661130 -8.335482 -25.713280 -22.933410 11.180950 -11.814410 -13.772300 -13.197030 -16.994710 -22.841670 2.695714
6.518178 18.463870 -8.710141 -24.777870 -15.165480 9.953186 -9.919026 -11.184040 -18.532740 -18.142320 -23.829690 3.279093
5.719713 19.359430 -8.163863 -18.677220 -6.793500 10.745690 1.702896 -3.362701 -29.948340 -16.366510 -26.998650 6.264724
1.229499 14.653730 -8.783462 -16.790170 -5.399852 4.092435 6.333459 4.809148 -22.557660 -12.570790 -14.624320 -4.866739
-1.336162 10.399610 -8.072817 -9.856400 -0.857882 12.443840 8.913744 0.974384 -13.818330 -11.879190 -9.631148 -2.749733
-4.295831 6.901354 -14.349380 -10.197830 0.274894 4.929005 3.344294 -2.945216 -6.675996 -6.565938 0.613831 10.912860
-5.267635 10.054810 -10.231340 -8.912520 -6.093182 -5.630229 0.990840 3.765062 -7.922789 -10.123240 -5.316517 -5.474175
-6.614392 8.413087 -3.012894 -8.582375 -6.589305 -3.833242 3.731887 0.081367 -4.397084 4.675530 -1.016415 7.476160
-7.487848 8.410132 -8.612649 -10.386890 -6.062902 4.003122 0.488731 0.008437 -7.016949 -2.536531 -2.374227 6.821469
-8.720275 8.764221 -4.146542 -3.315559 -0.760831 2.399647 0.652430 4.628312 -10.528340 -15.591660 2.853604 8.880910
-8.557385 6.759128 -3.492297 0.986920 0.663873 4.518163 -1.414733 -4.865202 -6.428489 -18.424260 -8.899571 3.833261
-9.857428 5.889734 -2.836441 -5.528524 -7.065241 -3.256873 -5.170276 -12.612870 -10.519920 -13.598240 -15.186630 -6.566186
-20.720000 7.024167 6.026482 -21.552600 0.940273 5.164197 -7.508314 -13.775280 -11.265810 -9.196074 -1.620856 15.502570
-24.455390 6.765459 7.118232 -21.316270 1.784225 12.444440 -2.450517 -7.618671 -0.093502 -8.140235 -2.309570 20.835460
-27.293970 8.635500 5.998281 -16.404290 -4.534937 1.445780 -5.938121 -3.224284 13.342560 -0.130618 -3.002642 20.933410
-29.876840 7.915929 7.957793 -19.942780 -0.902913 5.645895 -6.949681 -5.411431 6.355978 -15.992800 -14.760900 3.506775
-31.088370 7.960242 9.298512 -19.986520 -7.493041 10.511100 -0.045678 -3.997488 16.267180 -7.685165 -17.029740 6.816314
-29.235730 7.777079 12.068580 -16.114360 0.759370 9.436358 -5.679726 -6.847700 8.359602 -8.942521 -13.205480 3.643383
-26.014820 6.206683 13.140990 -13.972640 -0.078371 11.731720 -0.417121 -12.591290 0.154846 -11.223550 -6.743345 2.002360
-18.819420 14.167550 27.029190 -7.586998 -5.905292 6.137714 -8.639528 -22.105640 -9.497065 -17.842410 -16.638150 -4.242978
-15.527820 14.473950 26.370920 -5.985650 -11.624290 2.932551 -12.926540 -24.181900 -14.921160 -19.389270 -13.749630 -15.566040
-14.957400 11.609170 27.225790 -7.362669 -15.547470 11.427450 -13.165850 -27.667650 -19.978210 -28.840730 -6.887191 -20.945330
-15.277650 10.836000 26.253280 -7.624387 -10.297420 10.184210 -14.178150 -25.970170 -22.846420 -31.653470 -12.757970 -21.108570
-16.283870 11.637020 26.633580 -4.404758 -12.479890 12.060390 -12.844330 -22.968140 -30.386110 -32.670520 -11.993700 -22.414520
-17.564860 12.032470 29.535790 -2.105024 -9.657659 14.411120 -15.248430 -24.879940 -25.832490 -28.679900 -15.328290 -25.491220
-17.121680 10.737240 30.423690 -0.474046 -12.741540 13.720430 -16.006000 -26.680120 -25.535320 -28.266460 -20.586640 -24.256590
-16.411730 11.127200 26.805200 -3.301450 -11.672430 11.685270 -11.749820 -24.519760 -28.734380 -25.010950 -19.704680 -26.169110
-15.693170 11.657280 27.365180 -7.087547 -18.781200 7.703082 -13.841940 -25.188040 -26.113670 -27.039370 -19.832540 -22.936040
-15.189750 14.379830 29.074910 -6.993723 -22.129060 3.247530 -13.131350 -22.668980 -22.907030 -22.000490 -19.223740 -21.644700
-12.185820 11.943420 28.123360 -2.652445 -20.228420 3.126659 -16.831100 -24.392510 -23.519060 -16.614380 -15.298510 -22.960950
-13.436080 11.912190 26.784250 -3.963153 -20.524230 -3.627226 -20.411200 -27.927360 -23.814560 -10.616160 -21.570300 -25.446540
-11.322200 10.346860 25.686050 -7.079787 -15.531160 6.407441 -11.327720 -21.892060 -29.695780 -18.148940 -17.649430 -14.063340
-8.173213 14.786670 17.833510 -2.598832 -9.831573 2.980185 -12.700450 -22.673450 -27.579350 -9.066460 -14.588720 -10.132620
-7.794572 14.640230 16.418660 -3.700729 -15.014850 -3.360476 -16.768710 -23.279950 -10.363340 -3.465593 -3.126872 1.133735
