-1.097545 17.058170 4.865589 -5.926060 -2.129154 -16.132040 -30.842280 -16.011480 -15.722960 7.656248 -9.319619 -24.574440
-1.299070 17.560590 7.981102 -4.691326 -2.034235 -12.883870 -31.239920 -17.478660 -18.081830 3.165103 -11.659710 -25.153100
-1.907559 15.424370 4.822802 -3.323988 1.146327 -13.093490 -34.473060 -15.265500 -17.262940 -4.619038 -15.254520 -28.880640
-1.082871 15.446530 4.938485 -2.924439 -2.816927 -11.602610 -29.548410 -15.883320 -14.714670 -2.007506 -15.222760 -33.071800
-1.555053 14.872790 5.326207 -0.832782 -0.578552 -15.973210 -30.987270 -22.342050 -6.556107 -0.097236 -10.921550 -34.072750
-2.650073 16.679830 4.925279 -0.214980 -3.908494 -13.736660 -29.317170 -22.943550 -5.134967 -0.863005 -4.446088 -33.466530
-2.565614 16.641560 6.428100 2.316660 -3.139029 -14.654550 -26.153160 -21.704890 -2.992115 1.790041 -1.925345 -28.597510
-2.205282 16.283770 4.572948 -0.606703 -1.192413 -15.862400 -30.204830 -20.313880 -5.411025 3.772480 -5.956982 -35.242470
-1.295157 15.749520 3.261876 -0.824956 0.251600 -15.665240 -30.198710 -20.333220 -4.800107 1.046626 -10.278660 -37.431740
-0.900585 15.390520 2.466887 -0.514968 -0.678917 -12.296110 -29.389970 -17.776690 -8.304060 -2.674280 -9.450879 -37.883640
-0.835040 15.432020 1.646542 -1.184072 -0.204322 -14.651780 -27.185810 -17.127430 -9.437383 -9.013104 -10.109290 -28.122870
-1.104393 14.455370 0.908073 -0.824086 -1.681790 -10.913730 -27.689890 -19.376260 -14.757990 -11.286140 -7.333087 -29.141730
-0.523295 15.330890 -0.102963 -1.931434 -2.332218 -6.713504 -24.125800 -24.688810 -18.154250 -12.757000 2.051953 -27.333410
-0.596666 17.174610 0.254650 -4.305689 -1.660783 -2.640711 -24.301370 -23.885400 -21.263920 -13.099970 6.983351 -21.480670
0.945753 14.202340 -3.115471 -2.858354 -0.731823 -3.159680 -24.263440 -28.995440 -23.256980 -17.513200 9.649467 -14.571180
2.039142 12.337680 -4.759330 -9.613307 0.372193 -5.553674 -23.864580 -30.329620 -22.815660 -14.266190 14.813750 -18.145100
3.176227 13.831260 -6.828415 -13.891840 -4.088218 -2.145291 -23.005670 -27.002330 -30.168950 -9.782705 20.406380 -17.753820
3.421449 15.044830 -7.389926 -18.206010 -5.800649 -1.567223 -20.348810 -26.325860 -25.311320 -13.517020 20.896130 -16.923030
4.568970 14.192670 -8.803475 -15.393950 -10.381650 -5.351443 -12.878030 -22.126840 -27.967300 -11.912680 19.893340 -9.943271
3.965046 14.735390 -10.379190 -22.037170 -13.729490 -2.085729 -17.956230 -20.131310 -27.512360 -17.583450 13.019870 -11.920360
4.387988 17.270100 -9.789156 -23.358860 -17.951830 2.059552 -11.231790 -18.131550 -24.301790 -15.191620 11.811010 -11.427120
4.925389 16.009800 -8.116774 -20.529840 -20.920770 -1.703429 -6.901774 -18.548060 -21.796850 -14.225950 18.263890 -11.062020
4.460055 17.681470 -10.229170 -21.071120 -22.495490 -3.924742 -12.804620 -18.427160 -15.918550 -10.359430 5.756853 -18.812630
2.707306 18.367220 -8.595880 -23.975790 -23.087560 -3.489806 -11.099650 -17.757950 -10.162810 -7.747894 1.258752 -23.789110
2.319582 18.383740 -11.534440 -25.620940 -24.013410 0.892335 -14.387230 -17.163100 -6.851972 -6.458415 -5.626011 -27.043390
2.710241 18.982860 -11.618420 -24.868360 -17.415770 -3.391461 -8.000490 -9.430037 -10.888230 -6.927200 -0.841397 -21.370450
1.555872 19.921640 -11.634270 -24.572720 -17.695080 -2.205775 -6.779423 -8.548038 -8.431567 -11.989960 -9.431825 -23.216650
0.956188 20.852770 -10.110320 -24.967920 -19.370160 2.331041 1.885506 -7.883666 -7.630628 -12.555820 -13.243290 -15.749860
0.451396 18.631120 -12.628400 -23.150600 -17.483460 4.585136 -0.339455 -12.228980 -15.341060 -9.918742 -15.987030 -22.102730
1.370652 19.241940 -12.956960 -23.904920 -12.513440 6.688250 -0.400630 -12.837740 -14.385380 -12.382740 -20.065950 -14.312160
1.131952 19.437350 -12.599880 -20.251150 -13.115630 7.958891 2.011528 -12.512500 -14.171830 -12.277360 -19.327790 -6.541570
0.709335 18.363190 -15.468710 -20.412010 -9.942848 3.248008 -3.375606 -14.255950 -23.120810 -17.473600 -17.037100 -13.578500
0.994993 17.198780 -10.340100 -14.583550 -6.309476 11.970740 5.617836 1.683522 -16.387730 -6.636604 -4.091124 -5.783800
-3.949552 13.519410 -6.515173 -12.635360 -11.891020 -1.752371 1.490923 -0.208636 -2.409051 -3.081114 -6.997882 -1.338443
-3.807376 13.639480 -6.271658 -14.132260 -13.310910 -4.647789 -5.073843 2.781337 3.284176 -0.971579 1.397068 4.550811
-4.691413 14.755140 -6.149637 -15.384390 -11.024300 -6.038476 -2.761401 -2.021602 -12.012270 -5.594291 -0.713666 -6.870856
-7.018738 9.148247 -2.111302 -5.503468 -5.550903 4.159434 -1.391065 -9.479608 -13.833260 -13.538100 -15.495860 -3.274202
-8.388654 10.338440 -7.033897 -8.087715 -5.232691 2.217459 0.190939 -4.498939 -5.303325 4.372833 1.663115 3.487177
-8.964533 9.369445 -9.743200 -9.898949 -4.601714 3.018074 -0.515029 4.072599 0.424564 3.347125 2.795756 -0.595828
-5.057616 1.745994 -22.074780 -10.158070 15.008380 2.061861 -4.610744 -11.498720 4.338271 24.271310 -8.920196 3.924617
-6.141548 5.120764 -17.718980 -8.262055 21.447310 2.077097 -7.367321 -18.093460 5.964289 22.122820 -25.350900 0.355518
-9.328779 10.305000 -13.081630 -1.281025 19.875700 -1.081960 4.306841 -13.553490 9.566657 21.272110 -18.754060 -2.316656
-0.937759 15.905840 -17.266810 -3.155734 16.902870 -9.156902 -0.140022 -22.024680 2.777864 2.171328 -12.001970 -13.065280
0.350959 13.080640 -23.689590 0.622379 13.276500 -9.595070 1.768049 -22.571770 9.970840 -6.468633 -10.438850 -11.973410
0.220848 11.933160 -24.226800 -3.597456 9.146748 -9.552131 -0.001765 -24.927600 10.394210 -3.446435 -9.031696 -20.999830
-0.173724 12.811900 -23.585520 -9.542006 6.712310 -11.974290 1.883671 -27.975610 10.030880 -6.569543 -9.248344 -18.960050
0.598138 10.128120 -23.327750 -6.164747 3.271888 -12.051400 2.270301 -27.074260 8.380103 -10.556140 -3.696640 -21.224410
-0.435903 9.254615 -25.314960 -5.066094 2.115745 -14.448620 3.244831 -24.957830 4.970233 -7.106667 -4.702961 -25.175150
0.821511 6.136096 -24.884980 -5.036965 1.870667 -15.427460 4.278700 -26.977540 6.455127 -9.416107 -4.113706 -26.719620
1.179887 4.523652 -26.215590 -5.177829 1.289484 -15.786670 2.946905 -27.287660 2.733917 -6.239988 -7.714869 -27.942380
1.728701 6.628854 -26.636060 -1.202767 -1.514515 -13.854860 2.533969 -25.712880 5.884442 -4.685460 -5.453115 -22.375530
0.733140 9.643826 -25.922950 -1.979693 -0.499194 -18.287330 -0.040305 -26.359110 3.572613 4.655765 -13.853710 -22.835700
0.219870 12.853810 -19.532400 -1.849698 4.483272 -14.118500 -5.863622 -24.650730 7.910310 7.249413 -6.108706 -20.981230
-1.060044 13.437620 -12.521700 0.711506 3.496737 -4.923894 -11.043980 -21.731490 4.426164 18.460670 -4.463025 -16.752870
-6.396226 4.873780 -6.196121 0.433690 4.684780 4.126191 -4.577708 -4.342368 -0.006234 19.125530 -1.703757 -12.699490
-6.939497 3.453122 -7.540472 -0.295411 1.725177 -4.538824 -8.930972 -6.301023 4.356840 11.765470 -2.624689 -13.046690
-8.124518 4.085690 -7.031785 -1.584056 2.187323 -1.479035 -8.127735 -8.798310 8.182035 7.025239 -7.784027 -22.604240
-8.009082 5.169516 -6.859581 0.035445 7.304387 -2.066799 -12.068680 -12.702320 -2.058099 1.755553 -2.797585 -12.815910
-7.454072 5.020843 -8.403075 -3.982224 3.241546 -0.494658 -10.153880 -11.120890 -7.659719 3.281341 3.281980 -13.071480
-7.865927 4.510356 -9.562545 -3.760493 1.284815 0.965287 -7.155042 -16.350020 -10.271130 3.599400 4.960829 -6.491282
-11.974700 2.147292 -12.244380 -3.677453 -4.380755 -5.035168 -12.427170 -15.075680 -15.710580 -2.906118 4.618567 -7.077521
-12.323290 0.778608 -9.457954 -3.370943 -2.010116 -5.781762 -4.903775 -18.688310 -3.278695 4.049664 -4.468671 0.261142
-12.349050 2.360834 -8.240908 -4.918274 -0.710038 0.148050 -7.483555 -17.299120 -5.606617 4.584872 -10.200330 -5.144517
-13.283310 5.116735 -8.651873 -4.675240 1.150995 -0.802160 -0.447124 -2.788138 -3.299740 -4.098520 -5.455938 -7.974445
-1.779079 11.628960 -18.653420 -15.215260 -10.579270 1.393297 -0.056823 9.287218 5.709276 20.448220 -1.240821 -9.030502
-2.389198 14.178170 -22.088510 -15.814800 -12.747620 -2.156834 2.962199 8.904554 -0.236489 14.785750 -16.465490 -13.607440
-2.659203 17.521920 -6.990054 -6.992975 -6.750616 -2.588076 3.219748 0.938145 -9.921412 15.603890 -12.988530 -7.847002
5.951929 25.777130 -8.618594 -15.459170 -14.753370 -0.587924 -3.105209 -0.161483 -5.883913 -4.999687 -8.491839 -5.267138
7.677286 23.570800 -12.403910 -22.369330 -21.172850 -2.154525 1.073704 -4.637980 -12.175680 -4.292676 -9.457231 -13.221660
7.967835 24.742860 -9.697244 -24.202740 -19.155430 2.054935 -0.325996 2.356357 -8.375860 -10.333240 -12.670260 -6.639392
6.964447 23.775070 -11.141960 -21.422840 -26.147530 2.367978 1.488476 -5.709799 -3.694638 -9.367568 -11.939160 -12.045050
7.110537 27.182880 -13.695430 -20.029420 -26.865650 2.730425 2.515616 -6.528324 -3.785626 -7.588865 -9.765619 -9.001569
8.086859 21.951100 -11.808590 -20.930690 -27.575200 -1.249101 1.539863 -1.485994 -10.604130 -7.670615 -7.665470 -10.146490
7.406955 22.138450 -11.101810 -21.226760 -28.250530 1.924731 -2.930246 1.961603 -5.292802 -9.967920 -8.734598 -8.941636
5.835188 24.787580 -8.707337 -26.175270 -29.539710 3.929962 3.775224 -5.620330 -5.679036 -7.344892 -8.795994 -8.066755
5.259634 22.850800 -11.450970 -22.905830 -27.786830 1.409919 -4.200254 -2.382503 -1.573450 -11.593340 -10.792410 -7.833913
3.651345 23.574020 -11.453090 -22.581060 -27.699690 1.506417 -3.673531 -2.684764 -0.206779 -11.627190 -13.957450 -3.243891
3.940589 21.333440 -9.423092 -22.057600 -27.684130 -1.218628 -3.502851 1.802613 -0.627055 -17.376520 -6.788997 -2.136858
4.751582 23.273040 -10.089720 -21.325890 -23.721650 -2.117588 3.569062 -3.005162 -0.708758 -8.692491 -12.650500 -2.144435
4.321139 21.205720 -5.374720 -18.590780 -24.663840 -3.235401 0.719497 -0.649938 -3.642027 -9.082081 -7.092445 7.261563
2.180014 18.461900 -8.566827 -19.045980 -20.066500 -8.605152 -0.128398 1.676268 -0.128789 -1.844644 -7.476344 4.630722
0.899447 17.568650 -6.448616 -21.976300 -16.738110 -4.740593 2.341265 3.482584 4.276994 -11.529470 -6.292893 0.303852
