-0.696365 18.029170 2.176840 -2.177409 -0.974873 -12.694040 -17.245770 -10.983610 -7.916435 15.862760 -5.428194 -14.801030
0.657952 15.748480 3.331382 -5.642243 4.076849 -13.889630 -26.564200 -12.370690 -16.555420 12.856580 -3.855240 -15.272420
-2.054160 17.808010 3.099499 -5.800165 6.501497 -14.330580 -30.316870 -19.078210 -15.145900 5.508597 -8.762073 -22.840840
-1.583753 16.925140 5.071410 -2.624854 2.490439 -13.933370 -26.149910 -18.878930 -18.373750 6.028851 -7.324200 -19.240520
-2.472089 17.487050 5.602122 -0.796604 3.981432 -15.242070 -25.492000 -16.588640 -12.682130 7.023220 -6.898616 -18.259990
-1.803150 15.932140 6.889950 -5.590952 6.624558 -13.146480 -27.373360 -21.465610 -10.681970 4.987548 -7.000333 -22.371500
-1.650773 15.511080 5.497440 -1.285218 8.218993 -18.077280 -28.067410 -16.350070 -10.948270 3.689301 -3.300272 -26.419880
-1.731704 15.994730 5.042805 -5.218419 5.774727 -13.556940 -28.725980 -17.389120 -12.398420 4.876179 -3.660757 -25.048230
-1.318516 14.177030 6.396972 -1.034837 4.890118 -13.146040 -26.548130 -21.829930 -16.064730 -2.626134 -1.387990 -20.622460
-0.907859 13.080380 4.228479 -0.822250 8.093258 -17.213070 -28.436180 -16.997870 -17.429770 -1.538692 -5.932710 -21.229030
-0.323643 12.324190 5.229041 -3.373296 3.138736 -14.423800 -30.836900 -19.213500 -15.537290 2.504013 -5.955495 -28.536010
-0.128905 13.643770 3.080024 -3.020334 1.120722 -13.309950 -32.718250 -22.004510 -12.201110 1.128602 -1.736270 -29.528900
-0.004348 12.543280 1.080725 -4.094069 -1.969166 -13.644860 -29.361130 -25.864880 -13.618370 1.158036 -5.853778 -24.819050
1.091688 10.291230 1.560922 -4.436907 1.881379 -15.265490 -30.803430 -19.800100 -9.394954 0.100027 -5.851336 -21.058860
0.574177 11.110910 -2.639126 -7.536632 0.555357 -16.334270 -31.396420 -21.321350 -12.375210 -5.550374 -4.001713 -23.505040
1.120140 11.378130 -3.265390 -7.446198 -0.702892 -11.696840 -26.279080 -27.395670 -16.361340 -1.654835 5.243964 -20.043340
0.807168 12.900860 -5.018808 -14.165980 -2.399878 -9.576060 -26.941000 -27.148120 -20.462890 -7.351374 13.607550 -18.192060
1.247542 12.783040 -4.358462 -14.609380 -5.582507 -10.495060 -21.004460 -22.069620 -20.921340 -6.784982 14.903830 -12.666360
2.594904 13.309810 -9.610195 -15.338250 -7.474785 -6.191211 -21.954840 -22.602900 -26.445960 -3.003199 21.108580 -13.778640
2.748546 13.513840 -9.203032 -18.516930 -9.411650 -5.235978 -18.556220 -20.886300 -23.507620 -3.734258 18.800000 -18.165990
2.354011 13.397510 -10.665530 -18.167340 -13.053530 -2.484711 -18.981890 -16.338850 -16.970670 -5.250472 15.516580 -20.244380
2.567717 13.595640 -10.527380 -20.315490 -19.570380 -4.379272 -13.666440 -16.544860 -17.676080 -7.098407 8.581912 -25.256140
2.256957 12.836490 -10.025880 -24.466000 -19.901220 1.519582 -11.117810 -19.126490 -18.524630 -6.226544 3.788189 -26.663470
1.595605 12.446430 -8.458697 -28.168390 -21.743560 1.103379 -8.901815 -14.188890 -16.472240 -7.489790 -2.287170 -26.107670
1.377473 13.240720 -9.246244 -27.823530 -16.649930 -0.565849 -4.303841 -7.183861 -11.121070 -12.421060 -10.645870 -15.974370
1.202967 13.394550 -9.620542 -27.349080 -16.745340 3.147279 -4.101717 -9.022829 -13.531970 -22.479300 -7.824648 -18.397220
0.182171 16.296210 -10.258370 -26.940780 -17.080640 7.319024 -2.114616 -10.482330 -16.940370 -21.165940 -12.878770 -14.093590
-0.069788 15.114230 -12.229060 -29.359550 -17.276820 1.717521 -6.011851 -12.521700 -18.364720 -19.594840 -13.150550 -15.724610
-1.597347 15.791880 -12.654480 -26.193020 -21.591070 -0.790298 -2.741065 -17.980780 -22.044580 -22.760110 -13.766550 -17.212900
-0.437451 19.574930 -11.747040 -24.661710 -18.510990 1.382173 4.016016 -18.562900 -17.427830 -17.045280 -13.111500 -17.932690
0.140757 20.067150 -9.464737 -24.893870 -17.817220 2.300293 1.676872 -17.625450 -18.353120 -12.503790 -11.198400 -18.152260
0.007033 19.644910 -9.365533 -21.281240 -12.917090 -1.215337 4.430972 -13.314320 -20.553160 -9.950256 -11.607710 -13.032780
1.026881 18.662530 -11.382480 -16.547630 -9.843253 0.848444 0.996212 -7.932696 -14.803510 -12.704260 -13.498830 -15.822730
0.026001 16.507920 -8.119090 -18.381950 -10.396130 2.161559 2.822016 2.872083 -3.422200 -7.673550 0.267964 4.040408
-3.906072 11.891910 -7.444746 -17.968250 -12.026240 -0.348469 3.217562 4.274885 -1.958511 3.492018 7.632281 -0.421044
-5.611298 9.104522 -6.487395 -14.129530 -12.421280 2.499558 9.686852 8.340150 -0.195637 -6.727706 -10.543340 -14.783190
-6.589417 10.819180 -4.988986 -12.455830 -13.615320 0.182609 9.579098 5.528370 -7.314194 -9.541371 -8.801946 -18.411630
-8.232364 8.392026 -5.906777 -10.882010 -7.259875 -3.238029 -0.527746 -0.428629 -9.778608 -11.577040 -11.560510 -19.497150
-6.239140 11.858240 -6.143528 -9.744164 -12.339240 -4.874120 -3.680739 3.166228 -5.708005 -7.170001 -5.248358 -4.790550
-6.640630 9.875776 -4.890391 -10.646480 -11.120230 1.139168 2.858826 2.413463 -2.282199 -3.998363 -6.451874 -2.947508
-9.413440 5.016457 -8.548772 -10.049880 -2.423955 5.486319 1.954625 2.211941 7.702480 2.721979 0.716333 0.952661
-5.119710 1.060084 -17.974990 -8.716997 10.334210 4.147137 -7.156995 -12.114160 1.652996 18.292200 -30.990920 9.925654
-7.632026 4.934371 -12.104300 -6.797638 16.144800 6.187059 -1.726432 -13.402450 7.608340 29.371850 -24.381750 11.718610
-12.490690 6.863985 -10.037440 -0.101478 18.257340 6.891334 4.713410 0.507695 15.810160 22.920390 -13.227050 -4.903767
-11.904890 6.624813 -9.011319 4.092902 27.715160 3.950965 3.003392 -6.651706 15.747610 11.808120 -4.660026 -0.199412
-11.454720 4.105242 -13.027570 -1.603086 22.002660 7.958350 11.018730 -13.982880 3.292070 7.060608 -1.519816 -10.959870
-6.121854 10.307170 -10.047790 7.750752 18.532000 8.976323 6.367877 -16.622330 3.110882 -11.060770 -2.113844 -15.737640
-0.998273 10.620160 -17.597650 4.491081 9.428197 -4.959393 11.142540 -25.928310 6.536688 -8.498478 0.417691 -16.741500
-1.789556 10.289460 -17.694420 1.131528 11.630800 0.550210 7.077987 -26.942660 3.994898 -5.367410 -2.436897 -13.745020
-0.387502 11.137190 -18.412590 -1.150916 5.920081 -8.297850 5.828435 -27.203690 3.106368 -10.576310 -3.865819 -21.038960
-0.395722 9.785718 -17.792410 -0.268173 3.331352 -8.992846 3.016777 -25.064400 2.597623 -10.474490 -12.268460 -20.801550
0.612113 11.191810 -18.542220 -0.700097 5.672176 -3.120944 -1.033055 -27.277790 -0.258827 3.663845 -8.450412 -33.248600
0.798316 11.207170 -16.995120 2.556875 5.403762 -8.126420 -0.067279 -28.447070 1.589161 12.491450 -11.691530 -24.732600
-2.073128 14.217780 -17.955520 3.315440 7.831086 -14.083150 -2.611893 -25.531440 -1.972697 17.848320 -17.045910 -22.322090
-1.867325 15.706550 -13.097560 3.453790 11.526470 -7.901530 -12.663190 -16.219840 -2.616849 20.315940 -5.869239 -16.705140
-4.683445 8.234941 -8.086834 2.499510 4.219528 -3.816824 -9.605232 1.245303 6.521213 13.364910 -0.212141 -15.441220
-8.083149 7.313391 -9.964409 -2.486504 1.364168 2.750516 -8.284067 -9.609435 1.916718 14.317910 4.824890 -15.989470
-8.292113 3.393927 -8.577986 -4.836436 0.747082 -2.026535 -9.094569 -6.766220 -1.242142 16.986790 5.528772 -8.211774
-12.091090 2.069034 -9.083744 -1.387799 5.865685 1.843442 -6.236731 -4.100952 7.395557 12.281440 2.336483 -6.327562
-11.606780 4.058884 -8.567639 -0.318114 3.425877 0.039456 -7.467542 -11.595480 -1.513602 5.266767 2.190824 -4.835151
-14.094430 4.247564 -9.658885 -4.681214 1.557676 -1.885149 -8.472136 -9.260279 -8.668913 6.578538 4.876968 -3.558882
-11.565680 4.625219 -9.983885 -7.482641 0.830014 6.307237 -6.240077 -1.021971 3.420384 2.469807 13.526990 0.010554
-14.303080 2.756431 -3.061504 -2.979167 0.513445 2.035196 -7.315615 -7.200140 -0.651508 12.787380 10.480360 -3.514967
-5.612247 8.132481 -8.624848 -1.352705 -0.319442 3.490138 -11.451780 -2.462945 -3.014044 11.057170 -6.582072 -1.737797
-5.684958 5.017343 -22.178690 -3.343602 10.640070 0.027085 -15.037130 -9.862041 -5.566795 23.715090 -24.798380 -1.898360
-5.642911 5.855625 -13.278310 1.265829 9.093793 7.300467 -11.767020 -13.613510 -7.490224 23.093810 -18.302320 -2.413670
-10.580920 3.817350 -5.990157 5.751757 9.620813 6.606797 -11.127850 -7.780571 3.443597 17.545230 -6.927096 -2.046571
-12.822000 5.912612 4.233957 14.868040 16.129640 -3.720505 -18.966500 -2.580828 14.423200 8.818652 -21.093440 -5.067075
-3.614597 15.028890 2.151887 6.370622 1.073460 -7.709334 -20.231440 -14.347190 -5.685437 7.226867 -21.900670 -11.911580
-3.266533 17.016970 -0.698863 2.774861 -5.108992 -6.305203 -30.558480 -12.852330 -9.554864 11.626750 -16.670780 -15.682060
-1.717794 14.638840 -0.243620 3.474037 -7.307137 -10.683720 -26.460460 -12.825940 -12.725330 10.126450 -13.402000 -19.971980
-2.662085 14.295730 -0.345867 4.384450 -10.993600 -12.172690 -29.371170 -11.188500 -13.913690 0.704603 -9.299953 -18.771870
-3.440723 13.881760 -4.621992 2.220784 -11.170170 -15.564160 -32.445850 -17.417750 -18.056510 -0.529209 -12.563850 -23.604540
-3.070530 13.896810 -1.778545 2.751240 -10.702890 -13.030280 -31.573780 -19.013660 -17.881770 1.397480 -9.404924 -21.981070
-3.654430 14.560890 0.031474 4.821097 -9.821852 -11.384020 -31.207680 -18.185670 -19.346750 2.165928 -10.481500 -20.918880
-3.755592 14.452220 3.119584 5.709239 -6.047105 -13.188450 -32.291920 -13.882400 -15.004690 4.922318 -15.356600 -13.233820
-3.882678 14.843170 4.665464 8.684786 -3.701822 -15.467840 -27.995120 -10.204460 -13.160570 9.757337 -15.191410 -19.807290
-5.482316 13.160990 5.821223 6.644623 -0.240077 -13.040000 -27.015960 -8.293080 -9.990102 18.852230 -4.114822 -18.447310
-9.452008 8.285137 2.758675 6.507623 7.564455 0.145937 -12.196030 -2.143540 1.664602 8.535456 1.223291 -6.919037
-12.996500 7.798231 0.892664 1.686279 -1.522403 -7.258227 -10.868840 -2.453402 7.431021 20.555390 -3.760033 -9.720654
-13.856390 5.991450 -1.205839 3.676501 0.315479 -4.953649 -14.700480 -10.568780 1.661378 1.922506 -9.328434 -15.941430
-15.243580 3.268436 0.144676 6.390193 2.124824 -2.516522 -10.213610 -4.646579 -3.886454 1.598740 -4.863460 -8.910291
-11.949470 6.739084 0.157457 2.924684 -1.111310 -10.066050 -11.875440 -3.498066 -7.188459 -2.832167 -4.150627 -1.091428
-12.803340 7.833073 -1.438938 1.096434 1.774369 -6.571626 -14.474940 -9.421946 -9.777318 -3.083544 -2.722519 1.936623
-15.172770 7.109062 4.347767 5.340755 -0.989141 -8.178114 -13.714630 -5.570554 -1.357561 4.106936 -11.301750 -4.368557
-16.165740 6.193122 2.777542 1.649836 -10.904430 -2.261587 -4.149906 -14.480790 0.311174 23.593380 -17.810010 9.336238
-17.968970 9.700974 1.339995 3.065734 -11.233480 -1.435368 -8.871029 -21.277560 6.445127 18.624720 -21.776980 -2.895359
-16.765130 11.894860 11.270760 3.998419 -10.287340 -3.341858 -10.419750 -19.718150 5.550148 24.882880 -32.218850 -6.609576
-7.822970 16.697190 17.706250 2.139799 -7.968811 -3.762479 -11.669300 -19.416700 -5.563571 10.109740 -17.466610 -3.376361
-6.880576 12.599380 14.850630 -2.188207 -22.886770 -8.492697 -10.384280 -16.357930 -13.151540 9.867910 -0.094149 -18.980460
-8.396121 11.452540 12.955400 -3.564962 -26.342280 -11.940280 -12.107680 -19.642360 -17.310480 4.371835 1.217595 -17.114090
-8.087258 10.087190 11.003580 -4.997733 -27.617470 -15.582280 -13.021250 -21.829930 -18.235120 0.761879 -1.064123 -15.690980
-6.802807 8.477360 10.056570 -4.068423 -29.511530 -14.404810 -16.839510 -20.533780 -12.464190 -1.584831 1.813250 -18.521420
-6.442414 7.366245 10.036490 -4.845210 -28.183730 -14.760480 -13.978330 -17.646780 -12.851710 1.595558 -3.091955 -10.026000
-5.766520 5.520784 7.742619 -7.520434 -30.719840 -17.100400 -17.674110 -19.096740 -18.603300 -2.394645 -1.134105 -15.236060
-5.822792 6.799615 8.791262 -7.688479 -28.688450 -15.703780 -12.342600 -18.245170 -18.454350 -2.162360 4.457894 -9.863376
-5.890128 6.137906 7.908771 -9.918959 -29.894090 -16.737660 -12.928220 -18.979980 -17.393660 -2.377144 3.706815 -8.915780
-5.977065 7.127368 5.734191 -8.322866 -30.724300 -14.658410 -12.025360 -16.840690 -12.143720 0.459591 1.302223 -7.008239
-7.788196 4.059474 3.323469 -11.628430 -29.778160 -16.995690 -15.851650 -18.920470 -9.173788 1.862844 -7.094726 -10.762940
-7.702524 4.185261 5.461532 -9.714470 -26.811330 -17.974340 -15.026430 -11.980000 -5.161218 1.380774 -5.900161 -10.570810
-4.516843 5.956017 6.539997 -3.178931 -23.724120 -16.583020 -8.749219 -5.175367 0.672260 7.054244 -9.872009 -5.049921
-1.511674 7.913387 2.411765 -4.772323 -23.323730 -14.594790 -7.887183 1.300877 -7.723640 6.817982 1.543089 -3.379792
-7.043701 1.909881 4.318554 -1.341907 -28.312140 -19.978470 -6.241416 5.605274 4.573281 22.399340 18.413480 -4.948368
-7.473011 3.467746 1.902963 -4.436907 -20.265050 -13.718200 -4.706749 -5.442006 5.795816 2.562880 -4.984707 1.898198
-8.632589 0.716680 -0.584444 -6.471671 -19.665800 -15.388760 -8.094661 -2.447227 7.210500 7.273801 -4.585162 0.434605
