-1.451014 10.758980 6.000929 -8.575870 0.138376 -14.370990 -36.671690 -19.066870 -15.045580 2.175007 -8.138582 -27.785130
-1.926315 11.230320 9.118543 -8.378263 -0.977070 -11.461650 -31.437270 -19.271620 -18.870020 0.716806 -1.484650 -25.877020
-3.850976 12.984430 8.698650 -4.057878 4.296101 -8.742663 -31.325390 -22.033130 -20.244970 0.773609 -0.069932 -30.690200
-4.461253 14.732590 9.166497 -2.777181 7.818828 -9.619515 -26.566120 -20.945260 -23.164010 -1.947483 -2.418159 -30.447670
-4.422798 14.415220 10.074120 -0.935852 5.508981 -13.054320 -24.762540 -17.850800 -18.600760 1.123764 -4.990205 -33.743020
-3.953650 13.538340 7.330783 -5.036925 2.026571 -13.687760 -28.935490 -21.885950 -18.481270 -3.383896 -2.475047 -38.346490
-2.458913 11.208270 7.759448 -4.512221 0.703658 -14.674450 -27.062520 -22.296640 -17.376430 -7.099428 -8.485500 -32.174440
-2.574278 11.538940 5.769930 -3.556377 2.295353 -12.864890 -25.770200 -25.851660 -18.074840 -5.368106 -4.613444 -33.690780
-1.933621 12.042460 7.820268 -5.793666 -0.079170 -12.294290 -23.972280 -21.812950 -16.276640 -9.106982 -8.960182 -31.687900
-0.884575 11.270900 6.262339 -5.967320 2.596893 -12.969150 -28.654370 -17.962380 -14.455710 -6.721261 -4.441850 -37.373410
-1.130301 12.001870 6.834281 -2.853529 3.019385 -12.149080 -24.144360 -18.246070 -19.796470 -6.602986 -0.202358 -33.359450
-2.376235 10.416420 8.822630 -4.209825 1.473048 -11.631530 -22.292620 -24.602360 -27.377210 -8.395000 -3.499948 -29.041030
-2.503136 10.526990 7.869977 -3.163411 5.409027 -9.381686 -25.678140 -22.614160 -27.457990 -10.599420 -4.352323 -23.378650
-3.571794 12.223720 8.032554 -5.242765 4.567403 -8.871119 -23.616810 -30.158030 -33.176570 -10.696680 2.571124 -23.695800
-2.083595 11.756230 5.456473 -7.937392 6.134739 -8.217669 -22.431420 -28.520590 -27.542140 -8.704693 -1.249641 -24.027120
-0.253533 11.299600 4.245335 -6.898464 4.181028 -3.569048 -27.130490 -24.866460 -29.935260 -6.893225 4.053920 -17.617030
0.519408 11.097000 0.900231 -7.658199 4.257463 -8.366138 -27.061810 -24.376240 -29.533880 -6.494049 5.083484 -12.029270
1.163525 14.214720 -1.566491 -13.194910 -1.595269 -6.363433 -19.067850 -25.148370 -32.063320 -9.349756 9.438616 -7.502652
1.831869 15.118890 -3.624431 -18.211410 -7.600872 -2.856489 -18.312990 -25.947800 -34.308340 -11.640550 14.634000 -7.742191
1.816872 16.794620 -7.053163 -18.515300 -12.344040 0.768672 -15.862190 -22.347090 -31.185670 -5.724486 10.856130 -9.689100
2.871686 15.882050 -6.807543 -21.013070 -13.762700 0.499659 -15.119380 -16.780140 -22.327590 -11.667780 6.562550 -14.997020
2.960132 17.029410 -9.677197 -20.069950 -12.548980 -3.751028 -13.182670 -11.492730 -16.067110 -9.710805 8.526556 -21.408610
3.661547 14.046760 -9.422806 -24.739140 -16.167470 -2.140672 -8.550862 -15.832340 -16.115920 -9.564518 -4.033381 -18.891580
2.938597 12.308400 -10.638620 -25.632860 -20.547780 1.058164 -8.844732 -13.730190 -14.104820 -12.759490 -9.501077 -21.699640
2.433302 13.229360 -7.779495 -28.893360 -19.435690 -0.132382 1.048401 -10.217320 -11.102480 -17.470240 -8.956451 -12.318060
0.826277 13.788170 -9.485966 -31.194270 -16.356450 -1.988945 -2.157255 -12.942630 -10.084310 -22.886740 -17.596770 -10.965150
-2.123972 15.867000 -10.482480 -32.999670 -17.105680 -0.874728 -2.503525 -18.450820 -14.286580 -29.113270 -21.166670 -14.848520
-1.797491 19.199570 -9.790650 -30.467470 -19.003960 -2.196988 2.934830 -18.360020 -9.524742 -15.373200 -14.634910 -15.252980
-3.427589 19.127140 -11.463200 -31.271370 -19.976610 -1.101388 -4.473513 -25.522270 -9.047633 -19.427210 -20.706910 -19.120680
-4.918480 21.571620 -11.967310 -33.804320 -22.122670 -1.193076 -3.475065 -28.373990 -10.377140 -18.337060 -17.805670 -22.136930
-4.347042 19.594270 -12.080760 -27.251130 -18.552070 -6.798136 -6.054743 -25.576280 -9.889095 -15.047160 -23.606290 -12.480740
-3.261080 20.288850 -12.104150 -27.159810 -14.268350 -8.157630 -0.714816 -17.702430 -5.826514 -14.597410 -25.825820 -10.321900
-2.855767 20.227260 -12.552120 -26.031810 -14.973900 -8.024054 -2.483698 -22.649180 -10.193700 -15.277490 -26.520590 -11.164390
-2.367775 20.169530 -11.512330 -22.172510 -8.926305 -6.591024 -2.254975 -18.335680 -12.949490 -20.751580 -22.946960 -10.716660
0.239842 17.875850 -7.839730 -13.016020 -6.653415 -0.169616 1.607815 -4.111478 -9.743523 -9.391775 -13.772280 -8.224255
-2.756169 15.548230 -5.229146 -12.553440 -12.951320 -3.422441 -1.088703 -5.117446 0.168065 -10.669450 -4.880161 1.734158
-4.536624 12.175080 -6.971874 -18.559460 -16.013760 -4.370968 -4.531578 -3.393947 -4.456614 -9.095310 -5.585188 -9.596568
-6.546655 11.311140 -7.877158 -17.310200 -18.476470 -4.047501 -7.856906 -6.732929 -7.763561 -11.674780 -15.909740 -8.648112
-5.856392 11.585130 -4.612173 -13.287720 -14.483380 0.102655 -0.226214 -9.159715 -12.973900 -11.788390 -8.948058 -7.430268
-7.018110 9.903447 -7.728616 -12.529490 -9.883842 2.277100 5.270916 -1.858585 -7.968036 -16.489020 -5.616896 -8.363799
-9.343470 8.737189 -5.295229 -9.573629 -5.457334 2.854687 5.166822 6.859802 -8.964328 -13.076960 -13.336760 -8.379470
-10.387520 6.947738 -3.177638 -6.437383 -4.134421 1.400248 0.273010 0.438820 -7.907451 -13.856640 -13.812380 -9.183158
-11.315050 3.799576 -11.646830 0.109064 4.759750 1.778169 -0.516543 -4.568466 -9.410303 -3.747279 -23.417910 1.118520
-12.072990 1.842516 -17.820650 5.645775 16.078000 2.103033 -4.336845 -7.782815 2.488818 4.755259 -43.350800 5.395899
-12.357550 0.332294 -12.821130 9.744602 18.107310 -3.046381 -1.324507 -4.065779 10.623240 5.538049 -46.481460 3.715394
-14.682910 3.484305 -6.046123 8.929478 14.892000 -9.233682 2.420736 5.271619 11.747430 9.678436 -23.781620 10.556810
-13.794990 6.083454 -5.529737 11.687730 17.937640 -3.943712 9.734191 -0.251411 20.836070 10.883750 -17.984720 -1.952208
-8.406327 9.995824 -4.361290 14.994630 18.951450 0.165021 -3.870903 -15.884560 7.906154 -4.586094 -18.966730 -13.397850
-3.890584 9.634715 -16.545190 4.375557 10.006040 -3.469448 3.629495 -17.189650 8.354653 -5.859101 -19.517880 -13.377710
-1.704046 6.782929 -19.457530 2.957136 6.050745 -7.607968 -0.396870 -16.435920 0.872369 -10.800950 -22.333330 -8.839147
-0.949564 3.216272 -19.644670 6.583655 1.216865 -10.379080 1.127710 -22.939990 6.020436 -16.389430 -15.659810 -16.861100
-1.071081 3.350988 -17.811300 6.573176 0.597826 -8.973046 4.147130 -28.228590 8.742567 -11.855310 -13.914960 -21.367570
-1.403715 1.703251 -15.608910 4.357593 3.970202 -11.039050 0.661768 -27.182860 8.843543 -10.540280 -15.279320 -20.661640
-1.909010 0.787880 -14.929950 2.786476 1.924098 -15.850100 0.857209 -20.285300 5.736863 -6.461368 -23.723800 -20.434040
-2.173579 3.590678 -14.766200 5.540235 2.139124 -14.782890 -1.029929 -20.890070 8.831762 -3.604882 -21.503330 -20.700440
-3.512574 8.960784 -11.962630 7.043987 0.993439 -16.899620 -5.988888 -13.717730 2.047892 4.657216 -23.997040 -14.106770
-2.656955 11.205120 -9.608775 10.773800 3.336884 -17.779740 -5.867091 -9.800092 -3.913870 11.404310 -24.730980 -9.766708
-3.672161 6.102349 -6.845556 9.249839 5.028533 -11.421620 -2.659311 8.735827 10.019070 19.834480 -4.322480 -9.140623
-8.733192 1.455163 -11.443900 1.479582 -0.177443 -3.601628 -3.154994 -2.017047 5.761266 12.295260 -1.670233 -16.291730
-9.278866 -0.038963 -9.544446 4.098609 -0.048092 -4.837785 -7.813003 -5.742392 5.867290 7.553385 -2.032073 -12.706850
-10.288690 -0.447310 -11.761450 -1.353520 2.173561 -1.288953 -1.347874 2.109498 9.318969 1.213248 -1.791468 -4.106568
-11.754580 -0.422816 -10.045630 1.131526 2.235717 -4.390515 -7.302449 -1.088233 -2.338652 -5.557190 3.473858 3.054235
-13.374680 0.702502 -11.151500 2.678691 -0.473944 -4.259267 4.683885 1.333804 3.160305 5.212017 -0.220077 -7.199684
-13.371220 -1.359532 -10.554410 0.782721 0.759935 -4.576684 -2.123973 3.844273 9.256701 17.395070 -1.368078 -7.676523
-12.460610 0.507950 -12.160880 3.546960 6.552192 0.027722 -5.158264 -1.659172 3.972316 1.549397 -6.210947 -4.471474
-14.730600 -0.587275 -8.825132 0.047687 0.647382 -1.900050 -1.374783 -0.842528 -5.113796 -1.982498 -11.714080 -6.108698
-10.772060 1.509050 -17.477960 -4.609528 8.680611 -0.765354 -7.549582 -9.768044 -9.342145 21.880170 -8.059314 -1.451489
-8.313651 3.950388 -19.394370 -7.203855 10.525130 -1.790676 -16.546240 -14.965840 -11.428130 16.882290 -13.469190 1.857286
-13.468510 1.612624 -19.703740 -4.804888 11.528860 -6.031123 -20.007520 -14.666130 -3.131310 17.342160 -17.187370 9.894161
-13.089730 4.582680 -8.176579 2.667463 13.859710 -3.879949 -17.375440 -9.677833 3.179659 7.819503 -9.563559 4.650417
-13.512350 4.016871 3.612572 15.248380 13.506930 -1.594268 -12.074460 -9.093838 13.559100 9.644977 -22.324930 1.033450
-5.487610 14.373230 1.256379 5.737093 1.291620 -9.880151 -21.295590 -15.345080 -11.188310 -4.707481 -11.220750 -12.774010
-3.963264 15.804020 -2.481131 0.662960 -1.699422 -10.207810 -27.506510 -16.788450 -13.878470 0.393108 -3.037390 -22.563030
-2.896913 12.123990 -4.044324 2.493061 -3.010576 -14.649780 -35.535160 -17.319030 -16.119280 3.064400 -10.934450 -20.551200
-3.322607 14.449860 -3.140795 0.029722 -3.060133 -7.843471 -31.473390 -19.582610 -16.288420 4.894543 -7.670429 -21.704120
-3.805215 15.788970 -2.573531 -2.313106 -4.471239 -5.976203 -33.599870 -24.639150 -23.318840 5.498365 -2.667157 -27.546340
-3.376060 15.842860 -2.123228 -0.475520 -2.787991 -7.235166 -28.457510 -20.104290 -25.309740 3.984140 0.019595 -23.060010
-2.316631 13.574380 -1.350112 4.320168 -2.228588 -10.747230 -26.304830 -19.306040 -19.288230 1.623318 -3.861788 -21.985450
-2.645034 15.238910 2.138270 5.039484 -0.819161 -9.441259 -26.873450 -13.372320 -16.998610 3.825403 -4.448378 -21.882470
-5.378399 13.346590 6.209706 4.299958 0.120737 -15.309750 -28.555940 -9.919384 -7.814890 17.111830 -7.307657 -15.556690
-7.849118 10.782080 0.326534 7.864351 5.016773 -0.672270 -18.703170 -9.630947 -6.609916 7.183777 -7.030682 -22.990610
-10.239470 5.233517 -2.551893 9.315707 3.775335 -3.175302 -16.721850 -13.067260 -7.203989 2.127541 -0.158527 -11.029330
-11.496940 7.328442 -0.579334 -0.246477 0.676780 -8.025915 -20.295020 -17.480460 -3.708553 7.635866 10.920480 4.363865
-13.751540 6.435466 -1.429646 -0.887199 -4.592191 -5.134257 -12.667870 -9.451713 -8.398865 -1.873561 7.440104 3.069906
-14.419500 8.580779 1.821304 -0.988996 -6.687852 -8.454568 -10.908190 -14.287480 -13.900350 2.251263 5.952645 -0.100817
-13.595410 7.349437 -1.912112 -0.420131 0.848969 -7.256110 -9.700140 -10.017310 -5.191210 0.454579 1.417527 0.681977
-14.548710 5.661460 4.944766 3.699655 -1.708662 -10.532210 -12.315220 -14.288070 4.966084 3.206018 -1.075250 1.148369
-12.760560 3.916797 -4.818025 4.400258 2.862316 -0.932440 -3.530298 -14.127830 3.091305 2.579630 -2.414429 -0.537360
-15.537380 3.633718 1.383867 4.543972 3.094141 -5.159856 -12.501460 -5.607670 -0.219850 4.956792 -4.449310 -2.193986
-19.995820 10.278900 2.882146 -3.008470 -6.597979 11.674870 -1.136147 -16.856700 1.071795 13.215780 -13.638920 9.411352
-21.539400 8.060109 5.261147 1.395749 -4.435122 8.945646 -3.581282 -23.504400 1.783672 19.335710 -14.618120 0.581982
-19.838540 8.338639 9.868852 0.200382 -1.579310 10.079880 1.806797 -17.471560 2.358391 19.735660 -8.959249 -1.852214
-9.593426 13.406420 18.621090 -5.052644 -17.197240 -4.571564 -10.132800 -21.617100 -17.058360 9.772589 -8.272873 -11.914350
-10.239470 10.503900 15.834480 -4.172399 -29.665370 -8.500179 -13.806520 -19.036000 -14.030770 8.572724 1.215158 -17.672250
-9.897219 9.478304 14.102280 -6.221813 -31.309140 -8.453172 -16.146860 -20.272250 -14.019830 8.350182 -0.118426 -15.946220
-9.738015 8.954835 13.218630 -9.465845 -30.597710 -9.782878 -17.020680 -20.915000 -17.482450 2.715801 2.910582 -14.503760
-9.311937 8.727042 13.185300 -9.194885 -31.682080 -12.070890 -12.941910 -21.516800 -15.854220 4.633872 1.504256 -11.555420
-7.778745 7.587378 12.736170 -10.378270 -33.216660 -12.728990 -14.044450 -21.603450 -12.472390 3.953015 1.560211 -9.767454
-7.175390 6.103749 12.182940 -10.737560 -29.099250 -14.162950 -17.164420 -19.273990 -11.123520 3.948346 4.118268 -6.684040
-7.526098 6.668158 11.670650 -10.886510 -29.355430 -14.640940 -21.401100 -19.935740 -9.527267 5.880423 -0.243392 -6.864627
-7.731446 6.491102 10.906300 -6.611037 -31.861830 -15.280890 -18.703880 -17.179560 -8.243195 10.860400 0.603388 -9.730889
-9.093129 3.389129 6.330176 -9.876776 -36.093470 -18.826000 -20.867890 -21.235480 -8.477121 2.441124 -3.803968 -9.832376
-7.929103 3.297102 9.430830 -7.387239 -29.611620 -17.611720 -18.053110 -8.546638 -1.503080 7.185333 -0.488659 -7.745923
-6.326309 5.987578 7.911498 -5.429143 -25.993970 -13.281440 -13.504860 -7.559662 -6.645257 5.685114 -2.425620 -8.251865
-8.951231 4.032268 9.014446 -6.941877 -31.425060 -14.709820 -10.160420 -3.628376 -2.816603 12.029140 -7.029749 -6.723590
-12.057610 7.995725 7.513244 -6.638731 -27.095140 -14.113620 -7.409375 -3.746481 -1.787494 15.921310 4.001696 -12.173290
-5.178050 6.596426 6.100932 -9.902973 -20.746840 -14.706560 -3.376636 4.498300 -5.531161 4.192677 -2.972110 -3.006629
