2.711595 18.305750 3.795516 0.311219 -1.365579 -10.537850 -23.993440 -11.029130 -3.427184 3.876488 -7.794574 -13.854930
3.562756 11.316140 -0.346782 1.512674 -6.067365 -12.867300 -23.894810 -17.554250 -6.366720 -3.351234 -17.158570 -17.471170
0.702811 10.519360 1.601164 4.516636 0.377493 -10.378740 -23.337640 -19.893290 -10.748090 -9.483098 -22.527160 -22.961420
1.972125 9.622392 -0.921731 1.742851 -0.931313 -13.985670 -22.731160 -20.629540 -14.501910 -8.154550 -28.018400 -21.221140
2.896463 11.588200 -2.781991 4.340276 -1.829146 -10.933920 -26.469870 -18.044130 -6.027690 -8.613432 -26.739270 -19.984410
2.301145 12.279630 -1.616553 4.144464 -1.589473 -13.998260 -24.512450 -16.256200 -11.292220 -5.914085 -23.323990 -19.154060
2.291792 11.717300 -2.537249 4.342870 -1.169483 -14.392030 -24.296980 -20.630250 -12.409570 -8.894221 -24.910860 -19.247990
2.311599 10.650440 0.283110 2.998122 -1.787823 -14.878530 -25.259250 -18.826660 -11.054980 -8.801925 -24.743070 -18.014520
2.268683 10.269870 1.087816 4.128903 -1.986924 -15.804580 -25.329700 -19.152770 -11.995540 -9.531846 -26.968010 -16.396210
2.029896 10.400160 1.548442 5.425671 -4.678167 -16.746660 -25.399570 -16.636430 -14.518750 -4.332047 -30.691790 -18.053660
0.958654 9.128962 2.749952 2.491086 -3.183032 -17.984080 -27.165590 -21.609300 -9.192226 -7.906909 -31.660160 -21.088070
0.986165 11.003680 0.873598 0.505086 0.717843 -13.279390 -29.905630 -19.018200 -14.263900 -7.915359 -29.238090 -18.049750
1.002120 10.496790 0.998466 0.897358 -2.586480 -10.863520 -28.908720 -19.102930 -16.279710 -12.152540 -27.773860 -18.837050
0.827707 8.991545 3.855453 3.551841 -4.029023 -9.944901 -22.613740 -17.769990 -17.304460 -15.057280 -20.652860 -14.362400
-0.386037 10.522130 2.378122 2.239513 -3.113910 -11.975590 -19.638270 -23.659260 -22.510060 -15.616260 -17.762770 -13.038270
-1.217941 10.778750 -0.409493 1.130776 -1.500817 -15.633450 -25.480590 -22.650300 -27.059800 -17.438140 -16.248880 -13.823620
-0.227579 9.418842 1.490725 0.507031 -1.101112 -13.096810 -23.106320 -27.272140 -25.130460 -5.191963 -13.789940 -16.057030
-0.883419 11.094760 -0.168081 -0.794275 0.157356 -9.669603 -29.135340 -30.955520 -26.216430 -4.166953 -7.656127 -17.659030
-1.356592 9.101240 0.781473 2.485250 0.303864 -8.889495 -29.152370 -31.117860 -26.384800 -4.232600 -7.505641 -10.439580
0.565811 10.151070 -3.998486 -0.364397 -0.056021 -8.816808 -31.640530 -29.774960 -22.831490 -2.400321 4.120162 -18.210860
2.048603 10.142750 -4.546241 -9.116282 -2.466269 -6.770097 -27.897710 -35.113110 -20.154450 4.451066 2.144280 -22.200860
1.144072 11.166440 -7.141837 -10.732700 -11.035120 -4.832705 -28.531790 -27.566930 -23.725360 2.664284 3.037415 -24.001810
2.679133 10.818740 -7.341626 -14.560760 -9.632399 -0.233904 -23.549000 -24.476680 -20.293740 0.537566 14.271950 -17.116330
1.968274 8.610186 -7.215648 -21.187890 -12.432580 -3.279930 -22.098260 -23.819470 -21.180730 -9.465549 8.785231 -11.545200
0.790293 7.079995 -8.087506 -26.975360 -16.860890 -1.502795 -21.730140 -24.583490 -22.546030 -12.389790 -0.093448 -15.409960
0.523996 6.783382 -7.242841 -30.792400 -18.165190 2.448110 -19.568410 -23.259810 -22.014910 -17.947070 1.090877 -13.971030
0.504739 7.266517 -6.608510 -31.693000 -16.282370 4.222383 -21.522300 -21.925450 -8.117738 -19.186570 -1.745033 -13.745340
1.218900 6.988517 -7.402673 -31.997750 -19.316970 8.549892 -18.041340 -22.879580 -7.533045 -20.503420 -2.985791 -9.777518
1.983679 6.822984 -7.618001 -30.892250 -19.589700 12.718290 -17.788290 -18.015650 -4.958560 -24.459820 -0.339493 -7.474314
1.394414 7.381361 -9.335634 -33.387880 -19.289920 16.300030 -19.740430 -16.206360 -8.403196 -21.737080 -0.729252 -14.333700
2.345161 8.221302 -9.515444 -34.263200 -21.256130 12.726300 -17.538770 -18.418660 -5.545548 -29.348930 -8.297950 -9.126542
3.302511 10.458370 -7.748419 -37.065510 -18.214780 10.996100 -19.549620 -14.945340 -1.759585 -30.962820 -7.947318 -11.840680
3.544600 10.889630 -8.038669 -33.247180 -16.392060 12.290180 -20.552400 -11.296860 -2.739941 -23.804000 -7.334086 -4.455558
3.480226 11.787790 -12.104380 -30.819630 -19.543870 10.466110 -16.916440 -17.391900 -5.568508 -20.695170 -11.343790 -3.673473
4.238403 10.710630 -8.215149 -33.443640 -19.733950 4.621309 -16.963400 -15.656670 -7.222331 -26.049660 -7.454475 -10.964020
4.994930 14.974890 -7.531981 -33.472820 -18.751970 6.390430 -15.072330 -18.025620 -15.462370 -19.603210 -6.985711 -8.509484
6.843055 19.103320 -5.772725 -25.292160 -10.924680 7.362275 -6.667867 -13.734870 -17.690170 -13.811280 -10.179780 -3.482355
1.717932 13.823290 -7.582483 -17.399380 -6.472329 8.041077 -0.203214 -0.927445 -9.665950 -5.004771 4.646863 1.186020
-3.724657 10.448470 -3.530646 -8.585255 -1.923061 7.467014 3.049955 4.991728 -6.930750 -8.038854 2.077313 -3.912860
-4.865224 3.713102 -7.386579 -6.859906 4.826084 7.901997 6.835044 -0.781477 -1.918003 3.111467 0.131528 -7.110342
-5.979382 4.792234 -10.790210 -10.739190 4.980105 6.154052 0.318725 1.775452 0.044238 -7.033992 -5.868352 -6.348477
-7.371390 8.818884 -3.091664 -4.544527 -0.906520 8.820040 2.114691 11.549600 8.146521 -1.101671 2.281975 -4.101369
-9.431343 5.961658 -4.058977 -5.013309 -3.126683 5.423166 3.106317 -0.371343 -4.600397 -2.632362 4.538514 6.592777
-8.939464 9.273505 -3.756518 -8.543758 -8.472354 -1.368866 0.343384 -0.876890 0.113116 -4.090256 6.226215 13.176250
-18.514610 9.006198 -6.125686 -12.334860 -7.915623 -17.527340 0.653377 -11.870050 11.493200 -3.555976 17.649610 18.744770
-21.399870 8.993526 4.523082 -7.973829 6.002657 -4.942024 -11.196820 -8.964219 18.978650 -5.110066 4.180357 13.508260
-24.951970 9.089360 6.412200 -9.694640 14.435520 7.555155 -7.518001 -0.242464 12.536310 -6.733704 -5.846531 12.102590
-27.979170 15.596630 0.732081 -20.477260 4.245310 1.994240 -5.902277 2.640578 1.999592 -4.225451 -5.553836 6.710187
-27.762940 14.596700 11.723820 -15.685710 1.360225 5.801486 -9.570532 -5.481641 23.093690 11.632640 -3.255913 3.941255
-27.998430 11.330790 13.964240 -19.845740 -0.982403 7.592930 -7.344803 -4.654253 16.675840 0.466069 -4.742716 16.120650
-28.521670 5.800085 5.860005 -22.093030 0.262541 3.245961 -7.638945 -8.428055 3.230968 -9.641042 -2.905281 7.933215
-27.405310 8.956300 11.036770 -13.467580 4.608200 4.789006 -5.489540 -6.995434 8.566673 -1.106221 -0.076895 5.429760
-29.213830 6.850705 13.649570 -8.818025 8.837403 17.460750 -0.065244 2.404893 17.826100 -4.038908 -8.026322 13.443030
-28.379170 7.338195 16.200210 -14.493980 9.333278 11.823710 -7.846194 5.622594 17.978390 -7.244585 -6.708065 17.485870
-19.054360 14.224050 19.699300 -8.227347 0.618668 0.838100 -16.446750 -16.202090 -0.420302 -13.623440 -19.157030 4.825748
-15.694830 16.705860 24.265040 -6.667336 -5.532423 -5.102853 -14.116510 -22.868900 -13.402930 -18.972080 -18.673210 -3.642816
-14.807360 14.885390 21.904190 -11.429070 -14.981830 -6.319661 -15.554930 -26.604250 -13.745790 -18.129710 -15.731960 -4.021139
-14.969120 14.646600 18.816890 -10.368960 -16.500250 -7.352746 -17.242870 -27.492880 -11.596050 -22.581390 -18.473070 -8.177473
-14.736930 14.601450 19.175410 -11.418690 -18.398850 -5.562447 -15.645930 -29.379780 -11.089420 -20.082890 -21.974120 -6.946619
-15.876400 14.384830 16.608670 -12.823090 -21.686640 -8.720080 -15.881360 -33.372890 -11.989420 -21.205400 -23.746100 -12.819110
-14.146570 15.693260 18.831880 -8.461413 -15.630220 -6.384908 -13.928640 -27.386070 -11.015950 -19.434220 -24.417270 -7.549979
-15.131430 18.078440 20.010080 -9.218078 -8.618862 -7.123235 -13.658570 -23.403640 -7.879728 -13.893830 -30.312560 3.680995
-18.517920 20.262040 23.404280 -8.201412 -0.359556 -5.094268 -15.472740 -24.366320 -3.604735 -15.613010 -23.851440 4.768347
-18.245010 19.782470 19.214250 -6.722448 2.634471 -1.855933 -13.489480 -22.882430 -0.670556 -1.063322 -9.537955 9.805261
-14.103650 10.597770 13.381520 -2.349100 -1.630796 -3.112805 -11.041240 -13.775460 -10.192480 -5.953734 -6.947337 -5.725549
-13.117140 11.680470 10.375240 0.813717 -3.374619 0.087755 -7.466335 -12.661830 -9.170797 -1.654150 -5.357452 -10.587000
-14.970220 12.007180 9.314694 4.126958 -0.483524 -6.969846 -14.190490 -13.662250 -7.694524 -4.210501 -11.257260 -8.137032
-16.090980 8.257735 10.896360 3.119370 -2.959888 -7.057415 -9.437845 -12.261670 -10.479470 -2.108482 2.583699 -9.754036
-17.490690 4.743525 8.546061 4.062768 0.669007 -5.746742 -3.647780 -10.223100 -8.271564 -7.914709 -1.538115 -2.363041
-18.817220 6.747741 7.614266 2.470986 -6.959939 -8.541509 -11.437540 -13.703540 -12.720280 -8.340442 -9.485285 -10.583740
-24.719780 11.665810 9.245878 3.575832 4.216760 3.640880 -15.591330 -16.946880 -8.037381 -14.308510 -12.471680 -2.726361
-19.053260 8.648994 7.125337 3.649747 1.623189 3.533851 -9.494208 -11.355240 -7.053199 -7.787313 -4.401865 -5.287868
-19.971550 6.549736 9.752566 -3.180328 0.483430 1.890645 1.610364 -1.740592 6.908257 -3.240088 -22.235970 4.756606
-18.350650 8.527815 8.316303 -11.372010 -4.575987 -2.634896 -9.205351 -13.644450 9.917437 1.485230 -17.886920 8.826839
-14.181230 14.885000 20.322530 -5.192263 -7.633125 1.659989 -5.456075 -11.931990 10.510550 4.245673 -9.910408 4.735733
-5.370859 11.217130 21.146100 -3.585567 -22.226840 -2.261154 -6.029093 -23.291850 -7.785595 0.755958 0.955440 -6.949881
-5.319690 4.076245 16.777930 -9.308851 -28.246450 -7.152425 -11.658290 -23.017000 -11.700900 2.682484 -0.873719 -11.014900
-6.178004 4.624721 16.466590 -7.982258 -29.111230 -8.559252 -11.895480 -17.068640 -12.915430 5.925209 1.925323 -11.183840
-7.518294 3.974074 12.362590 -8.129441 -32.441100 -11.137100 -15.544950 -18.461380 -12.047580 0.848904 4.707058 -11.714140
-8.070146 2.676342 13.423140 -11.098390 -34.801760 -12.361350 -17.052640 -17.658920 -11.277680 0.070234 6.123885 -12.847150
-7.560109 2.261718 12.777150 -13.223140 -34.296870 -10.409070 -13.116670 -13.390960 -8.989420 1.197291 6.846970 -12.010280
-8.179086 -1.465547 11.710500 -14.197020 -34.041420 -14.928320 -14.001440 -12.040940 -10.152680 -1.604751 3.626568 -14.003650
-7.730122 -1.994619 10.750960 -13.623850 -34.009860 -12.821510 -16.255940 -12.166970 -11.305230 -2.194279 2.435470 -15.508460
-8.318837 -1.205763 10.770380 -12.646730 -32.881370 -13.107690 -14.415350 -11.537530 -11.539420 -1.829643 -0.254468 -13.062410
-7.791194 -2.147875 9.929602 -13.798910 -32.668750 -14.805840 -15.273710 -12.113560 -12.980480 -2.881302 -2.322900 -13.639020
-7.606876 -1.015677 9.694849 -13.330780 -31.437330 -14.148210 -14.120620 -10.097780 -12.708040 -2.492617 -0.329711 -11.125130
-7.689407 -0.241870 8.758615 -13.889680 -33.273560 -17.415160 -15.881950 -7.614195 -14.368750 -4.179302 0.691337 -12.597330
-6.059161 -0.940039 11.245440 -15.420520 -30.791190 -15.424540 -12.166140 -9.445557 -9.196817 0.673411 4.414362 -12.285540
-5.927663 -2.688035 9.890754 -14.315670 -29.843020 -19.038340 -13.955650 -11.536100 -8.087891 1.185591 -2.714916 -12.079420
-6.235225 -5.690202 10.197100 -14.049190 -30.613880 -19.194020 -16.226000 -8.658755 -10.553700 -0.682437 -4.869877 -14.123010
-4.686959 -4.052693 9.755896 -14.090680 -28.343380 -17.183940 -10.201670 -7.726697 -6.601669 -0.668787 -5.141504 -9.478774
-4.594525 -3.032170 13.535240 -10.546620 -22.676140 -14.609520 -7.271415 -0.728786 -1.551422 1.763419 -6.531996 -8.752785
-5.981032 0.086028 12.944200 -6.734767 -22.032250 -15.470330 -4.502611 0.521553 0.789645 7.492949 3.763510 -1.798165
-5.758201 4.132082 7.404487 -3.555094 -21.836910 -20.047380 0.797806 4.715457 -6.121058 0.132632 -10.490530 -0.188336
