2.212738 18.086320 4.574309 0.116890 -1.165190 -6.911852 -21.615810 -17.661080 -14.196960 5.714551 1.517458 -9.364293
-0.071436 16.549940 1.444133 -0.320399 -0.100987 -10.248630 -26.192390 -23.525090 -17.941610 2.981552 -5.097980 -17.574020
-1.176016 17.137290 2.811242 -2.051990 3.480141 -5.224758 -28.039890 -23.241660 -19.062510 5.334968 -4.214152 -24.939400
-3.062270 18.856060 2.813810 -3.974306 4.415082 -8.058276 -30.917180 -21.324580 -17.386580 -0.333714 -6.776225 -23.893230
-1.536591 18.313220 3.612916 -4.528917 3.163597 -11.621060 -28.523700 -19.068440 -10.980500 -0.922426 -5.082265 -17.586800
-1.251673 16.319920 3.828099 -4.329407 0.595262 -12.910470 -32.511700 -19.951050 -14.180350 -2.314709 -2.708771 -27.491610
-1.158631 17.280150 4.795142 -2.950409 1.808556 -11.834250 -31.915460 -15.764300 -13.785000 -0.063708 -0.086006 -22.105530
-0.682158 16.545580 6.329159 -2.063910 0.907399 -12.013110 -31.937610 -18.264770 -13.747950 1.191781 -3.007354 -24.834020
-0.390480 16.676930 5.384200 -1.954744 4.655244 -9.081192 -31.095200 -24.638500 -14.722600 5.716700 0.297655 -24.550440
-0.386938 16.769690 5.670769 0.206607 2.498195 -11.189040 -23.403690 -21.379470 -16.836670 3.614668 -0.398678 -23.980090
0.581783 17.800890 5.573706 -2.896454 3.276701 -6.548501 -24.200950 -25.648160 -14.243580 6.283210 0.176271 -25.118230
-0.288102 19.467680 3.054158 -4.064650 1.757145 -6.297897 -24.476920 -25.200850 -18.240510 0.222053 -1.027817 -24.201710
-0.161579 16.668530 1.267467 -1.265873 -0.288269 -11.859360 -26.614020 -19.624770 -25.546510 -5.450926 -1.551286 -22.736560
1.055037 17.711870 0.915161 -4.742229 0.789154 -10.333700 -26.377230 -15.251570 -23.189740 -2.419989 -3.825614 -15.304120
1.476136 16.258290 -3.313529 -4.897193 2.193403 -12.825390 -25.291220 -21.807240 -20.470190 -5.253256 -3.679303 -11.229270
2.666997 15.155810 -3.024906 -5.331973 -1.240103 -4.721500 -20.601350 -26.380410 -17.176450 -5.154421 6.764072 -12.514950
3.007933 14.549480 -5.948115 -7.603117 -0.344086 -5.385678 -19.074120 -23.192800 -16.883300 -7.928960 12.192220 -8.923597
2.839879 15.850230 -7.789758 -10.154080 -2.803724 -5.867412 -19.023860 -20.215680 -20.656050 -11.304390 15.782810 -5.219831
2.816056 14.914270 -10.308790 -12.198730 -8.218013 -5.044877 -18.253010 -21.211810 -26.017230 -12.713860 18.266310 -3.284598
2.993767 16.032320 -10.858310 -16.608020 -12.300760 -2.394315 -15.537560 -22.823670 -25.027260 -10.209320 18.411540 -5.976040
2.874649 16.958000 -9.879452 -20.635220 -17.587990 -2.214946 -10.820430 -23.159720 -23.053700 -14.897540 16.082480 -7.442474
2.579429 16.779650 -14.315110 -19.765030 -17.169360 -6.957463 -11.289760 -19.027100 -25.715130 -16.175230 14.673550 -10.442400
3.277397 18.552270 -11.422200 -21.123330 -19.504880 -3.670397 -3.804373 -17.952780 -13.053060 -16.535470 9.419352 -3.102571
3.289631 19.693970 -9.737708 -22.831080 -21.515040 -2.952409 -4.054795 -15.708670 -8.761046 -12.790490 7.029058 -7.571489
2.925516 19.597790 -11.847430 -25.127310 -22.634330 -6.256386 -5.896329 -17.991120 -7.933301 -12.739640 1.516916 -16.869550
3.941884 18.076350 -10.090530 -24.200660 -24.907420 -3.346508 -4.376765 -16.159740 -6.463671 -13.669260 -3.303771 -13.651820
3.938665 18.781670 -15.277010 -24.547610 -21.262390 -3.364957 -5.235353 -19.727020 -11.034790 -11.069470 -9.229920 -15.686690
3.482474 20.332670 -13.718860 -22.262030 -19.839780 -2.416864 -2.010538 -14.616310 -14.154160 -16.207450 -3.684722 -13.858760
3.260978 22.145130 -13.067660 -20.482130 -17.639400 2.549096 -2.019056 -14.462940 -15.328080 -12.801230 -5.183058 -6.562358
2.228191 21.487130 -12.866860 -20.074330 -12.141390 -1.542055 1.856515 -14.308070 -10.447830 -19.321470 -8.609451 -6.393105
1.998647 21.508610 -8.119466 -17.399780 -10.314100 -2.848374 9.607656 -9.456729 -14.764110 -15.132450 -7.301862 -1.803475
0.935918 17.847270 -3.812200 -8.658383 -5.954470 0.765143 4.685255 -3.958843 -8.994169 -9.516047 -3.285346 -6.637723
-4.528391 15.862060 -4.864494 -6.693405 -4.827106 7.074833 5.323234 2.704328 -14.782640 -10.704930 -6.137875 -3.838343
-5.416627 13.063220 -6.429325 -10.038010 -5.460927 2.923209 -1.335933 -0.417882 -2.007516 -3.729193 -4.172426 -4.551122
-8.439978 13.244990 -0.907479 -6.286858 -8.229764 -2.106299 -1.778855 -6.318731 0.258564 3.639019 0.152970 0.885412
-7.200825 9.441094 -1.361984 -3.746564 -4.405537 -2.221608 -3.265200 4.156046 1.834856 4.288607 2.084821 11.830650
-8.081335 12.097070 -1.731237 -8.891145 -6.414229 -0.424842 4.569414 0.232422 -2.948948 3.988522 -2.615566 7.962103
-9.974671 7.611203 -5.061703 -8.551727 -11.305600 0.165538 -5.183395 -6.086426 -11.764820 -0.748391 3.443348 9.147513
-9.379402 9.549725 -3.975000 -6.274937 -4.105151 -0.836366 -1.017370 -7.135182 -12.486540 1.885058 13.809770 8.979537
-10.124050 9.202047 0.533583 -3.006247 -5.839898 -5.139174 -0.639182 -0.823100 -2.788636 8.146032 3.230926 5.137814
-11.001660 11.303360 -1.517594 -5.284919 -6.434793 -3.388531 -3.467071 1.266894 -4.012371 -7.340964 2.671149 10.497700
-7.243000 7.614627 -11.658950 -28.880980 6.539082 3.205587 3.015779 -6.309710 -8.520898 11.965500 -3.638119 10.972250
-7.144485 6.703571 -9.454220 -25.880810 12.742890 5.491261 2.423796 -7.528371 -11.929600 11.980540 -6.056048 6.806712
-10.014590 4.230929 -3.396213 -7.005217 17.340480 8.529773 0.450236 -10.170930 -4.048137 12.258420 -16.849490 -0.002368
-17.156220 2.370534 4.435647 -0.381883 23.223340 2.241094 -9.580251 -14.583980 10.639870 17.889860 -8.180814 9.055542
-15.074220 7.726680 10.670830 -1.215054 12.631260 -0.766669 -4.951713 -21.450890 -0.235145 4.880900 -17.100930 -0.644890
-6.368929 16.038230 7.046608 -10.475930 1.204847 -11.487300 -16.198530 -30.442370 -6.937581 -1.140149 -12.188120 -10.536930
-5.013235 12.042290 2.413229 -4.383990 4.742642 -17.475660 -25.786950 -35.265900 -12.350500 8.966791 -1.824943 -16.921920
-6.252708 9.865963 0.025668 -5.128699 2.764062 -25.055290 -35.609600 -32.310590 -17.940330 -4.771257 -8.499447 -25.375630
-6.286834 11.858640 1.746622 -8.261247 4.606771 -19.272940 -34.217800 -35.964310 -21.891280 3.703476 -6.562719 -26.928280
-5.699935 9.657108 4.399183 -7.787569 3.919336 -12.094590 -28.983660 -35.162900 -23.582540 -3.026606 0.041881 -22.674600
-6.032823 9.995758 4.362206 -5.377145 6.546426 -15.282750 -27.680440 -28.862850 -29.127020 -6.401316 0.750678 -14.870440
-6.076606 10.772350 2.039354 -6.782494 4.409941 -17.036980 -30.901850 -31.303180 -31.216180 -4.238408 -1.451578 -18.484160
-5.054765 12.570490 2.359818 -3.104746 7.110476 -14.893770 -30.304760 -29.622910 -27.544980 1.389451 -0.481588 -21.207530
-3.533592 14.165070 2.313084 -2.861947 3.301672 -12.461020 -16.715560 -20.915610 -26.118780 0.408264 -2.183134 -17.075840
-4.291120 13.743010 2.109199 -4.114213 7.788363 -7.401273 -17.793910 -18.815840 -19.425290 4.900238 2.314042 -14.198540
-5.902758 11.891950 0.472982 -3.070867 0.164880 -12.346730 -23.585970 -26.984110 -20.290080 -0.623773 3.700206 -7.602146
-9.215534 8.843477 2.351088 -7.324557 5.394090 3.547413 -13.650880 -17.639280 -13.083080 -4.305730 -5.860967 -14.619440
-10.600850 10.414710 5.817648 5.440903 1.354673 -4.960829 -12.041880 -15.943230 -10.046730 -10.755060 -12.028260 -16.789070
-9.838812 10.048670 3.158412 6.523148 2.559888 -11.326380 -21.665220 -10.922730 -12.888910 -5.174474 -2.910356 -18.866730
-11.596290 12.065320 3.023858 -0.861207 -0.908136 -10.842600 -19.000020 -5.415823 -12.568290 -5.340631 -2.627487 -15.792080
-13.209220 8.232476 1.052283 -2.409601 4.116900 -6.139540 -13.040160 -4.253547 -6.801539 -8.607196 1.254097 -5.033972
-12.386010 6.787611 2.279702 -0.501714 -0.026808 -5.675743 -10.356220 -2.983011 -4.254435 -3.889621 0.083607 -14.106570
-12.241140 8.041363 0.985520 2.109474 2.042842 -3.957388 -12.640670 -6.157846 -8.480022 3.754326 0.453721 -8.496313
-14.983110 10.230450 5.306139 2.533588 -4.116168 -6.782194 -11.098110 -5.683463 -1.918099 2.205197 -1.808144 -0.144157
-9.365559 4.110161 -16.230710 -14.354440 -4.416553 5.587608 16.521500 6.279119 -9.046542 -5.289066 -6.008362 -1.682762
-6.829627 10.138320 -19.903200 -24.291630 3.678439 7.151194 17.273620 5.729556 -4.322136 -4.995426 -10.519630 2.271371
-3.229358 14.085700 -22.985110 -23.173630 7.985193 6.379907 20.210540 13.303900 1.398629 2.974390 -9.440717 -3.844730
-0.294219 16.969830 -15.234390 -19.662770 3.615278 1.113631 17.489970 -3.361164 -10.693730 -6.961380 -7.506156 -9.720683
3.231360 21.365120 -6.565420 -24.900830 -10.187050 -6.916977 -1.716676 -7.799018 -15.119870 -11.641000 0.170852 -8.587008
0.604641 22.768590 -10.589710 -28.715350 -16.310070 -5.705979 -4.133158 -16.912290 -17.345710 -14.882490 0.538798 -10.293590
-0.727874 22.460750 -9.234414 -31.365430 -19.867690 -4.667689 -1.670680 -22.433490 -11.829960 -14.277310 -1.411478 -12.181560
-1.312841 20.630860 -8.536994 -31.401190 -21.937340 -4.299214 -3.636574 -20.716380 -7.238405 -16.810490 -7.561429 -11.167960
-1.627700 19.952930 -8.498990 -32.252560 -24.233940 -4.078333 -4.227705 -19.357130 -5.179261 -22.209170 -10.056850 -6.502321
-0.733669 21.545020 -7.367608 -32.426350 -23.143290 1.235090 -2.415982 -19.178960 -3.551235 -21.070420 -8.546050 -3.457683
-0.611009 18.600200 -9.705867 -33.452120 -24.818550 -2.453763 -7.665463 -22.674060 -5.546509 -29.045250 -8.165641 -6.453142
-0.341544 21.913560 -10.093610 -34.592090 -22.400780 -2.143710 -5.949140 -24.509190 -2.256606 -20.848400 -7.512117 -4.629681
-0.020247 20.427920 -10.312900 -32.010390 -20.898850 -3.925101 -7.503626 -21.522310 -0.642631 -16.662240 -6.713366 0.306120
0.388940 20.285360 -12.299370 -32.782700 -19.700980 -1.864920 -6.059870 -19.237600 3.203573 -15.311500 -6.664595 0.011045
2.521157 18.074490 -8.921654 -30.113790 -21.996100 -2.282593 -5.844371 -8.498940 -4.999150 -19.363010 -4.771760 -1.595262
1.770390 20.714280 -8.889299 -26.574070 -17.168630 -7.268540 7.495257 -17.039350 2.251283 -15.384550 -8.509201 0.550738
0.283022 16.285370 -7.176048 -24.777860 -16.047870 -6.780144 5.484219 -1.100513 7.345491 -7.329504 -5.503859 1.586694
-2.450582 17.012470 -6.601369 -20.826570 -16.512040 -1.794709 6.138381 6.900855 2.887420 -1.753212 -0.550951 -5.100396
-2.305064 17.918230 -10.674960 -25.720200 -18.984160 -12.819240 10.309520 -16.749900 7.204979 -0.797808 -7.363096 14.364340
-5.863803 13.438910 -9.995517 -28.642570 -21.086130 -14.279820 4.294291 -2.359772 3.958507 2.220237 -1.082548 11.419970
