1.793779 12.695420 1.943151 -2.217702 -0.585932 -9.562417 -23.485290 -11.985240 -7.290510 7.732031 -5.954037 -6.216453
-1.203023 15.086530 2.598227 -0.057595 -2.175751 -11.960910 -32.542550 -13.413550 -10.543600 8.981545 -12.435430 -18.420820
-2.728615 15.597630 3.523721 -2.388683 -0.938055 -13.615950 -25.625390 -19.011190 -18.758510 1.510690 -10.282210 -17.838540
-1.709838 14.325520 3.109966 4.555802 1.201297 -16.839330 -30.387060 -15.044250 -16.683350 5.682413 -7.262064 -14.927620
-2.246578 14.697020 4.656734 5.732129 0.233099 -12.724620 -34.429390 -15.730890 -14.101400 1.842744 -9.340105 -14.352700
-0.942697 15.502420 4.184788 3.663416 0.412765 -9.833868 -27.349390 -13.494170 -12.527810 -2.036274 -2.580304 -10.341530
-1.788675 13.032820 3.013694 1.392916 -0.307007 -11.999400 -29.550390 -19.365350 -14.678340 -5.301581 -7.014202 -18.306920
-0.696530 14.006440 2.620477 5.978587 5.676857 -12.289890 -30.352440 -16.463670 -19.788950 -2.364876 -1.990018 -9.114119
-1.890038 12.773570 5.803011 6.303091 7.791255 -16.358420 -29.940840 -12.792520 -17.975620 0.435141 -8.870812 -14.275130
-1.556989 13.322950 3.609296 3.438010 6.235262 -16.480370 -32.852850 -11.812880 -17.194020 5.103218 -0.878753 -14.809790
-0.961039 14.566430 4.167673 2.549218 1.352128 -12.453170 -29.338820 -10.348420 -14.150130 -0.925518 -7.691416 -7.191015
-1.020892 14.332270 -0.719515 -1.243677 0.001308 -12.115680 -33.996630 -16.476460 -16.278580 -3.997529 -8.557168 -13.111540
-0.299767 15.164370 1.546083 -2.080096 3.778168 -12.254650 -32.834900 -17.089710 -13.286020 -0.794354 -7.394217 -12.973090
1.289217 15.816990 -0.092251 -5.328216 5.868168 -9.511368 -29.812610 -25.080850 -7.956461 4.001436 -1.173603 -18.666300
0.634703 13.338060 -0.675444 -2.047749 -2.870015 -14.917300 -25.859400 -23.353410 -14.602980 4.952034 -2.204400 -21.646450
1.081665 13.111300 -4.784328 -6.311996 -6.433383 -12.511110 -22.962770 -27.276420 -17.464940 -5.331265 4.536605 -17.866030
1.600385 14.496630 -5.752608 -6.534836 -4.818611 -10.957760 -20.632900 -26.375170 -14.106600 -5.646060 13.264030 -19.037960
3.599648 15.856550 -7.826519 -8.009480 0.715535 -5.278756 -19.121110 -24.767830 -15.499580 -2.896438 16.759930 -16.765780
3.348654 15.121590 -5.788978 -13.214890 -7.526349 -6.972692 -13.776010 -23.191060 -26.468610 -15.111310 16.680640 -2.619654
3.804305 12.757490 -7.849624 -14.561170 -11.933150 -6.638847 -13.777290 -24.329710 -22.839980 -16.426400 12.966830 -4.942402
3.987401 12.716640 -9.056659 -13.785850 -14.327580 -6.614133 -13.854870 -22.756280 -21.148140 -12.552220 13.642280 -10.039590
4.693724 15.182060 -10.313330 -19.138110 -15.743830 -1.977990 -11.825050 -21.889510 -23.685250 -9.908908 12.402380 -14.815680
4.038887 15.536510 -8.142718 -22.581860 -18.111650 -2.567485 -8.509118 -17.051350 -22.515780 -9.163341 6.847824 -12.516990
3.877350 14.400140 -7.747789 -22.830370 -19.415890 -4.607420 -9.896525 -15.779260 -13.522510 -13.224610 3.447073 -17.475230
4.791547 15.334840 -10.463510 -23.534320 -20.959130 -3.154549 -9.570189 -13.353510 -8.124086 -15.613870 -3.984068 -8.172451
4.121586 14.816030 -11.160520 -26.176050 -22.290540 -0.582245 -8.431541 -13.229520 -15.472940 -15.759540 0.337647 -19.140080
3.219618 16.177230 -10.400190 -23.332530 -22.123630 0.563522 -9.536851 -5.922803 -9.144129 -16.136460 -4.989610 -17.901380
3.761507 15.120630 -11.273910 -20.793490 -25.139680 -6.464227 -1.872133 -9.878618 -12.911790 -13.295710 -8.362168 -17.922490
4.050793 15.693160 -11.795490 -20.181460 -18.966170 -3.586035 -5.963830 -6.994181 -7.120936 -11.023810 -7.089383 -13.391390
3.826186 17.433260 -12.544700 -23.164630 -19.033270 -7.741263 -7.318539 -7.061455 -8.742608 -15.571070 -8.703418 -11.314620
3.763438 18.637180 -10.596150 -18.598470 -18.778740 -3.287033 -6.164504 -6.944699 -6.408206 -17.894760 -5.266839 -9.180399
3.415908 19.235440 -9.558984 -18.175380 -15.154380 -0.918520 -2.908200 -9.600627 -11.463590 -13.372340 -4.901507 -3.805822
2.812557 17.162430 -8.190640 -12.070400 -10.765880 -0.219230 -5.889458 -3.816741 -12.440750 -15.832020 -0.608573 1.623743
2.181854 14.305900 -4.782616 -6.168229 -8.802308 -4.633350 -10.133740 -2.160470 -10.316200 -11.424200 -7.092319 -0.480036
-1.864617 10.038620 -5.311470 -1.980486 -4.112147 -3.297972 -6.509432 -2.598584 -6.493968 -3.189832 -1.267578 1.227044
-5.700640 6.066615 -7.291675 -9.787063 0.242526 2.730675 -4.990593 -2.859895 -7.774543 -1.250668 -3.155318 -5.094601
-6.043987 6.310744 -4.328213 -5.388803 -6.713972 -0.868687 -10.690250 -2.712004 -10.453940 -3.617152 4.060265 0.886807
-5.342169 8.003244 -2.799415 -7.002080 1.211833 -0.846809 -8.478986 -5.774911 -5.095795 -8.189272 2.909648 8.821267
-7.282223 6.936024 -4.689339 -7.752239 -3.620285 -7.404988 -21.103490 -4.018563 -7.365876 -1.140904 -4.166146 8.558601
-8.924623 7.367994 -3.324418 -3.083388 -7.943351 -8.337646 -7.994932 -5.677059 0.201928 0.549047 1.190477 7.610551
-8.908534 4.440052 -7.685748 -3.546525 -0.181684 -9.316085 -9.177176 -4.636816 0.338367 0.995697 6.728005 9.094733
-10.844730 3.898400 -7.125231 -7.081152 -4.790884 -10.663210 -4.332152 1.056445 3.143808 6.592971 3.595085 8.911113
-10.168330 5.102320 -7.488925 -10.363670 -3.067980 1.349110 -5.549659 -2.073736 1.155700 4.495719 6.373833 7.763240
-8.763409 0.834401 -11.942680 -6.890660 -0.896465 -1.025885 -2.197186 -0.277913 2.887823 5.240595 2.642992 1.347821
-7.820894 0.598956 -16.322400 -9.321872 6.222508 -1.966241 -6.315169 1.039209 8.145913 9.991512 -19.261610 1.235391
-10.304120 6.451947 -10.299210 -3.009451 3.853029 -9.270303 -15.381400 -3.545978 1.829448 16.464140 -21.731410 3.457491
-11.194830 7.080121 -8.015211 -3.528554 5.703474 -3.747285 -10.440850 -11.181280 2.679266 24.702650 -7.781868 5.026119
-14.664660 7.185299 -2.115243 2.958442 11.200470 -7.904539 -8.909825 -1.277014 16.109390 11.626240 -10.944150 8.537490
-4.523221 13.077210 5.174035 6.161377 1.229578 -11.164790 -19.498100 -20.922650 0.066139 -4.873570 -16.260840 -7.919605
-4.624584 13.471550 -1.222268 2.095837 -7.327275 -17.954310 -32.723340 -26.875000 -12.130190 -2.715569 -5.610438 -22.370130
-8.587070 12.676120 0.249194 5.133953 -2.337672 -15.097190 -24.522640 -27.932480 -22.498240 -7.726744 -10.087800 -19.960970
-6.305921 11.378600 2.679096 5.033829 -4.897907 -14.771040 -25.965830 -23.414570 -17.948980 -9.081881 -6.617154 -16.256160
-5.809404 10.703780 0.303106 3.692683 -7.916179 -12.404960 -26.417180 -21.007720 -12.074960 -11.123210 -11.334160 -19.286390
-6.023392 11.958850 -0.472203 3.861097 -6.852603 -14.525110 -24.711770 -19.659460 -13.033280 -15.004990 -11.046350 -20.262430
-6.345823 10.656180 -0.675444 6.104897 -6.235418 -14.452180 -24.438650 -21.545350 -18.646110 -15.495830 -12.821320 -17.943610
-6.174954 12.448710 0.710871 5.450242 -2.265029 -9.915303 -20.843190 -20.643550 -21.767960 -16.466440 -10.736820 -17.968150
-5.285856 13.091040 0.675785 2.138454 1.797965 -7.404583 -21.107980 -22.448270 -18.441460 -9.701116 -14.080010 -18.861710
-2.794903 12.575760 -1.433639 3.032893 2.373560 -3.985919 -18.423560 -14.236410 -12.224400 -2.382825 -6.187215 -23.080060
-1.494562 12.650380 -0.159427 0.005560 2.742318 -6.979579 -25.624740 -18.630890 -12.411510 11.242410 6.544752 -4.759273
-6.078418 7.285331 0.804148 3.480626 -2.301628 -13.470100 -20.082810 -15.937160 -6.487471 6.461806 5.515129 -4.148024
-7.502004 6.522065 -0.281371 -1.353043 -3.690155 -9.433578 -14.283140 -14.260870 -14.387930 9.464784 1.597510 -11.663690
-7.299278 8.273106 -1.423370 -2.112957 -0.091297 -6.188725 -10.218370 -10.276700 -11.059470 0.683664 -3.109505 -9.336034
-9.453642 5.083344 -3.607243 0.150868 7.005496 -1.099623 -9.754194 -11.276360 -10.428600 -1.307966 0.951426 -4.904107
-13.111070 1.825392 -0.979663 4.762724 4.259495 8.596856 -2.633796 -0.033281 -2.317641 -5.331265 -1.052609 -6.190922
-13.474050 0.876215 -2.671481 1.396511 0.324596 -5.074965 -7.921843 -1.271454 -3.473473 -2.507776 0.186111 1.400354
-10.861460 2.712491 -5.199794 -1.415685 -2.124735 -4.843218 -6.663944 -2.055945 -4.343432 -0.436067 7.112719 3.416250
-6.153072 2.291779 -22.237350 -12.481680 -1.929543 4.612196 7.586469 8.503274 -2.539192 7.763096 -11.641930 -2.699681
-3.545310 9.007102 -17.431030 -13.859280 1.471905 -2.554925 0.665462 -1.146914 -15.555450 0.971535 -9.955647 -6.640154
-4.022521 10.693490 -12.029110 -12.173600 4.237868 4.299419 2.558080 -1.826880 -16.758060 4.350057 -5.249805 1.422448
-0.414001 16.064330 -7.159889 -12.059100 1.584473 4.630023 -3.749364 -2.954968 -16.929580 3.278650 -8.831460 0.285376
6.423329 21.677700 -6.926697 -16.783410 -10.741480 1.550065 -2.270916 -8.172864 -19.758420 -11.329630 -4.506221 0.370804
4.229385 20.564160 -11.733450 -22.719980 -20.541570 5.290013 -4.440503 -13.406330 -15.062320 -9.374584 -4.996071 -5.069071
3.980000 17.884530 -7.848768 -23.276050 -17.340860 5.296901 -9.574037 -8.170084 -9.705477 -11.121830 -11.431650 -4.463222
3.200310 19.086520 -8.327132 -22.618310 -19.975400 4.658788 -7.901968 -7.669700 -6.953311 -13.458630 -13.781640 -2.055537
5.326035 16.528470 -6.333235 -25.301120 -20.882050 5.935824 -9.917683 -3.788386 -11.513620 -10.796680 -9.203253 -7.243057
6.275950 14.155690 -6.510375 -24.823610 -21.635090 2.643972 -9.775352 -5.812162 -9.492373 -10.890570 -13.078580 -5.726962
5.006823 15.473150 -5.580175 -27.314380 -20.928630 7.989940 -7.357648 -11.917960 -8.540549 -11.313750 -6.329353 -12.261690
4.511592 15.064020 -6.459458 -27.345700 -17.364710 6.019285 -7.033877 -11.696680 -10.138830 -16.433310 -7.552214 -5.397035
3.378902 14.755880 -6.607502 -26.328540 -19.019410 5.578076 -3.224919 -15.893790 -10.663800 -16.763980 -7.465874 -9.080242
2.806443 16.684470 -9.667665 -26.313140 -15.510930 6.706421 -7.217881 -14.156900 -11.427850 -16.492680 -10.465470 -3.322223
0.424254 17.262790 -9.396392 -24.482160 -17.801670 2.842901 -8.435389 -8.340215 -9.008339 -20.538070 -11.433420 3.605271
1.866503 14.347070 -10.973540 -22.666580 -17.720160 0.501129 -5.323340 -12.237650 -5.805926 -17.331440 -17.523050 4.543993
3.040382 13.023820 -8.649322 -19.724480 -14.718520 -5.198535 -0.206475 -9.363222 -11.453190 -14.046800 -13.973110 -1.510077
2.506537 12.782900 -6.057683 -19.645410 -16.276180 3.417406 3.363341 1.815917 -3.243476 -7.507906 -3.133587 6.985064
1.535384 15.178520 -9.018579 -17.583370 -11.538330 3.784472 0.694313 2.613752 -2.183801 -7.548636 1.840086 3.325913
1.265727 12.642990 -11.674830 -20.627130 -12.927410 2.455172 -0.670013 3.919755 0.103822 -13.538710 -7.207440 6.149444
