4.154859 -4.370452 -11.508170 -16.993430 2.944695 22.166300 -15.158250 -7.716510 7.406533 -13.626310 -14.657660 -19.096570
4.231761 -12.587950 -12.914500 -19.467210 -2.266040 22.347910 -22.484750 -9.850906 -3.106489 -13.317990 -21.019020 -24.491040
2.534709 -12.313520 -10.525330 -17.188150 -1.755938 19.506730 -18.896870 -17.346740 -1.602069 -21.911870 -17.841960 -26.773310
1.639261 -9.071939 -10.447690 -17.086810 -1.988472 15.790720 -17.350520 -23.780970 0.792261 -22.158660 -17.456790 -24.154510
0.301301 -7.232296 -12.880970 -15.174020 0.656196 16.176110 -17.560430 -17.709800 -1.665777 -19.156540 -17.230020 -21.351020
0.064079 -7.426950 -14.624320 -16.115180 -0.866740 15.101200 -19.179720 -19.183610 -1.050604 -23.854090 -18.334880 -22.408650
0.861120 -7.459924 -13.264760 -16.545030 -1.006752 15.448420 -16.256410 -20.172760 2.548856 -26.941510 -14.984130 -24.609110
-0.076690 -8.819314 -15.053100 -18.157800 -3.162607 13.981960 -17.428330 -23.183340 -0.394286 -29.835260 -16.282780 -28.272890
1.274955 -7.578525 -15.531290 -15.370060 -3.332914 16.953050 -16.119450 -19.913190 2.777804 -25.827070 -15.992490 -22.218040
-0.719928 -6.229241 -15.602750 -16.572850 -3.897055 13.033260 -15.505120 -21.937200 3.394304 -29.882800 -14.747720 -24.507060
-0.840494 -8.248647 -15.952130 -18.890330 -5.704928 9.000195 -19.558200 -23.041910 -0.017352 -30.911950 -19.730020 -29.288360
-0.155547 -7.680639 -13.143890 -17.953140 -1.710905 10.993640 -14.560950 -17.858130 4.698312 -24.438570 -16.915620 -22.257680
-0.905013 -6.763211 -13.501200 -19.153930 -3.083185 7.634703 -14.233520 -18.543720 1.753843 -21.467210 -19.061000 -20.365070
-2.407855 -6.627591 -13.565610 -18.776410 -6.346035 6.316615 -17.166550 -20.064100 2.619863 -19.748010 -24.255590 -21.062570
-3.013945 -7.241337 -10.096550 -18.086930 -5.701653 2.136411 -17.925140 -13.852360 3.780529 -19.580220 -23.550380 -20.903160
-2.475633 -7.697126 -8.663754 -18.261780 -6.967491 -3.100233 -19.385570 -9.092873 5.542433 -20.018580 -28.990230 -20.717610
-3.255078 -7.564697 -7.580336 -14.200390 -11.087610 -7.565478 -21.702660 -8.106307 6.448934 -13.208220 -31.939730 -23.166040
-4.244372 -5.290539 -6.658371 -13.073780 -14.321800 -12.547250 -22.637920 -2.471500 0.499606 -10.531200 -18.849520 -22.229850
-5.014693 -2.403699 -2.450858 -13.277770 -18.710480 -14.667510 -21.124800 4.318899 -1.185318 -11.530280 -13.514200 -15.980170
-5.675527 -0.452901 5.457748 -13.119480 -25.818330 -17.997520 -21.658080 1.905953 -3.760816 -10.840920 -4.909350 -18.319790
-5.138518 0.820862 10.791910 -13.075760 -27.272490 -16.689280 -25.469640 -5.103492 -6.895743 -2.642760 -7.369143 -16.452480
-5.507386 1.997297 12.706420 -17.188150 -26.836080 -12.219730 -27.473890 -15.058830 -8.705427 -0.668377 -12.509860 -27.884080
-7.541371 0.236899 13.991000 -15.442920 -21.654000 -7.212100 -30.832410 -30.453220 -12.993720 -2.384776 -11.891490 -23.971490
-6.514928 1.900502 14.815030 -14.191780 -19.183730 -4.883130 -29.445720 -26.404340 -7.423983 -5.173661 -11.534470 -20.360010
-5.977920 2.973228 13.226960 -15.842960 -16.415430 -4.852347 -24.024600 -29.210530 -13.013630 -10.952090 -7.620028 -14.731080
-6.907258 4.562373 16.716310 -11.822640 -15.155320 -6.519504 -26.246060 -33.345650 -9.814332 -16.727710 -9.290981 -8.371754
-6.700014 6.359469 12.322640 -16.270830 -14.600190 -3.268919 -24.536000 -34.222700 -7.116064 -16.631230 -13.791620 -13.201130
-6.288785 5.401620 9.391760 -12.943960 -14.467540 -5.839836 -26.031290 -31.315610 -7.540115 -11.931590 -19.234690 -13.965260
-6.692194 6.039832 13.814540 -14.196420 -13.505470 -7.774181 -28.040400 -34.502110 -11.880840 -14.263230 -17.740640 -17.832300
-6.854469 8.071469 13.420170 -13.883140 -14.596090 -6.601384 -24.805880 -33.017090 -10.694950 -9.788011 -15.367690 -15.789560
-7.841157 8.923481 15.949620 -15.873430 -22.447400 -14.179930 -25.445330 -26.823460 -11.120330 -19.066350 -24.553920 -15.909320
-6.561852 9.878139 14.142750 -17.684890 -17.221110 -11.567760 -18.826360 -28.523210 -6.804164 -18.765020 -13.662160 -13.837900
-6.383283 10.983310 15.851690 -14.300410 -14.241560 -3.307088 -16.450920 -33.659560 -11.886810 -12.689460 -14.462260 -8.451878
-7.690612 11.450260 18.680230 -11.188800 -12.538490 -6.896892 -18.729100 -32.293550 -14.438420 -16.508880 -17.172130 -5.995020
-7.804662 9.623918 16.411050 -11.319940 -13.186150 -2.753627 -24.053780 -40.334400 -18.947030 -14.684810 -23.025290 -9.597231
-7.565484 10.357330 17.093030 -10.676820 -10.339240 1.538624 -22.544720 -39.632420 -21.662550 -21.855930 -18.946010 -4.674238
-7.830078 11.708740 16.373110 -14.173900 -13.091990 -5.192182 -24.517360 -38.229320 -24.322990 -22.747340 -20.078210 -5.032688
-7.723198 12.066140 17.739730 -10.681450 -9.809486 -0.542859 -21.141010 -39.350420 -17.501010 -22.820750 -21.050380 -4.837016
-6.602258 11.468880 19.114300 -8.184483 -11.551860 -3.310782 -23.594250 -38.119800 -17.215650 -19.195690 -19.108440 -0.059089
-7.849629 14.564200 14.605940 -9.234270 -15.438620 -4.830800 -20.867890 -39.351280 -18.760560 -19.948670 -20.431210 -3.958181
-7.171200 13.587740 15.506730 -6.867777 -21.606510 -5.040734 -18.537030 -35.925040 -19.333260 -23.705170 -24.120500 -1.190104
-6.093272 13.347350 18.285850 -8.803758 -23.213780 -1.137569 -16.694060 -39.838530 -21.159530 -16.111070 -18.801270 -2.333771
-6.232738 13.777070 19.898630 -5.821301 -23.131900 -7.000936 -12.087440 -35.398120 -14.097980 -14.419840 -22.645750 -8.893826
-5.209554 13.140460 19.234290 -4.754293 -24.635190 -10.856700 -7.749089 -34.864310 -19.598040 -6.778196 -21.767650 -12.571100
-4.533731 10.360520 13.205780 -5.700096 -24.155380 -17.236590 -12.126350 -37.575640 -18.739320 -3.954354 -19.510500 -20.890510
-1.321456 8.783074 9.662615 -4.305898 -21.924200 -14.772790 -15.658300 -29.646890 -16.771690 0.073414 -15.835690 -22.261900
-0.324340 8.363983 3.200919 -6.220022 -16.052710 -11.436630 -23.228740 -27.955760 -10.310720 8.409307 -20.608120 -22.315880
1.269090 8.148055 -3.920708 -7.334718 -12.292040 -8.114631 -29.076160 -30.509280 -2.867587 11.784770 -20.575950 -27.831790
3.004592 6.911521 -8.604643 -12.100160 -9.921660 -7.366011 -30.331550 -33.303400 -4.254547 8.482718 -17.903070 -26.296780
3.807498 8.268251 -12.482190 -16.577480 -5.939100 -3.207354 -30.759470 -32.415140 -6.573889 8.048549 -14.311080 -17.147450
5.707232 7.920958 -11.300840 -18.965170 -8.591956 2.721886 -24.689990 -28.492160 -8.398172 2.708488 -3.799669 -12.020350
6.101515 9.233013 -13.940570 -23.092130 -9.209319 2.725580 -20.544520 -30.605000 -9.341172 -2.994429 -4.652033 -11.219110
6.912242 10.065350 -14.909300 -25.572540 -12.530300 6.540093 -22.197840 -25.988670 -13.058760 -4.923368 -5.297739 -11.380200
6.155607 11.076910 -14.846650 -26.580600 -15.759580 3.562852 -22.867280 -20.977370 -12.982440 -9.313292 -6.690469 -13.892730
5.327936 12.303340 -14.514040 -25.029430 -16.911610 1.600188 -20.603680 -17.820180 -10.000810 -11.640740 -5.259945 -13.006300
5.674646 11.213060 -12.749520 -25.651360 -19.163260 3.112818 -19.465810 -16.519710 -11.123650 -10.195610 -6.052000 -11.940230
5.391152 9.690397 -12.745100 -31.176490 -18.699830 -0.286137 -22.010630 -17.512310 -13.164930 -14.770110 -14.885220 -11.430810
6.970244 10.798230 -11.236430 -27.253530 -18.749780 6.428662 -17.241920 -12.858030 -10.809760 -12.449650 -5.000216 -7.395083
6.441056 9.036763 -12.692170 -28.470880 -19.726590 2.828392 -20.129570 -14.289590 -15.788210 -14.686910 -6.479790 -8.707432
6.141270 9.669124 -12.017240 -26.167970 -19.705300 5.246015 -21.680770 -13.082250 -14.450360 -12.107070 -1.487834 -9.766757
5.220404 6.581247 -11.462290 -27.091920 -17.650970 -1.666404 -20.422140 -18.780010 -18.742640 -9.698521 -2.148014 -10.795720
4.728364 7.638018 -12.379850 -24.991680 -9.798842 1.142766 -23.800110 -21.136040 -11.293530 -4.340281 0.000586 -4.134454
3.824443 4.127858 -13.280640 -21.872120 -10.082140 -0.731245 -34.224160 -22.715930 -13.403840 0.627835 -1.092209 -16.836230
2.352883 4.441113 -9.587484 -15.710500 -8.502709 -6.223996 -38.603030 -18.818820 -2.547724 2.992340 -6.782138 -24.994550
-0.001744 2.239817 -4.631813 -11.531220 -10.862440 -14.234100 -42.772000 -17.776200 2.857438 -1.620612 -18.758650 -29.165220
-1.700750 2.855691 0.580598 -4.105213 -13.588990 -16.799480 -39.693090 -11.182430 -0.994860 -3.794250 -27.427030 -17.598680
-4.667332 3.236490 11.990910 -2.527551 -18.246230 -17.543790 -30.523630 -20.668630 -7.062311 -1.611523 -28.422520 -26.573420
-7.168593 6.765796 19.535140 -4.169459 -21.541010 -9.182768 -25.302690 -31.870980 -14.508760 -2.139376 -21.444400 -33.538310
-8.091413 8.153905 19.293400 -8.542139 -23.895830 -4.969319 -22.956430 -36.641680 -17.985450 -7.540962 -19.976080 -22.725770
-7.128187 8.690534 18.437600 -12.410130 -21.476320 -2.298668 -24.022170 -37.622210 -14.820000 -3.861368 -17.940060 -19.756120
-6.598999 11.381660 19.254580 -12.363760 -17.569090 -1.133259 -23.368950 -32.703180 -4.453632 -5.559588 -17.120660 -18.173040
-7.633914 12.538950 15.100000 -16.756980 -18.922540 1.180321 -26.609950 -41.345110 -10.180650 -12.015480 -16.120340 -18.752460
-7.171200 13.436700 17.238610 -17.067610 -17.935910 3.800489 -17.326210 -43.119900 -15.589130 -8.914081 -1.639008 -14.844090
-7.159469 11.737990 18.164100 -18.780380 -18.825110 -0.384024 -18.165840 -39.044280 -20.020100 -12.867740 -7.284711 -16.769600
-7.914149 12.462360 17.400060 -18.202170 -15.754670 0.197757 -20.667710 -36.580450 -16.148560 -17.346460 -9.750133 -15.642810
-7.757087 15.098700 19.566900 -18.965830 -14.714000 3.946396 -17.020670 -38.710530 -12.486720 -13.195640 -9.754153 -17.148290
-10.386730 14.625360 17.734440 -18.022680 -16.805170 3.785098 -19.640870 -37.002160 -20.109020 -16.386530 -12.823470 -7.548584
-11.115350 13.720700 18.481720 -19.253280 -19.277070 5.971240 -18.442210 -36.044050 -20.353240 -15.143450 -6.897931 -2.004840
-11.011720 13.576040 17.989410 -21.365440 -20.282540 0.892816 -23.673680 -33.123160 -19.504470 -13.480890 -5.332315 -6.975908
-6.980249 14.718440 21.650810 -16.445020 -17.302990 -0.431428 -19.447980 -23.383410 -24.635560 -4.137529 -5.389408 -5.327881
-10.350240 14.593450 18.937850 -14.526260 -15.161050 -6.636476 -13.037290 -25.937790 -11.890790 1.907968 -3.461136 -4.985456
-10.782320 15.004570 17.955890 -12.940650 -19.019980 -4.953928 -4.962751 -32.807530 -11.529780 -0.605455 -11.006160 -3.088624
-10.391950 7.671524 16.630730 -11.839860 -15.554070 -10.186260 -14.374540 -23.555030 -11.635960 7.387159 3.770285 6.145046
-11.923470 7.781084 6.104447 -1.685072 -8.984154 -9.151986 -21.220440 -18.709300 -6.962769 5.567986 3.927891 -1.324207
-11.326500 7.533245 2.939770 -2.915675 -5.860497 -9.640805 -21.324170 -19.388860 -13.305620 -3.422305 -4.565188 -5.196309
-12.719200 7.076392 7.016707 -1.687721 -4.819005 -12.596500 -9.284087 -18.422990 -16.339680 -0.636217 -0.219742 6.424215
-12.757000 9.008044 6.096507 -1.795681 -4.005953 -9.380388 -12.585870 -19.644980 -16.806200 -9.455917 -2.724566 13.346940
-13.831670 8.523536 6.948773 -1.118120 -4.977849 0.049388 -18.153680 -13.107260 -4.490131 -4.216533 -10.107160 -0.017762
-15.550230 4.638427 11.510070 -7.226096 -11.249730 5.476881 -16.579780 -16.016080 -4.129123 -10.097730 -9.171168 -1.513974
-15.854580 6.207894 8.796232 -2.331503 -8.690210 -3.547188 -13.744820 -12.992570 -3.348046 -1.433241 -2.492176 -0.891537
-13.302480 6.822703 4.154646 0.085989 -3.509771 -5.062897 -8.337478 -11.592920 -6.167755 -3.741814 -4.269273 -3.322249
-0.325643 -8.306086 -8.944314 -15.027640 4.913049 2.865330 -6.826793 -9.825035 4.984994 -12.343380 -17.224400 -25.537710
-1.582791 -7.111036 -7.830016 -17.313330 9.477763 8.308214 -6.163843 -2.775921 7.434405 -7.187894 -26.336650 -17.743740
0.279143 -9.651647 -11.237320 -15.523060 2.041577 9.979064 -12.151470 -11.291950 3.635197 -16.192870 -19.795960 -28.078070
-0.918699 -12.612410 -8.886086 -17.317970 -0.237096 11.724410 -16.138900 -18.604090 2.662998 -16.767560 -15.878310 -31.100850
0.444026 -9.978730 -11.498470 -11.774290 -0.031581 6.042039 -16.361770 -23.317010 6.166233 -15.080530 -17.747070 -32.310300
2.738043 -5.856951 -17.848110 -10.169480 -2.174336 2.189972 -9.832764 -28.401620 -0.357124 -15.980330 -23.594610 -27.402490
3.043694 -3.183912 -18.523040 -9.540265 -2.598466 1.555862 -12.230890 -25.397070 3.690941 -16.954940 -23.762670 -26.184610
3.183812 -0.899116 -17.016140 -10.856970 -5.817920 2.583982 -16.561140 -22.088980 3.465975 -22.072670 -22.699630 -26.326300
1.720073 4.322512 -16.247690 -10.488050 -2.721283 -1.454008 -13.722940 -21.103270 10.747180 -17.977080 -30.846940 -13.969480
3.585917 7.334336 -14.540510 -11.606720 3.847812 -8.608990 -14.096560 -18.921450 -1.652504 -6.341231 -37.484120 -0.891537
2.847530 9.526058 -9.478966 -1.479751 7.495490 -0.539781 -9.126859 -17.619250 -3.038800 4.654205 -21.674380 -9.705188
-2.091776 2.213757 -7.093327 -6.794259 5.753939 8.080427 -0.863481 -5.564004 13.169380 10.280920 -12.684350 -17.666990
-7.337386 -0.110394 -9.600718 1.757039 10.807470 11.644370 -0.501208 0.139793 5.186070 6.985850 -14.832950 -30.599860
-5.697033 -0.586925 -9.824813 -3.363407 5.735107 11.228200 1.792374 -6.808422 3.600689 1.912862 -24.762990 -22.334430
-6.284223 1.096888 -9.681005 -5.764341 1.475798 11.471380 0.249271 -13.800620 -2.726237 -9.618118 -23.505350 -16.046800
-7.406467 -3.409945 -12.816570 -4.111174 7.989216 10.682130 0.272774 -11.768850 -3.492715 3.111195 -16.269110 -15.547500
-9.559715 -4.140696 -12.259860 -1.642021 11.252880 8.022556 -0.111380 -4.356668 -2.856969 -3.260803 -10.698990 -14.932650
-12.196530 -4.235364 -12.377200 1.019870 6.720103 9.758665 -5.093235 -7.815684 6.131725 1.788414 -11.044760 -6.706860
-12.299500 -5.976616 -12.481310 -0.795567 3.426139 11.097070 2.551768 6.946578 17.551910 6.929919 -12.185000 -16.507300
-10.605710 -2.168624 -13.306220 -6.626028 -1.361285 5.020075 -2.662686 -4.936189 4.195954 1.935234 -10.524500 -8.754663
-11.082760 -4.501817 -10.088610 2.785632 26.385630 -1.492794 -14.753020 -8.191683 5.679801 8.206555 -17.944080 1.599901
-8.780922 -2.876507 -13.423560 -3.164047 22.812460 -9.821188 -19.675710 -4.892208 9.217545 7.533979 -19.932660 11.090810
-3.212065 7.611426 -4.809147 0.098573 9.747962 -9.232019 -5.445782 -6.705798 10.582610 8.138040 -27.587850 0.267311
3.704528 6.549868 -14.410820 -1.867874 -5.625506 -11.903290 -7.669664 -8.190821 -5.830638 -3.633447 -29.092350 -21.679100
2.929646 1.490983 -15.023110 -7.374457 -4.108301 -5.473529 -9.801156 -6.328937 -6.234781 -5.844839 -29.841790 -19.347070
1.656205 -1.940464 -11.287610 -7.919552 -4.072275 -1.045838 -4.244690 -10.284690 -8.167897 -2.772102 -25.567110 -17.500000
0.165094 -3.150937 -11.104090 -10.243660 -2.360200 1.627892 -2.729143 -12.161230 -1.894724 -5.035230 -23.312360 -22.918070
0.550254 -3.036059 -11.155270 -12.073000 -5.334019 9.144871 -4.383278 -13.303020 -0.742022 -4.433268 -20.317030 -23.240260
0.144891 -2.510599 -13.034490 -10.953670 -6.194560 9.242142 -4.106913 -13.106400 -3.212668 -4.025667 -19.795160 -24.028000
0.453801 -2.344664 -13.663540 -9.600536 -4.128771 8.602490 -5.964471 -10.222590 -1.711566 -5.209317 -18.560840 -22.221410
0.741205 -1.185780 -14.229070 -8.324233 -4.733033 8.779796 -7.181772 -15.170940 2.555492 -2.526003 -20.386990 -25.034190
1.417028 -0.397057 -11.786080 -9.560135 -0.415590 6.621973 -6.794375 -16.669770 6.368636 -4.938748 -22.457590 -19.449960
1.592989 0.795865 -10.893230 -9.723729 2.313413 6.324618 -13.709160 -16.493840 4.807145 -1.951307 -23.706380 -13.958510
1.139400 2.676460 -7.394178 -11.139120 4.253110 4.236979 -17.393480 -17.417450 8.420541 1.792609 -25.606510 -11.081640
2.096109 4.301239 -5.934033 -14.589180 6.905966 -2.197087 -18.456790 -8.528012 1.149287 10.813660 -34.192860 -6.895783
-0.394725 10.019080 -6.086664 -11.872980 8.853032 -7.677525 -12.967600 -11.826620 -0.821656 14.905750 -35.617760 -5.795975
-2.449565 7.082242 -0.832788 -3.906515 17.553420 0.693348 1.310154 -7.746694 -9.813004 7.373875 -26.369620 -7.111697
-5.349020 2.121748 -12.522770 -8.790511 4.211352 4.026430 5.170341 0.183775 9.427248 12.330110 -19.729220 -14.785900
-7.670409 -0.844337 -15.021340 -6.678352 5.071893 7.153887 -1.591267 -5.751141 -1.170055 -7.228445 -14.282130 -19.018140
-8.240004 1.105398 -11.186140 -7.284381 3.322154 9.666319 6.485707 0.101849 3.173983 -1.185744 -16.762030 -18.993680
-8.566510 -4.880489 -17.316110 -3.341551 1.351343 5.710824 1.188586 -3.502910 7.445687 5.798005 -10.014690 -13.988870
-9.542119 -2.135118 -14.127610 -1.922847 4.590448 5.029309 -3.121403 -1.387486 4.458746 0.594976 -9.773452 -10.700410
-9.276874 1.731908 -10.355940 -8.987885 -1.028859 5.848728 -0.573338 2.739014 6.030191 -3.553045 -9.671329 -6.797948
-9.898604 1.085719 -11.928130 -6.030597 5.221730 8.076118 1.140769 -7.431062 2.948354 3.071343 -10.720700 -12.290240
-11.826360 1.134649 -10.115960 -6.824064 5.938984 13.330620 0.359493 -5.199216 2.741305 2.993738 -8.560843 -4.452420
-10.835110 -8.393840 -10.223600 3.201573 20.364300 0.426160 -5.563297 8.986975 6.614174 3.197189 -26.229700 -3.788655
-9.637269 -0.138050 -10.616200 5.860152 23.500240 -8.250072 -4.334651 2.692446 10.923040 8.723223 -39.827310 -1.310712
-8.647322 2.180783 -7.624449 4.361307 19.760040 -7.576560 -8.301007 -1.046845 8.635552 14.382090 -34.272470 -0.172950
-6.982856 2.806762 -2.026489 -1.918211 20.646780 6.761108 -3.392904 0.296747 17.068140 5.913363 -15.275220 -3.204171
-6.598999 -0.641705 -1.833274 -0.461093 21.719390 19.179210 4.418241 8.246188 17.157060 -10.360610 -19.072260 -5.498250
-4.132930 2.116430 -2.685540 3.645994 21.667800 18.732870 1.714570 -3.914266 9.864572 -16.525660 -17.865280 -18.577880
-2.316616 2.327571 -3.579273 -2.142740 14.612350 13.016020 -4.522676 -6.890348 8.977315 -15.873360 -24.645590 -18.357750
-2.645729 5.781356 -3.617210 -1.912912 10.074660 10.083110 -7.895781 -12.139670 5.074583 -7.823416 -14.520150 -22.093220
-1.248464 6.103121 -4.038049 -0.093501 8.378957 8.654820 -4.112586 -18.003870 10.031140 -6.375489 -18.404840 -24.484290
-1.153314 7.777360 -4.446537 -6.638612 3.142840 17.664730 0.309245 -14.866520 8.814065 -8.047841 -20.977210 -21.101360
-2.167374 6.822172 -1.711522 1.275528 6.422884 3.976563 -3.554995 -10.816780 14.679780 -7.211666 -32.797720 -10.454140
-0.242225 10.043540 -2.225881 1.360306 2.484539 1.796577 -0.977754 1.097038 9.167109 -13.771030 -38.915440 -7.897757
-1.178731 12.779340 -0.864549 -1.622813 4.651038 -1.964990 1.204795 -5.194042 3.631216 -1.101847 -30.268780 -6.442872
-4.668635 8.135822 0.903506 12.228420 14.004000 6.049427 -1.634221 -3.787496 2.215056 -0.290840 -21.741120 -11.085850
-10.446040 3.137568 -5.577599 -3.511769 7.276056 11.468920 0.770393 -0.771745 2.158649 2.865096 -8.607483 -7.608466
-13.693510 3.198197 -3.887182 -0.379626 7.405424 7.021524 -5.633807 1.598945 3.588080 -2.678416 -8.259300 5.685387
-14.321760 4.007130 -1.433609 -0.392211 8.239764 2.350654 -2.743731 7.000908 5.690420 -3.172012 -13.327650 -12.165420
-14.060420 1.432481 -8.079697 -1.636060 7.929445 8.954638 3.593200 -0.689818 4.285542 -0.216730 -11.313340 -15.276760
-15.129880 0.387410 -3.913650 4.486487 9.727492 9.571510 2.468292 -5.619196 -4.304982 -3.704760 -7.316875 -7.567139
-15.874130 1.908480 -2.989921 9.336042 4.745198 3.990107 -2.387132 -9.500779 -2.688411 -3.224448 -10.056500 -8.436696
-15.432270 2.100475 -0.873371 1.708689 -3.242848 -3.607521 -1.387844 -5.470867 7.385962 2.774207 -14.824910 -14.882890
-18.772930 2.205248 3.159453 -5.054989 7.911432 -2.947554 -0.025472 6.003131 3.757966 4.025675 -12.694810 -14.736140
-23.692690 3.037049 4.270222 -14.978630 12.454860 0.034612 5.578000 13.395470 5.921358 -5.369421 -6.866570 5.732618
-31.695030 9.946746 4.467849 -9.117039 12.245250 -8.782601 -4.995170 4.245596 2.760550 -9.159480 0.253078 -2.211476
-31.897710 16.798470 7.126108 -14.450750 17.315970 0.597924 -1.555607 4.163670 6.198750 -8.832281 1.718983 -2.987414
-33.397950 14.741310 4.260518 -19.272490 14.473980 0.764147 -4.564009 -5.620921 11.952310 -0.405499 0.746806 1.266754
-31.100670 12.240580 7.822214 -14.677930 10.732960 0.378756 -4.931954 -5.533821 9.167109 -4.417886 6.361148 -0.375369
-31.973310 11.376340 3.633228 -14.417640 10.523350 3.181154 -1.831161 -2.617243 8.933517 -3.262201 9.072630 9.214221
-30.842590 12.576710 1.814002 -12.559810 5.736744 -11.359680 -7.779886 0.755535 11.195120 2.888168 6.698073 4.686788
-32.509670 12.805930 7.171103 -16.000600 4.298143 -10.484230 -4.442441 -5.150060 8.630907 -3.614570 6.322551 3.888077
-31.996120 10.136080 7.483425 -16.690740 2.938963 -4.787705 -9.332714 -5.085382 5.141608 -4.294138 -0.434441 6.301920
-32.254200 10.321160 5.333349 -19.994430 5.822717 -4.647339 -8.157557 -3.978945 -1.041976 -10.924120 -1.302887 2.926588
-34.135030 12.467680 7.368731 -17.819350 8.304448 -5.198954 -4.289265 -3.182966 12.327250 -3.439784 -4.641580 5.795874
-34.166960 10.689200 7.629880 -16.311890 21.379590 4.239441 2.170855 -8.307242 11.835510 -3.960646 -8.580947 9.578574
-25.886340 10.656220 8.216585 -3.284591 18.574440 3.718609 5.596640 6.211828 18.853930 3.868367 8.553170 16.686000
-22.930190 6.139818 8.208645 0.144936 10.892620 3.444033 5.509111 7.118192 13.361170 4.697552 11.945740 15.125690
-22.399040 7.095539 1.957811 -1.434050 12.256710 1.488141 -3.153821 -2.526693 -1.706257 4.153618 7.057513 3.375283
-22.704690 3.333285 1.304054 0.093275 6.408965 0.900204 -6.709278 -5.986571 -2.370538 10.757030 -6.304492 -0.308739
-22.341040 1.497897 2.913302 4.534174 1.883552 7.221608 1.712139 -1.045120 5.046711 9.149001 -8.497318 3.215878
-20.361150 5.297379 2.622155 -0.246499 0.642277 -5.491383 -2.411446 -4.547255 3.598035 0.268475 -1.129198 -2.977293
-19.974680 3.289143 2.112207 -1.838732 6.057707 -2.414408 -5.271534 -0.462149 4.888106 -2.082047 0.726703 0.634195
-19.785040 2.695075 2.038979 3.806940 5.066980 1.397026 -0.562803 4.786310 0.966129 -4.644409 -10.881520 -6.921086
-20.211250 3.585911 2.481875 5.219020 6.545702 7.595302 5.347831 0.872819 -6.890434 -2.521808 -0.538172 0.733717
-20.527330 2.005807 1.828118 4.938194 5.111194 3.925465 -4.769053 -3.981532 -12.091870 -10.459190 3.611069 -0.280907
-15.765940 5.957396 -13.493260 -9.595238 2.784213 13.975190 3.997616 3.102940 -0.211791 -1.884888 -0.009064 -0.235363
-2.380483 3.284888 -24.767700 -14.005670 12.220690 10.304740 -0.665730 -0.276737 -8.165243 -7.004719 -3.280210 16.334300
-0.979960 6.139818 -21.221890 -16.872880 4.562610 7.539894 -4.119070 -4.587787 -9.171950 -1.616417 -3.075160 11.666020
1.881045 9.567542 -12.482190 -13.395010 6.635768 8.848131 -0.301026 -5.649380 -9.256229 1.836655 -5.761714 7.622703
7.687125 14.738650 -6.911580 -17.122580 -8.346322 2.291553 -1.502118 -15.647840 -23.559830 -5.718294 -12.268630 2.586693
7.238749 16.109740 -5.513193 -24.727410 -15.211820 9.461926 -0.796213 -14.331850 -18.454630 -7.096307 -10.722310 3.294315
7.160543 14.892350 -6.983926 -26.907130 -19.687280 12.176290 -5.739976 -14.352540 -14.717800 -14.468080 -12.583040 1.637011
7.671484 15.837430 -8.628465 -24.487650 -19.824020 12.473640 -2.956881 -11.040990 -15.618990 -18.729360 -12.209120 2.525967
8.542168 17.766960 -6.167832 -27.478720 -17.966200 13.201950 -3.968326 -12.935650 -10.739410 -19.092220 -11.910790 -1.147090
7.569165 19.550760 -3.880124 -27.611850 -18.051360 10.855740 -2.518425 -8.321040 -13.510680 -17.192640 -17.762350 2.966228
6.429977 20.448510 -5.282040 -21.208470 -15.168420 11.198650 -2.931756 -6.329799 -13.216700 -11.740020 -19.302230 -1.443971
6.923321 18.830640 -3.537806 -16.764920 -9.639998 3.677977 5.351883 -0.998551 -21.845710 -8.509975 -16.612460 0.011757
2.994165 19.093370 -3.065795 -13.469190 -4.927903 1.292367 6.914436 0.680507 -22.528570 -11.802240 -8.631606 16.206950
-1.409436 14.240310 -0.951011 -5.771627 -0.157674 11.359330 10.340220 -2.341281 -13.658670 -9.584559 -3.596228 8.899628
-2.871221 13.294690 -2.801116 -6.544562 1.190043 8.689912 2.291613 -9.975090 -14.840570 -3.586604 -0.464998 -3.504426
-4.603465 10.200970 -4.616814 -6.983022 3.591533 3.584399 -3.710602 -7.920895 -7.598514 5.421865 4.486753 -1.140343
-5.983133 10.690790 0.038006 -1.832108 2.279843 -3.321248 -0.033577 -0.735525 -5.601690 3.017509 5.029531 11.099250
-5.836499 11.384850 -2.528497 -4.622490 -5.397884 1.251119 -1.234668 -0.895065 -10.511790 -9.484582 12.869670 13.455740
-7.100815 11.750760 -2.840818 -3.259422 -6.666179 -7.567325 -4.812818 3.096903 -3.496696 -6.018926 9.396688 17.093370
-7.736884 11.395480 -0.291960 -3.645559 -5.376596 -5.229120 -4.110966 -4.501549 -1.567561 -0.722911 2.072794 8.032601
-7.757739 6.281288 -5.497313 -3.746895 -2.616479 -7.758790 -6.852728 -0.269838 -2.134954 -4.043145 -1.173424 12.668830
-10.214030 4.802234 -6.096369 -8.428881 -6.909358 -1.782761 3.309541 -6.643707 -3.979810 0.299238 4.685369 9.046382
-18.251560 9.486170 6.824374 -15.634990 4.911411 1.376710 -14.017940 -8.415040 -6.593798 -6.048989 -16.814300 4.874025
-19.691840 8.449610 2.226901 -14.623620 7.910613 7.570060 -16.439580 -7.562144 4.205245 -3.030785 -18.191750 13.928890
-28.441040 12.282070 1.229944 -17.545140 10.856590 0.551135 -7.465430 -6.529872 4.358540 -5.587554 -5.627427 21.733820
-29.619990 11.562480 4.438735 -17.507390 11.420740 8.168464 -4.970046 0.728801 5.387146 -17.800200 -7.404524 16.997220
-28.661970 12.204950 9.858477 -19.590410 9.482677 8.092740 -15.842270 -1.947172 7.249920 -15.457370 -2.860461 17.941840
-20.870780 18.427510 21.769910 -8.463984 7.288338 9.543190 -8.568457 -14.879460 -2.498616 -17.633800 -9.102015 1.032285
-12.620790 22.241350 28.206020 -7.810268 -1.986835 -0.076203 -15.215790 -23.694730 -9.002728 -23.800950 -10.778600 3.359258
-10.382820 16.178340 29.030940 -9.758833 -14.657500 5.937380 -11.922920 -16.611980 -20.734150 -16.741700 -20.721500 -9.590484
-10.423230 14.408370 28.266010 -12.448540 -11.234170 6.229194 -14.996970 -19.225870 -15.717870 -9.246174 -17.163280 -20.290850
-10.588760 13.852600 29.503830 -12.927400 -13.380200 9.751277 -16.125120 -15.764260 -14.469610 -9.109841 -18.818160 -16.720680
-11.718830 16.057620 28.761850 -9.699224 -16.525960 7.875419 -15.551320 -14.306840 -11.779970 -11.180710 -17.829900 -15.421830
-10.913970 14.395610 29.878790 -11.111300 -20.241600 7.620543 -14.381030 -14.601770 -16.281940 -12.299340 -12.864480 -13.587410
-10.010700 12.510760 27.790470 -10.788750 -18.621230 10.353990 -19.636000 -15.260630 -18.678930 -11.591100 -15.310600 -16.262710
-9.847119 13.438290 27.829290 -10.544350 -17.661620 10.017230 -17.794650 -19.012860 -18.994150 -7.538865 -21.466110 -18.909340
-10.375000 12.749560 29.030050 -9.653522 -14.511760 6.430509 -17.690110 -22.570180 -18.098260 -8.514171 -18.766690 -20.707490
-10.445390 12.509160 33.050530 -10.555610 -18.707200 8.885686 -19.738930 -21.409420 -22.381910 -4.643011 -21.010980 -18.307140
-9.969641 18.680130 24.335530 -10.191990 -14.438890 -1.510647 -20.312730 -32.321140 -20.243070 2.071568 -27.333750 -14.582640
-10.099980 16.102290 25.583050 -7.527454 -8.933389 -1.000896 -18.991690 -29.688290 -12.461500 8.322614 -18.025300 -8.664417
-9.714170 17.135660 20.878830 -3.490574 -11.590340 -6.399454 -12.885740 -27.580630 -11.856950 3.425809 -17.267820 -4.744241
-10.193830 9.305876 17.249200 -1.724149 -9.946223 -11.679810 -21.434400 -28.276570 -15.768970 4.712933 -13.387150 -3.609852
-12.470250 9.336722 12.687890 -5.841834 -11.496180 -6.397607 -19.008710 -22.097600 -21.984410 -11.042970 -3.584970 -10.064480
-13.430870 7.714603 8.992095 1.568938 -3.300163 -7.444197 -18.306050 -23.064330 -19.592070 -10.425630 -14.533020 -14.828070
