-8.504047 2.218957 -13.506340 -15.282460 6.028353 13.513330 5.747758 -12.562630 -0.012309 -0.983144 -14.963640 -4.653230
1.341572 12.850210 -8.114744 -9.752391 -0.840956 6.286429 -5.933609 -14.612630 -5.496593 -4.513428 -4.933476 -12.994440
3.445633 11.388960 -12.195440 -12.288610 -1.500479 7.770446 -1.786899 -22.246850 -2.475268 -4.593832 -7.849358 -11.881250
4.477762 2.947756 -19.681720 -15.590990 2.944786 5.039692 -0.133824 -35.627030 11.816400 -20.162250 -18.501420 -9.798846
2.811144 3.473477 -19.800900 -14.003980 7.168104 14.040680 -0.139277 -30.598880 14.413680 -13.979370 -11.298070 -14.121160
-0.508694 1.912742 -17.317260 -13.253360 2.672289 8.587294 -0.673683 -38.228930 16.981440 -23.241670 -17.386960 -14.291230
2.326804 2.963272 -20.500880 -9.952134 7.161786 4.783267 1.601827 -35.963730 15.179850 -20.391440 -11.872730 -16.019970
2.163649 3.091051 -22.190250 -10.507040 5.802457 4.394568 -4.575781 -35.484720 9.081182 -25.791320 -14.880000 -14.586930
1.008169 0.432326 -18.315820 -10.803490 3.989755 3.140289 -5.167056 -35.831130 13.825190 -24.548430 -21.423500 -18.551710
-0.079921 1.834249 -17.342790 -10.548490 2.823150 6.586945 -3.905047 -37.771450 12.388620 -23.570800 -19.550830 -14.983120
0.472991 0.827073 -17.682630 -11.672110 2.305009 3.769749 -4.474509 -37.012670 10.655090 -25.424610 -19.450150 -19.954800
1.627289 0.213732 -18.408800 -11.620310 2.685716 5.970829 -4.686402 -36.564220 10.832180 -24.104330 -19.979110 -14.947360
-0.056275 0.229704 -20.144670 -13.136510 1.306641 4.348736 -11.145240 -37.490290 5.874337 -29.421550 -19.616660 -21.266080
0.735457 0.677389 -19.406060 -9.369022 0.455185 5.297277 -11.455290 -35.772120 14.152870 -23.096640 -20.534410 -18.126530
-0.139823 0.809732 -19.313730 -12.906840 0.546017 0.801714 -15.360500 -33.535380 10.691230 -26.242190 -22.809030 -22.961960
0.606589 1.162951 -16.564890 -7.183936 -2.528072 -0.916683 -11.473980 -23.631100 12.136840 -22.693870 -24.097750 -18.669600
-0.104749 1.509781 -15.269710 -8.835415 -3.552505 -6.512206 -9.651080 -23.266640 13.713160 -29.994900 -22.356740 -18.599060
-1.170770 2.681244 -12.647900 -7.508015 -8.284485 -6.139751 -11.406990 -17.137470 13.240320 -24.549180 -24.926430 -21.507660
-0.418446 0.959873 -13.292220 -7.971972 -8.714952 -9.874161 -14.379720 -15.372090 10.753870 -19.697110 -25.948730 -23.121400
-0.591059 2.584497 -10.852450 -6.063763 -10.868870 -16.015020 -14.293250 -8.044020 12.947590 -19.761730 -21.521860 -15.970690
-1.456881 1.654902 -6.223038 -7.788922 -13.670460 -22.028250 -15.011500 -4.119656 10.506920 -22.171610 -15.298990 -17.694590
-2.169795 2.011315 -8.773470 -6.961168 -15.985500 -21.935430 -16.973070 -10.024600 9.472702 -22.382770 -12.426480 -11.108200
-1.743780 2.910335 -3.301990 -8.310441 -17.828220 -20.961360 -21.297390 -6.569520 1.647733 -15.686650 -8.566518 -10.011440
-2.286446 5.360049 0.750545 -7.999026 -24.178600 -18.676740 -17.031490 -9.669858 3.560156 -17.179770 -6.033999 -12.109300
-3.791092 6.562089 2.947388 -6.660114 -16.642660 -21.087250 -14.328300 -16.952110 3.588465 -15.891790 -7.890405 -8.386097
-4.750314 5.890334 3.213235 -9.690224 -13.661770 -14.697510 -15.231960 -23.979590 0.932156 -18.518840 -8.838357 -20.604160
-5.297315 9.462226 6.885989 -6.049948 -15.696420 -7.564594 -10.716780 -24.076780 1.831447 -19.600170 -14.621330 -19.258080
-5.682343 9.275121 9.010148 -7.240348 -10.218030 -13.034220 -21.907360 -29.654060 4.508837 -8.771862 -16.430490 -18.234760
-5.287857 5.863409 7.654720 -2.755049 -9.670669 -18.225970 -18.615230 -24.104550 -2.073509 -13.352660 -20.898410 -10.367040
-5.343424 8.561381 7.334524 -3.847593 -7.639969 -13.494860 -16.655230 -24.754330 -11.464550 -14.238620 -18.856910 -11.851290
-4.849231 10.407340 7.343691 -2.010186 -6.113982 -11.898880 -20.549540 -25.771350 -6.625977 -10.688040 -15.116990 -16.032530
-5.221255 11.967620 11.244310 -5.244643 -8.466150 -14.665020 -19.122380 -25.175020 -1.098926 -9.424115 -7.951588 -21.631350
-4.331788 10.367180 9.978593 -4.528561 -10.109030 -13.580720 -19.194820 -19.467930 -1.992795 -13.915500 -12.702190 -10.786420
-5.443129 15.098210 8.686025 -8.121059 -12.921680 -10.308110 -7.704316 -27.144490 -13.288430 -19.679070 -5.921700 -12.076450
-6.344813 14.572490 10.375400 -2.337718 -6.868287 -11.349480 -20.452160 -25.844240 -1.703071 -13.782490 -15.457760 -14.091210
-7.560590 14.693880 10.305340 1.290469 -2.428551 -18.603640 -19.384120 -25.200700 -2.987255 -21.340520 -18.332590 -8.978447
-7.255956 13.990180 12.360090 -3.855651 -3.531179 -14.451520 -13.269620 -29.754720 -8.754036 -24.619070 -14.744470 -12.652370
-6.922159 18.816600 13.202160 -5.998141 -10.853860 -16.310320 -5.980350 -25.808830 -12.645740 -15.443930 -16.193500 -8.786150
-6.542648 15.750800 13.250610 -6.161620 -11.924100 -10.901600 -13.596030 -26.046250 -14.617790 -19.089940 -19.066020 -14.757960
-7.265808 18.781000 14.164050 -5.930793 -10.442350 -6.401978 -20.001890 -28.852940 -10.129170 -8.580995 -18.579650 -19.624320
-8.051235 18.884590 15.820030 -4.026613 -16.077920 -11.953410 -18.866860 -25.038950 -11.036900 -10.800010 -24.176750 -18.544940
-7.983451 18.446950 17.694060 -0.343165 -14.795200 -11.923820 -15.632380 -23.362440 -10.152060 -12.213480 -20.189770 -10.976780
-7.535367 19.334560 17.681620 -7.397494 -18.528020 -8.897193 -11.557340 -27.840090 -11.714530 -13.335380 -22.393140 -15.378340
-7.368272 18.337880 15.751930 -6.538081 -19.755450 -5.763236 -13.495530 -37.347980 -14.087740 -13.256480 -20.931710 -20.165450
-6.599003 17.801660 18.054200 -3.824567 -21.305130 -8.382602 -5.808187 -30.734940 -14.555150 -6.773772 -23.031300 -17.508090
-5.452981 14.819380 18.892990 -2.397584 -21.147950 -12.668730 -2.058776 -30.861290 -10.934500 -0.032567 -19.684820 -23.208370
-4.574155 14.205130 14.063870 -0.513551 -28.961130 -16.625920 -2.690559 -28.981370 -17.848730 -1.748865 -11.633420 -32.262720
-1.908511 12.402070 8.577328 -1.960106 -25.067180 -16.747750 -5.059551 -23.104890 -12.739100 -2.880540 -6.776716 -33.650350
-0.273026 9.657546 2.094188 -2.366500 -21.035000 -18.075130 -13.349860 -17.721300 -10.512260 -3.321638 -8.732254 -33.071530
0.728364 11.049430 -5.135420 -5.950364 -14.147530 -16.118870 -15.432950 -18.308600 -8.086043 2.813152 -9.067600 -33.576910
0.915558 10.374020 -8.676560 -10.254340 -14.783350 -11.748040 -20.523830 -21.153470 -9.088333 6.401297 -3.509999 -36.778310
2.197935 10.640540 -12.527420 -14.258410 -13.221040 -7.550670 -20.728710 -22.142020 -10.885110 3.043845 4.326094 -34.238830
3.314794 11.482050 -14.508830 -18.754070 -11.499960 -4.803092 -20.536290 -21.468640 -10.960400 -3.768747 10.941620 -23.619050
4.007215 13.403770 -12.797850 -20.434910 -14.251000 -3.552873 -11.953860 -21.118760 -13.886550 -0.768231 10.077310 -19.387570
4.164853 14.323320 -12.268770 -22.362690 -18.645710 -1.955727 -10.855440 -24.051090 -12.212060 -1.955513 5.202794 -19.883290
4.803283 15.749430 -13.833740 -22.478970 -19.328140 -1.102910 -13.101350 -23.133350 -8.063154 -5.075509 4.916240 -19.890050
5.105552 17.693500 -14.523890 -21.272450 -21.104510 2.231778 -12.391660 -19.787960 -8.370346 -5.178456 4.603354 -17.239460
5.131562 15.675050 -13.130490 -20.318060 -20.481320 -1.279275 -14.072780 -16.661930 -5.880885 -6.350709 4.008561 -18.534320
5.059049 15.936080 -11.015490 -24.965680 -23.474840 -0.703189 -12.419710 -16.708440 -11.191700 -7.417759 5.199696 -18.379710
5.518167 14.944420 -11.409030 -23.475380 -22.154220 -2.813766 -11.819090 -17.308240 -7.913172 -7.583077 1.495404 -15.865360
5.625754 15.605680 -11.140560 -24.294500 -19.645660 -2.266686 -13.489300 -16.619590 -9.167239 -5.206260 3.545427 -12.813740
5.589892 16.314400 -10.243490 -21.366850 -19.756240 -2.691934 -10.811040 -16.027430 -8.081827 -7.617644 8.577162 -8.873118
5.198952 14.788350 -9.753045 -17.446820 -18.456940 -5.310720 -14.812070 -17.363080 -6.571766 -5.333254 14.217630 -16.790120
4.061206 14.159950 -9.320225 -16.667990 -16.927790 -8.629165 -20.014350 -24.816110 -4.767163 6.809331 7.566478 -22.060390
4.339041 13.795780 -8.102304 -14.587100 -10.565570 -9.596850 -25.055370 -24.063590 -0.904973 13.968340 8.924899 -25.187380
3.544550 12.675420 -5.493594 -8.756554 -11.245630 -14.652260 -30.505380 -25.674160 7.851811 19.250240 -0.155768 -31.534120
2.452914 11.179030 0.131108 -2.283034 -12.356150 -20.430520 -35.673380 -22.013590 17.345250 18.655850 -0.820263 -40.114010
0.902158 9.814989 3.503965 -1.454129 -15.637180 -23.978710 -35.438120 -21.429760 10.366570 15.630530 -9.183770 -34.674640
0.512795 7.920202 11.091090 0.580719 -22.002570 -23.330680 -23.453710 -15.973280 -1.289265 15.605740 -11.308920 -32.952670
-1.135695 10.018980 14.677410 -4.560221 -26.179290 -15.640830 -12.524100 -26.248270 -6.046528 7.311296 -2.394762 -31.649110
-2.091764 11.008810 16.807460 -6.853525 -28.107300 -11.755000 -14.153800 -26.152470 -9.376250 3.492457 -8.912705 -30.676040
-2.739259 14.462050 17.392200 -8.348433 -24.654090 -10.242550 -14.703790 -26.290610 -5.957382 8.096555 -17.167010 -25.567140
-3.945971 14.050880 14.737650 -9.173308 -22.335880 -8.086726 -20.380490 -32.728020 -10.656820 3.010030 -14.502830 -21.446780
-3.752865 14.460680 13.702420 -8.891827 -19.294180 -9.320701 -19.162880 -30.830050 -10.165310 -0.219677 -14.862190 -19.854300
-4.124101 17.417870 16.918780 -6.637089 -23.530920 -6.619533 -10.332720 -28.538460 -10.535750 -4.176781 -6.231489 -14.488360
-4.266762 16.647990 16.635910 -4.818102 -19.073020 -4.500254 -13.092000 -27.515890 -14.636470 0.323617 -6.647379 -14.958960
-4.507553 18.104230 15.925450 -4.571158 -15.747760 -6.066072 -17.887630 -19.587330 -12.068700 -5.551173 -10.161930 -14.545380
-5.544805 19.521210 16.071470 -3.319741 -11.222720 -3.544171 -17.435020 -27.349280 -9.591887 -0.417307 -1.899875 -14.721240
-5.815153 17.128540 15.262150 -4.892358 -11.477840 -7.872652 -11.163150 -26.005290 -10.897760 -8.750821 -2.165519 -10.419220
-8.353898 16.290210 14.636820 -13.890590 -15.607960 -7.894698 -13.246250 -35.150810 -8.454674 -11.736310 -8.132039 -19.245520
-9.413219 19.565930 17.121110 -12.927560 -24.083820 -9.271388 -14.564340 -26.601620 -5.812821 -6.455911 -6.298093 -16.447080
-6.210034 19.209970 17.402680 -6.496060 -16.131630 -9.917672 -17.801160 -22.110090 -9.010029 0.929281 1.544970 -13.541380
-7.900692 15.839330 15.350540 -7.655376 -20.892830 -6.178041 -6.235868 -19.153450 -7.284332 2.411880 0.027782 -11.830040
-8.932033 14.769640 13.160900 -8.215463 -17.228730 -12.300340 -5.139011 -22.214910 -10.115320 6.775517 2.457296 -9.490592
-4.003114 15.211850 10.136400 -6.199611 -17.505170 -16.945580 -10.056170 -19.935820 -4.102182 9.592680 -6.325200 -5.301626
-7.676453 11.027520 6.372628 -3.318014 -11.191920 -18.803790 -18.328560 -16.768840 -11.681400 18.174170 24.805420 12.530710
-12.645960 9.260974 3.030547 -4.663258 -11.967550 -9.917672 -17.967090 -9.674717 -3.735960 12.624010 23.409050 23.212340
-14.494260 7.888713 8.054146 0.725202 -17.083390 -7.243192 -13.335050 -10.859730 3.700500 3.880954 -4.557084 7.938794
-18.182970 4.049397 6.121186 -1.162285 -10.912310 -5.234141 -20.767660 -16.659850 2.150686 0.017028 -13.608320 -0.364733
-6.824030 7.328310 -6.177202 -5.259610 -3.223138 -7.250734 -7.182374 -9.894781 21.571260 -7.670996 -17.454340 -1.220886
-2.489404 9.010434 -7.933366 -5.105341 -3.967965 -10.081850 -5.802734 -10.142610 21.502590 -8.326256 -23.983900 -8.779387
-3.185372 2.378225 -16.525610 -10.921490 -5.074542 -11.656370 -3.564617 -3.492090 14.511860 -5.024410 -8.788016 -31.086720
-6.452401 -0.801202 -16.019450 -8.656970 2.790766 -6.364849 1.869809 -0.556974 9.095037 -9.079203 -19.663130 -33.125640
-2.070877 4.478371 -18.725720 -11.027410 4.145355 -3.947954 -1.077993 -12.457800 14.043240 -8.632093 -19.816480 -26.944140
-2.000729 4.271186 -16.843180 -9.548043 7.241560 1.185772 3.423949 -5.326885 18.271650 -8.711746 -16.306580 -35.545290
-2.036591 0.613499 -14.070120 -10.907100 -0.867021 6.355466 -3.307541 -20.071190 15.227440 -14.566250 -10.461650 -31.477110
-0.873229 -0.735030 -13.184830 -11.233480 0.793240 4.105074 -4.585130 -22.236430 12.940360 -16.141270 -8.400006 -37.465350
0.587278 5.673109 -16.889670 -4.811195 0.267991 0.211704 0.828263 -32.229570 11.746530 -20.868610 -4.206248 -26.991490
0.164811 7.461565 -17.792640 -3.364064 0.938572 -3.058588 -2.389079 -30.909190 9.981677 -19.303350 -8.458866 -23.114640
1.139402 9.722348 -19.696130 -3.784273 -1.056584 -4.625566 1.079107 -28.027520 4.460650 -16.522260 -15.892230 -28.260250
-0.101202 9.711852 -17.965500 -4.453154 -1.739013 -7.347619 -9.085514 -20.661270 8.128284 -26.304560 -17.381540 -36.457490
0.095056 11.185880 -17.030450 -4.631598 -0.160897 -5.192950 -9.236643 -26.135110 7.629549 -15.543120 -19.981440 -32.384480
-0.152434 12.386550 -12.642010 -1.673443 1.059419 -8.971452 -10.179250 -20.480080 11.965780 -15.115550 -23.998620 -23.857730
-1.231854 12.754370 -4.220670 8.917549 7.840265 -10.575560 -12.121340 -16.914630 4.481732 -6.578397 -17.259950 -15.903040
-6.903637 7.727620 -5.352813 -2.908742 6.097860 2.988870 -0.063712 4.747478 0.095509 -2.326726 -11.266320 -7.908738
-8.808681 2.504179 -10.802030 1.055037 6.130244 -3.643957 -4.871808 -0.732609 6.318862 -0.790774 -11.265550 -15.168650
-9.547212 0.521315 -14.379180 -2.778650 3.296269 -1.339611 -6.259238 -9.040904 1.950709 -7.188569 -19.117130 -25.433790
-9.430165 -2.875336 -13.109530 -1.044857 5.777182 0.381107 -2.478666 -2.638213 8.607745 -5.937415 -17.967040 -25.669570
-11.041220 1.195352 -9.134263 -0.001242 9.403375 8.575691 -1.836756 -0.861732 6.215862 -5.588745 -13.441040 -12.418520
-14.408740 0.290400 -8.006703 2.695003 9.745378 5.915134 -4.066304 -6.343207 8.277664 10.054820 -5.824117 -8.750397
-17.434580 -3.911263 -12.879700 3.245879 2.907663 -3.970580 2.205566 2.078938 7.013357 12.446660 -3.192466 -9.363039
-15.702550 -0.050041 -10.350870 0.652097 -0.156158 -3.404356 -6.324676 -1.978020 3.704717 2.173673 1.235182 -6.482460
-9.399033 1.996712 -14.830990 1.008411 13.690670 4.710168 -7.384140 -10.992330 3.418004 8.675167 -10.962730 -7.499988
-9.774997 4.355155 -15.567640 0.138060 17.291590 4.282019 -5.954642 -4.614626 7.346450 13.688050 -13.812010 -12.959660
-10.388600 8.439534 -4.229837 12.757570 19.863330 1.819293 -6.379207 -6.381389 17.646420 8.651873 -11.411150 -6.901840
-6.277818 10.421480 -0.327905 8.206647 12.208910 4.992120 1.261397 0.242755 6.569435 -12.227000 -21.130750 -13.760730
1.761281 11.985870 -13.580330 -4.532015 6.442234 4.467086 -2.852595 -15.490110 8.369822 -6.148571 -18.605200 -22.381210
1.142555 13.773410 -20.232410 1.877035 11.409590 2.458615 -3.603568 -17.096510 9.803988 -7.964059 -13.630010 -24.837570
1.712413 13.040050 -17.857460 4.722367 9.510004 -1.009507 -4.486195 -10.525120 15.716530 -17.338320 -12.758730 -24.532220
0.869843 14.472090 -16.146480 3.888857 7.913721 1.346473 0.349946 -17.388070 16.743520 -15.359020 -12.723100 -26.913210
2.124634 13.443010 -18.704770 3.639034 9.532120 4.140463 1.561318 -19.276320 11.916390 -13.983130 -9.694921 -21.469970
0.900188 15.063990 -15.826940 -0.489951 11.328230 4.751939 3.039894 -17.043050 11.196590 -17.094100 -9.935007 -26.311200
2.157344 12.098590 -13.816710 0.895588 6.831629 6.840470 2.478222 -17.889990 3.286694 -7.648453 -6.511073 -27.049470
-0.795593 15.392110 -19.973760 5.475289 4.977855 3.266761 8.719710 -24.537730 10.909880 -12.610990 -7.675876 -23.335920
-1.107321 15.079500 -16.953840 2.795162 4.300955 7.219886 3.089751 -21.876140 13.917350 -13.308330 -9.106323 -16.921540
-0.259233 14.323320 -10.812510 1.399838 2.903714 10.788950 -2.313515 -23.270110 13.601730 -4.097128 -11.962570 -21.833310
-0.947319 16.138250 -8.602568 1.325582 2.813671 5.399963 -4.973080 -17.489430 16.138170 2.502805 -16.702330 -22.678830
-1.634223 16.171100 -0.877934 -0.085284 6.495944 9.041550 -4.806371 -9.742750 4.798562 8.048463 -7.395518 -10.628910
-8.503260 5.794956 -4.757603 4.908871 11.763440 10.244780 3.914730 -4.777071 2.472936 3.408295 -3.510774 -9.131124
-11.343090 3.989615 -1.837211 3.292506 7.919250 5.320483 -6.530336 -7.323431 -1.692831 4.993843 -1.573823 -8.764892
-12.798080 2.467214 -5.645507 -0.328775 7.355298 8.558867 0.335924 -8.165506 -0.857389 -0.002509 -2.192625 -1.327181
-12.102510 2.987915 -8.198559 4.543346 6.620739 9.825329 -1.054622 -10.499440 -1.920515 3.977890 -3.870903 -2.722537
-13.237100 1.505217 -6.761935 7.407099 7.711520 4.098113 -4.850775 2.196259 7.079012 8.882565 4.525907 -13.436050
-15.698210 3.215180 -6.247920 4.715459 7.997445 5.367475 4.782556 7.265375 5.041304 10.090140 -7.532599 -8.012134
-10.150570 3.718996 -13.287640 0.758588 18.522170 9.970946 -10.102130 -7.819790 0.893607 5.882801 -8.301648 -8.798713
-8.250252 5.637969 -20.593860 -3.720379 22.800780 9.515530 -11.707690 -11.444950 -0.167712 8.101064 -20.831810 -23.505990
-6.694768 10.204260 -15.996530 1.449342 16.602050 6.284108 -8.893875 -1.903740 21.624860 13.595620 -22.040760 -12.605990
-8.565526 10.178700 -5.041785 7.981001 16.474880 2.635561 0.181678 -19.944850 9.340188 6.916788 -6.088212 -1.767820
-0.888993 15.147040 -14.626700 -0.595866 8.288898 6.030004 1.306580 -19.793510 9.952163 -11.277180 -11.658980 -21.749240
0.004415 13.574440 -18.209740 -2.608264 8.397898 5.647106 1.915771 -25.179880 8.129489 -6.994697 -7.348275 -25.169020
2.897844 12.437210 -20.559810 -1.426498 6.730528 4.981677 2.711148 -29.863010 10.868320 -4.536723 -9.927262 -28.401340
3.246222 11.140700 -21.219190 -2.825852 6.132613 2.887344 1.086897 -21.441560 5.623162 -14.047000 -0.223921 -30.468280
3.624945 11.770470 -23.913020 -1.622212 2.188112 1.446258 2.880974 -21.976100 3.840845 -14.920180 4.419030 -33.361420
3.957165 10.213840 -24.018440 -1.022983 2.917931 0.162972 1.621303 -20.682790 5.659904 -12.513300 -2.091944 -28.209040
4.508107 10.489030 -21.912620 -2.641075 -0.967332 1.847720 0.050804 -21.049330 9.172738 -16.989650 -4.958259 -22.908810
3.939431 9.704551 -17.228860 -4.331696 -0.452351 -0.148568 -0.261582 -19.869180 8.677616 -10.869890 -6.271761 -22.898180
3.389672 13.056940 -14.422400 0.311325 -4.342353 1.387663 -1.699649 -18.898670 -1.434428 3.085926 -8.997123 -23.737910
0.263728 15.484290 -8.068254 6.365211 2.773389 -0.849386 -8.356354 -16.920870 3.684839 8.134128 -4.996983 -17.898480
-2.823989 3.643241 -12.939940 -1.239995 9.120609 4.646932 -3.360514 -5.506685 7.182614 13.119960 -3.053836 -12.210760
-6.514273 0.690167 -11.710890 2.328327 14.104550 8.319846 -5.413225 -6.526479 -3.042068 0.817316 -12.806740 -16.248990
-9.686326 0.372087 -9.684947 1.143684 11.527280 11.112100 1.914213 -7.053383 -1.080254 7.684764 -15.113120 -14.782120
-9.238242 1.913199 -8.752517 -3.798088 6.102599 0.552251 -7.412184 -3.163729 4.942521 4.090607 -0.965864 -5.147016
-9.641399 1.991235 -8.279754 -2.793041 2.549072 0.248833 -6.605122 -0.084218 -2.767401 5.160663 -6.557541 -8.810308
-9.745834 6.232144 -6.285243 -0.989596 -3.922943 4.653893 -4.333507 -3.147763 4.336569 -4.183544 -1.932403 -12.008800
-11.696200 3.601713 -4.846655 -0.287329 -1.248518 5.028089 -0.972047 -2.062020 2.032025 -1.851813 -10.563100 -7.566663
-10.726730 4.111005 -8.512206 -4.030067 -0.740645 6.610151 -6.338698 1.586050 5.464145 2.901071 -4.549339 -2.007465
-12.170690 2.523345 -11.972150 -7.643288 -1.200337 2.428448 -5.398424 -1.241464 -1.123020 -4.514931 -18.090180 -1.065310
-10.718850 3.063670 -7.094572 -4.193545 0.421221 4.413713 -3.085521 -1.948169 1.168875 -0.699849 -9.701117 -11.142020
-2.855122 13.434800 -20.832200 -11.623180 4.407585 10.726300 5.705691 -0.530594 2.484380 -15.721970 -12.511670 -12.349910
-3.909714 15.389820 -16.692580 -15.236410 -4.062747 10.444350 14.930820 -9.013830 -5.605014 -15.939140 -10.783830 -19.112170
-4.420064 15.863520 -6.670263 -5.311992 -2.417493 7.131704 15.378750 -2.296662 -5.330348 -10.721860 -6.169531 -7.602417
4.661803 22.137950 -10.060800 -10.366010 -9.645393 6.994209 3.181675 -3.287993 -2.982436 -17.647920 -1.655917 -4.974046
5.229691 25.995520 -11.033830 -17.080140 -14.418450 7.902140 1.917329 -12.411290 -6.932567 -12.748500 -3.428680 -7.041955
6.058074 23.946030 -13.472290 -14.659050 -15.480000 6.603189 5.810080 -15.901080 -4.708134 -15.681390 -0.883770 -1.712740
5.571370 24.179220 -11.566830 -16.245480 -14.159380 3.383371 6.469129 -15.425550 -3.540201 -14.778910 -6.682230 2.410518
7.137100 24.828620 -11.661780 -19.853520 -12.055220 2.268327 3.665445 -8.831253 -6.236264 -15.968440 -2.919853 -1.139716
7.643509 25.164950 -11.932860 -17.877390 -15.627700 -0.189758 4.794241 -4.877732 -4.645490 -18.391850 -2.670473 1.498318
5.726248 23.883960 -8.156651 -15.918530 -21.574470 -3.935191 3.229974 0.374655 -3.432985 -14.574510 -9.327047 -6.233151
7.303801 25.516800 -7.928128 -20.921310 -15.974450 -1.326847 0.018085 -11.427600 -2.883653 -14.412200 -11.399530 -2.271269
3.907116 23.266970 -8.954848 -20.442970 -19.379480 -4.080808 8.856817 -2.233489 -6.869924 -10.570070 -3.886392 12.493030
4.501408 20.849200 -4.921957 -12.485480 -15.747760 -8.433074 -4.118498 -4.915914 -6.456720 -13.107690 -9.698793 -6.857390
2.521486 20.394670 1.551361 -9.185397 -16.581840 -8.017689 -4.624859 -1.472636 -5.114711 -7.873135 -9.000221 0.268202
2.568383 19.989430 -0.517141 -7.574213 -12.182390 -5.707541 -0.874669 -3.871823 -0.452016 -10.112440 -14.467980 -7.826602
-0.930767 19.188070 -0.492913 -9.386292 -10.818320 -0.762364 5.289696 1.670743 -4.522011 -9.753248 -8.137461 -1.057580
0.304320 17.777470 -2.827918 -17.013950 -10.866500 3.067190 1.451477 -0.924211 -3.504061 -1.771409 -6.127710 -4.323717
-9.527113 9.023212 -5.984037 -11.900060 -14.865500 -0.925965 2.165836 -0.175159 -0.498998 0.121479 5.177237 5.817737
