-3.156627 9.938997 -6.746614 -7.956049 -1.188500 0.498662 -18.925820 -10.166850 2.034660 5.940986 -4.887937 -16.992950
-5.589857 9.090611 -8.377772 -5.654112 -2.968132 5.135448 0.579557 -3.249482 0.293258 0.184697 -0.116029 -18.043990
1.980508 6.155772 -13.601700 -12.133520 -0.628685 10.549590 -5.304949 0.267806 6.781591 2.130376 -12.326030 -21.285870
4.300182 11.174840 -13.349230 -11.814750 2.877808 6.877534 -4.172124 -4.621414 0.092674 -2.026398 -13.138130 -18.332110
5.833180 11.006240 -16.813520 -17.756020 5.900199 8.323392 -6.808804 -4.330488 4.401676 -4.756387 -6.611714 -22.693360
3.965229 6.531455 -15.136340 -12.201500 5.573640 8.517234 -9.252074 -13.656180 9.970290 -5.143276 -11.485330 -22.544010
0.480004 4.476495 -18.197960 -14.206300 4.306408 10.913410 -12.246630 -18.740540 7.785799 -11.631920 -13.860690 -25.686560
0.116127 4.189564 -17.552400 -11.440370 0.786914 8.762269 -11.287470 -29.616050 8.577814 -19.418840 -10.545570 -27.108850
2.033715 1.597643 -14.873000 -15.918070 2.248398 7.644450 -11.589430 -28.426170 5.199495 -21.108240 -8.170743 -27.396970
2.010861 1.364154 -15.663660 -14.491590 1.936370 7.547530 -13.120910 -30.285350 8.518477 -24.927970 -9.354714 -24.798250
2.444014 0.840553 -16.396780 -14.456060 -1.251976 8.184721 -11.497330 -31.795910 4.121117 -19.115510 -12.259810 -26.078240
2.581138 1.059409 -15.983880 -13.896800 0.224804 5.950575 -11.144720 -28.916400 7.318845 -23.238580 -12.149630 -23.232970
1.985864 0.964614 -17.179760 -14.982360 -2.706578 1.995217 -15.551690 -28.930080 5.628396 -23.644430 -19.712740 -25.697830
2.454370 0.117181 -17.628460 -12.459500 -4.236893 2.051878 -15.009610 -28.683180 3.793475 -20.442590 -21.831710 -25.213170
1.916945 0.856458 -16.863370 -12.575370 -3.026254 -2.111735 -10.199380 -27.277930 7.557482 -22.631220 -21.066230 -23.064600
1.748040 1.444952 -15.818330 -11.172070 -6.805772 -1.736975 -9.976371 -29.536330 11.164120 -17.454910 -16.856380 -28.395880
1.660553 0.862502 -13.987760 -9.676064 -11.678920 -2.399514 -10.488180 -20.609840 3.862486 -13.551610 -18.159540 -25.096940
1.015643 2.414219 -15.734600 -10.173530 -9.243110 -9.165075 -13.362350 -19.782870 9.514946 -16.855970 -18.614590 -31.896990
1.853383 0.762299 -13.278920 -8.202722 -3.934042 -10.540850 -11.366420 -12.836950 16.745630 -15.924210 -15.399590 -31.376400
0.441081 -0.451591 -14.864060 -7.739760 -7.377059 -14.222840 -14.991190 -14.076800 11.162830 -18.758820 -17.575240 -26.412850
0.105414 -0.689533 -11.669490 -7.299972 -11.479310 -14.187550 -14.516220 -7.797801 8.357882 -19.971440 -16.158180 -23.695790
-1.322599 -0.757290 -9.674645 -7.190797 -15.140290 -14.740250 -15.451690 -10.893870 6.218538 -16.702900 -19.242330 -19.393010
-1.904660 1.365108 -5.889489 -9.806868 -18.322520 -19.077820 -12.713700 -10.427440 9.507852 -16.035150 -17.820510 -17.498750
-1.545782 1.148796 -2.692367 -11.257550 -17.404020 -17.250250 -13.122230 -9.492190 1.463867 -15.483250 -9.292734 -14.043430
-4.091496 6.884233 3.407858 -9.670400 -19.637930 -20.689690 -8.824469 -13.046360 3.275569 -6.301134 -14.522340 -15.863720
-6.002656 7.769202 2.724587 -9.533932 -21.126180 -13.899770 -11.718370 -19.297400 -3.553949 -11.549760 -13.439550 -20.700470
-5.497727 5.017592 4.313560 -5.703035 -15.391900 -15.534010 -11.877570 -26.542590 -0.589697 -10.261300 -13.522720 -18.130640
-6.482231 8.140112 6.856812 -4.883710 -15.641980 -11.498630 -14.690550 -21.806860 0.460949 -14.648390 -15.603010 -23.391470
-7.615286 10.862140 7.722886 -6.481677 -10.902670 -7.165527 -16.011530 -26.010110 -1.691295 -18.569230 -18.713120 -22.136140
-6.966806 9.241075 10.593390 -8.162039 -11.198640 -6.485094 -13.820210 -29.714810 -7.394707 -14.929950 -9.850552 -26.379740
-7.011800 10.695130 9.568805 -5.646388 -12.088840 -14.178110 -10.000050 -22.792680 -0.113069 -21.102620 -15.105050 -24.527040
-6.993588 11.935740 9.382167 -7.033730 -11.084690 -9.510510 -12.759090 -24.734560 -7.990653 -16.217010 -7.715165 -22.310840
-8.131999 11.454450 12.254590 -9.452565 -8.430919 -15.883420 -14.360970 -24.539420 -8.816852 -14.295900 -18.512350 -20.653980
-7.870965 13.907680 13.034380 -5.866797 -8.619054 -13.908220 -13.354450 -25.356270 -3.374004 -10.693830 -16.744600 -25.590760
-8.943671 16.238120 13.349490 -9.735802 -13.490670 -13.256620 -12.105850 -26.124340 -7.104473 -14.114750 -15.082280 -24.946190
-9.282195 17.129760 12.957040 -7.605351 -9.906935 -10.637770 -13.578120 -30.663740 -8.313135 -10.990140 -12.554350 -18.105980
-9.392536 17.027650 13.828860 -6.637199 -10.729830 -12.848060 -6.495665 -30.237170 -8.848454 -15.889800 -15.160680 -19.280300
-9.203634 17.254460 16.397040 -3.640562 -12.890320 -13.316260 -11.065120 -21.012020 -6.162827 -17.959760 -18.502280 -20.248920
-9.532874 14.220380 15.431260 -3.061730 -12.504880 -14.927630 -12.790670 -20.286790 -6.898730 -22.011910 -27.035350 -24.872920
-8.919032 15.757140 17.943830 -2.415952 -12.686130 -11.131820 -6.910113 -28.250060 -6.876801 -20.432760 -13.871290 -19.898810
-8.717989 13.757530 16.372120 -0.264388 -16.132200 -9.998096 -9.971108 -29.951590 -11.170320 -22.271010 -17.189060 -13.918740
-7.430669 13.318230 18.709550 -1.169198 -13.844760 -8.489613 -11.560480 -31.791150 -15.080090 -6.804581 -21.919120 -14.128660
-7.031797 13.917540 16.709600 -2.376299 -21.332670 -8.403626 -5.298370 -31.999970 -18.831200 -8.413927 -22.601420 -22.085420
-6.536152 12.945730 13.444720 -0.340089 -21.719650 -11.969810 -2.282767 -28.866420 -16.891150 -8.812050 -15.413890 -26.932030
-5.976231 10.755250 7.635319 -2.247040 -19.891840 -21.505810 -4.764193 -29.159130 -19.567750 -4.149723 -14.742710 -35.396690
-3.866528 9.744635 2.677288 -4.046361 -18.711020 -17.626500 -6.698284 -23.944480 -15.201350 1.178250 -19.242860 -35.028970
-0.751965 8.520885 -6.048003 -3.488129 -13.593150 -17.166750 -9.059980 -26.959040 -7.920352 7.652847 -23.307570 -33.477770
1.170264 5.790269 -7.441391 -7.049694 -10.744360 -11.294350 -16.848970 -23.803480 -1.267554 6.368600 -17.432210 -31.285530
2.967155 5.408225 -10.533690 -11.088130 -11.236110 -6.304175 -16.687140 -24.739920 -5.246978 4.073246 -6.744679 -29.229940
2.782538 7.724985 -13.561430 -16.578780 -9.238522 -5.259420 -15.863510 -24.346660 -9.185770 0.140461 1.595565 -25.596390
3.437446 9.620255 -15.603570 -16.442830 -11.769930 -6.622274 -15.287890 -15.337480 -12.505400 -4.561187 5.850975 -23.721150
4.203053 10.735210 -15.607410 -20.966880 -12.720540 -3.358781 -16.041790 -16.658250 -10.351860 -1.423946 -1.489648 -20.644820
5.077215 10.534170 -14.668470 -20.442640 -18.070910 -3.179850 -11.960460 -11.604230 -13.777270 -9.765580 3.236173 -19.089400
5.530009 14.335210 -17.088360 -23.498500 -17.202890 -3.079947 -13.136700 -13.068380 -11.405090 -12.269470 1.430286 -16.132120
6.246337 13.325860 -14.972710 -19.993070 -16.383050 -0.611701 -11.583510 -10.472060 -8.607238 -4.667213 3.090494 -21.109760
6.456307 12.800990 -14.797580 -22.899580 -19.350380 -2.730039 -12.484110 -15.320820 -10.674350 -5.931799 -3.371818 -21.302770
5.862105 14.672720 -13.871430 -24.026350 -17.171530 -2.014814 -13.042630 -11.198480 -10.434420 -10.749300 1.498092 -15.660840
6.369891 14.337440 -14.908160 -20.504440 -15.822470 -1.707650 -12.470950 -9.709344 -9.591453 -8.600700 1.599273 -11.678590
6.663064 13.335410 -15.788290 -20.768620 -15.261120 -0.718562 -14.285320 -11.636950 -10.164830 -10.710680 5.713772 -18.144730
5.297184 13.002350 -17.024450 -23.146770 -16.988750 0.750159 -14.264920 -17.862410 -15.016890 -7.574848 1.154820 -15.455140
4.980086 11.136660 -17.565820 -21.768180 -17.134060 -0.298075 -17.160800 -18.355020 -17.529020 -7.506037 0.778174 -16.292730
5.009725 12.402090 -15.495550 -19.656270 -13.990830 2.265104 -20.152720 -19.335480 -5.162488 -5.219811 2.186756 -13.152300
4.605496 10.906040 -13.437430 -16.932060 -11.688100 -2.026246 -23.317000 -18.477580 -3.192125 0.105353 3.196442 -18.096120
3.531004 8.476350 -13.257190 -13.667630 -10.628120 -6.480124 -25.361610 -18.712580 -4.402721 3.909644 -0.247405 -25.250510
3.656701 6.540679 -10.122060 -10.938780 -10.365800 -8.142686 -29.173870 -17.142530 3.965035 2.122652 -6.148721 -28.569870
2.786823 4.860130 -6.704429 -7.795377 -11.477780 -13.028480 -27.964740 -14.410560 5.662579 -0.296983 -15.349790 -27.554060
1.910161 4.648908 -0.586946 -3.513878 -13.109810 -14.140830 -23.579480 -14.010170 9.385954 -0.065973 -16.062830 -26.007790
-0.177046 5.447034 2.343003 -2.783129 -17.272480 -20.731440 -17.129880 -15.022160 0.994333 0.390429 -20.749440 -30.132340
-2.285321 7.744071 6.101954 -4.765781 -23.243080 -13.836150 -11.224980 -24.669120 -5.345013 -0.576442 -8.938868 -33.515810
-3.662271 8.213913 8.891925 -5.997086 -23.142130 -12.890810 -10.509890 -27.697360 -10.042930 3.350024 -10.144560 -38.647020
-5.334536 10.550080 12.654070 -5.264277 -25.064770 -11.675070 -8.208717 -26.134460 -7.528214 2.197081 -15.324900 -38.763260
-7.187490 11.949740 16.623310 -4.967136 -27.577060 -12.963870 -9.090241 -23.041360 -7.855855 -2.258110 -23.707520 -39.125340
-8.496591 10.980150 15.056710 -3.596789 -18.388290 -9.924536 -8.040306 -29.591060 -11.478620 -3.915904 -23.677320 -37.593870
-9.214347 13.885410 17.474680 -1.141389 -16.248450 -4.716167 -3.810962 -27.496870 -14.130060 -7.077018 -25.530360 -28.087330
-9.393965 14.951060 19.063010 -2.797033 -15.401840 -6.144629 -8.008729 -24.325240 -14.885960 -3.266408 -19.444690 -27.176470
-8.396962 14.436690 16.518480 -5.636603 -13.443250 -6.818103 -15.482610 -25.126630 -8.119000 -7.638042 -16.114210 -27.422330
-8.894750 17.462180 16.735160 -5.009364 -12.713660 -5.587460 -13.931390 -24.022420 -7.855211 -8.080401 -17.312480 -21.762780
-9.972098 18.205280 16.724300 -5.829719 -14.045130 -9.430985 -11.444700 -25.515120 -8.393110 -13.119790 -24.931220 -17.987640
-9.913535 19.711820 17.471490 -1.085772 -14.319690 -11.699920 -11.659820 -22.467840 -3.826769 -12.866310 -24.007880 -27.561810
-9.171139 19.619260 15.261880 -3.539112 -15.164760 -5.908540 -12.580160 -30.688130 -2.331743 -1.825581 -25.048820 -30.726190
-8.345183 17.134860 13.594930 -5.524854 -17.295430 -9.765984 -5.665453 -32.019010 -4.981254 -7.321369 -25.921840 -23.863450
-7.732413 17.889720 13.356520 -9.488614 -15.181590 -5.405547 -8.616587 -24.886870 -7.101248 -5.139063 -19.356230 -16.994360
-7.949882 18.043680 16.473100 -11.954830 -22.897400 -8.864869 -3.908982 -18.085510 -11.338010 -5.881946 -19.126320 -16.418830
-8.712989 18.040820 17.406930 -12.977050 -23.627760 -11.682030 -11.641400 -19.448520 -5.486260 -4.252940 -15.286230 -16.320210
-7.582791 17.198790 19.951460 -12.520780 -17.944720 -8.852444 -15.013560 -24.881510 -11.821090 1.343959 -7.907991 -7.449075
-8.545870 15.626400 19.977660 -10.984620 -18.210860 -13.382860 -14.839890 -19.594280 -19.424570 5.582183 -11.664390 -9.244717
-3.597637 18.815720 13.504800 -8.022996 -14.061960 -6.837488 -14.845150 -13.674030 -11.675970 6.374218 -4.821189 -7.196178
-5.249547 16.642430 8.588320 -7.142389 -17.467500 -12.839610 -7.650857 -19.112380 -2.245318 10.988800 -4.234236 5.934757
-2.762397 17.245560 10.459170 -7.535315 -23.068710 -21.658900 -5.764789 -13.817410 1.009168 18.666190 -3.898910 -8.026724
-3.674055 9.793623 -0.353010 -10.712190 -16.723370 -19.247310 -9.375093 -15.052500 5.038255 5.576566 -4.279264 1.689745
0.444295 7.738664 -4.447525 -7.065658 -9.188046 -21.190690 -7.139046 3.411470 10.285030 3.159739 -16.045870 -4.453053
-3.101278 8.214867 -4.602203 -5.903360 -1.877562 -16.500230 -9.440878 -0.728719 19.414490 -6.509675 -18.795230 -9.917465
-3.648344 2.697014 -6.411050 -11.061350 -2.445790 -9.005032 -11.722970 1.905676 14.106440 -4.858902 -14.726290 -19.785390
-2.202833 0.969067 -8.076085 -12.386890 -3.197564 -9.673038 -6.932480 -5.438862 11.146060 -10.504950 -20.007280 -30.208420
-1.704331 1.665399 -15.595260 -8.658475 -2.968132 -13.991230 -5.861494 -9.946725 11.035120 -12.331970 -14.773440 -37.023270
-2.853099 0.441967 -19.344630 -9.472135 -4.873186 -12.985240 -5.526646 -16.145410 12.261200 -16.681840 -17.190650 -38.212380
0.685690 -0.553066 -18.961770 -4.122578 -6.254369 -15.869500 -9.088926 -19.720410 8.731316 -16.549130 -17.380290 -37.813660
1.999077 3.671689 -21.909610 -1.706832 -1.863032 -13.416170 -1.144021 -22.296500 4.096608 -12.651450 -19.183000 -27.268760
1.142768 4.013016 -18.457460 -2.372179 -2.384608 -7.789299 -1.899238 -25.575810 9.673607 -10.672070 -21.554650 -28.188060
0.744253 5.278120 -16.712530 -2.756350 -1.144143 -8.624308 -5.127986 -20.914450 0.464818 -8.369691 -19.837230 -28.245830
-0.858022 6.474195 -15.377950 0.962797 -4.026580 -10.867400 -7.184438 -22.224510 -2.280791 -15.104090 -22.334960 -22.139660
-0.172047 11.967870 -8.207114 1.665737 3.930903 -8.607409 -6.916691 -22.115630 -3.197284 -0.842560 -10.760650 -24.329790
-1.970723 13.728900 -2.426473 0.925719 6.593085 -9.184460 -5.831890 -10.178160 1.718627 5.253574 -11.196090 -19.907960
-6.295115 4.509260 -8.339422 1.179086 11.962570 -1.870675 -5.293765 4.621579 2.658339 3.582438 -9.868033 -15.674220
-8.693707 2.418672 -6.809892 3.356399 5.085713 3.382426 -6.464746 -11.174680 -1.203057 0.426941 -13.752630 -22.416510
-7.198559 3.946213 -9.957158 -1.128515 1.589927 1.020046 -3.900430 -0.657327 -5.058649 3.892792 -7.351763 -19.649430
-7.240339 3.237793 -10.131650 -0.156243 -1.243564 -2.670892 -6.743018 3.919549 6.014084 -1.162042 -13.353200 -16.834450
-8.576580 3.304914 -8.396308 0.604375 3.410856 -1.017276 -2.846548 4.712010 8.539117 2.201294 -3.942349 -10.546540
-10.680210 2.295248 -11.153680 -0.958059 4.860869 -3.979073 -4.389216 5.981018 8.127629 6.048416 -11.043530 -6.867905
-12.384260 -0.130941 -11.954560 -8.483898 -3.637310 -2.683318 -7.532443 -1.368280 11.092530 13.730020 -5.033086 -8.986888
-5.439521 1.169155 -14.382760 -8.241860 11.631420 2.205461 -7.445606 -10.085940 9.645874 9.804960 -14.646830 -5.130028
-8.415174 4.148529 -16.713170 -10.822910 13.609890 -6.174948 -8.733685 -9.606419 10.520440 8.099419 -24.266400 -7.333546
-10.653070 5.931508 -9.640770 -2.975729 19.494070 -4.881678 -7.477841 -1.488458 8.275327 13.593800 -24.578410 -2.583444
-2.246398 11.193600 -2.606719 -2.746051 3.683116 0.390807 -3.463615 -8.417133 4.585490 -6.050464 -15.597180 -15.537560
2.149770 10.317860 -11.425970 -3.083359 4.957996 -8.081055 -4.062920 -11.053910 3.558708 -3.033292 -17.875070 -21.396470
1.512002 8.322387 -13.549290 -3.595244 -0.668453 -7.323085 -2.527488 -10.290010 7.430424 -9.237557 -9.096730 -33.729970
3.311749 6.048889 -12.357880 -2.081218 1.389556 -5.314094 -2.932727 -11.131250 8.337243 -6.027995 -11.402690 -29.306730
3.740975 7.214108 -13.728890 -6.243758 6.852344 -5.719172 -3.622816 -18.090860 12.761690 -5.397457 -15.202000 -29.975950
4.146275 6.830473 -15.786380 -3.865605 6.349122 -0.528697 0.513771 -22.350640 18.335470 -6.714003 -12.301660 -28.977050
3.879527 7.669317 -14.485670 -5.165401 4.288053 4.180655 2.219587 -24.346070 11.829720 -4.671426 -4.401105 -36.408280
3.980941 9.607532 -13.893160 -1.468398 1.075998 2.166195 2.624825 -18.797060 5.612917 -6.834072 -2.798108 -34.135730
2.790751 8.959233 -11.351180 -3.303253 5.499457 1.263093 6.923244 -23.852270 7.347869 -2.870391 -8.538913 -33.616550
2.320460 9.568087 -11.278960 -1.762449 6.499782 2.708951 -3.587950 -17.640490 7.543293 -6.233727 -9.820887 -21.870560
3.532075 10.315000 -11.388900 -0.785542 5.520870 -0.352251 -2.940621 -14.352260 7.654226 -7.595913 -10.959300 -21.998070
3.617420 10.886950 -10.237750 0.562662 3.709119 2.598114 -4.195807 -14.525980 6.599711 -1.559463 -8.879537 -27.314540
3.156414 11.731520 -10.488950 -0.490976 6.868404 3.405289 -7.304825 -13.906050 5.306560 0.845427 -9.073421 -25.671770
2.565426 13.850420 -10.887790 0.538458 6.956353 5.096679 -6.083190 -14.904360 6.696455 2.864131 -9.090373 -24.124090
0.331097 14.225780 -3.534792 2.751819 10.020810 2.489761 -1.711749 -10.312020 -3.010245 -1.081293 -12.178760 -20.298930
-4.546789 10.190620 -1.137270 4.898233 12.632510 6.688166 -4.019502 -2.687858 4.062425 7.445710 -11.970580 -15.480500
-9.864614 4.519121 -9.895159 1.874302 9.724073 3.473879 -4.214227 1.294078 6.381069 13.863430 -2.199501 -12.885310
-9.407535 4.044190 -7.884334 -0.637229 -0.195058 5.712001 3.376095 -4.748731 2.384875 6.416347 -9.738776 -14.984570
-11.596510 1.943423 -6.933251 -1.732065 2.509951 -0.521241 -8.328446 -5.114620 5.182081 2.751786 -12.532630 -16.792890
-11.129080 2.711329 -9.270052 0.229473 4.944995 3.702512 -8.844862 1.902107 12.330210 12.661340 -1.331255 0.270280
-12.629220 4.445321 -6.646904 1.841859 1.093588 1.750679 -6.907482 -0.128425 5.890251 9.145634 6.661479 -13.765870
-9.445029 -1.134881 -17.904580 -6.342119 14.590340 -5.513899 -15.216180 -3.841447 5.036320 9.924327 -8.125714 -1.094943
-8.159139 2.207769 -14.722160 -0.225250 22.541700 -4.253433 -15.981920 -0.871505 4.929255 14.077590 -18.660150 -4.152957
-7.195703 6.515549 -13.307680 5.899859 22.100430 -3.263351 -11.118410 -1.599117 9.667803 14.360560 -14.994870 4.822432
-8.836901 5.271758 -7.077064 5.953416 19.684500 -3.389100 -7.133783 -2.013196 10.905490 8.584610 -11.490630 -1.420398
-10.143860 4.437050 -7.739882 1.801176 21.817460 3.766629 4.141179 -0.221235 22.699290 19.407670 7.680701 -2.830706
-11.724350 4.077591 -10.076040 1.869667 18.444040 -0.988946 2.183405 1.231609 11.386630 6.421964 0.479400 -15.179000
-7.621000 8.178921 -9.774995 2.769843 16.646050 4.974907 4.326036 -8.712819 9.580732 -3.316262 -0.019086 -13.543970
-2.859169 13.594030 -10.093940 7.770762 14.162060 6.409830 -1.701224 -23.316230 8.486875 -8.295964 4.308899 -22.363680
0.553208 14.185070 -15.981960 -0.059943 6.440895 4.461476 7.401505 -12.866100 15.243510 -11.435310 -6.651975 -25.215290
1.341669 13.655100 -20.168520 5.403938 6.376654 7.351700 6.391040 -15.702180 12.927450 -11.999140 -5.802800 -23.317500
1.282392 16.889280 -18.801330 2.423780 7.443514 6.578820 5.181247 -22.251880 15.286720 -9.795774 -10.086290 -28.757260
0.465364 14.571880 -15.854770 2.365073 5.904788 2.376439 7.838319 -25.929200 13.266050 -9.603382 -9.899817 -19.493040
0.879234 16.152550 -16.534840 2.537589 7.601823 -0.057513 1.303196 -20.739540 12.234110 -9.881436 -4.975344 -24.043790
0.252536 17.334630 -11.578090 4.789574 3.740474 2.160728 -1.792665 -17.437620 5.986996 -0.843262 -6.882942 -17.773480
-1.895376 13.433060 -0.237321 7.214074 2.607843 0.698965 -8.940251 -13.446160 4.796393 7.619143 -14.277600 -14.907780
-8.613717 6.133505 -4.580472 2.716286 4.732388 6.794034 -5.931884 -3.024594 18.449630 8.509480 -12.464290 -9.310230
-12.372470 5.608631 -3.881221 1.398466 8.384188 7.841771 2.576802 5.092177 15.505370 -0.018929 -6.457030 -12.376700
-13.454110 1.675261 -7.854293 0.858772 7.019829 6.669279 0.611134 6.969809 8.971242 5.235318 -1.549508 -14.637280
-14.104730 -0.672674 -7.383226 1.180116 6.014150 5.658322 3.516876 6.783592 0.932417 15.626550 3.218692 -2.569355
-15.123870 1.647904 -6.799665 2.316665 8.282473 8.140983 1.403848 6.405805 3.897959 3.291043 -0.247405 -12.989570
-15.966970 3.418795 -5.928478 -0.271082 4.141216 5.408316 -0.066456 0.217236 -0.293014 12.037120 0.263266 -11.754670
-16.738650 0.547260 -5.733532 0.744448 -0.868059 -2.590374 -4.531312 -4.398312 1.682509 4.300044 -2.574028 -9.914648
-16.681510 0.977020 -6.219300 0.226898 2.205571 0.429078 -5.477964 -1.661586 5.759969 9.143528 4.814272 7.040038
-13.028450 2.969312 -9.025250 -0.154698 5.916259 1.021537 -4.905632 -4.727908 -0.974095 -3.834454 -6.728258 0.430190
-6.144064 5.222452 -14.419190 -3.186869 8.599854 -0.115666 -12.389380 -15.179220 4.442953 13.824810 -26.037850 -3.155457
-7.948097 7.080186 -9.469472 1.431424 11.525880 -6.107849 -18.770570 -11.005720 2.975661 17.124250 -19.034140 -5.411808
-8.026657 6.293512 -3.714398 5.132032 14.447320 0.300845 -6.060165 -4.683883 13.993570 8.457520 -12.629570 1.568580
-6.708271 12.324790 5.457672 9.228655 6.535727 -2.620195 -9.379040 -6.092106 12.240560 6.334897 -12.320200 -6.935532
-0.364877 17.199750 1.074893 4.904413 -1.135731 -10.660140 -16.991730 -11.003930 1.765710 1.711188 -12.470650 -20.098870
0.863522 16.008440 0.575702 3.259069 -6.773652 -10.175540 -21.553950 -11.960600 -10.014550 -1.374093 -6.294400 -18.426510
0.502858 14.471360 -0.455916 3.201907 -6.545749 -8.143183 -22.277590 -18.233050 -9.875881 -2.405563 -12.450520 -23.409080
-1.136554 17.016520 -0.214950 4.836436 -7.779331 -11.145740 -19.421180 -17.052100 -9.278000 -4.100572 -10.165220 -21.767010
-1.901090 16.503100 0.963038 4.972905 -7.139214 -14.381890 -17.727210 -15.903860 -11.248360 -0.659297 -15.131010 -21.778280
-0.836239 16.101970 2.193438 3.816787 -6.338495 -16.465940 -20.792810 -10.187080 -8.598208 -3.057868 -16.641830 -21.810680
-0.923370 18.072310 1.611155 5.034186 -4.025815 -15.289970 -21.359880 -7.494381 -12.482820 -3.505142 -14.089010 -23.957840
-1.001573 17.151400 7.709463 6.711974 -3.604424 -11.978260 -16.454920 -7.945346 -12.841420 -4.281026 -9.502512 -14.305480
-5.027793 16.802120 8.167747 9.722001 3.800891 -7.590487 -18.098900 -9.621292 -12.562800 2.136696 -9.836779 -2.008613
-8.880109 11.685710 3.991419 7.570436 -1.254271 -10.223750 -19.146860 -11.525700 2.088192 10.177810 5.661328 -0.208041
-12.490320 10.327720 2.753989 4.499643 -4.678168 -10.599000 -12.518320 -11.466800 -10.644030 1.160696 5.166550 -3.883857
-13.703000 5.246627 -4.274310 -0.417850 -6.225308 -6.206758 -13.313010 -13.910220 -9.968111 -7.340328 -3.773891 -11.578560
-15.729500 3.574667 -4.276866 0.866497 -0.622567 -5.664499 -15.952980 -15.736680 -12.038440 -3.885009 -5.720690 -7.079944
-15.290640 5.798540 0.634505 6.020363 -0.969775 -9.187442 -16.745030 -17.116350 -8.436323 -1.685851 -10.991610 4.618141
-13.414470 9.498103 0.493888 2.699806 -2.217887 -8.661585 -22.452580 -14.245760 -2.022806 -3.127381 -5.486545 1.471366
-13.971180 10.703090 4.021460 2.618440 -0.411489 -8.416550 -13.000530 -9.189960 -4.762611 1.082055 -4.402164 -3.194201
-15.978750 6.824111 4.278406 0.649692 -5.159976 2.701993 -2.518279 -26.562810 5.612272 2.789702 -7.634645 -5.217380
-15.808780 6.830155 4.867080 -1.799012 -11.776810 4.024587 10.269750 -16.183490 16.632760 18.942140 -6.574633 -8.338795
-15.214930 8.038000 9.959336 2.433049 -2.579626 8.524689 13.937940 -12.058170 9.607821 21.087230 -2.499864 -5.878153
-12.239990 13.292460 15.768740 1.807355 -4.717937 4.397359 -3.865564 -20.104140 2.932449 7.608611 -15.742330 -9.909012
-3.307678 14.159620 15.089940 0.997300 -21.653880 -6.349902 -6.436458 -14.453400 -5.925480 1.493519 2.676237 -16.807680
-5.396669 10.983340 13.744490 -2.452000 -27.548760 -8.257997 -7.384426 -19.611530 -10.128710 -3.065591 4.332737 -22.348880
-4.194695 9.295789 12.764010 -4.236902 -26.509430 -5.647103 -7.656777 -16.996770 -11.152260 -4.285942 7.155728 -26.269850
-4.348960 7.723394 10.429130 -4.440832 -26.114810 -7.355889 -7.217331 -19.107020 -7.604965 -9.468568 3.715059 -22.050200
-4.511794 5.804266 9.785482 -5.414134 -26.606560 -5.344909 -5.625324 -18.128940 -4.647162 -4.520462 2.459043 -24.467860
-4.665701 4.092224 8.372281 -3.809988 -25.195550 -7.204295 -6.202920 -16.704650 -2.148574 -3.403329 3.083078 -23.870490
-5.651277 3.475100 9.646144 -6.707236 -26.066630 -6.394635 -9.500085 -11.493570 -3.105700 -4.090742 0.029120 -23.366110
-3.802251 2.714510 10.397810 -7.519866 -26.065100 -11.304290 -7.898210 -4.572629 0.080420 -3.052952 2.983486 -20.332750
-1.786463 2.074483 8.158159 -4.179225 -23.431220 -3.318024 -4.445133 -0.980379 0.595101 3.112695 1.213092 -17.176820
-1.678264 6.463062 11.806530 -2.343855 -22.071450 -7.484123 -4.729984 -1.608041 0.631864 2.879578 -0.088482 -14.487930
-4.349317 5.389775 12.067320 -1.374673 -24.940110 -10.618890 -1.432161 5.461040 6.030209 13.996840 -1.116180 -15.190270
-9.325760 2.695424 6.737288 1.170332 -21.087180 -7.578061 -1.504525 1.159026 -5.919675 7.614930 5.939972 -9.279235
-9.252199 4.560474 8.785184 3.229200 -17.875890 -7.326067 -4.903658 -2.903226 -13.486390 -10.724730 -4.854033 -12.271030
-7.126427 5.292753 4.484218 1.094630 -19.517860 -10.505070 -10.118470 1.439243 -5.179257 -4.868732 -5.995096 -17.884790
-8.612289 6.284923 7.351529 0.081675 -17.896540 -16.122990 -3.441248 -1.925739 -1.450723 12.252680 -7.276540 -10.863540
-13.574810 1.158340 3.166252 -1.297942 -17.396380 -7.447839 -0.453932 -6.862554 -5.953213 7.056715 5.720659 -11.610960
-11.617580 3.368853 5.153428 1.123984 -14.480290 -5.097886 -6.685785 -9.492785 -7.916482 0.898089 1.528817 0.019496
