1.210594 3.234521 -13.901920 -19.062890 3.742559 13.278330 -7.405230 -14.903590 1.980158 1.883958 -14.852120 -10.009700
-0.503807 1.109433 -12.607290 -27.756300 3.687552 14.193910 -16.119920 -13.170880 3.265271 -3.096580 -16.299060 -21.806950
-0.874808 1.259003 -14.668920 -26.501050 -1.187567 13.112120 -7.492838 -29.195310 6.029904 -6.940593 -15.769440 -18.926750
-0.971371 1.022090 -13.538260 -18.018530 3.297366 11.530550 -4.282243 -28.735770 4.991378 -18.412740 -18.536320 -17.130340
-0.380139 -2.063767 -14.588250 -18.906490 0.613741 7.061460 -18.156670 -30.622640 -2.780733 -20.929160 -24.243380 -22.780330
3.204517 0.426061 -13.651330 -17.523590 3.111075 11.920920 -14.938990 -27.988540 1.906940 -16.985830 -17.646640 -16.307310
2.186380 2.494545 -15.228290 -14.621590 4.767163 7.193947 -11.756240 -32.741870 2.900020 -15.878870 -20.632390 -14.796730
1.865071 1.887645 -15.375740 -14.743180 1.883311 9.724225 -13.349890 -31.334460 5.248906 -19.040520 -14.386000 -20.908750
2.666367 0.959863 -15.978090 -12.090910 1.817302 9.271756 -11.755230 -33.337890 4.940882 -20.167940 -15.906140 -13.784980
2.881514 3.153551 -18.862250 -9.953252 2.434851 9.255196 -14.201660 -28.482760 3.090219 -19.481020 -13.171380 -18.206300
1.930575 1.866278 -16.299440 -17.723380 0.853573 8.711049 -17.128670 -30.599040 4.257509 -22.537280 -21.489950 -15.839800
0.812487 3.079329 -16.089180 -14.261360 -2.504076 1.963641 -12.932110 -26.529490 3.914139 -26.366130 -16.871260 -14.701190
1.149043 2.255384 -17.098830 -15.142250 -1.551348 2.320885 -13.812240 -32.072100 7.259471 -23.113500 -15.035140 -23.343380
0.220692 2.864533 -15.207130 -16.960550 -4.308317 -1.896245 -13.257220 -28.035750 5.932279 -18.033640 -19.799490 -28.160160
0.725525 5.730721 -13.452970 -17.082140 -2.276712 -1.285856 -13.424840 -20.509630 14.143700 -17.356580 -18.661070 -24.932270
2.141205 2.979615 -15.438550 -11.376000 -3.637961 -5.134504 -9.739748 -23.619510 22.519230 -15.540720 -24.956020 -24.552470
1.592890 2.292120 -14.107560 -8.828673 -3.747975 -6.128753 -7.595131 -16.616380 15.220940 -12.399550 -24.810360 -13.514810
2.332070 -2.176600 -11.960640 -9.256508 -5.598423 -11.882500 -12.117310 -12.614700 9.845686 -13.172900 -29.860060 -14.707450
0.758277 -2.082510 -10.428630 -8.207608 -9.473874 -12.410090 -13.727670 -10.336880 3.718889 -17.293650 -23.881840 -10.497560
-0.273977 0.304606 -7.506124 -9.576374 -11.081560 -17.914830 -12.063630 -3.924595 1.713374 -18.007860 -21.934410 -3.018265
-1.103508 2.325108 -6.021066 -10.246880 -14.514010 -22.622880 -14.525260 -10.293360 0.227962 -14.597530 -18.045540 -4.694861
-1.151507 6.127699 -0.384988 -7.528522 -18.781850 -21.377260 -8.769986 -14.728770 2.581897 -12.172090 -12.651470 -3.505347
-2.432225 5.099830 0.746327 -6.805543 -16.701110 -14.559460 -10.397560 -30.719270 0.153060 -12.793050 -12.289170 -9.921206
-2.867037 4.810437 3.935961 -7.044686 -16.587430 -5.366949 -11.146530 -33.772350 -3.056775 -10.692870 -21.457830 -11.877370
-4.611367 7.727607 7.218824 -2.963614 -12.335720 -4.752419 -8.864683 -31.372820 -11.246320 -14.110780 -23.049680 -9.974457
-4.172602 11.119730 8.184178 -5.020547 -13.344920 -3.328768 -8.883926 -31.299060 -5.693486 -16.342120 -17.090130 -9.605621
-4.690423 9.550182 5.117527 -7.553749 -10.006340 -8.194141 -11.615970 -34.360250 -11.791670 -23.234050 -23.518050 -3.622811
-4.968251 9.161826 5.917581 -8.756527 -7.660831 -6.544552 -11.915250 -28.584550 -20.769780 -24.947560 -29.993030 -3.711300
-6.377719 9.566301 10.030910 -3.337968 -2.141027 -5.239785 -17.576840 -31.108750 -22.770250 -19.549260 -26.845180 -2.156083
-8.197152 12.369510 13.816290 -7.166276 -7.344723 -3.058470 -16.330080 -31.164810 -18.022820 -22.776110 -30.545810 -6.303329
-9.559752 16.165360 15.713940 -5.125992 -7.936602 -4.426523 -11.774980 -28.565370 -11.229480 -11.601930 -30.791570 -1.874953
-9.128327 16.089640 14.356490 -6.688999 -9.311786 -4.842913 -12.344680 -23.882850 -12.668610 -19.622050 -34.271840 -10.915730
-10.370080 14.004660 16.736810 -3.271876 -3.142161 -3.755213 -12.294550 -31.363230 -21.093800 -17.417240 -31.212130 -6.617348
-10.537230 14.079250 16.244880 -4.502908 0.629876 -0.272680 -10.806740 -30.552570 -16.925380 -16.153340 -31.885920 -10.920430
-11.951780 15.764630 22.046260 0.689625 -2.754176 -6.527400 -15.365880 -25.325670 -19.767440 -14.705960 -29.505990 -7.522601
-10.389850 17.534350 19.509890 -7.780279 -4.001009 -3.408616 -13.925670 -23.527310 -6.673100 -6.536479 -25.320550 -18.980780
-10.313050 15.098500 21.955010 -4.826811 -5.984941 -4.088798 -15.607440 -27.740690 -13.822430 -5.331718 -19.127940 -19.082580
-10.094510 16.467490 22.477360 -3.813227 -8.346590 -8.234953 -9.275883 -21.290050 -7.598011 -9.440339 -19.404330 -7.526516
-10.175260 16.191970 22.050230 -4.246107 -11.334590 -9.262915 -8.223577 -22.096290 -9.866104 -12.990180 -19.565680 -6.279053
-11.340220 16.581830 22.097830 -8.625352 -14.133360 -4.981907 -8.997361 -27.207380 -19.017590 -12.605770 -21.032040 -7.763010
-10.450830 16.651930 22.888630 -6.786876 -11.264910 -5.275864 -5.732075 -29.341370 -14.581550 -0.374684 -21.097770 -10.048070
-10.536100 16.589700 22.450250 -5.018529 -12.761110 -8.641879 -8.672251 -35.100100 -15.130270 1.970391 -23.243900 -18.206300
-9.356462 13.934560 21.325550 -3.115474 -14.576360 -11.018380 -7.871121 -32.405510 -21.446420 -4.931395 -19.006180 -16.239180
-9.749487 13.434870 22.636050 -1.950535 -16.451010 -11.774860 -6.664869 -35.256480 -30.269680 -5.252866 -20.133400 -16.227430
-7.312282 13.377510 17.794080 0.490844 -15.259910 -10.061390 -1.633250 -29.746330 -31.188700 -0.386815 -9.409495 -18.057520
-5.753171 12.073750 13.293280 -1.868298 -16.495010 -12.783890 -6.150870 -30.579860 -32.633720 -10.068120 -10.015310 -21.773280
-2.979975 10.660520 5.707319 -2.800148 -12.658430 -13.309700 -11.966400 -26.906430 -23.129610 -5.758578 -12.144260 -23.687930
-1.087697 9.964028 -0.780386 -5.997805 -6.185901 -10.327550 -16.534660 -23.785480 -17.183750 5.323857 -13.497070 -30.231440
-0.256472 8.150826 -3.485360 -9.461344 -7.713639 -5.814687 -19.637900 -25.569830 -10.945870 10.521240 -14.436790 -26.416220
-0.411762 9.067361 -8.552144 -14.881420 -8.208705 -4.673163 -22.967500 -24.088650 -12.756980 7.024473 -8.557918 -25.438140
1.144525 9.221054 -9.309219 -13.265940 -6.854057 -2.326830 -17.696350 -20.107620 -12.379940 8.648512 -2.097130 -17.551640
2.003985 10.252300 -9.618000 -15.908120 -10.997210 -1.234398 -16.725070 -16.820710 -12.627370 5.918277 1.712560 -14.690230
1.982526 11.029760 -9.746935 -19.731880 -11.063950 0.198125 -12.577630 -18.689140 -6.424830 3.697544 -4.088627 -8.504596
3.297126 9.924294 -12.578860 -21.245950 -15.006880 -0.739344 -10.679120 -20.281700 -9.074164 -1.930486 0.468061 -6.665900
3.137884 10.546940 -14.169050 -23.341730 -11.712310 -4.105950 -7.799212 -22.613380 -7.975886 -3.527989 3.187882 -9.659655
3.409500 9.981647 -14.924140 -24.285190 -9.858192 2.925360 -14.456890 -23.256600 -1.924833 -1.760652 -4.027373 -6.709753
3.648929 10.029630 -15.666010 -20.998740 -11.319920 0.623387 -11.444300 -21.299640 -3.825150 -1.496803 2.206326 -8.109919
3.644976 8.074353 -15.232260 -20.352950 -10.445670 -0.405167 -11.334410 -25.872260 -3.958121 0.990812 2.732213 -8.929031
3.312938 8.655389 -13.056250 -22.822080 -6.619359 -4.365011 -12.735120 -21.492170 -4.842636 2.509463 2.652284 -9.815490
2.922172 9.619157 -11.488540 -20.270210 -8.103825 -3.789518 -13.265830 -18.606530 -3.777179 4.151699 3.113182 -12.667500
2.880949 9.251417 -13.217580 -22.298890 -7.660831 -6.515570 -23.839020 -21.000160 -4.219015 7.859238 -0.855619 -19.171850
2.900149 8.036118 -10.979410 -17.611380 -8.489609 -3.363665 -24.397070 -20.924920 -1.284381 12.324970 -6.075642 -12.386380
2.901843 6.150941 -8.642729 -15.159910 -8.734575 -7.050252 -24.523670 -23.902030 5.715148 5.158572 -7.465806 -14.626800
3.544461 6.162187 -7.370578 -6.879203 -9.640363 -7.596173 -22.708220 -19.031410 5.818664 10.634210 -9.959286 -17.680850
1.909117 4.983623 -4.396495 -4.822270 -11.967540 -9.289531 -21.248770 -17.922740 2.801553 9.481003 -12.552120 -20.734900
0.634045 3.418578 0.622021 -5.437282 -17.144830 -10.632150 -20.135690 -18.547520 -5.719575 2.777862 -11.462250 -27.137450
-1.542838 5.315375 3.765371 -2.793085 -18.524420 -8.401154 -9.297658 -26.027900 -8.736686 6.500565 -3.832407 -27.931500
-2.217643 5.102454 6.536465 -0.488936 -22.795920 -5.765004 -5.763472 -30.742140 -11.375080 6.865253 -1.828211 -30.816410
-4.268600 6.784456 8.875794 -4.197168 -24.801860 -7.033691 -8.577046 -34.226000 -11.968400 7.775837 -10.521780 -26.178160
-4.931546 6.146818 10.451440 -3.329391 -22.701310 -9.918256 -8.137996 -30.607150 -16.967460 9.925301 -15.100130 -22.232170
-5.348853 9.370624 10.346310 -6.084582 -19.154430 -6.994655 -7.242675 -30.062040 -11.459240 13.043730 -17.214130 -20.597080
-6.250664 13.684530 13.791820 -5.819709 -18.024950 -5.704083 -10.641650 -30.269310 -2.703306 8.276241 -14.459200 -13.243860
-7.352940 13.145850 15.423670 -6.318176 -22.227510 -9.306091 -7.883275 -21.463400 -12.131670 -1.514241 -8.784258 -13.315900
-7.405456 12.916440 15.297380 -8.144038 -17.763850 -6.801247 -7.911633 -24.892680 -13.074260 6.521036 -9.796440 -10.997170
-9.743840 12.316280 14.223590 -7.075967 -16.285980 -7.011216 -11.674210 -28.898780 -2.473551 1.830127 -12.971930 -17.144430
-11.457680 13.715640 16.057100 -13.214980 -17.364130 -9.199037 -14.680720 -26.595140 -12.427910 -0.575604 -17.077430 -19.112340
-12.153380 16.988180 17.601000 -12.952130 -12.328390 -0.952862 -10.271980 -30.350450 -3.351333 -0.159359 -10.054900 -11.658880
-10.890160 16.696540 18.012930 -7.824677 -14.769250 -6.474168 -13.059720 -30.049500 -0.279519 -5.564482 -6.266874 -12.009710
-9.765863 19.160120 20.668980 -7.742944 -14.187640 -12.823520 -11.663070 -31.062270 -14.297090 -8.499428 -11.486150 3.760165
-11.047150 18.378910 20.228620 -3.740576 -10.429530 -13.439230 -7.817949 -28.903210 -9.931748 6.323907 -11.542170 3.345127
-10.546270 18.684420 20.221340 -3.937844 -9.649164 -14.592000 -7.446755 -26.375330 -3.087914 6.087353 -9.269059 -11.483470
-10.691390 18.062900 20.062660 -5.656748 -15.545220 -12.811690 -6.314438 -24.495090 -8.905005 11.995150 -7.485228 -9.954097
-11.593200 9.018629 2.742493 -0.556542 -5.997409 -4.517609 -6.490160 -15.371990 -14.254170 3.251729 -3.784599 -7.467784
-11.413070 9.862441 4.136966 0.147770 -4.781380 -3.810810 -11.217940 -9.015031 -7.401078 4.039486 1.436918 6.500198
-13.661100 9.509322 1.966243 3.231404 -0.193033 -5.765004 -16.378690 -10.693890 -6.109233 5.388303 -0.412649 -5.023759
-16.033370 4.514672 -1.736483 -0.231630 -5.320452 -6.012826 -14.986590 -15.657460 -4.358719 -5.397680 -6.176487 -3.705035
-17.477280 6.204171 3.871825 4.012908 -1.249175 0.472564 1.964236 -0.322712 -3.432967 -7.966422 -6.366225 -4.614986
-16.708170 7.766218 3.967699 1.046322 -3.937201 0.555368 -5.082867 -1.521373 -0.352737 -0.796995 -3.678525 -12.775570
-14.993210 8.340505 0.731780 3.620390 0.840371 1.684471 -3.154484 -9.197227 -6.672258 -4.995082 -8.218780 0.326314
-7.869632 6.372859 -13.570000 -8.583981 -4.648629 -9.467561 -2.163960 -6.383878 20.615550 -18.291430 -23.584530 -11.480340
-2.545163 -0.440993 -12.656880 -12.146410 -1.010076 -9.548592 -6.445090 -5.888924 15.295840 -3.427908 -28.303320 -16.810830
-2.403426 -5.406029 -9.532705 -14.332500 2.096006 -3.892432 1.899923 -0.175922 12.744130 -5.906425 -25.673890 -23.272110
-2.549681 -1.835101 -12.407610 -10.825570 -1.455269 -1.004319 -0.268494 -8.819557 18.396270 -15.891760 -22.227240 -27.076370
-0.805916 0.306480 -16.512340 -9.410892 0.031396 0.827441 -3.304379 -15.976110 11.488480 -23.974800 -16.325950 -23.205550
1.282875 6.787830 -20.442520 -5.202175 0.758227 -4.139664 -5.542174 -20.644620 10.760500 -17.294410 -17.412090 -22.784250
-0.835845 10.615160 -19.071190 -6.962954 0.860907 -4.627621 -2.578704 -23.499280 12.783690 -12.851430 -19.535800 -28.310520
-3.229004 12.290420 -17.125280 -4.061956 -0.220904 -6.310332 -7.479671 -29.245470 16.976500 -17.305020 -19.997450 -33.618310
-4.992533 9.046743 -10.374410 -4.428239 -1.837387 0.084564 -5.855131 -33.551060 11.391690 -17.794060 -15.815750 -31.176630
-4.174861 11.343520 -8.505860 -6.686476 -0.008942 0.526387 -2.384752 -33.393210 9.805289 -16.889540 -21.495930 -20.860980
-4.025783 12.860210 -7.047250 -2.550915 -2.457870 -2.225690 -1.829228 -25.912830 8.701119 -12.963640 -22.761340 -22.651910
-4.444783 15.043400 -9.339635 0.037784 -2.461537 -7.057350 -4.557727 -23.788430 3.247597 -10.678460 -26.485870 -25.689510
-4.043288 16.205090 -3.779595 0.843000 9.978926 -4.208273 -4.142476 -12.129340 4.716177 -5.406021 -26.776450 -11.906340
-6.712016 5.285761 -6.674994 4.490689 12.870110 8.921610 -0.084163 -6.268069 5.218608 -0.263989 -19.962340 -16.774030
-8.869135 7.011247 -6.683590 3.490223 17.363110 12.462110 3.573585 8.092993 7.644920 -0.221530 -7.543494 -10.330760
-10.485840 5.444703 -4.434184 4.700570 14.001800 8.037965 -6.383816 -10.693890 0.868414 8.259562 -9.753114 -23.154650
-10.744470 2.759197 -9.263597 4.001808 12.190960 12.032110 -2.719484 1.765539 6.995211 -1.961572 -11.699790 -15.900100
-12.411440 4.988496 -6.093137 1.045817 11.052670 14.266660 -2.343733 -1.134851 -4.420156 2.933290 -6.888376 -11.178070
-14.263060 3.485303 -2.911438 4.400884 10.359580 7.770032 -0.522708 -1.988297 2.835217 0.949870 -11.755820 -5.495963
-14.997720 0.210141 -7.135851 3.843893 1.992592 9.580500 -6.136185 -1.606201 6.950606 0.464630 -10.523270 -15.391880
-14.533550 4.190042 -7.785812 -4.333893 5.965590 16.138050 2.755744 0.110281 2.425361 4.374606 -12.186830 -16.616630
-13.467410 0.463547 -11.249840 0.643209 12.749100 6.164802 -1.741114 -1.838557 6.121637 9.201231 -7.315659 -1.838931
-10.548520 0.900261 -15.293750 -1.840549 19.844310 -5.352754 -5.121353 1.260995 12.245070 23.320970 -7.486722 5.517420
-9.489165 4.704352 -12.664150 -0.073715 19.604480 -3.831512 -8.061022 -3.611837 1.377578 3.472362 -28.478120 -3.278251
-4.505770 11.205940 -4.473856 -0.861273 13.461990 -8.268666 -6.855783 0.586057 -3.172074 2.012092 -24.322570 -9.788864
-1.195553 10.692380 -8.647357 -5.305602 1.836371 -6.916582 -5.546225 -9.541704 2.629868 1.956744 -23.615160 -17.366050
-2.934235 6.383730 -12.865820 -5.604783 0.249226 -6.297320 -5.120847 -12.205310 0.306230 0.555612 -22.341530 -21.931460
-2.606150 4.426579 -13.021200 -4.470619 1.600206 -2.603043 -5.389240 -14.250040 4.748999 -1.265555 -23.337270 -23.633900
-0.022690 2.425196 -11.173150 -4.828829 3.081738 -3.371354 -2.554903 -16.106680 11.932840 -2.759186 -21.126910 -21.647990
1.390166 4.526668 -9.135984 -4.273855 3.302500 -3.775914 -5.415067 -11.991400 8.335868 -1.512725 -19.300500 -27.101430
1.962198 6.354866 -15.744030 -1.344100 2.935785 3.224049 -3.140811 -19.301380 11.566740 -2.420276 -13.567290 -28.774890
0.859921 6.371359 -14.415680 -4.039757 6.922718 0.810289 -6.133653 -15.279050 15.085440 -3.760752 -16.881720 -24.099060
0.540306 6.269772 -9.071848 -3.757730 3.006194 -1.162240 -1.961399 -15.276100 12.106200 -5.844253 -18.050020 -19.455330
-2.864214 10.234680 -6.856164 -1.718455 4.028597 -6.388405 -2.234856 -10.909280 3.805573 -3.644750 -17.610040 -12.327640
-2.063482 11.089740 -3.046323 0.697698 3.248226 -4.884315 -7.279642 -8.709649 5.364203 3.342712 -23.592000 -12.926710
-2.744499 10.506450 -5.220352 5.307004 19.534800 -9.432074 -11.941080 -1.103870 4.948457 9.743336 -17.031860 -9.133418
-7.586722 1.952496 -5.955607 0.826855 10.544400 -1.596374 -6.989980 -0.739477 4.591621 14.580570 -5.194932 -8.124014
-9.887836 1.541273 -7.481659 -2.375846 4.342506 -0.997222 -9.948893 -2.874937 5.241331 11.097460 -6.654566 -21.263490
-10.667110 0.140042 -13.150800 -4.820252 -0.969737 -0.625192 -4.201725 -1.218941 6.177182 3.548939 -11.097710 -19.886030
-14.077840 -2.218210 -11.640610 -3.516569 0.692952 -3.919640 -1.508675 -6.403794 9.626030 3.907562 -4.970832 -7.532781
-12.878440 2.462307 -7.053201 -0.092887 8.518664 -0.934527 4.765151 -1.523586 0.594897 -13.423860 -8.637846 -6.412962
-11.177590 -0.305668 -7.338179 3.561361 5.058335 5.158132 1.275529 3.673807 3.378044 -2.936602 -9.844248 -7.066059
-12.517600 3.754079 -4.424927 -0.116600 2.506727 -1.741873 -6.852238 -1.128212 8.151560 2.160697 -16.510460 -13.504630
-15.722780 4.898155 -5.455078 -6.558328 10.988130 0.833356 -4.351621 -4.236616 4.149785 3.761232 -12.742600 -7.835054
-22.670740 11.649400 1.246856 -7.634472 13.444390 -3.508573 -7.319142 0.040943 6.911051 1.575375 -3.845106 10.402340
-28.957440 11.947040 -3.228153 -6.323221 16.431660 4.296962 -6.133653 -1.925598 10.389350 11.498540 -12.423630 1.706902
-28.456560 17.504740 -1.839631 -8.932605 12.783570 1.001923 -5.220102 -4.409961 3.526165 0.602620 -8.563893 7.443039
-32.958270 15.667920 2.458177 -8.426065 9.767697 1.417130 -4.973990 -7.243226 14.978560 3.442034 -7.745930 8.912900
-32.984810 14.168850 7.102453 -13.163020 5.495460 2.047038 -7.729328 -0.235671 12.064970 -0.116900 -21.401060 7.318528
-32.075660 11.038760 9.358471 -9.777678 6.723224 4.759486 -12.298600 7.795725 10.668760 3.007593 -7.644339 11.798590
-31.795010 13.581810 9.707585 -12.436510 8.431386 7.697282 -6.321022 7.771383 16.457240 -3.001048 -15.485580 12.329520
-29.518180 10.632410 13.670160 -6.347438 13.699620 7.880044 -9.344247 7.509521 14.516530 -1.964605 -0.950488 15.763370
-28.732130 13.152600 10.216710 -7.391293 15.092410 10.080290 -5.492040 5.759108 8.958647 0.582149 4.189606 15.528450
-31.567440 12.751500 10.424330 -17.879280 5.785165 -1.656111 -0.276596 13.083850 18.557860 2.982572 -7.955837 9.698339
-32.514990 11.332270 11.513330 -13.705880 10.191620 -2.199666 -8.922414 5.084908 17.664930 3.585332 -8.646063 5.939506
-33.357510 13.778240 10.289440 -15.767860 17.283170 8.774927 -1.942662 2.225087 9.651278 8.904779 -5.968822 15.008480
-30.378200 14.237820 7.365611 -8.466932 15.662290 1.117849 -1.103552 -0.662025 14.617520 4.696836 8.446749 17.700740
-26.751760 10.963410 3.917447 -8.223248 12.886250 6.063070 1.790540 2.902976 2.753582 -0.637776 4.071580 13.054660
-24.370460 5.865297 3.670820 -9.338241 8.352909 -1.563252 -8.932542 7.422481 9.694200 6.119196 10.401640 8.019394
-24.212350 4.125941 1.230987 -6.883744 11.733290 5.033925 -3.269944 -1.849621 1.739463 2.755116 14.681940 6.857287
-23.464130 0.948243 2.472062 -8.026989 2.496459 -0.790210 -10.728250 -0.790374 4.896278 3.996270 3.668948 -0.881995
-22.953080 4.359479 3.410306 -1.391020 8.975592 -1.012600 -9.092058 6.155220 5.338956 -1.017628 -5.665540 -14.895400
-23.549400 3.282878 4.868916 1.140668 8.360243 5.615924 -0.017824 6.427408 -3.437175 -11.343390 -3.838383 0.552627
-22.375970 1.836289 3.330301 3.037668 8.377846 3.827341 -3.693803 4.702811 0.351676 4.942489 -1.582448 -4.137301
-19.869310 1.455430 0.034875 -5.172408 3.871643 -3.673000 -0.578919 8.397637 1.890108 7.515779 -6.165282 -0.314254
-20.995870 1.670975 2.232707 -5.700137 0.750159 -3.235317 -0.551067 12.074020 6.501196 1.272858 1.690150 2.395239
-23.226390 0.902135 -2.187422 -3.481757 0.348972 5.272876 -1.591218 5.531916 14.388610 7.337605 -1.070008 6.938729
-20.907210 3.646493 1.406206 -4.411590 2.946053 9.254012 -6.272407 -9.191326 7.591059 6.649928 -6.083859 1.392883
-19.392150 7.326880 5.176374 -10.622750 1.116141 8.749495 1.814848 -14.298730 17.623690 17.021180 -10.175910 -3.068383
-18.551320 10.281540 10.778070 -5.606801 0.202286 2.281257 -11.880310 -16.379600 5.607424 8.126879 -16.740540 -0.953256
-10.384760 18.371790 21.291170 -7.988646 -9.273647 -6.585954 -8.664148 -16.268960 -0.018625 4.305611 -13.794370 -5.777092
-3.429469 11.391880 13.736280 -1.372858 -24.996950 -5.821784 -6.659805 -25.150850 -8.122323 6.427021 -4.672033 -5.748118
-5.436380 8.901672 15.676250 -9.324114 -24.240050 -9.458097 -6.254177 -22.985880 -6.753893 1.429803 4.054399 -13.341750
-5.927096 7.788334 14.124410 -7.901364 -28.220380 -9.972671 -7.550062 -12.846320 -6.946618 4.910645 0.164033 -15.084120
-4.699459 10.492960 10.259030 -6.691017 -23.315920 -14.639310 -7.080626 -14.300200 -4.064162 6.487676 1.074624 -13.839790
-3.618640 12.426120 8.871827 -9.078917 -23.792650 -12.427830 -9.259171 -16.611960 1.089753 0.712557 2.284014 -6.153759
-2.771040 14.875460 7.815889 -7.722259 -25.329190 -16.543230 -2.711382 -14.477240 2.698037 2.196331 1.008888 -6.158457
-2.446343 13.312660 9.581296 -10.537990 -23.229380 -16.752020 -5.346703 -15.670000 2.570957 1.319866 2.120421 -9.615018
-1.698128 13.996410 9.120439 -11.417370 -22.790790 -14.953380 -4.286801 -16.813330 3.307351 3.135726 -0.640484 -5.451327
-5.754301 13.963800 6.147679 -8.058774 -21.967140 -15.015480 3.548265 -19.411290 1.063664 -4.644042 -3.722598 -9.698809
-5.624987 9.915297 8.077064 -5.727381 -21.820460 -10.304480 8.510507 -16.131020 2.187190 2.768005 0.869200 1.590222
-5.348288 14.122360 13.918110 -7.437708 -21.764720 -9.357549 5.664523 -12.161050 -4.319165 1.627690 -10.348470 -8.322136
-8.379548 12.648040 7.633398 -5.840899 -15.023020 -11.247860 -0.180380 1.339185 10.942280 13.939910 -2.153155 -10.694900
-9.239572 12.889450 7.587775 -1.357722 -18.366730 -6.843240 8.662934 -13.522000 -6.624288 -7.199135 -7.487469 -13.851540
-7.225884 11.595050 10.255060 4.946776 -6.785115 1.197697 1.937397 -11.096640 -5.403978 -1.596884 -11.989630 -17.998000
-5.979048 14.271560 9.612372 -6.610798 -18.786250 -3.575408 0.199929 -11.101070 3.438639 -3.468850 -4.181255 -8.954873
