-0.674566 -0.638773 -18.880370 -24.311780 8.508631 9.683287 -3.132158 -28.531770 12.180960 -13.858730 -11.993070 -19.368240
1.084432 0.235644 -21.666570 -21.656530 1.800372 9.985003 -3.831921 -34.234600 7.249011 -19.796500 -11.549040 -21.159760
1.816540 0.363320 -20.276420 -15.484930 -0.269601 15.106250 -7.575089 -27.828080 5.643057 -22.527410 -15.381620 -16.469710
0.445263 2.446185 -15.572620 -15.101180 2.537588 12.268650 -4.372545 -40.096190 8.963239 -24.145480 -10.149430 -14.066670
0.822720 0.158379 -14.404870 -17.392570 0.991493 12.643040 -4.693081 -40.407670 6.583375 -26.097110 -9.655499 -12.922430
1.188204 1.315002 -15.449280 -16.954410 4.703110 10.170680 -4.680102 -37.002930 12.207850 -28.136510 -10.677860 -13.323790
-0.170529 2.029706 -17.278980 -16.269980 4.502950 9.631983 -6.186285 -38.983470 12.595890 -30.172010 -11.165930 -12.139420
-0.059344 1.124195 -18.839040 -14.402710 4.365391 6.423035 -4.914861 -40.466870 9.578006 -28.450560 -11.938760 -16.593030
0.409912 0.048606 -16.622940 -14.887070 -1.289348 9.854911 -7.975195 -39.080350 5.473015 -30.742580 -10.099530 -20.419070
1.222985 -0.820158 -16.866990 -16.284610 0.719670 5.958244 -5.777714 -38.572430 6.678570 -34.900390 -7.521232 -18.275090
1.746408 -2.209519 -17.801840 -14.907550 -1.260519 4.650601 -5.929517 -40.366630 2.608459 -32.081700 -10.980240 -20.173880
-0.018291 -0.006517 -17.080850 -15.319960 -0.524949 7.155339 -6.003444 -39.951550 5.015209 -22.449390 -12.400400 -23.068760
0.387675 0.202194 -19.196580 -11.615250 1.351452 3.193321 -2.867490 -39.955590 10.218930 -18.079930 -13.741290 -25.252150
-0.292547 1.386614 -19.067340 -10.697990 1.185063 0.611626 -9.303617 -30.708760 12.985390 -16.949530 -19.405020 -23.217630
-0.627241 0.938569 -16.620970 -10.918530 -1.774511 -1.834479 -9.810381 -27.649810 14.021630 -20.220770 -24.957940 -19.700270
-1.408384 2.783514 -14.407490 -10.845410 -8.388867 -4.220119 -9.127547 -21.862880 17.157230 -19.514640 -30.901300 -15.386770
-1.629043 1.752682 -13.319780 -9.651450 -6.309011 -8.059374 -13.140460 -16.336990 17.777810 -12.739050 -31.179460 -19.664520
-2.375405 0.419856 -13.868890 -7.004974 -8.611268 -11.777700 -10.753370 -15.966310 12.110470 -15.011560 -26.188000 -13.057440
-2.537335 -0.559623 -8.448689 -9.921129 -10.082410 -13.552570 -11.218940 -10.569580 6.532508 -10.684040 -25.073160 -6.446705
-3.819094 -0.098387 -5.586390 -9.732763 -14.934860 -15.503350 -15.818180 -12.434420 3.558224 -7.293813 -21.391040 -5.826425
-6.067874 4.442361 -3.491657 -11.805950 -18.229680 -19.509340 -12.809770 -8.817089 6.232391 -5.725490 -20.444270 -7.155284
-8.000776 4.094667 -1.167966 -12.340630 -26.013700 -20.788890 -15.367850 -15.285490 -2.144000 -11.775430 -18.592560 -3.805770
-7.446564 3.635787 1.410269 -8.659900 -20.783170 -13.097560 -11.843640 -15.765160 1.887597 -9.748706 -20.069230 -4.799678
-9.223807 7.305417 6.871796 -10.951870 -20.830120 -15.926610 -16.488600 -22.430680 1.974798 -6.841262 -14.608790 -15.742160
-9.600124 9.449057 9.283397 -12.203160 -18.321110 -13.830470 -16.699100 -21.110090 3.051732 -5.999557 -17.242130 -13.406980
-10.382410 7.789738 8.347884 -15.693770 -16.909280 -9.188064 -18.108780 -30.751810 -2.362003 -5.409485 -19.945190 -13.270520
-10.336220 10.313580 9.513010 -15.730620 -14.276720 -12.000630 -11.404600 -27.528710 -2.707900 -4.665312 -16.170600 -12.059880
-9.961617 11.547000 11.805870 -14.416750 -14.764350 -12.927760 -15.554080 -25.626870 -6.485888 0.668741 -10.255850 -16.047920
-9.256307 11.848990 12.094520 -13.557990 -8.193649 -18.017860 -18.839020 -20.520090 2.670953 1.978602 -22.464040 -16.731680
-10.641840 13.509250 9.926315 -12.132380 -10.118650 -11.777700 -16.135900 -27.756100 -4.359634 -2.182134 -13.665690 -14.455620
-10.244420 13.644470 10.515440 -14.511510 -10.515680 -13.571510 -16.592440 -31.327680 -7.421846 -2.967271 -14.747500 -12.962570
-10.510130 12.076550 8.265224 -11.593600 -5.570971 -11.574920 -17.293330 -28.406640 -10.266780 -4.144488 -19.027780 -12.084690
-11.489690 14.165070 8.351821 -11.970330 -6.575068 -12.591230 -16.272470 -26.400520 -14.092000 -10.425580 -22.257810 -9.094208
-11.296970 15.683990 11.254790 -12.620250 -9.538760 -10.681990 -14.783210 -27.410310 -16.071470 -9.090362 -17.912210 -12.223340
-10.003810 15.455960 13.483360 -7.968446 -7.262862 -7.498693 -11.620170 -21.063670 -15.548260 -13.278410 -17.124700 -6.579518
-9.137140 13.321270 12.680370 -6.357980 -5.206892 -6.531245 -16.028110 -17.706690 -17.708670 -16.172200 -17.518090 -8.865068
-9.613809 11.478210 10.033910 -4.361423 -3.805769 -7.987915 -18.331690 -22.432700 -16.656440 -17.840980 -24.356850 -11.492870
-8.059505 12.101050 13.354780 -7.757267 -6.287594 -6.263731 -11.505610 -21.891810 -11.654010 -15.695260 -25.133340 -12.077390
-9.231219 12.190090 14.372950 -8.159152 -11.926680 -5.433094 -11.431690 -31.745450 -15.358600 -12.114840 -25.752780 -1.923766
-7.836565 11.840980 14.002290 -7.398670 -12.163910 2.456741 -10.637680 -32.903910 -17.269030 -1.695447 -14.472280 -11.496520
-8.328629 13.068280 16.042570 -7.827465 -16.975180 -0.193970 -10.366810 -36.148540 -18.784870 -4.661411 -15.732440 -13.323060
-7.971697 8.640127 14.431340 -7.608095 -14.299780 -8.215118 -9.045720 -39.658230 -25.393990 1.945441 -20.648300 -19.925030
-7.584547 8.568045 13.651310 -1.568116 -18.075650 -6.660116 -5.660334 -34.608640 -29.844150 -4.652633 -13.098360 -21.329060
-5.729759 10.869980 9.385082 -0.277637 -19.091280 -8.158318 -4.871408 -21.291060 -26.269630 4.063848 -8.222135 -21.750120
-5.884848 8.572756 3.161238 -2.173577 -19.966880 -15.765980 -17.803480 -19.825820 -18.951280 -2.726366 -12.354160 -29.187640
-3.262601 10.801200 -2.636181 -4.281866 -17.054250 -14.405810 -21.629600 -14.038910 -12.221540 8.167040 -14.768050 -30.864590
-1.517858 12.628710 -9.578389 -8.870494 -8.366628 -9.207608 -25.447260 -14.377290 -7.530120 13.022210 -18.432570 -19.971740
-1.387287 12.400680 -13.534310 -14.379310 -10.633470 -7.987304 -26.924100 -14.092720 -14.527280 8.158262 -13.243680 -15.205790
-0.142590 12.613160 -14.595780 -17.823120 -10.122770 -2.048857 -25.403250 -16.063180 -12.185210 2.538439 -3.642413 -11.589190
1.101537 14.030320 -13.733090 -19.203100 -11.822070 -1.555360 -21.038760 -12.168680 -12.504220 5.700443 -2.703717 -10.620100
0.814738 13.636460 -12.934030 -18.470110 -19.438880 -3.542783 -12.851530 -17.699290 -10.921520 6.029127 -4.541477 -9.687488
0.479474 14.975880 -13.973200 -21.813890 -19.829320 -2.475169 -15.773040 -17.845950 -7.299764 2.681812 -12.296910 -5.336768
1.463600 16.033090 -12.596170 -22.450360 -23.422320 1.764746 -16.067620 -11.918430 -2.569105 -4.227391 -7.234265 -1.979226
1.616978 15.853590 -12.071990 -25.064070 -23.807810 0.924337 -17.059700 -8.210949 -4.847960 -7.230417 -8.472404 -9.080342
1.846759 13.291590 -13.994850 -24.357990 -22.132400 -0.300853 -16.314230 -8.553374 -5.990294 -9.618012 -6.115757 -6.552517
1.547986 14.257880 -14.245450 -25.384060 -17.804650 1.742148 -14.730170 -8.078419 -3.010197 -7.554225 -4.378545 -1.456001
1.401451 12.591020 -16.956210 -28.449970 -19.246960 1.128332 -16.282630 -12.671220 -8.400678 -9.117671 -7.554259 -3.798472
1.169388 11.637450 -15.088460 -26.389060 -20.186800 4.121680 -11.289480 -12.996830 -6.906632 -5.776207 -4.262584 -6.312432
1.164827 11.753820 -15.905230 -29.051920 -17.319480 1.180857 -14.618990 -12.420960 -8.069314 -8.498340 -6.630241 -4.960221
1.762373 11.403770 -14.445540 -27.068820 -14.725640 -0.065099 -11.402910 -14.195650 -3.405509 -5.572364 -6.230983 -0.789018
2.031497 12.083610 -15.396800 -29.877330 -11.232300 1.716496 -14.185030 -18.881970 -6.879745 -1.774449 -5.206418 -1.759574
1.965356 8.799369 -14.994650 -25.743240 -12.554350 0.721564 -16.947400 -20.439370 -11.126440 2.510154 -2.501152 -7.528912
1.847329 8.702787 -12.735910 -20.658540 -12.311350 -2.056797 -21.823730 -15.919890 -4.065331 5.326893 -4.119467 -10.968180
0.466359 9.025512 -12.287180 -17.525360 -11.408570 -3.469491 -24.995240 -14.396130 -4.433029 6.331478 -1.770158 -16.541220
-1.197418 9.778848 -11.650820 -12.454700 -13.544440 -6.665002 -31.796480 -13.047290 3.183986 9.130661 -14.490630 -20.821160
-2.844661 9.439163 -6.054146 -9.245470 -15.873060 -14.072330 -27.664500 -11.670860 4.616264 9.086771 -24.916100 -22.822110
-4.030630 8.018236 -2.134311 -8.555772 -16.962820 -15.406240 -26.227160 -9.445429 -1.691281 5.604861 -29.724810 -17.736540
-4.711992 7.800103 0.787688 -7.023109 -18.721430 -13.717480 -22.094610 -13.469770 -10.521120 2.362880 -19.531990 -21.678600
-6.480683 7.014258 5.822133 -5.964285 -21.604400 -9.059803 -16.099780 -22.964160 -16.149220 6.009621 -11.958570 -28.482720
-7.036036 8.083723 11.457510 -4.770914 -24.737780 -4.057045 -12.042290 -25.192280 -20.775240 6.851326 -5.664390 -30.315830
-8.807577 7.812823 12.547850 -3.198472 -24.157890 -5.385454 -14.671480 -30.691940 -18.051660 3.735163 -11.481520 -28.406090
-10.671490 9.537158 13.801540 -3.120084 -23.863000 -10.226970 -12.264070 -34.430360 -14.698050 7.092232 -15.492440 -25.521420
-9.296220 10.031840 15.779500 -4.232727 -21.316930 -6.428026 -14.965490 -32.085190 -11.586420 12.653530 -13.486610 -24.787300
-9.748370 11.738750 12.275590 -7.692333 -21.129950 -2.319425 -16.805190 -34.950390 -16.593950 4.993332 -8.479744 -20.781020
-9.780300 13.478630 12.750560 -5.583459 -17.547650 -4.603067 -17.659580 -29.142620 -13.398750 7.304852 -14.095040 -18.407170
-10.729650 14.882120 12.978210 -8.708453 -15.762680 -2.829412 -15.297310 -25.762770 -17.795870 0.397600 -10.211820 -21.513680
-10.520960 13.573330 13.983260 -5.428438 -10.952240 -7.160942 -12.857170 -25.605340 -13.726480 -1.777374 -16.831870 -16.573330
-11.297540 16.302110 14.241090 -7.873094 -13.851680 -1.936476 -11.696920 -28.753100 -15.293200 -5.129567 -20.075830 -11.309700
-11.572370 15.838520 13.258990 -7.358891 -12.743800 -1.204172 -10.476850 -25.731820 -12.662630 -8.382276 -19.874000 -10.022440
-12.233770 16.631430 14.070510 -6.401269 -14.935680 -5.949799 -14.413020 -31.520760 -8.782183 -0.097865 -17.669280 -10.204140
-12.114040 16.921180 15.807050 -10.287330 -11.196060 -5.929644 -17.031480 -29.248910 -8.347631 -2.803416 -16.919940 2.753149
-11.972630 18.754810 14.500220 -10.744790 -20.279060 -9.641250 -16.092450 -28.387130 -6.883379 -3.774840 -16.726180 -8.974530
-12.480090 14.786960 16.926910 -10.579820 -21.160420 -14.424740 -19.423090 -35.886850 -18.611930 3.521567 -15.972430 -8.784798
-9.837317 15.781980 13.616540 -4.656841 -14.586430 -13.639300 -11.198060 -29.418440 -14.372500 7.420916 -11.812520 0.365434
-10.401220 9.472142 14.599280 -0.829864 -15.910120 -18.159560 -9.000010 -19.841300 -6.845592 5.157187 -10.258060 10.712440
-10.443990 8.040851 17.577700 -8.098313 -23.997270 -15.489910 -8.787259 -18.766930 -13.427820 16.948870 -2.965730 7.613958
-9.568194 7.173501 8.896333 -4.917745 -20.312010 -19.586300 -9.967263 -18.060550 -8.192848 14.995290 9.978589 6.846270
-10.522670 9.564955 6.074052 -6.884468 -24.392640 -22.703020 -8.315484 -15.731520 0.682769 14.729030 -9.046338 13.171670
-12.515440 5.154709 1.900986 -9.822267 -25.009600 -23.034670 -11.170970 -5.353817 9.465371 29.016560 9.004664 11.492540
-5.892830 9.123978 -8.210547 -13.060750 -11.800660 -10.491430 -2.607336 -12.330820 15.173410 -3.411044 -22.388450 0.379299
-4.730238 5.061426 -10.109130 -13.316970 -9.816349 -14.897470 -2.094929 0.205043 16.320830 4.247209 -28.027960 -1.345081
-3.365233 6.975626 -14.845070 -13.454440 -4.367537 -15.372040 -0.934677 -3.199027 14.664740 -5.639662 -28.762630 -13.627360
-2.474616 4.627044 -16.003640 -10.544140 -0.946687 -8.874131 0.168579 3.620550 14.120460 -0.663553 -24.507300 -21.483030
-2.312685 0.757185 -17.015910 -13.858080 -3.211054 -1.725763 -7.803076 -8.663704 9.291696 -6.569147 -30.594520 -31.003240
-1.290357 -4.253751 -16.769890 -14.299160 -5.960583 -2.385998 -7.770910 -15.432830 15.088390 -8.846531 -25.051880 -29.164290
1.108379 -1.473615 -14.883120 -6.879787 -10.322930 -3.914737 -8.053637 -21.909300 11.346740 -7.229442 -24.641610 -25.927890
0.891712 5.406764 -19.820470 -11.180020 -6.259588 -10.303930 -5.526025 -23.085260 3.749340 -10.415830 -20.968290 -34.651220
1.668294 7.770893 -17.463330 -10.175010 -4.264573 -10.477990 -6.864039 -23.241330 9.049713 -4.156192 -22.565320 -32.494110
-0.283994 9.359071 -15.806170 -8.402506 -7.557748 -9.901434 -9.364564 -25.325480 5.880680 -9.102066 -20.734170 -23.694880
0.920221 11.091420 -10.988220 -6.555706 -1.351950 -10.121920 -8.514126 -19.679170 4.968702 10.128420 -25.186190 -21.472090
0.245131 13.873440 -7.361632 -3.789892 1.135641 -6.173949 -16.441760 -12.885150 -1.908557 10.127440 -19.920240 -13.608390
-1.718561 10.047390 -4.633821 -2.878484 -2.323099 -4.205460 -8.950913 -4.578820 0.331058 10.703860 -22.648260 -17.940870
-5.880286 2.107913 -8.595642 -3.994052 5.846414 7.127244 1.384135 -0.321041 12.327750 11.642120 -13.055800 -14.691330
-6.218401 1.070015 -8.963024 -0.419789 8.876003 7.668380 1.987963 -2.739545 8.272170 -4.266404 -15.292080 -9.215344
-7.300598 1.313118 -9.549523 -1.011795 2.479105 4.646936 -2.215694 -11.255780 -5.241818 4.038489 -4.511386 -9.040936
-8.440383 -0.354210 -10.230490 -4.008092 -3.920264 4.196804 -3.653030 -8.641503 2.131760 5.274226 -14.228620 -11.898610
-10.794080 0.621028 -7.706053 0.238905 3.736904 1.555866 -3.471318 3.603731 9.249549 0.208387 -14.116320 -13.339840
-13.549170 -2.409750 -9.712877 -1.393205 0.937952 -0.832217 -8.699789 1.077588 9.439938 5.428327 -2.548124 -0.630664
-17.241640 -5.797643 -14.156230 -5.247092 -3.585840 -10.464560 -6.060441 -6.046068 -1.798102 2.691565 10.826280 -2.133931
-14.617690 -1.290816 -12.291770 -2.811796 0.505506 -0.323452 0.394873 -1.028764 -2.023372 -7.187502 -13.280380 -9.044585
-13.679170 -1.065145 -10.419430 -3.571693 1.286379 2.131204 -2.269870 1.274701 -10.983280 -8.945038 -8.934781 -12.763350
-8.376523 -0.888000 -17.655540 -1.447609 24.565120 3.835843 -6.644517 -3.497052 12.962860 15.142560 -19.318420 -5.018600
-8.330909 1.589200 -18.687490 -6.352130 19.832940 -4.667808 -12.069370 -2.883512 8.433492 9.547125 -31.581650 -6.666357
-10.048280 2.230878 -12.843500 1.936534 21.066020 -6.920301 -10.322790 -1.915437 15.863020 15.985250 -36.960620 0.828820
-1.266980 14.152340 -5.435501 3.800299 4.987289 -8.150377 -14.263470 -7.281221 4.649692 6.539222 -18.423760 -17.387720
3.809880 12.225900 -18.223020 -0.014394 -1.650955 -12.577800 -5.817217 -10.272900 -1.527779 3.597642 -25.307290 -21.370650
5.512430 10.110050 -20.225250 0.688174 -1.628715 -3.737616 -3.964538 -12.436440 0.320884 6.251502 -12.928830 -24.326110
3.980934 14.017600 -20.179990 -5.094411 3.703132 -1.214555 -9.550791 -8.177984 6.801378 -2.255284 -14.233750 -20.214010
3.644529 13.190300 -19.633500 -6.426424 1.802019 3.588484 -10.568830 -12.089300 9.255363 1.218824 -15.969500 -22.900190
2.674657 11.376450 -19.323200 -0.000354 -1.889006 -3.607523 -1.872020 -15.609080 9.580186 1.760130 -11.298030 -24.626030
0.437851 13.098900 -15.778620 -2.587747 1.317680 -2.477001 -5.326254 -17.502850 12.292140 5.534637 -12.216910 -28.365960
-0.026274 12.881240 -14.755850 0.226620 -0.966456 -6.064622 -4.686873 -14.449280 13.317480 3.138264 -15.558500 -24.383760
-0.199608 14.185320 -10.901620 -0.735681 -1.450795 -10.149400 -4.022663 -13.942030 12.740500 6.998600 -20.974160 -17.697130
-0.561670 13.863540 -5.094361 2.708130 0.690016 -10.140240 -12.945770 -9.793909 5.879953 12.983200 -21.545160 -6.697006
-2.398782 15.940280 -3.300749 8.459126 4.348917 -10.802310 -15.915250 -6.229053 1.204522 13.900000 -21.768280 -8.055056
-6.850728 4.320810 -10.559820 -3.786382 -3.673152 -5.509439 -7.763010 -1.308625 13.366170 3.569358 -14.136140 -27.899650
-8.708366 1.256582 -14.775530 -7.444884 -6.437509 -7.728951 -9.568850 -7.037016 0.831737 -2.888270 -15.005850 -21.633360
-9.310473 -0.490367 -11.288680 -2.614656 0.969253 -1.147982 -1.650241 -0.518827 9.638320 0.899893 -10.720430 -16.444900
-9.414247 2.961129 -7.242233 2.575338 3.677597 -3.677761 -4.449857 -2.586833 -0.070794 6.794757 2.926258 -6.780197
-11.550700 2.129586 -10.935080 -0.416864 2.711390 0.471762 -4.834727 -0.066072 6.164810 8.748334 -6.103280 -5.319983
-9.266000 3.013425 -12.826440 -0.874908 4.129811 1.473413 -4.010812 -2.833056 -0.031554 4.739748 -2.309597 -8.435251
-13.081060 0.017982 -14.726330 -8.753497 -0.066145 4.259713 -7.885468 -1.511793 13.784010 5.211805 1.243357 -2.482748
-13.979660 0.120688 -10.111750 -1.220635 1.047505 0.415571 0.568121 3.455728 11.806720 10.660950 11.136730 -3.001594
-19.424280 12.573120 5.049319 -9.192237 8.351303 3.595203 -6.620816 1.431450 -5.653117 4.985529 -7.252614 9.965186
-29.661250 13.669440 7.290349 -10.241700 11.576110 0.896242 -14.288860 -4.770551 6.454754 5.637047 -12.288110 10.442440
-28.573920 16.229090 -0.791399 -12.473420 7.263187 -4.681244 -18.526950 -1.371190 -0.871591 -1.922698 -7.182890 2.728338
-30.466340 15.006500 -0.225237 -14.677060 6.083641 -4.201185 -17.355410 -4.991210 1.690668 4.896775 -9.315690 6.407695
-29.474800 15.747120 8.727075 -9.754408 8.805988 4.562040 -13.078390 -3.075243 9.966778 8.595207 -18.003220 1.484128
-31.853580 7.750634 9.833814 -13.329260 4.795365 9.873844 -12.168690 -1.773489 13.083490 11.696740 -1.767223 10.342460
-29.105900 8.598197 9.857430 -10.962990 2.783052 11.192480 -13.532670 1.203391 16.701610 3.025126 -10.115670 8.094858
-25.850180 15.147840 17.403190 -1.810300 4.284668 10.422920 -13.111120 -7.830177 2.495825 -0.974682 -14.480350 7.732906
-18.115720 24.346650 21.326310 -7.151806 -1.426907 3.820574 -26.180320 -15.995910 2.872969 0.861855 -13.444780 2.488982
-17.013000 24.836630 20.327820 -8.882779 -4.862584 -5.908267 -19.479530 -16.739960 -3.838608 -8.534427 -12.452510 1.875269
-18.344940 25.077370 13.894700 -7.298637 -2.242376 -4.934711 -18.067580 -16.066550 -2.159987 -5.476782 -17.846890 -1.861008
-20.854860 22.809830 10.195290 -2.901884 7.653624 -4.561535 -12.691820 -13.519550 -0.110035 -4.342479 -4.881287 2.589687
-18.575860 12.820460 5.511170 0.214336 9.972356 -3.353446 -6.016988 -6.844612 0.504006 -12.678580 -1.822267 3.417214
-14.673560 6.843238 5.447535 -1.100713 2.801998 -0.777249 -12.762360 -7.637101 -0.567840 -6.332142 -0.330922 3.169831
-17.282700 5.614532 6.545088 1.775663 2.858833 0.809513 -15.046190 -3.964607 1.683401 -4.253725 0.125582 1.543967
-18.549630 4.684051 4.867596 -1.686283 -0.389862 2.049973 -17.544450 -2.567323 5.513709 1.402185 8.067436 11.962490
-18.504590 2.480577 2.403512 -1.194310 -2.084224 3.328910 -4.779423 -0.061363 5.169991 3.290415 3.412120 0.846334
-16.971380 6.411684 2.160122 0.524378 4.096863 1.326829 -3.678989 -6.107287 -0.361464 -2.959468 -1.752544 2.037272
-18.110020 3.949560 -3.422117 -1.824340 2.245996 0.127902 -2.887805 -4.876844 -3.734693 -5.098356 -3.395813 -1.089671
-17.724010 2.838636 -3.000939 -2.811796 6.021863 3.700254 -3.380461 -5.069921 -4.333474 -11.029310 -6.248598 1.302422
-22.773500 0.251662 -0.063195 -2.017385 2.635609 16.991060 -0.645742 3.570094 -4.576910 -8.338387 -18.089820 6.382884
-21.893720 4.473927 2.967050 4.344921 4.072976 12.262540 -0.818426 -3.584508 -9.428198 -6.330192 -12.160400 8.965440
-18.017080 3.410587 4.812489 0.966042 1.815198 15.753660 -1.440312 -0.098363 2.642613 0.277635 -17.476990 10.943040
-16.609320 9.422674 9.873176 -8.408356 -2.689648 10.074790 -7.737051 -20.481750 15.708240 8.721025 -26.877900 11.972700
-17.855150 12.252750 9.153501 -12.017720 -4.584995 5.501393 -7.486490 -16.107580 13.286230 16.183240 -21.633970 9.524422
-15.311020 15.880920 18.623430 -6.547515 -2.786845 -0.046776 -5.558756 -18.864480 4.272547 4.198442 -16.589670 0.000563
-3.572208 17.070990 13.217660 -4.569094 -21.087110 -8.781906 -2.081385 -20.930470 -9.285769 14.020940 -8.789463 -5.911075
-4.640720 11.722730 13.997040 -6.843518 -24.460190 -13.192830 -3.008007 -21.420890 -8.887550 14.259900 -5.477972 -7.045823
-5.457785 10.960910 12.838470 -5.444818 -25.640560 -13.138480 -3.682940 -16.151990 -8.504593 15.463450 -4.385150 -10.334040
-4.719405 14.004410 10.110660 -7.279333 -27.664400 -13.757180 0.593516 -20.760930 -7.765563 6.827919 -1.001000 -8.719121
-5.433267 14.551390 11.604460 -9.266530 -28.313480 -13.660070 1.441132 -23.218460 -2.417957 10.149880 -4.174512 -4.428969
-4.958879 16.015190 12.581310 -9.929904 -29.415600 -14.761880 -1.119211 -22.816830 0.405178 7.121491 -4.457809 -4.445753
-0.821101 13.686870 11.648420 -9.298119 -28.668500 -13.058470 3.747528 -21.191490 -3.914909 10.115740 0.831623 -5.458635
-2.162159 12.051110 7.998871 -6.780925 -24.434650 -14.776540 -1.978678 -22.425970 4.755059 10.989630 -7.480132 -9.462728
-2.620011 7.301177 7.233930 -6.937116 -29.316760 -18.056340 3.381845 -20.156810 8.614434 13.893170 -5.091190 -2.066066
-8.379375 12.765340 8.506646 -12.541280 -26.849760 -15.388530 5.185993 -9.993713 3.241394 -2.608351 -6.172269 -2.765158
-6.026822 4.572393 6.498509 -12.004850 -28.753340 -12.448930 0.893737 -13.841790 1.386191 -1.639854 -13.477070 -6.327757
-8.573805 -1.099066 4.833482 -9.399322 -24.353110 -13.134810 2.240780 1.311702 8.592634 17.304860 1.947196 -0.510256
-12.271980 0.853766 0.916271 -6.854048 -23.914070 -18.367220 -7.303084 -14.657160 -3.916362 13.812220 3.451018 -6.702115
