2.033699 -4.212512 -25.778440 -20.107250 -0.683206 12.430170 -6.958617 -34.704350 12.811240 -23.625550 -12.277350 -23.819810
1.592272 -2.127289 -23.642530 -15.175800 0.082831 14.761040 -8.124836 -31.091970 13.204270 -22.939650 -10.117920 -21.597630
1.160505 -1.044305 -18.609920 -12.814860 -3.288715 17.652330 -6.450265 -37.490760 12.616300 -26.039740 -15.376020 -18.342040
2.308290 1.589217 -21.753830 -8.692452 -5.328448 16.492470 -7.555182 -34.222160 9.245039 -25.032000 -15.610480 -16.276010
3.548225 3.088588 -24.926430 -7.745220 -2.297907 11.199910 -2.823773 -37.169600 2.061070 -21.220660 -17.113710 -14.057760
2.743401 2.383499 -21.364610 -8.737219 -0.341500 13.986640 -7.052064 -38.772690 4.314864 -26.731550 -14.657650 -11.187440
2.664999 4.366386 -21.087230 -8.412175 -0.293885 14.697610 -6.411391 -40.307920 11.264270 -20.033000 -18.910020 -13.105170
3.414831 4.864924 -21.998100 -10.354650 -3.763462 9.415506 -4.457227 -46.802600 3.137030 -18.600370 -16.467530 -15.681230
3.158075 3.598862 -23.070100 -8.674287 -0.066315 5.807671 -4.031108 -37.731400 5.770020 -27.431820 -15.629060 -8.357929
4.403212 4.392205 -25.369360 -10.251490 -1.620097 13.332820 -8.130069 -38.472330 8.340755 -21.286550 -13.609740 -13.189910
4.024951 3.750959 -25.058860 -8.929910 -7.400391 11.979190 -7.418376 -41.581710 4.941826 -23.564730 -18.373200 -10.438080
3.900847 3.243970 -24.078830 -9.296475 -3.086352 5.533737 -6.216274 -37.431050 5.123564 -18.845340 -16.419640 -12.078820
2.803967 3.427519 -20.607520 -10.009490 -2.536681 6.517249 -4.564130 -36.230540 5.066967 -19.207720 -13.388870 -11.547600
3.106426 4.528341 -21.181410 -12.801230 -0.198656 4.686147 -11.462760 -30.590780 5.495842 -18.352870 -18.499720 -16.068080
1.573322 3.804005 -18.086060 -15.359410 -5.321446 6.014689 -15.963920 -32.621780 11.200760 -15.560250 -24.140950 -20.209550
1.922599 3.228010 -16.326860 -11.744360 -7.904548 2.406156 -10.104420 -27.158440 9.029344 -11.635730 -20.950780 -17.034000
1.439184 2.238444 -16.738890 -10.780260 -12.054740 -5.717748 -10.698740 -23.875360 15.198980 -16.606010 -25.128100 -22.683610
0.826091 1.235264 -15.744140 -12.357460 -10.515660 -8.660616 -12.888390 -18.390300 9.227431 -13.837890 -27.945140 -21.638430
0.727996 0.578996 -13.461070 -8.109839 -7.827524 -9.244728 -13.738390 -14.376250 15.221620 -14.754400 -22.909350 -12.369150
0.289170 1.544151 -11.080890 -7.351406 -8.633473 -13.295880 -18.144600 -7.278150 15.019130 -22.923600 -21.611260 -2.561589
-1.485085 0.597773 -8.972935 -6.990030 -16.710480 -14.488500 -18.449610 -11.868480 5.571304 -18.511670 -23.656320 -6.548486
-2.175465 2.448750 -5.601681 -7.337781 -20.732530 -13.705030 -17.938270 -9.960518 3.058424 -14.457060 -18.244530 -3.146167
-2.483126 1.347928 -3.639407 -10.342320 -24.776280 -15.738970 -19.321290 -15.141610 -0.511550 -10.709080 -18.020800 -17.261550
-2.380573 2.306042 4.952067 -10.348810 -23.178390 -11.733130 -13.953690 -17.913540 -5.819034 -5.982924 -8.728345 -12.360520
-4.138850 3.202191 7.358004 -8.781337 -23.302330 -10.633910 -15.966910 -22.208950 -6.505108 -3.918452 -9.468167 -20.903980
-5.126116 3.813863 8.276233 -12.992630 -17.424700 -9.179208 -17.396280 -21.703230 -12.936970 -7.347132 -8.799826 -16.180280
-5.825042 7.082529 11.829220 -14.476410 -16.373680 -8.664101 -15.266430 -20.876360 -6.887448 -6.600408 -12.547540 -21.021680
-7.858654 6.603237 12.453880 -13.596650 -18.513540 -10.260300 -18.034710 -26.912360 -9.341846 -10.271520 -18.343180 -28.316740
-8.604770 8.384268 12.502440 -13.439640 -12.796970 -3.202161 -11.050850 -29.073640 -11.589350 -9.100752 -17.429660 -17.711170
-9.528126 10.892450 14.366120 -14.830650 -18.257960 -9.379952 -9.542240 -22.085910 -6.222755 -12.200840 -18.461830 -13.120080
-10.341120 10.015080 11.332580 -15.708460 -14.334640 -10.437350 -14.412700 -33.692920 -14.558150 -2.716429 -5.825525 -18.448760
-9.636996 12.954200 13.321340 -14.667150 -16.954860 -9.566060 -12.430130 -30.638730 -6.639682 -4.292659 -2.622488 -19.913730
-8.365849 10.700450 13.263220 -10.156120 -13.819980 -7.090900 -12.777750 -29.318810 -2.751510 -6.488906 -6.010659 -24.351810
-8.909087 10.775090 15.173990 -11.524420 -15.284140 -8.841845 -10.097690 -20.806700 -9.937994 -12.408640 -14.254500 -18.666110
-10.651760 14.287400 19.466410 -7.746518 -16.099890 -8.537938 -7.155230 -24.320460 -15.678130 -13.869990 -12.383140 -16.425880
-9.582004 13.452270 15.426350 -7.839295 -14.615430 -9.014011 -4.813073 -26.584870 -16.106370 -14.965580 -11.148670 -18.154510
-8.838117 12.687100 16.619760 -7.138603 -16.145400 -6.715898 -13.037160 -27.692200 -13.909800 -8.866767 -14.393170 -9.527084
-8.392603 14.303830 16.827240 -10.069830 -17.221640 -5.084146 -10.722660 -32.464370 -11.404470 -2.827930 -13.602600 -16.283070
-6.483839 11.759960 18.483440 -8.333673 -18.143130 -8.569304 -4.671781 -29.228340 -13.023760 -6.805673 -16.040790 -6.962006
-6.329265 13.221780 18.361300 -2.574371 -22.018130 -5.921281 -4.848209 -26.168720 -14.856850 -2.807657 -14.725550 -10.033980
-5.485054 12.877220 15.402810 -1.590807 -21.591700 -6.513061 -4.592538 -34.280960 -14.235550 -0.559882 -16.514710 -18.078390
-5.796431 12.569740 15.382210 -3.002572 -23.938120 -13.974790 -0.121285 -32.296100 -24.032380 -1.425711 -14.689100 -24.226260
-4.446511 8.753713 13.041020 0.476235 -19.383210 -19.897460 -6.005457 -25.925360 -21.818200 -6.968702 -10.002840 -22.636530
-1.869290 9.932460 11.925600 0.866158 -18.857350 -16.109790 0.570223 -17.831210 -21.007620 -5.347702 -2.749723 -15.954300
-2.950564 6.011281 3.526163 1.729696 -17.688680 -23.290610 -15.204380 -15.107230 -18.590950 -9.088926 -14.353140 -16.667560
-1.059264 6.647364 -3.657802 3.450933 -14.351450 -19.026870 -18.459330 -18.163230 -11.938360 -1.028697 -13.790590 -25.702220
0.648480 9.546116 -6.342591 -2.702183 -9.278374 -10.542600 -22.062650 -20.720750 -10.283860 10.695890 -7.258708 -29.531400
0.534407 9.515134 -10.756420 -8.323940 -11.895090 -8.096717 -22.809470 -21.246370 -16.227110 8.535963 -6.170061 -21.224130
0.807512 10.182670 -13.533180 -15.787610 -11.459550 -5.349715 -23.284930 -21.240940 -18.663900 6.320286 -2.943434 -20.520280
1.963472 10.806550 -12.153630 -19.856820 -11.483360 -3.674051 -19.670400 -15.215790 -14.907790 1.012969 -0.485938 -16.008440
2.175639 10.546480 -12.374360 -23.578920 -11.062530 -4.364810 -18.219360 -14.741740 -15.764910 1.314531 1.073050 -17.449090
2.698441 11.619130 -11.887280 -23.776150 -15.144090 -5.353200 -16.333970 -11.700210 -14.382700 -3.809484 -1.410179 -12.617890
2.820316 16.767410 -11.648900 -25.806860 -19.257870 -4.400358 -13.483460 -10.463520 -11.857870 -10.339940 -0.027748 -5.406010
3.849198 15.676450 -11.095600 -24.618930 -18.094110 -1.190527 -12.563940 -12.401340 -5.007190 -9.770607 1.372553 -9.144951
4.330755 15.033790 -10.723310 -24.803830 -16.017970 -0.851073 -11.696010 -10.923090 -5.336707 -4.981943 -4.734734 -4.677053
3.645205 16.623300 -10.293620 -26.192890 -17.315470 2.583899 -16.179220 -10.114310 -3.559581 -6.904504 -4.286551 -4.671561
3.240935 16.429420 -11.731300 -27.421050 -22.392740 0.989788 -15.181960 -14.805970 -7.864679 -13.160430 -4.348740 -7.243701
4.062852 17.094140 -11.055870 -25.091890 -21.811560 4.773276 -17.542050 -15.593040 -5.100260 -8.250128 -1.586021 -7.042042
3.339030 16.123350 -11.183900 -24.188780 -20.158350 2.678695 -13.663630 -19.694850 -6.959766 -7.576894 1.048032 -7.983643
3.239077 13.896360 -13.171180 -23.942890 -17.315470 1.787192 -17.947990 -18.350500 -11.441570 -7.465392 -2.165728 -0.868276
2.688037 13.933910 -13.396330 -20.801450 -15.027860 4.741212 -19.850570 -25.164530 -8.358326 -1.468791 4.337561 -2.800913
2.628214 13.005840 -12.990920 -17.552320 -14.852100 0.894294 -29.410570 -25.421460 -2.675419 4.448408 -0.633187 -13.111450
1.934118 12.163680 -10.526120 -14.821560 -14.027950 -2.086910 -30.120020 -25.332800 0.941090 6.884553 -0.731116 -15.528220
1.687023 10.431940 -8.797824 -11.220130 -9.634785 -4.621317 -31.727310 -17.760650 -0.231713 12.933530 -3.839799 -18.655910
0.192933 7.496100 -5.959260 -10.039990 -10.933690 -9.359738 -35.163920 -14.982380 0.227347 7.663376 -13.576150 -23.968890
-1.111284 8.537773 -2.593892 -5.274632 -16.177620 -12.032160 -32.933150 -11.816920 1.562393 3.748987 -14.957150 -30.352170
-2.895571 7.569331 2.631479 -5.559450 -22.806570 -15.529860 -26.572770 -12.473710 -5.853621 -4.339118 -12.512520 -33.963990
-3.365981 8.540589 8.675751 -4.843187 -24.667750 -13.596300 -18.117690 -15.613850 -9.353793 -0.469498 -6.210090 -31.500140
-4.278561 8.538242 12.357500 -4.008195 -25.811200 -10.373920 -13.273390 -20.123660 -13.589720 1.197116 -0.792589 -25.212590
-5.665638 9.270089 14.511800 -5.820263 -26.789410 -9.080229 -10.481940 -28.259430 -10.669970 2.101801 -3.668246 -27.523440
-6.180636 9.448005 19.117660 -3.579345 -26.084990 -10.708500 -13.719700 -27.692200 -3.682206 7.050117 -7.365928 -30.509880
-6.832745 10.055450 18.206050 -6.836267 -26.178120 -11.756130 -13.126870 -28.553450 -5.669997 4.641002 -15.408910 -29.594180
-7.332137 12.174470 17.863190 -10.562260 -28.271070 -6.329045 -8.550954 -28.081210 -10.217830 -6.328411 -13.914960 -20.584620
-7.560282 11.375500 17.885260 -6.797988 -26.753000 -4.854823 -8.858208 -29.632730 -11.383720 -4.848478 -9.510341 -20.067530
-8.140306 12.166490 22.175480 -8.484840 -23.891910 -9.362527 -2.307945 -26.429270 -9.783297 -2.800900 -13.476790 -15.389340
-9.126456 13.375760 19.924060 -6.198507 -20.880980 -4.859702 -8.951655 -25.875600 -4.616046 -2.157230 -16.015060 -17.453010
-8.002081 14.617410 18.156020 -10.561610 -17.237740 -1.263019 -11.375300 -29.885130 -3.845078 -0.774439 -18.174480 -17.278820
-8.702494 13.490300 17.003820 -9.929045 -19.179450 -7.129934 -10.425130 -26.366840 -8.459570 -9.973338 -17.642670 -14.727860
-9.597610 15.455350 19.127960 -11.955210 -24.148890 -5.468211 -6.107875 -26.034830 -7.244006 -7.976442 -13.007880 -15.185320
-9.952089 15.882060 17.860250 -14.617200 -25.049370 -6.032806 -10.170200 -21.949300 -10.366240 -1.407972 -10.120070 -12.584930
-7.019274 15.620120 22.438880 -14.342760 -26.217330 -5.757479 -6.517547 -21.492440 -10.057480 -1.324345 0.539091 -3.656201
-4.368853 16.662730 16.588850 -4.399415 -17.501030 -10.478470 -0.160906 -10.213830 -15.594490 6.239194 -6.208660 -3.795087
-8.891252 12.513880 10.805780 -9.284797 -17.505230 -14.873260 -15.131120 -23.225800 -1.812639 7.492745 -2.284385 7.028620
-11.628990 9.888803 10.250280 -11.443970 -29.240870 -17.594470 -8.781208 -23.635620 -4.768857 17.336160 -1.466649 -3.183046
-10.299140 7.991822 7.010725 -9.251060 -30.983710 -28.026940 -8.364060 -14.754400 -3.469026 27.925450 10.105320 8.885143
-12.249140 7.926570 2.572618 -5.291500 -19.747320 -25.611030 -3.450989 -16.212740 1.822107 21.460040 13.920230 12.214490
-15.881630 3.520467 -1.950837 -5.327183 -15.397570 -21.324290 -17.910610 -17.644850 -16.184350 8.383070 12.749380 -1.885990
-15.336910 7.963186 -0.577908 -8.384927 -17.319670 -12.647640 -13.653160 -16.584570 -9.381463 -5.471875 5.143860 -7.228793
-12.805390 7.167966 1.446169 -3.014899 -12.920900 -8.988917 -17.413470 -20.489150 -8.397314 13.069520 9.658564 1.220509
-10.760260 3.787575 -4.770271 -5.981812 -8.921964 0.800892 -0.832977 -5.491412 -3.352689 10.395170 4.934422 -4.618988
-1.317878 3.528447 -16.600560 -9.397038 -3.444863 -4.597618 -0.510772 -20.084760 11.180010 -8.311792 -22.418280 -18.308300
-1.234646 -5.648980 -11.877720 -17.483550 -2.297207 -2.362238 -3.074211 -2.611823 10.623480 1.650726 -26.528400 -31.093680
-2.927898 1.533824 -11.496590 -12.407420 -4.997245 6.438484 -1.573825 -5.588212 17.178590 -3.766404 -17.446810 -38.134500
-0.117330 0.115196 -13.621470 -14.546480 -5.772386 4.638749 -0.809055 -15.830970 8.859554 -9.493543 -14.157280 -31.858730
3.953238 -0.895964 -18.198640 -5.999978 -5.606434 -4.954498 0.559757 -24.401880 10.510910 -12.687390 -13.636910 -28.686320
3.204521 6.185441 -24.367990 -7.965160 -3.873396 -6.163848 2.250027 -28.879130 5.405917 -12.188170 -11.824880 -32.306770
3.907907 5.257841 -18.859350 -10.265120 -4.285124 -3.107364 -3.468184 -23.108200 5.061936 -11.918710 -14.317400 -23.826870
0.955770 9.500112 -19.241940 -8.717755 -2.802064 -4.303471 -3.191580 -23.530680 4.829891 -14.496760 -5.816233 -31.067000
0.904864 10.182670 -17.537920 -5.466673 -4.007838 -4.870855 -1.684467 -25.716380 12.743950 -13.826910 -9.916349 -32.575910
1.851629 10.679800 -16.016370 -2.737866 -6.726782 -11.416680 -5.026132 -19.717460 5.573191 -11.778480 -14.910690 -35.974310
-0.793218 13.960670 -10.028020 -4.128870 -6.098687 -14.185290 -4.652344 -20.433060 5.111616 -9.760470 -19.651980 -26.909830
0.535522 15.086840 -7.281422 -0.820045 -0.332397 -5.024201 -4.388450 -17.098420 -3.652650 5.850627 -11.789850 -15.284980
-1.969986 6.851567 -6.514759 -0.240028 6.727194 6.626683 -0.986230 -1.295518 7.873519 4.062375 -6.701160 -13.251900
-7.064977 2.446403 -12.261050 1.013433 8.216556 9.832332 8.016083 2.306003 9.993369 5.951993 -7.284441 -16.152820
-8.181921 2.603194 -9.409977 -0.977701 4.546717 7.695930 0.368378 -1.799423 1.284442 0.844872 -11.018580 -14.620360
-8.023632 2.975924 -8.955276 0.399029 10.820660 5.809065 -2.256362 -4.822855 3.598605 10.581850 -3.071384 -10.331370
-10.982830 3.005968 -8.829461 2.346694 14.904330 5.425000 2.250027 -3.786095 -1.729002 2.098423 -3.293689 -13.314680
-11.405310 2.417767 -7.237276 2.565336 10.348720 4.756547 2.883972 -0.016304 -2.627627 -1.347152 -7.016389 -11.174890
-13.453040 0.256026 -7.954642 0.351668 7.748110 11.419470 -3.181862 -7.870713 4.177146 5.239057 -2.739715 -4.760228
-13.720570 0.389345 -10.897680 -0.923852 4.777088 9.384140 -6.137778 -10.356770 7.381131 7.208077 -12.383140 -8.101343
-14.513500 1.711739 -10.312750 -0.508627 -2.509373 -0.656601 -0.033071 -2.126916 3.111876 -0.764302 -11.104350 1.247973
-6.380170 7.976330 -16.822030 -3.469051 4.604135 4.646416 -13.508130 -4.778526 13.370920 5.623400 -16.839230 -1.718071
-11.517520 2.931328 -18.309000 -7.421474 12.496980 -0.816918 -7.766747 -5.086116 16.266140 11.248330 -18.870700 6.480137
-2.961339 11.964640 -10.011090 -1.719267 9.162549 -1.256745 -4.528994 -9.504560 1.047366 5.883571 -16.616210 -8.736924
-1.421918 12.100770 -17.189910 -6.343836 2.410354 -4.513974 -1.022114 -16.460630 1.581258 1.360145 -9.058584 -19.978860
1.002587 6.312188 -18.518690 -8.914338 3.095867 -4.690323 -3.246901 -15.213080 -2.029591 2.069702 -9.600406 -24.060700
1.765796 3.481504 -18.929980 -6.714943 -2.269899 0.600147 4.080093 -23.467350 4.186579 -1.242408 -8.997111 -27.104430
0.250526 5.278495 -19.667950 -6.740246 -2.801364 2.229110 1.925579 -18.639090 4.375234 0.730836 -11.248030 -26.598320
3.611764 4.218514 -19.933560 -4.179475 -0.723819 2.595749 4.977932 -23.043960 6.615193 -3.317018 -1.945568 -31.440500
5.347003 4.930176 -19.717250 -3.681854 -1.463248 4.856919 2.745670 -19.980730 7.099407 -2.560157 -6.303014 -26.626560
4.091835 8.457030 -18.006600 -7.263819 0.359417 7.836730 -5.798378 -22.171850 13.050830 -4.204809 -8.122906 -29.931580
3.948408 10.611730 -18.356820 -4.211915 0.040118 5.076484 -5.732592 -18.293500 8.480358 -1.821880 -4.190053 -30.566380
2.307919 12.793190 -16.981690 -4.788688 3.732364 -2.176827 -2.149459 -19.845930 7.894271 -0.602118 -11.220150 -21.960930
0.797480 12.946220 -11.473780 -5.288905 4.704266 2.237474 -7.316706 -23.203190 5.061936 7.627899 -13.146550 -14.935010
0.853216 15.856240 -8.749264 -2.696992 4.482297 -1.310417 -10.229260 -18.102620 0.279541 16.379100 -11.973560 -21.490910
0.574537 15.967500 -5.435399 3.038304 6.570345 2.081339 -6.369527 -9.813960 -0.682597 19.606740 -15.344570 -13.935350
-3.229242 7.530368 -11.311180 -4.889899 2.339632 2.375487 -2.017138 -2.253571 5.839822 15.599430 -6.423101 -14.731790
-6.171719 3.598862 -11.313390 -2.263601 7.019184 10.313980 5.503479 6.633076 -0.384523 15.428800 -1.240771 -16.684040
-9.573458 3.199844 -12.250750 -7.180125 1.953812 12.586300 6.286191 -1.177005 -1.202655 9.696595 3.078791 -22.182990
-10.482320 4.215229 -12.159510 -7.536310 -3.360837 5.271653 -5.017161 -5.943750 4.661989 2.607783 -10.494630 -8.065248
-10.517990 1.462470 -8.939090 -2.946776 2.741557 6.506096 -1.718855 -2.934793 1.828396 6.000986 -0.425894 -2.975894
-10.359700 1.975091 -8.945712 -2.796906 0.150753 3.008391 -6.745558 -1.365178 2.497491 9.987176 -1.676802 -7.240563
-10.767690 3.475401 -7.530108 -5.214943 0.233378 0.927055 -6.555673 0.065117 4.925476 8.535963 5.724281 0.757555
-10.180230 2.804580 -17.317190 -4.849026 6.940760 0.687973 -10.161980 8.199977 7.344029 9.598609 -26.603450 -2.647118
-9.451582 -0.587077 -18.185390 -5.869571 6.481417 -0.284386 -21.944530 -4.767670 -1.377475 12.404740 -32.923750 -2.669873
-10.641350 3.079669 -12.857010 -1.352052 7.562553 -1.128492 -14.525580 3.025222 4.367687 18.250980 -10.793410 0.126683
-15.015500 5.950725 -4.498040 4.749160 8.339094 -0.199348 -13.986580 1.741485 4.720471 22.755820 -10.359530 -4.340431
-16.218270 -0.074456 -5.882741 7.123729 10.666620 3.600171 -2.186838 12.263790 14.689610 19.011220 -14.947860 6.444827
-13.696790 0.392631 -5.921736 6.884974 9.366313 -3.936135 -8.820082 2.979084 8.960799 9.036032 -10.482470 3.193164
-12.536740 5.895331 8.276233 15.096700 10.043420 -4.071359 -12.753080 -2.512309 11.569890 14.584090 -18.866410 -6.385275
-3.256739 17.413820 1.713250 7.378054 -5.647747 -3.763968 -21.937050 -13.909440 -9.910954 7.185270 -10.774110 -14.027150
-0.957825 16.852850 -2.468813 4.606427 -6.875928 -9.497751 -26.321590 -16.913870 -9.263239 8.633949 -10.431010 -20.780790
-0.953366 15.251610 -0.000336 5.827448 -5.299739 -8.762383 -28.861850 -16.884010 -15.121590 3.563996 -17.107990 -19.234990
-0.454345 17.006360 -2.969866 2.584800 -4.651338 -8.818842 -25.306380 -18.994630 -16.915070 -0.091912 -17.531870 -17.321970
-0.662797 17.646660 -2.130363 5.207205 -3.701843 -8.128083 -24.072130 -15.479960 -15.249880 0.252730 -15.073660 -16.662850
-1.340915 18.427800 2.909596 6.990727 -3.678736 -8.881575 -21.895940 -9.170734 -11.024640 7.156550 -18.339600 -16.290920
-5.127231 16.059510 2.774216 8.427146 4.251925 -7.958705 -16.878950 -4.719722 -3.846964 6.682667 -3.518852 -7.900468
-10.347070 11.268470 2.542452 7.451367 3.207901 -2.590864 -14.838820 -14.366300 -2.498084 10.109660 0.057313 -3.016696
-11.528670 10.458230 1.325504 2.672386 -3.795672 -13.290300 -20.557780 -18.648140 0.712189 21.478620 0.932234 -4.611926
-13.550760 7.752410 -4.412692 -1.025063 -6.662362 -10.448500 -11.731140 -10.432760 -4.265778 12.850750 9.816535 4.047667
-14.908860 6.564274 -1.357079 4.102318 1.857882 -8.604156 -12.238000 -10.382100 -0.461242 6.732505 4.446211 3.706336
-14.513130 3.841559 -1.435069 3.429523 1.965716 -4.424057 -11.162990 -6.990462 -2.692398 -5.030936 -1.622476 -3.703281
-15.530870 6.782561 0.707465 1.238562 0.110140 -1.807400 -7.532755 3.464895 8.226933 5.593835 6.821506 8.625419
-15.124370 7.813906 1.988424 2.473857 0.392327 0.404978 -4.284537 -6.345427 3.611182 7.063632 2.087358 0.957646
-16.662300 6.634220 3.445230 4.346911 -1.949899 -5.423601 -12.557210 -12.562370 2.039060 15.180460 6.810783 2.830647
-11.098760 5.851204 -9.409977 -5.836483 -3.129766 10.332800 -0.478626 -4.240242 -10.727830 -5.966031 0.170967 -2.083726
-4.081999 3.435030 -21.629490 -17.482900 8.617781 11.114870 10.845660 1.698965 -18.308600 0.339735 -12.262340 7.756007
-6.087372 7.499386 -20.103520 -13.538260 8.458831 15.163930 13.827740 11.275880 -13.265860 1.749557 -12.853480 2.975026
-3.030080 13.674780 -13.970220 -12.655260 -0.022901 2.709365 9.689905 11.359110 -5.742315 12.498500 -16.638370 9.811051
6.217968 19.018350 -6.501515 -17.467330 -7.721091 2.717729 -3.305959 -4.157012 -17.747670 -0.188209 -10.977120 4.957097
6.649734 19.530970 -9.065640 -22.348810 -16.300850 9.149938 -5.605504 -12.468280 -17.466570 -0.597049 -8.172942 -2.593760
6.032182 21.768760 -11.258210 -22.640120 -21.048330 9.902732 -1.829496 -15.470000 -13.385970 1.695495 -6.086429 -0.468880
7.040999 21.818050 -9.522548 -24.905040 -20.614190 4.536982 -2.819287 -3.009881 -13.709200 -10.124540 -6.787652 4.786039
7.688277 22.357900 -12.117570 -21.234840 -18.114420 -0.490708 0.704787 -3.897370 -14.075820 -7.636024 -2.834069 2.319044
5.054205 23.723010 -12.127140 -19.886660 -20.446840 -1.559954 3.171788 -9.183400 -8.556413 -17.292760 -8.092884 0.293032
6.107982 22.688380 -11.415660 -23.213000 -19.968590 2.012333 0.256241 -6.193441 -5.548629 -8.916605 -1.941994 2.060888
6.262556 21.955590 -2.981638 -14.481600 -21.871780 -8.052804 -3.810573 -0.862177 -9.633002 -3.854254 -9.605410 2.756889
5.234789 25.114880 -6.741374 -21.635800 -21.262590 -3.826701 2.408513 -10.582030 1.405810 -5.068103 -6.207945 2.785921
1.347406 16.785250 -8.521914 -23.300590 -21.112050 -2.904528 -4.582819 0.730055 -0.101541 -3.668417 3.864361 13.287910
2.536435 17.926450 -6.873810 -21.933590 -20.642200 -0.881742 -1.008658 -10.093510 -7.393672 -19.181530 -20.633410 3.106066
2.550555 21.959820 -4.231695 -14.703480 -17.879840 -5.081358 -2.169644 -4.149775 -1.422752 -6.695860 1.329665 2.375540
-1.031024 17.516160 -1.671984 -8.587349 -16.115300 -5.298832 -0.735045 0.573546 -3.652650 -8.273780 -11.015720 -1.634897
-2.949821 15.889570 0.257916 -7.833456 -12.747950 -5.217977 4.382862 8.627890 2.077420 1.083925 1.370409 -6.036882
-5.592067 12.186680 -3.977857 -6.720134 -9.280475 -2.429153 10.622130 12.484530 10.061910 6.935236 1.220300 0.910566
