2.468532 0.530241 -24.261900 -16.270150 1.538658 7.116784 -2.053490 -35.261160 8.172824 -14.647730 -14.077800 -22.290330
1.330832 -1.380595 -19.018660 -9.938629 0.779137 9.183113 -2.508269 -32.560750 12.604060 -25.920760 -18.794900 -21.404290
0.250883 1.429234 -19.148760 -5.684902 0.301560 8.231658 -2.531705 -38.196280 10.581860 -23.749280 -17.078910 -19.315440
2.335009 1.077827 -20.640770 -6.485843 0.769548 6.058199 -1.917309 -36.701320 7.442120 -20.952170 -18.043820 -18.087680
4.020040 0.757846 -18.403870 -7.857428 2.899784 6.784501 -3.031455 -36.228630 9.794744 -15.729830 -20.827380 -19.483270
2.793694 1.607795 -18.536190 -8.285693 -0.319226 5.444474 -5.121667 -35.044440 1.749615 -19.972160 -22.327940 -16.878070
3.483375 2.992948 -18.557010 -7.678180 3.229677 8.967644 -6.670958 -39.775470 7.376303 -22.743020 -17.078910 -12.790340
2.088195 5.034729 -16.688090 -3.068227 1.832109 6.228880 -2.887674 -38.796550 1.421873 -20.835500 -12.808090 -18.140610
0.930633 3.829088 -17.533340 -7.079743 0.173695 7.566486 -1.653182 -44.846720 6.082796 -28.121410 -20.160350 -16.219590
1.463987 3.612434 -16.313410 -9.697552 4.196339 6.766949 1.852039 -38.768750 4.058586 -20.723210 -16.252830 -14.259260
1.406238 2.392032 -17.482040 -10.080440 0.993951 3.947686 -2.061090 -37.832360 3.745619 -23.706990 -14.886320 -17.966720
0.546251 3.113417 -19.510050 -11.273910 2.135789 3.266778 -3.551475 -40.901600 2.378236 -24.592940 -13.690560 -19.946710
0.732005 2.631066 -19.520460 -11.114520 2.023907 2.157352 -2.660285 -38.398280 6.499862 -22.608850 -13.613430 -23.177880
0.073589 1.804449 -18.613510 -11.740750 0.864168 5.031087 -4.490170 -42.736770 7.562337 -17.304840 -19.446500 -25.005910
0.441051 0.021225 -17.344510 -9.666354 0.157072 1.417129 -6.450535 -32.265520 9.386410 -17.566620 -18.356590 -21.736180
0.486662 1.447328 -15.415380 -7.951590 -3.068331 -4.441103 -10.315530 -21.776280 13.668550 -21.935100 -18.136380 -17.559990
-0.556504 0.422152 -11.729570 -12.290400 -7.469457 -7.789355 -6.809038 -20.450610 9.914962 -16.761610 -24.210950 -21.389170
-0.733063 0.279780 -9.676288 -10.614210 -9.437944 -9.617820 -7.665391 -15.515120 8.675855 -10.776550 -20.792800 -22.312260
-1.655581 1.152108 -9.782595 -10.609110 -9.391273 -17.598060 -8.925853 -13.392080 6.256070 -12.650530 -25.607250 -20.778320
-1.875176 0.365489 -5.575664 -8.441117 -7.987951 -18.805540 -11.570920 -7.238875 9.136574 -16.693070 -15.287390 -13.955350
-2.001342 1.314003 -2.054896 -9.639694 -13.611470 -19.514900 -10.885580 -3.390258 -1.097309 -18.826630 -6.961185 -9.119924
-2.500120 1.029734 1.026519 -8.457000 -16.072240 -23.514400 -16.949730 -9.706210 -0.064384 -14.971490 -7.717049 -12.312540
-2.211005 3.319119 3.619517 -7.473974 -19.278460 -19.952490 -11.924990 -10.443880 1.555522 -12.913760 -9.486760 -8.172647
-3.779801 2.775342 3.975608 -12.129310 -21.696400 -15.227900 -14.898790 -19.568190 -6.564826 -19.007460 -10.761250 -13.049650
-4.266809 5.561840 5.400716 -8.189263 -13.826920 -5.368953 -6.717196 -23.666240 -2.212169 -15.551910 -11.124020 -13.434460
-5.003940 7.373158 6.185009 -8.291366 -12.853870 -10.266650 -13.723210 -22.739660 -0.598979 -15.030550 -16.530500 -8.991403
-5.505293 8.482614 7.983306 -6.528954 -9.835606 -13.122230 -15.729180 -22.529480 -3.056374 -9.737477 -15.666120 -10.439910
-7.728827 10.414880 11.385870 -8.352628 -11.669200 -17.525430 -16.298600 -19.309760 -4.432488 -8.476007 -19.941730 -15.367570
-6.925486 10.461060 13.183430 -7.870474 -14.272530 -14.639590 -20.815990 -19.218980 -0.530476 -4.663157 -16.782100 -17.188790
-6.851920 9.691112 13.600480 -9.525679 -10.426340 -15.360450 -19.303440 -20.094860 -0.921349 -3.596375 -14.362380 -18.408990
-6.629014 8.812593 8.048726 -12.170720 -9.374012 -15.110480 -17.812420 -20.246970 -12.379560 -5.429518 -11.262850 -20.165950
-6.182468 13.736100 11.524150 -8.800179 -9.032611 -12.388660 -22.097350 -15.500400 -5.002678 -4.669719 -13.568740 -19.186920
-6.937992 12.402380 11.690670 -6.194849 -5.766291 -11.429940 -19.555530 -16.729570 -7.840200 -10.121020 -14.352800 -9.692978
-8.033023 12.809020 14.954220 -3.782948 -3.630939 -12.787520 -16.966200 -12.904670 -10.198200 -16.763800 -15.315050 -4.554395
-8.259974 13.784670 13.337310 -7.194892 -1.531390 -11.649650 -20.142060 -21.342840 -14.633460 -14.493150 -15.648040 -17.136630
-7.871913 15.184590 15.731080 -6.571496 -6.611481 -7.556333 -14.941860 -13.357730 -17.266140 -14.396170 -13.364490 -14.046070
-8.557917 15.179820 15.893880 -2.377329 -5.531018 -13.303800 -19.527660 -14.208260 -11.769080 -10.827590 -12.210740 -9.509268
-7.388584 16.201670 14.286640 -3.296257 -8.080653 -12.444950 -11.975030 -14.527200 -14.843670 -6.927970 -12.380430 -11.730420
-6.453927 15.924070 9.896832 -3.258252 -7.590290 -8.469658 -16.234630 -21.904670 -16.508580 -3.640855 -13.182040 -5.088892
-6.722075 17.682050 13.798970 -8.930078 -13.106400 -6.526195 -11.050270 -13.176180 -11.090090 -12.765740 -17.829460 -6.021805
-6.133179 17.134470 14.728970 -1.153227 -9.050512 -10.969350 -12.032030 -23.800360 -6.325736 -5.775876 -10.936780 -8.916558
-5.446440 15.801690 14.770600 -3.818684 -13.459950 -4.620257 -15.589830 -25.457240 -11.829520 -10.259570 -12.309150 -10.139020
-5.403036 15.305060 15.510290 -2.824314 -17.047850 -2.108462 -14.312270 -24.897040 -15.263420 -9.631018 -18.560850 -8.320068
-5.796615 15.325530 15.858200 -0.529831 -21.663150 -7.976377 -2.736926 -27.305500 -21.789390 -5.976398 -19.268840 -15.100700
-5.283123 13.304700 13.714220 4.512359 -19.307230 -12.295450 -6.815372 -28.431620 -26.137340 -2.294800 -17.567750 -18.551120
-5.235305 12.870920 12.920260 4.100543 -15.466160 -14.373890 -8.289922 -27.412630 -24.177610 -1.894484 -10.188370 -22.271430
-2.855444 12.474750 7.425009 -2.178796 -15.996800 -16.152720 -7.835142 -26.774740 -25.735060 0.537311 -11.581480 -25.946380
-1.389272 9.922526 2.673162 -0.541176 -10.085580 -13.151890 -16.927560 -23.683410 -15.501840 1.508571 -8.696853 -32.758010
-1.453643 8.649747 -1.124153 -6.923752 -7.002109 -11.470500 -17.439980 -23.777460 -14.818820 3.989220 -11.462330 -29.272820
-0.073543 10.533920 -7.391060 -11.471880 -8.694407 -4.252869 -20.624070 -27.412630 -18.763820 9.635213 -12.449050 -27.949800
0.215939 12.433330 -12.340650 -16.368290 -8.257747 -3.396438 -21.489930 -26.989820 -18.308470 4.053387 -7.612792 -23.776640
1.333040 13.709910 -12.250700 -16.991680 -9.246146 -0.350206 -17.220190 -21.128570 -14.815470 2.355870 -7.058527 -13.751230
1.976007 13.460880 -11.812090 -18.832940 -13.353820 0.949269 -13.213950 -17.371550 -15.100900 -0.124050 -4.811680 -14.116380
2.535845 12.240000 -11.725110 -19.933950 -17.949940 -2.728845 -13.298200 -11.380270 -16.696620 -5.670875 -6.413303 -15.269290
2.694747 14.957460 -10.138690 -23.465020 -20.841620 0.508646 -8.800440 -13.267780 -8.238461 -6.451091 -10.240500 -13.612120
3.051175 16.124050 -11.192090 -21.924390 -22.455920 -3.904849 -4.180439 -8.517931 -7.447312 -13.310430 -6.576072 -10.888230
2.537684 17.832040 -11.435190 -24.653380 -22.471260 -3.219704 -6.943952 -9.156642 -10.022910 -6.972450 -8.594724 -17.866170
2.996000 13.930850 -12.743580 -22.945430 -20.131960 -7.565412 -7.712896 -12.199710 -11.518570 -5.059827 -12.732030 -18.868640
3.553631 14.952700 -11.823240 -23.628950 -17.157820 -3.405517 -6.099633 -9.190989 -13.663670 -4.200861 -5.889890 -17.752020
2.977241 12.638070 -13.624510 -25.123620 -18.284950 -6.704138 -9.800574 -12.122020 -15.316480 -14.684190 -10.164960 -17.082200
4.686548 14.992690 -13.593290 -22.973790 -14.812770 -3.603434 -7.073798 -11.170910 -7.754235 -13.694700 -4.324970 -12.016940
4.228967 15.622180 -11.363820 -26.430540 -11.557310 -4.399945 -5.960286 -11.590450 -11.394320 -10.269040 -3.669108 -9.972700
4.392284 13.725150 -14.342640 -22.694140 -11.646820 -5.753288 -7.522244 -16.337020 -15.815480 -9.624455 -2.602600 -10.247890
5.132358 9.040675 -12.267060 -19.769450 -10.177650 -5.565660 -8.027061 -21.979100 -14.230500 -7.293286 1.775666 -9.669541
4.383088 9.570642 -12.903410 -17.140300 -9.242311 0.145495 -15.404880 -26.019900 -11.904070 -0.008111 5.251257 -14.999390
3.642278 7.718851 -11.453030 -13.545140 -10.183400 -6.417854 -21.983980 -26.673330 -9.303622 4.279431 -0.098834 -26.250300
1.463987 8.009786 -8.931396 -10.110500 -9.691757 -12.248850 -25.533540 -24.711400 -0.320936 2.672332 -11.615520 -30.059060
0.697429 7.317923 -3.970652 -4.448320 -9.918078 -14.391440 -28.379390 -16.715670 0.380889 1.493987 -14.883130 -24.804810
-0.646623 5.702307 1.254745 -4.222558 -10.419950 -18.424230 -24.597370 -17.980000 -2.396860 -0.384365 -19.352890 -24.254440
-1.622109 6.804621 6.997551 -1.287095 -17.043380 -15.902750 -15.898930 -22.846790 -6.779068 3.995782 -17.027320 -28.279420
-1.955731 9.073054 13.303110 -4.560066 -18.092510 -8.138585 -10.973630 -27.683320 -13.597850 9.840839 -15.056000 -26.461230
-3.937968 10.258220 12.118870 -4.104006 -16.607990 -7.375968 -13.825820 -33.631260 -11.335220 6.305805 -12.916610 -27.215720
-5.225006 13.662300 14.210070 -1.844124 -20.126210 -4.395709 -13.722570 -29.689410 -10.853680 -2.035214 -13.535770 -17.644660
-6.499170 12.088110 16.361480 -3.216276 -17.154620 -8.233609 -14.373700 -31.829630 -12.656930 0.056785 -12.276170 -13.098040
-6.713615 11.964310 17.145780 -1.215056 -12.000370 -8.686943 -16.607700 -32.932030 -10.178050 -0.252384 -0.266922 -11.542930
-7.154644 13.070910 12.695010 -5.840892 -11.944750 -8.516868 -17.613530 -33.927310 -14.324520 -7.052659 -7.837264 -14.692460
-8.487293 14.789370 12.065350 -5.243022 -5.555952 -12.907360 -20.092020 -33.412090 -12.122340 -3.845753 -9.485697 -12.069870
-10.461810 18.318200 14.069570 -4.926503 -5.804650 -19.431980 -20.013480 -25.468690 -11.556850 -5.787542 -10.203790 -13.236390
-9.884313 19.138630 16.837270 -4.339410 -5.423611 -9.064014 -14.090580 -24.391640 -9.010132 -2.111777 -11.550090 -12.434260
-11.148180 17.663010 12.541120 -2.740930 -1.348542 -9.675924 -13.965160 -27.441250 -13.969920 -8.631320 -9.431440 -14.881460
-12.257180 17.107330 15.054580 -5.891944 -8.686735 -13.018730 -17.757950 -26.501590 -10.628690 -11.309580 -14.728870 -17.200890
-8.682611 16.986860 15.141560 -10.209200 -12.849390 -12.151400 -17.234760 -22.790360 -12.585740 -3.997421 -3.162184 -18.446790
-8.822754 20.226180 24.456430 -1.381257 -12.827650 -8.271135 -17.128980 -20.335300 -5.315646 -2.703137 -16.720930 -12.424430
-7.034731 19.940010 20.676210 4.780096 -8.894517 -4.491338 -10.121710 -21.481870 -22.517410 0.713042 1.323531 -8.342749
-12.226660 18.365350 12.390960 -0.946184 -4.795153 -15.965700 -8.336793 -33.394100 -1.635934 4.808811 -3.426550 0.425427
-11.191950 18.955790 16.008370 -9.893250 -14.457940 -15.787150 -2.592511 -33.699960 -11.339920 6.937999 -8.080885 -0.326045
-11.101090 13.017580 14.599610 -1.580925 -13.531550 -12.887390 -7.219480 -17.057510 -12.652910 10.558350 -2.278126 2.492352
-13.517370 8.798309 4.285608 0.981295 -8.402235 -8.105902 -10.387730 -11.462050 -8.942972 5.327254 7.464061 2.241357
-12.116670 10.339170 5.793234 -0.535503 -7.473932 -8.082902 -9.446506 -10.599260 -6.359988 1.251172 3.837935 2.970148
-14.991270 7.321732 3.316208 6.355319 0.375722 -0.119605 -4.820170 -4.058410 -7.508429 -4.833783 -10.223470 -3.906496
-16.148830 4.992350 7.112779 4.233277 -4.907035 -1.767706 -8.699730 -8.047690 -10.053800 -7.582039 0.624051 9.156558
-16.928260 3.856229 2.778726 7.809721 -8.626638 -1.833073 -9.923454 -9.107573 -2.838103 -7.231307 -17.433170 -3.197361
-15.359470 6.229894 -0.133193 2.292185 -2.765290 2.170062 -12.637560 -9.642421 -1.729287 -2.418760 -7.050016 0.923636
-6.786446 4.842360 -15.683000 -5.746163 3.845349 4.769618 1.992654 -11.200350 8.722195 -3.691168 -20.975250 -13.198580
-1.841336 0.174548 -17.500630 -10.825790 4.949466 -2.078805 9.805613 -16.972460 12.247440 -6.817136 -15.414520 -29.405120
-1.058593 -1.004903 -15.600480 -10.219410 1.376908 5.811256 2.135802 -10.494580 13.891520 -9.711226 -15.711870 -30.202710
-2.441267 -2.284349 -16.593680 -8.154094 -0.054545 -0.464599 1.203440 -14.352190 14.673270 -17.182340 -12.969270 -40.387640
-1.323799 -3.985198 -19.650560 -11.151950 -0.117199 -4.822411 -0.160898 -25.706680 11.721570 -24.202830 -13.118210 -32.551620
1.099835 0.387869 -21.568540 -1.589434 -2.577968 1.018268 -2.175102 -30.584920 10.076820 -17.349320 -12.822990 -24.678560
1.026269 5.104724 -22.396700 -3.680845 2.757854 -5.532976 -7.709096 -23.360380 3.977993 -22.947920 -17.674670 -18.839910
-0.498020 6.236560 -21.593820 -2.141358 2.413257 -8.871545 -3.694623 -28.969740 3.117670 -15.368160 -21.402920 -22.554180
-1.953156 8.484518 -19.127940 -1.702314 1.827633 -7.207708 -6.962954 -33.677880 10.751110 -16.247540 -17.398070 -34.566380
-1.439297 7.717898 -16.469530 0.969383 1.685063 -9.057962 -6.104067 -28.690050 10.364930 -12.315110 -20.415140 -27.159020
-2.379103 10.491540 -12.116890 3.194662 1.218355 -11.590940 -7.590017 -26.966100 13.047990 -8.474548 -23.427960 -16.269490
-1.922626 12.198580 -7.702547 2.758455 3.568520 -3.186415 -9.953223 -17.780450 6.960581 0.424289 -19.750230 -24.474440
-4.142114 4.695226 -7.786551 8.783671 14.699200 5.299213 -10.142610 -9.111662 14.580590 3.470048 -13.227780 -19.395580
-7.598615 2.970569 -8.608758 3.207142 12.042160 12.279580 0.766396 -1.525650 16.938580 1.081275 -10.627740 -8.923362
-7.963502 0.701659 -12.372620 -0.299532 11.088920 4.391335 1.212941 -5.605708 5.804081 2.747437 -16.429960 -13.217480
-8.841514 0.864983 -10.490320 -0.900805 4.142636 6.851684 1.542942 -2.942916 0.254628 4.620684 -10.496880 -15.883920
-10.203960 -0.474460 -14.447460 0.189996 11.733360 9.829522 3.620485 2.821014 6.502548 4.053387 -10.878810 -8.109142
-12.521660 0.193595 -14.106980 -0.058455 3.333248 4.434914 1.132500 -0.010247 4.159326 0.671479 -8.213334 -3.710690
-12.821810 -1.591534 -10.501470 -6.527252 0.492719 3.860530 -0.521301 1.095433 7.894780 2.133472 0.519794 -12.348830
-15.048650 -1.824854 -11.827700 -5.789841 0.362936 -1.600656 -5.603049 -2.296027 8.210434 2.505351 -7.372894 -9.798062
-15.259420 -4.561830 -14.445230 -4.616790 7.350778 5.851808 -4.395160 -2.848050 -1.564744 -5.480560 -11.880950 -9.979505
-12.633480 1.629698 -11.820270 6.716084 16.703490 2.128905 -6.012224 7.509523 17.875470 18.557380 -17.178910 4.956180
-10.959480 3.794804 -13.916670 2.445339 19.292760 -0.136552 -7.353127 5.719335 10.763870 18.302170 -27.095040 -0.462882
-8.283883 9.676826 -4.416695 8.910166 19.426380 -4.306736 2.809103 -2.802252 5.867883 14.103590 -22.425280 -6.702212
-2.168337 9.333990 -14.933650 0.656834 -0.628660 -13.918130 1.770331 -15.070230 4.649596 -6.098900 -25.646080 -16.463780
-1.836922 7.882650 -19.271420 -0.631367 -4.293282 -12.411060 1.487203 -17.227620 4.438713 -6.056608 -24.187540 -17.879780
-2.879720 3.974317 -19.451320 0.466809 -1.494309 -7.351758 5.133672 -19.604990 6.007576 -10.829050 -17.311890 -23.935400
-1.208300 3.467681 -19.796260 0.296070 -0.576875 -5.654027 4.613653 -16.192270 5.222473 -11.120720 -9.229309 -28.472200
-1.269360 3.586722 -19.696650 1.412964 -1.210448 -3.348018 3.387395 -16.360740 10.162110 -13.186470 -6.262769 -26.722050
-1.101261 4.158115 -20.351590 -1.512856 3.840234 -3.604645 4.220946 -17.074680 12.946580 -14.418040 -5.045727 -29.268280
0.188352 6.332269 -20.729240 1.286469 3.576832 -6.096466 4.930351 -17.170370 12.677260 -11.326350 -1.937695 -31.363930
0.648139 7.248403 -19.103410 2.880979 1.997055 -4.365446 -0.285044 -16.287950 6.988788 -8.619654 -6.356388 -27.726020
0.430752 8.720695 -16.788450 0.880326 0.094418 -0.448862 5.946321 -21.297040 9.071428 -8.878510 -9.230372 -25.952430
-0.652140 11.358150 -10.975020 0.210984 1.862796 -5.238824 5.510544 -25.555380 13.771980 -1.319895 -13.029910 -24.258220
-0.949715 11.127690 -8.807247 1.623410 3.410607 -1.549210 -0.334449 -18.976100 9.302460 5.879238 -15.803890 -20.057090
-0.770950 12.196670 -6.794849 9.398559 8.410782 -3.437595 -3.331686 -13.861510 6.812157 13.335770 -18.368300 -13.751230
-3.532987 8.544039 -6.339141 9.320847 6.471064 -1.692654 0.559275 -5.034875 6.906181 15.838290 -8.458551 -16.213540
-6.623865 -0.364466 -12.660320 3.474879 7.049016 4.958457 3.740197 0.574488 7.436076 4.590059 -3.869643 -15.586810
-11.789670 0.339776 -10.023460 2.979111 7.977318 1.063057 4.535111 8.747688 9.287013 12.707950 -2.813774 -15.879390
-10.299590 1.608747 -10.752000 -0.305771 0.369968 -0.809592 5.802540 5.754501 5.964594 1.686489 -9.077179 -14.009020
-10.835520 0.053127 -7.844537 2.413007 6.754286 3.143307 -6.855276 -9.994080 4.573705 8.620932 1.825135 -9.248446
-9.819206 2.861052 -7.575424 3.509480 5.872654 4.115946 -4.940516 -16.891490 4.623404 13.275980 -2.661644 -8.658004
-9.760721 3.823374 -8.329237 0.461703 0.125745 -1.744101 3.360159 -4.562999 0.374173 8.341659 -7.391512 -6.968327
-11.204820 1.042591 -9.055545 -1.987069 6.556095 0.490488 -7.477906 -5.424971 3.057226 5.931739 -7.355341 -6.837537
-12.268220 2.352511 -15.063750 -3.386448 11.588240 1.004952 -3.289248 -5.406162 0.178065 15.809130 -14.313440 1.526930
-8.522605 2.549642 -20.051250 -8.338447 7.983072 -6.494721 -6.318789 -4.990714 -3.875729 19.664270 -10.935720 -2.430013
-9.406869 6.547970 -12.985930 0.297204 7.539379 -4.695308 -13.910060 -13.542560 1.351355 15.751520 -18.769370 7.092658
-13.535400 0.782130 -7.297391 3.497001 6.793285 -10.936060 -15.049540 -2.513565 13.142680 16.388090 -12.385750 6.043319
-17.138290 -3.674741 -8.036336 4.953104 7.135324 -12.286980 -14.289460 -1.696572 11.293090 1.870970 -12.418730 2.204313
-13.856140 -0.436843 -1.599189 9.875039 11.566500 -5.496056 -9.865814 -5.335830 17.850620 3.550986 -11.943180 -7.505848
-4.490081 10.789620 4.082659 10.742920 8.472157 -10.211570 -17.547030 -17.368280 2.900071 -1.487605 -19.859280 -9.750434
0.795272 14.871750 -0.035064 -0.979652 -1.983394 -7.338442 -19.817760 -21.617620 -5.375418 2.953793 -18.250740 -4.942226
-1.565095 12.721400 -3.210891 -2.654142 -2.732045 -11.687780 -27.202540 -31.029810 -13.333910 -0.054778 -16.189000 -16.451680
-2.818293 14.356070 -0.353241 -0.912150 -8.256469 -14.677720 -21.334110 -26.609540 -17.177490 -2.062194 -9.573463 -16.719310
-2.141853 16.071680 -0.307150 -1.398274 -2.900188 -12.460690 -23.514900 -22.717580 -16.246650 -0.743847 -9.805383 -17.572840
-1.681697 16.785920 -0.443193 -0.799837 0.950477 -6.848188 -23.889870 -27.564740 -21.010330 2.563685 -8.474509 -17.961430
-1.281130 17.754910 0.028869 -0.106670 3.048108 -2.848685 -14.114010 -23.981100 -19.350130 0.309809 -1.490347 -17.619720
-5.666770 13.032810 -2.129237 1.334685 4.665605 -5.900970 -13.219020 -14.074950 -7.409703 3.055877 3.398034 -15.693410
-8.649874 8.571656 2.109661 10.290260 6.233234 -7.329968 -21.743920 -8.103301 -2.381413 10.110630 3.475695 -13.026970
-10.906510 7.087461 0.374553 2.848079 -0.628021 -5.080248 -15.857120 -16.961830 0.767061 10.503660 -6.935121 -15.587570
-10.672940 5.680880 -2.389429 -0.769206 -3.269080 -8.272951 -21.889600 -15.443150 -3.817971 11.484400 2.524615 1.768096
-13.749100 7.094603 -2.680843 2.200292 -4.740171 -9.349693 -17.404510 -14.997450 0.947050 14.877970 6.589578 4.599345
-12.611040 6.397503 -1.003721 4.381327 4.399645 -8.302608 -14.227390 -13.862320 -4.253170 -3.717418 0.458622 -1.305830
-13.494200 6.426548 2.067286 5.919113 3.331330 -3.088365 -3.930247 -5.198438 -0.555325 -1.571460 1.907583 -8.061514
-14.738200 5.171863 -1.531539 1.778266 -5.114817 -4.284342 -5.851341 -0.686576 2.370176 6.081949 0.600646 1.784729
-14.993840 6.853189 -2.233313 0.977891 -2.246796 -1.249610 -3.396926 -2.466950 -4.095343 -0.747493 -4.102094 -6.247851
-9.810746 4.797600 -10.386980 -7.217582 1.605787 4.825906 8.946092 0.244092 -12.725440 -2.368447 -2.811646 -5.204561
-6.047475 7.588859 -17.796500 -16.331980 -4.496587 2.881838 9.552887 -2.866042 -15.294320 -3.557000 -23.230610 -5.304354
-2.506373 13.796580 -14.956700 -15.434610 -3.185328 5.695048 10.550490 3.463813 -11.397680 -3.798356 -17.453390 6.832591
-6.169227 12.209530 -12.651400 -7.558493 4.585689 16.150170 12.178320 0.147591 -9.008789 -1.665523 -1.818012 3.042725
-6.607680 11.602420 -6.478901 -4.136338 5.542761 6.076962 4.251983 5.045459 6.489116 6.766643 -2.761113 4.928964
3.798238 18.744370 -4.590652 -9.788877 -8.365793 3.657165 1.554343 -7.486672 -6.139702 -5.546915 -11.371370 -4.723740
6.205319 21.757040 -6.443962 -18.359300 -12.166590 3.625087 3.018124 -7.067135 -10.735480 -8.210588 -16.114530 1.838405
4.674409 23.961190 -6.039549 -21.436570 -12.387800 1.191370 4.765035 -11.080130 -10.274760 -7.878084 -8.242058 0.621989
5.119484 23.658360 -6.036575 -21.570440 -17.590640 1.005558 5.319891 -11.118570 -8.903347 -16.964320 -4.021241 6.475755
3.859298 26.642940 -8.284633 -21.685590 -19.164020 -0.603807 2.120600 -3.270040 -9.823443 -21.827910 -4.145180 4.992468
6.126604 24.511640 -4.764609 -20.597060 -20.511090 -3.492068 3.051061 -2.044142 -6.522516 -17.785370 -10.776140 4.027803
5.840064 24.340700 -5.056767 -18.338310 -19.430620 -4.373919 -0.571339 -2.174992 -3.226961 -18.475890 -8.473977 4.104160
4.846922 22.140830 -2.017726 -17.539630 -19.619220 -2.366905 0.273613 -6.913387 -11.636100 -12.289590 -14.393230 1.643355
6.967096 19.921920 -8.564897 -21.722460 -22.441210 1.133871 1.176204 -4.975175 -6.233055 -7.867876 -10.832530 3.011729
2.113208 19.207200 -9.551395 -20.331020 -17.648820 -0.559018 1.969218 -12.746010 -4.365999 -15.015970 -16.257620 0.360410
1.596406 23.100770 -1.932978 -15.853230 -17.530540 -7.516992 2.919314 -3.458137 -1.809208 -10.236230 -4.358481 1.582875
1.211288 20.355700 -3.489669 -14.628000 -18.389160 -5.548108 2.050926 -7.565182 -4.221605 -11.315410 -11.811270 4.101892
-4.927064 13.751340 -6.580005 -8.101341 -14.376100 -6.557062 5.153307 0.769945 1.005479 4.970688 0.506495 6.360842
0.726855 20.611400 -3.870292 -12.894510 -12.914600 0.274414 13.129680 -6.274677 -5.190727 -20.839150 -7.705879 -4.456114
-3.239826 18.721040 -3.693362 -13.272860 -8.823551 6.336615 11.111680 -3.252048 -1.243718 -17.933390 -9.584634 -0.376697
-7.214232 15.648840 1.332059 -3.397225 -1.131171 3.775189 4.084132 -14.483860 5.779232 -0.671659 7.764066 8.685565
-7.110872 14.919360 0.405032 -4.581054 -2.005770 4.571095 3.346224 3.665812 1.010852 -4.609198 3.001219 1.489886
