4.670073 6.192066 -20.025040 -12.840610 2.288328 11.663870 5.201446 -25.533570 6.997759 -7.700738 -5.889555 -13.899600
2.430224 7.120914 -28.076570 -14.278420 2.310983 7.277905 6.445477 -36.608200 9.922501 -18.029610 -6.161845 -22.901030
1.463732 2.499030 -22.284390 -13.615580 3.276903 8.469864 1.639294 -37.414120 11.887770 -21.248770 -5.868610 -20.965190
-0.967174 3.879225 -19.462140 -16.960150 1.032701 7.677912 5.209078 -44.607990 8.320842 -26.379640 -4.544026 -24.605760
-0.462314 2.553023 -19.889730 -17.237550 0.329715 9.111688 0.401369 -43.547930 6.262321 -27.568320 -4.475326 -22.111570
1.006370 1.235257 -18.144570 -17.288940 1.270234 7.679423 2.159294 -43.746060 6.213058 -23.063210 -3.099635 -18.268150
-0.662977 5.361502 -22.200880 -15.009000 2.860878 6.987220 -2.384344 -38.211670 7.970718 -25.967340 -2.255957 -16.546460
-0.545567 6.259979 -24.831370 -10.922760 -4.258232 11.261340 -5.116632 -37.334700 6.691619 -24.334520 -6.805286 -12.086740
-0.380127 5.538666 -19.704160 -16.432210 -0.962297 6.262775 -1.903522 -44.191650 10.051530 -17.138740 -10.668450 -18.896470
0.408116 5.846173 -20.188960 -16.720120 -2.334631 5.052680 -1.881644 -38.407300 6.621243 -16.248740 -6.980389 -20.463380
0.997831 7.443184 -24.116150 -16.856780 -1.059095 4.705571 -0.449863 -39.330250 8.244014 -18.153550 -7.096845 -21.336950
0.695235 8.604877 -23.015080 -17.357850 -0.082191 8.004869 0.949353 -38.196620 14.621910 -21.173030 -6.992118 -14.592950
1.457328 6.240997 -26.014400 -16.206200 -2.412893 8.622007 1.820938 -42.269670 8.570680 -20.243430 -7.391756 -15.767600
1.244924 5.373734 -25.241180 -19.235410 -1.088615 7.219970 -0.184267 -39.469030 3.565717 -21.984700 -12.041620 -14.847380
1.557660 4.994518 -24.771840 -17.737450 -1.435989 8.778685 0.896437 -37.419130 11.267280 -22.154270 -2.981503 -14.380910
1.039991 4.805964 -24.582400 -21.217500 -3.284074 6.018439 -2.499843 -37.422480 6.101627 -19.201930 -7.385890 -19.669680
1.165406 5.769402 -24.331100 -21.939330 -4.885703 7.892021 -1.755460 -36.599840 5.613682 -17.069880 -6.367947 -18.907780
1.849048 5.908181 -21.542870 -22.484780 -7.267206 12.000900 -3.234050 -34.326730 4.419622 -17.919430 -2.574326 -13.894660
2.433960 8.098693 -21.156260 -22.812410 -4.482721 10.044200 -1.659804 -32.125510 6.361435 -13.985860 0.772740 -15.271450
2.190602 9.437128 -23.156580 -25.495300 -5.754825 8.509159 -8.871113 -33.834320 6.196050 -14.334460 -11.005250 -11.751730
3.134680 11.619200 -18.903100 -28.019350 -10.293340 8.303111 -5.306926 -29.907580 9.083258 -18.709590 -9.854928 -8.708378
3.414327 15.003470 -17.794310 -26.708850 -14.781060 0.923646 -5.828452 -25.050360 10.352390 -23.730280 -9.535721 -11.293740
4.203638 15.208470 -14.984430 -24.171370 -17.818870 4.159467 -7.432209 -22.375120 5.503425 -17.738680 -2.148717 -11.539700
5.126902 16.058020 -12.952410 -28.564800 -16.159570 -0.251688 -5.061172 -21.407020 -0.021153 -18.935970 -1.038613 -5.104557
6.941942 16.780170 -11.233540 -26.847840 -16.457520 1.364963 -8.400975 -20.272560 1.756447 -13.843830 -4.135173 0.719936
5.485534 18.448890 -13.314270 -27.132250 -16.570100 -5.429102 -10.057650 -22.461230 -2.670839 -18.410920 -6.437486 -5.951974
6.454160 19.563760 -11.113690 -26.610740 -21.068120 -6.133900 -7.877414 -20.479050 -4.442575 -17.990020 -10.050140 -7.772614
6.211870 20.647420 -8.864398 -24.407890 -23.199050 -6.272441 -6.851152 -16.679380 -5.646604 -19.527290 -8.192705 -7.205078
6.178782 20.127740 -9.306679 -27.055750 -18.578150 -6.835170 -10.048490 -18.854680 -9.321445 -21.752310 -5.716966 -13.206260
6.548088 23.231910 -7.784984 -24.346570 -17.822990 -9.471989 -9.900427 -12.591290 1.993969 -23.963540 -8.669421 -7.472237
6.154233 20.347930 -7.398375 -20.510860 -20.527840 -10.992420 -7.877923 -15.795720 -1.094399 -18.998800 -8.861280 -13.250790
6.330347 21.306300 -6.164317 -22.603920 -18.346790 -9.117827 -6.938667 -16.863300 -0.032882 -16.515570 -12.238510 -13.011190
6.285518 20.191010 -6.281846 -24.102460 -17.032130 -8.151565 -3.695028 -16.306520 -1.965898 -18.026170 -4.184604 -13.320050
6.038958 20.981080 -3.788214 -21.214000 -21.804740 -5.387288 -2.551741 -9.497216 1.341811 -16.222920 -9.133571 -14.126480
7.071626 19.341040 -4.146988 -22.094090 -19.674500 1.622901 -4.343756 -9.964545 4.870034 -21.883140 -5.267060 -12.101580
6.196393 21.595670 -4.515813 -23.752650 -18.759390 2.772542 -6.352522 -8.784935 6.464654 -15.688400 -5.618941 -16.967690
5.826554 22.478540 -6.037508 -23.154630 -19.628510 -2.241141 -3.247788 -7.664680 11.466680 -19.833720 -4.770236 -7.821381
6.525139 20.162750 -6.949907 -23.733370 -22.447320 2.549869 -0.033151 -10.890010 7.016526 -12.909070 -2.003775 -7.547861
5.325963 19.138990 -3.594136 -21.411390 -20.341110 -3.840160 -1.560587 3.242749 2.566367 -8.500365 -4.915178 -3.228082
6.215606 19.002740 -6.854028 -24.853490 -20.043160 -0.410381 -1.686771 0.918640 1.023356 -12.663760 -0.145504 -2.290198
-1.315132 11.787930 -5.688787 -22.775030 -19.758260 -6.289066 0.018238 8.746207 0.284986 0.607116 5.869999 4.769022
1.603022 18.110170 -5.169957 -16.934450 -16.265980 -2.472883 -1.532094 -6.203334 -8.401269 -16.982950 5.058157 -3.753212
1.927499 16.536780 -3.866309 -13.921600 -15.426380 -5.823063 -1.339765 -4.025527 -5.629597 -6.001639 -5.400272 -4.640915
-0.871645 14.331930 -5.697292 -13.012890 -10.379160 3.942334 2.554128 0.809123 -4.607374 -0.140866 -2.374926 -1.796166
5.250181 9.514321 -14.831330 -20.974560 -14.386320 11.749010 4.918041 -9.836636 -8.133837 -5.390514 -3.136499 -1.473879
-0.692329 4.838866 -17.094540 -15.998300 -6.131719 8.729817 11.179920 -0.160650 -6.907522 9.097448 4.239614 4.139290
-6.687674 10.169830 -13.001890 -6.584811 0.619422 7.354481 -5.758237 -24.056340 -6.470599 -3.249856 12.241570 -7.614297
-5.969876 15.423180 -8.069529 -9.789801 -0.364347 4.142338 -3.437064 -20.279240 1.299585 -8.048477 -7.509887 -14.500360
2.190602 8.112613 -16.926750 -8.453609 3.077129 10.102640 -5.287083 -21.475570 1.938254 -9.025415 -8.433996 -22.062090
1.021846 4.414093 -18.294580 -6.234411 5.997543 14.342000 -0.821292 -19.921430 7.209476 -7.908176 -9.198082 -26.533830
0.242142 6.595747 -15.508670 -7.140779 4.199573 7.297049 -6.509744 -23.793830 7.127369 -14.170910 -17.478200 -25.299100
1.150463 6.394117 -15.730580 -5.596100 4.351292 7.350451 -3.408062 -25.146500 6.672853 -16.692020 -21.051470 -24.100420
-0.539163 8.287668 -14.535960 2.411702 6.837831 0.854627 -1.494442 -26.023470 14.563260 -10.391410 -22.355110 -28.795490
-1.379707 10.073230 -14.324870 -1.111567 6.132785 -2.382201 -0.692564 -20.006700 13.274190 -14.787200 -19.798940 -31.558960
-1.516329 10.691620 -14.649620 2.174598 -0.069147 0.207261 4.176710 -24.521160 13.151620 -16.128230 -15.017540 -27.063900
-1.390381 11.536530 -13.974600 2.458422 2.234094 -2.338372 1.181369 -24.595570 14.978490 -17.672400 -27.607360 -24.159080
-1.513660 13.045380 -15.287530 3.089141 3.644872 -3.654262 -1.316869 -26.851120 11.968120 -12.910790 -29.876160 -21.208310
0.129002 12.341360 -14.613280 5.291404 3.005045 -9.012032 -4.655146 -16.848260 13.495300 -10.512770 -31.093510 -17.431330
-0.010288 13.117510 -9.014402 7.033474 0.216441 -10.653870 -6.384068 -14.020030 14.489950 -4.543547 -30.558140 -15.988820
-2.638121 10.494630 -3.553929 8.803577 11.036530 -4.675941 -12.926300 -5.002823 11.538230 1.123560 -16.896750 -0.279437
-8.209724 6.506321 -3.355211 2.759182 6.598926 0.093406 -6.536710 -0.206630 15.579620 15.493600 -3.817642 -9.270967
-10.618750 3.008167 -5.850389 -3.175422 -1.228663 4.291962 -2.658082 -0.357112 2.413297 3.567199 -4.640375 -5.496814
-9.861994 2.222738 -8.334743 -0.298640 -0.307366 3.688426 -6.859802 0.896904 6.986029 9.949579 -6.220492 -18.130330
-10.648100 4.333526 -7.443221 0.260248 3.883778 8.424523 4.774558 6.302548 6.885742 3.919241 -1.854644 -7.702644
-12.758270 1.637251 -8.149170 -0.496616 6.297548 5.744883 1.778707 9.203505 9.374148 7.328629 8.178176 1.670542
-12.894350 2.540368 -8.037827 -0.674736 6.114936 10.518760 7.365907 5.526731 8.996459 3.965721 -3.898910 -6.617045
-14.076450 -0.318729 -10.461870 0.217616 9.994405 5.983174 2.304813 10.179130 17.802350 12.923430 -0.263636 -10.500750
-11.681840 -1.582924 -13.519180 7.871514 15.086250 -12.435770 -14.789550 3.159148 10.066770 10.614070 -9.917764 0.596958
-9.830506 -1.976482 -15.347840 6.988506 11.828070 -12.837280 -13.784140 1.559860 6.049431 6.315539 -30.946890 2.606305
-12.971200 3.159600 -6.172822 7.460962 13.580050 -3.446198 -1.898943 -3.296525 5.072367 15.042570 -39.401270 10.239420
-3.839965 13.841770 -8.791716 1.363423 4.528411 -8.164159 6.614400 -9.352586 7.158453 -8.532212 -28.471150 -4.361742
0.397442 8.469050 -11.435350 -0.514720 -1.252691 -3.730838 0.487357 -14.384530 6.293991 -11.778920 -26.669010 -16.631980
-1.914986 7.978896 -17.245320 3.082134 0.738875 -4.908187 5.409039 -18.088900 5.175586 -5.577294 -21.690720 -21.614710
0.745934 4.787826 -14.886230 1.345319 1.413715 -4.978717 6.229234 -17.660860 4.915192 -5.165000 -19.458790 -25.247510
1.992608 4.788670 -16.878810 2.745750 5.716760 0.459155 6.156475 -19.432370 9.941268 -8.607957 -16.711600 -20.989920
2.257846 5.499015 -18.671140 2.122038 3.230220 5.400796 4.627004 -17.654170 10.111930 -8.407405 -15.361040 -25.268000
1.976064 6.877101 -18.400510 4.880268 4.656788 1.521137 8.752403 -21.590940 10.379950 -13.526220 -9.802146 -25.839780
0.804106 8.798914 -16.469010 3.123013 3.776682 4.866783 9.540035 -22.762200 9.459187 -16.253040 -4.924394 -26.545840
1.205432 8.714128 -16.514630 4.804932 5.869165 4.421435 6.270956 -23.852350 11.690720 -6.888200 -16.101670 -25.802320
1.985670 7.056797 -15.003760 4.646084 6.108071 1.429951 5.263520 -20.295970 10.872000 -2.693818 -12.598770 -29.137570
2.700799 11.103740 -15.524910 1.651919 7.657525 0.145799 6.329978 -25.673190 18.856830 -3.422004 -17.157310 -19.859090
2.290934 11.636500 -12.666320 6.818563 0.864506 0.027409 2.921486 -15.575010 13.683550 -0.361215 -21.717530 -16.330190
0.771551 12.732390 -5.822554 5.915699 2.180546 -5.237663 -0.547045 -15.855080 14.594350 -2.193729 -17.639060 -17.870240
-2.255473 8.148046 -4.564526 3.412677 12.145930 5.362005 -1.658787 -5.137421 6.603649 -1.226258 -16.430090 -13.950490
-6.493948 4.978911 -7.055065 5.831604 5.641931 6.085443 0.357612 -4.568098 11.290740 5.263716 -8.426455 -11.462660
-8.665486 5.191086 -8.164635 -0.944543 5.314465 3.936793 0.683757 -2.295820 2.501855 -0.201978 -12.629770 -12.629540
-12.191500 0.202219 -10.880950 -2.481046 4.857249 4.304557 1.563991 3.991815 4.851266 5.441028 -1.819456 1.853595
-12.171220 2.542056 -2.738956 5.269796 6.876276 5.249660 -6.761602 -6.913943 2.365793 3.020629 -8.821903 -8.445459
-13.698610 1.196449 -7.907926 0.570351 3.141661 6.583687 4.867669 -0.759233 8.358963 0.252492 -6.800259 -4.011183
-10.993390 0.607588 -8.881409 3.037750 9.174026 1.664212 -0.049942 -2.861800 -2.262067 8.072308 -4.167010 -2.235777
-8.127539 1.271955 -16.076210 1.644327 17.832290 -2.853242 -14.255810 -5.057164 4.960351 7.988816 -17.887050 -3.842972
-10.562710 6.609667 -5.272795 9.707025 17.136170 1.146823 -0.640157 3.183393 20.185200 28.839360 -26.953870 0.825245
-9.325646 7.400158 -6.446542 3.284781 20.671010 5.285429 7.321640 0.857611 12.483040 19.344550 -15.537820 5.022752
-7.346233 7.221307 -5.492389 5.228916 21.790710 9.115214 -1.860274 -0.322000 15.523320 1.456666 -1.099774 -10.829390
-5.372690 9.559034 -8.818778 2.238838 16.511450 8.335353 0.236007 -12.312900 9.487337 -8.537376 -0.244366 -12.908010
-3.754043 7.577323 -10.196650 6.652707 17.136860 7.637609 5.077297 -11.007890 14.163870 -5.522207 7.448441 -9.551555
-3.828758 8.803976 -14.570760 5.564132 21.324570 18.540050 5.481289 -18.165810 8.261022 -14.055580 2.973677 -16.901960
-2.449199 9.266291 -14.351160 3.865277 20.670320 17.311320 14.296350 -11.401650 3.293007 -17.498530 -11.022840 -16.962040
-2.167950 9.658584 -13.509900 1.816023 12.750060 11.063860 9.063792 -16.950250 9.880275 -13.344600 -3.817642 -17.040490
-1.152894 11.001240 -14.702980 1.179463 8.494380 9.477941 9.566493 -18.594680 12.719980 -8.154347 -9.467858 -21.115020
-0.860972 14.137470 -7.696064 -0.484352 -0.624534 5.422963 12.825400 -8.898632 11.484870 -11.261620 -14.400070 -20.218840
0.085241 17.390130 -11.317820 0.405664 2.833418 3.463737 2.113502 -5.383208 13.686490 -9.675274 -5.546889 -14.438870
-0.356112 15.259090 -4.748552 0.112496 1.521497 0.011792 3.407904 -7.693941 7.258739 2.208952 -13.296670 -12.948290
-3.211292 14.074200 -1.173960 3.399829 2.544397 -8.543007 -1.431350 -4.313114 3.555747 3.410544 -9.697419 -9.945932
-10.508280 5.424775 -2.272705 4.090117 8.909719 -3.689528 -2.225596 0.971309 2.027984 1.485931 -8.411375 -6.998701
-13.804280 7.131881 -2.783029 4.496581 11.543170 5.413391 -3.034089 -2.795755 6.866975 2.639322 -2.729322 -3.524219
-15.579830 2.527714 -4.604733 -0.864536 3.055160 3.014360 1.283130 -7.374585 -2.174096 -4.090798 -6.449215 4.047410
-14.138890 5.761387 -0.468784 3.023734 2.649433 3.132246 3.009509 -2.490611 1.579919 1.516918 2.632687 13.945730
-16.067610 -0.293841 -5.800130 2.470686 3.664781 2.553899 0.470567 -1.086113 5.210775 -2.291853 -6.801934 -3.077540
-14.253630 3.885553 -4.954229 0.838407 7.069185 3.041060 3.007983 10.073790 13.131100 7.873477 4.144103 8.245624
-16.072940 -1.695550 -5.919206 1.258303 6.477414 10.204400 2.383678 -0.231711 -2.598703 -7.276394 -10.680170 -1.811008
-14.855620 0.021258 -4.392098 2.699614 3.593384 4.878370 2.561760 -0.862899 1.125989 -3.562304 -4.262521 1.669128
-24.819930 7.386660 5.402268 -10.601560 8.262340 -2.248698 -16.445710 -21.440460 3.644305 5.887752 -7.046576 7.090762
-25.071300 8.634404 5.678308 -8.376522 7.748144 -3.795826 -17.531500 -11.916630 2.256709 -1.906242 -14.989050 1.387127
-25.331200 12.361190 4.057641 -8.960522 6.084730 -14.475090 -11.612560 -1.439746 6.645288 1.466995 -8.517777 -5.580213
-27.165990 10.709340 1.901132 -9.239089 9.270137 2.630474 -8.488490 8.426015 9.901974 6.324146 8.890318 11.388630
-26.564000 12.142260 2.216606 -8.455946 12.515960 6.771096 5.560154 4.327055 4.099408 -6.602435 7.004399 14.758510
-21.756620 17.424720 13.396580 -1.241799 13.874560 4.227982 -0.696125 -7.555999 -6.421922 -12.047470 -4.782803 -4.149004
-13.362920 21.763140 18.442610 -3.304486 9.561217 -2.871882 -12.006380 -8.675417 -13.459600 -13.097570 -3.774913 3.504610
-9.468673 21.200000 15.223700 -5.033708 5.944682 -5.819033 -6.968178 -13.673920 -14.301190 -6.161736 -12.633960 -2.847840
-6.507824 20.763000 15.700770 -2.338550 -0.520185 -6.451789 -8.556162 -13.795980 -5.635461 -11.778920 -4.470299 -8.111864
-8.010129 20.031560 19.338000 -7.776754 -1.939888 -1.332814 -14.924380 -15.916940 -10.859770 -8.835193 -5.802423 -15.493370
-9.113242 19.845540 20.328490 -3.703357 -2.751343 -4.879975 -10.911930 -10.942680 -11.506060 -10.431000 2.383018 -13.023920
-10.290000 20.510750 20.602980 -4.878948 -1.461390 0.514067 -16.662460 -19.388890 -5.149861 -10.221840 -2.206526 -6.038907
-10.310280 20.876890 20.816390 -4.438029 -2.735553 -2.413940 -12.169190 -13.224990 -4.521749 -13.129420 -7.164708 5.750725
-10.420220 21.049840 22.595570 -5.233436 -1.012412 -2.824022 -19.047740 -16.994560 -7.441799 -2.841865 -0.741189 3.175962
-12.953060 22.726990 21.480590 -4.307213 0.416215 0.333712 -17.528450 -17.562210 -5.403804 -5.148646 -10.951630 6.158532
-15.085640 21.044350 18.001100 -7.842746 8.974251 6.510134 -10.585280 -16.005560 -4.719976 0.904072 -6.055442 2.206273
-15.047750 15.011060 14.233200 -2.850718 9.463733 2.894459 0.114911 -6.057032 -1.524870 2.974149 -3.855343 12.298950
-17.070390 9.148181 9.268364 5.863139 2.523802 10.736900 -6.197337 -7.183138 5.381438 2.677194 5.290232 13.794480
-21.725670 4.077059 3.392672 4.276412 -7.460802 11.576210 -10.423480 -11.715150 3.517627 -10.912160 -4.117579 7.015137
-15.146480 1.906373 2.780282 1.622135 7.737846 13.242230 8.600270 4.177409 1.033326 -8.334242 2.069676 3.097511
-16.893740 5.258999 3.683402 6.153387 6.163678 6.569077 -3.291036 0.693753 -1.113753 -6.189280 -1.523708 -1.581308
-14.639480 7.560872 4.164345 2.075318 5.442842 4.584662 -4.863756 -3.312409 -13.528220 -5.388793 1.277104 6.904174
-13.785060 8.299901 0.618362 2.806486 -2.031193 0.028417 -3.661956 -9.908533 -13.885970 0.959159 1.667525 2.667794
-13.493140 6.428707 0.612176 6.878130 -0.549705 -0.728774 -2.718121 0.287452 -10.745990 -2.478633 1.287996 -7.622779
-11.300260 6.783457 -1.383503 -5.443676 -1.067333 1.880840 -1.896908 2.515420 -6.083527 -4.244870 -0.820782 3.093976
-1.333811 11.172920 -12.687970 -10.591050 -0.091116 3.351897 1.713580 -10.132580 -3.193387 4.392647 -2.964747 -1.242058
-2.667473 13.185420 -21.625610 -12.862810 -3.315654 10.389790 4.929743 -1.532543 -11.637430 -5.474006 1.522583 2.366003
-1.578769 14.851190 -14.990610 -11.966950 2.088554 8.728810 5.327630 -3.661862 -3.313027 1.447198 6.071074 4.844646
-0.253112 17.777360 -3.110101 -4.290277 -1.192278 5.108600 4.544068 0.239799 -6.933913 -9.709703 1.127135 7.618012
4.904891 23.132790 -5.675642 -10.101070 -13.617420 -0.595774 6.099997 -3.170288 -6.465907 -18.995360 -9.593530 -2.150964
5.109290 23.764670 -10.035820 -15.833030 -14.664350 12.041210 2.248844 -8.936253 -7.391362 -18.550360 -3.468273 -2.572906
5.699539 23.955340 -9.625245 -19.746410 -11.458350 5.959496 2.009705 -5.648223 -3.246169 -14.561690 -2.365710 -8.356406
5.869248 21.653880 -7.836016 -16.661140 -19.568780 8.918737 5.302698 -8.209760 -3.000437 -12.159370 -4.508838 -10.053360
5.942896 22.962790 -9.394053 -16.582880 -16.118380 3.830494 6.103050 -2.927845 -4.422048 -15.925960 -4.353005 -3.887499
5.670187 23.248360 -8.727538 -16.863200 -15.511510 6.453710 3.994049 -0.393060 -7.943233 -17.835940 -2.271875 -2.064032
5.307285 23.508630 -7.112283 -17.880530 -13.421770 6.511142 5.372913 -4.934270 -9.710864 -18.138920 -6.061307 -1.685910
4.762399 21.070930 -4.232815 -15.853470 -4.546566 2.913099 2.192367 2.282173 -15.160960 -18.413500 -4.026258 -4.310854
0.852137 19.154180 -0.804362 -11.017950 -4.347479 1.867742 5.292013 -1.280068 -16.267050 -11.599030 -0.918806 1.633790
-4.082788 16.127200 1.316579 0.680143 4.675324 1.333224 4.383794 -3.110931 -12.666100 -2.456254 3.841652 4.945007
-6.349321 12.775410 -0.981429 1.135663 4.054033 6.083931 5.205007 -4.206105 -5.939254 4.745551 9.028557 5.420664
-7.415077 10.570140 -4.719943 -5.194308 -5.815238 0.468223 2.081447 0.036649 -3.625031 0.496942 -1.739864 1.855009
-9.815563 4.630909 -4.419934 -6.371067 -8.182324 5.939848 5.870526 9.676687 0.743608 -7.526869 -11.733310 -1.722662
-8.902439 6.428707 -2.227085 -1.431599 -2.488409 5.547902 5.776396 7.646017 9.456254 0.230113 -5.158144 4.410689
-9.368340 8.695147 -1.255922 -1.328815 1.846216 6.945910 9.205240 5.897919 5.555035 1.895643 2.432449 5.165520
-10.603810 8.572819 0.530215 1.521687 -7.215032 -5.084009 -2.802074 1.859152 -0.580062 1.928351 2.415693 7.824389
-11.790170 5.837315 -2.050791 -0.173080 -2.266666 2.664732 -3.516946 -12.378110 -6.831867 -0.439542 1.446342 1.139050
-13.248180 6.505900 -0.193519 -4.230125 0.871371 -0.378139 1.481056 -4.656714 -5.615521 4.718868 15.504020 3.662927
-24.589390 13.403500 5.802022 -14.173300 1.946446 -3.837641 -6.940194 -2.706302 1.984585 -4.718277 -0.354957 -2.968698
-23.195950 10.648600 1.079200 -16.741150 3.950370 -5.629106 -12.877960 -5.073884 3.962760 -4.492763 -1.857995 -2.840772
-27.902460 11.656750 -3.094637 -6.635035 10.065120 -3.961068 -1.009041 3.542041 3.627883 -0.436960 5.017942 1.955370
-26.976000 14.984910 1.676125 -7.829898 5.659093 0.366962 4.654479 -0.525986 2.281341 -18.703570 -6.982064 -1.372104
-27.414150 15.315610 -1.010811 -7.748138 10.064430 -3.452748 -3.209119 -2.740578 3.570996 -2.614630 9.274036 8.397579
-27.815470 16.421210 2.147016 -10.621420 8.184764 4.610859 1.637259 0.492275 6.529167 1.281075 -4.302736 -3.600550
-22.008520 19.628300 9.429967 -3.738981 15.069090 6.372097 1.400664 -9.776443 -1.931883 -18.941130 -11.673820 -3.690310
-18.186310 24.152750 15.607210 -4.891797 9.447943 2.225934 -15.097370 -14.010000 -4.122360 -13.037320 -3.137337 0.301528
-14.166110 23.232760 19.347270 -5.157516 4.332069 0.474772 -18.104420 -12.864670 0.005825 -12.366810 -9.165407 -3.941213
-9.192760 25.667080 16.262910 -4.060181 -0.696618 -2.784223 -10.758270 -9.952005 -5.133440 -8.130247 -7.549264 -8.278662
-7.141834 23.885730 17.080200 -0.900160 -3.388424 -12.402520 -8.192366 -8.281656 -10.923100 -7.529451 -5.165684 -9.589013
-5.823114 23.002440 13.736800 -2.972774 -4.064636 -3.082465 -5.621877 -15.247300 -16.386690 -2.968394 -5.953229 -7.894885
-5.849798 23.050530 15.317260 -5.651580 -2.873541 -5.776211 -11.623240 -10.206990 -13.016810 -8.783548 -20.687020 -1.725489
-8.586502 22.402190 17.761400 -4.916325 -3.079494 -5.370663 -13.678310 -12.575410 -10.780000 -15.747790 -11.605120 -4.672720
-9.178351 22.385740 19.100620 -9.189449 -3.225034 -5.209451 -8.979488 -18.255260 -18.248740 -9.513454 -9.588503 -7.363394
-8.368761 19.822760 17.823260 -3.001974 -6.457811 1.985124 -12.424110 -19.072880 -15.555070 -4.363652 -8.139085 -5.440979
-8.164896 17.609890 18.654470 -7.567682 -10.767040 2.399236 -8.198979 -11.992710 -16.046530 0.354920 -9.552477 -9.675240
-7.756098 17.008800 12.648880 3.237477 -2.443786 -3.874921 -6.359646 -12.573730 -10.934250 -7.984782 -11.464370 -2.876817
-8.076305 17.261050 8.851599 0.836071 6.337365 -2.304618 -15.797490 -8.937924 -10.081510 -2.125730 -5.129658 -6.369675
-12.986150 14.044250 6.854374 -1.852663 -3.736485 -6.926859 -11.625790 -14.290060 -0.206479 1.509171 -4.954555 -0.099918
-10.649700 17.757530 8.796700 -6.510643 -8.292166 -8.435700 -4.727396 -21.541620 -12.688390 -0.387037 -4.265872 12.022600
