5.056090 0.559680 -23.775230 -12.848630 2.438484 14.795250 2.417425 -32.343860 9.307023 -9.736219 -10.573260 -5.592937
0.275532 2.290234 -23.312360 -15.546260 5.129995 8.335388 -2.008111 -39.055360 14.559370 -23.039380 -11.690050 -6.586301
-1.851432 4.763214 -22.063720 -11.912630 4.107414 9.121614 -0.674907 -41.026090 13.610640 -23.633090 -11.416150 -7.225104
-3.058595 3.961908 -21.868100 -13.625670 1.231002 7.046211 -5.503314 -43.821800 11.100360 -27.212700 -10.917910 -11.721890
-0.286368 2.172473 -20.682000 -17.684120 -0.044813 6.724398 -4.881993 -42.292610 6.653734 -23.927770 -10.143950 -10.267370
1.035419 2.147682 -20.422020 -19.413740 -3.151949 7.739457 -6.504452 -43.683670 0.854794 -13.955610 -14.001040 -15.340790
1.861436 4.285972 -20.979070 -16.748700 -2.391444 9.098007 -4.629513 -40.478870 7.840012 -16.007930 -12.564390 -12.192670
1.721162 6.116137 -22.830940 -19.142720 3.736808 5.155321 -6.269536 -38.664390 13.696060 -19.706640 -10.833260 -13.968440
1.392117 4.386467 -24.255200 -16.932810 1.767214 5.978159 -5.270593 -39.355010 9.663098 -19.365020 -12.161080 -10.256270
1.749216 3.955268 -22.835300 -20.474380 5.120348 2.632367 -1.937856 -41.205730 10.450110 -16.140930 -15.129330 -5.180639
1.953216 6.479601 -23.289810 -18.422280 4.957153 1.535410 2.965197 -40.469060 9.157298 -18.813040 -9.053159 -7.344278
1.105957 7.188381 -23.320720 -17.495440 3.361379 1.699689 1.111664 -38.042450 4.042675 -16.608590 -8.263480 -7.564121
1.006563 10.182870 -20.009330 -23.547090 2.391857 6.279256 2.328508 -43.229290 4.369958 -15.131720 -10.498280 -2.078411
0.486745 10.755300 -19.855150 -22.863820 1.141767 6.435345 0.734042 -41.512920 3.915986 -19.658830 -9.402649 -0.196052
1.886285 9.237244 -18.296360 -19.241640 0.362772 7.207117 1.812022 -37.854510 5.888796 -15.380330 -12.353970 2.675230
2.004917 8.505001 -17.260440 -23.723200 0.269518 7.315512 -3.927509 -40.050160 2.503682 -16.544270 -8.149805 -4.093268
3.276206 10.336940 -16.226690 -23.513930 -0.739397 6.228190 0.307570 -34.948600 1.112493 -19.637100 -5.604212 -2.157614
4.166749 9.706960 -15.468930 -22.503610 -4.369882 7.533747 2.437733 -34.846710 -3.112902 -26.053110 -6.260866 5.165303
4.991564 10.113370 -12.111000 -25.378490 -5.978518 5.815326 5.089872 -30.672020 -6.936632 -26.049630 -7.623756 5.080178
4.876138 13.553670 -15.267850 -25.931960 -6.027557 2.592863 4.612904 -27.640830 -8.884968 -30.753200 -10.325960 4.545005
4.391990 12.980360 -13.887590 -27.168710 -12.368850 6.248424 -2.620650 -28.317860 -8.841778 -31.314740 -8.681901 -0.570599
6.062059 14.583860 -14.419550 -22.491030 -13.038510 9.112460 -1.528399 -27.720080 -5.608308 -23.095010 -6.964079 -3.196871
6.586687 15.346650 -13.599980 -21.722560 -9.132280 1.794595 -2.329200 -19.310320 -7.781230 -18.792180 -14.739930 2.851400
6.378278 17.177250 -13.813420 -24.436200 -7.611271 0.975610 -3.548789 -21.379170 -6.483619 -14.641460 -15.755150 -8.257700
6.740187 19.104810 -12.320070 -23.602560 -11.993420 6.979247 -3.165678 -16.858800 -4.526165 -17.837730 -15.348210 -3.733525
6.272070 17.368060 -9.252660 -20.870050 -13.581150 1.500724 3.135896 -15.025440 -6.113627 -17.018880 -10.670000 -4.950433
6.811927 17.975900 -9.264659 -22.898130 -10.646060 7.946130 -3.038340 -14.311420 -1.846963 -14.903970 -13.019080 -2.695008
6.481280 18.620040 -10.046060 -19.506940 -10.362270 4.770398 3.297812 -14.275190 -4.270866 -11.137470 -10.318100 -3.427817
6.640391 19.743640 -4.549368 -21.993010 -15.445430 4.900954 5.210074 -7.461790 -3.377799 -14.484990 -8.811902 1.308059
7.487249 18.914450 -4.151943 -23.373280 -15.428550 5.715120 4.191372 -7.012696 -1.901670 -13.337570 -5.985144 -6.464907
6.733774 17.705850 -4.309022 -22.835240 -11.718480 1.400519 0.938770 -4.777793 2.536794 -17.805560 -3.457085 -3.497397
6.440801 20.280650 -5.302767 -24.937650 -16.369130 3.461468 2.666063 -7.257245 4.780740 -18.533140 -2.226614 -4.282762
6.376275 17.749680 -7.000825 -21.758010 -15.203450 4.389329 -1.500956 -4.761942 6.961821 -21.980620 1.198147 0.899462
5.991922 18.203900 -4.416287 -23.304090 -17.297660 0.901420 2.997032 -2.492320 0.156560 -12.954220 2.076709 -2.572872
4.904593 21.227610 -5.224955 -21.638510 -13.257980 -1.743899 3.122174 0.150919 -4.587591 -2.829076 -0.049255 -2.762367
4.574748 20.270030 -1.304515 -13.175110 -8.364541 1.629352 -5.007685 -8.083728 0.563504 0.598418 1.637126 -4.699502
6.143419 17.154670 -8.944682 -23.041070 -19.147470 4.151824 0.248292 -8.957764 -3.400833 1.130405 -1.427866 -1.169431
-2.476255 10.648160 -9.495914 -18.254750 -12.076220 -1.876382 -1.159559 -2.964812 0.322121 13.949390 9.928143 13.241750
-6.998308 10.378110 -4.730082 -10.760510 -8.791420 -2.337422 -3.575135 -0.241566 -4.787223 -8.493177 2.756945 16.588990
-8.422696 7.504919 -6.045622 -9.364236 -11.745810 -5.145575 -0.439442 5.641942 1.607255 2.776784 4.164580 10.748720
-9.578158 6.520331 -5.487845 -5.389833 -5.832205 -0.426298 -0.027241 -2.724792 -0.187038 9.311885 -0.740374 0.751419
-3.515891 9.375812 -16.425590 -17.869950 -10.125920 0.165298 3.680374 -10.407690 1.544870 -11.685970 -5.557653 0.313214
-2.586872 11.708890 -16.315050 -20.572150 -12.081850 4.757873 7.378110 -17.049760 0.677716 -12.726480 -8.459389 -5.361251
-1.697130 11.930690 -13.395630 -16.455950 -2.879421 6.820268 1.653947 -16.532730 -11.219610 -8.474053 -5.674956 -10.804770
2.146394 14.406770 -11.767380 -9.994331 -2.481483 3.686448 6.101988 -14.152160 -10.454200 -3.645312 3.125784 -6.349434
1.098342 14.517450 -12.729500 -13.234000 -7.808231 16.502590 11.596720 -19.088420 -5.403397 -4.025178 -1.771309 -22.450520
1.793303 10.480370 -9.152304 -6.327543 0.680319 14.426220 10.119170 -16.413480 -5.234477 -5.376879 -2.984850 -13.956590
-1.725586 7.127286 -21.813560 -10.363700 -2.812696 12.212070 0.968409 -31.333960 5.672368 -15.049140 -0.738560 -30.407060
-1.126814 5.042121 -21.236510 -6.812407 0.601535 9.501719 5.442795 -30.546730 11.546650 -11.385210 -6.492448 -30.024370
-0.832638 3.191592 -23.646510 -6.333833 0.868436 5.142795 0.354224 -41.436690 10.552810 -15.982730 -8.898972 -27.728230
2.094693 3.586047 -21.706290 -1.298217 -0.560123 12.264590 -2.271569 -29.687790 3.146729 -12.442230 -3.911180 -31.860100
1.625775 3.871153 -21.897910 3.033544 -0.798083 6.287446 -1.579993 -32.428390 0.785691 -12.262290 -5.547979 -29.150180
1.137218 4.682641 -17.648770 3.262254 4.408882 1.476154 5.131586 -34.278360 9.810903 -10.466400 -12.186480 -28.797840
1.958426 6.516789 -18.760330 1.782502 1.927193 3.725952 0.399780 -31.870610 9.862250 -10.730650 -19.173860 -22.739210
0.609786 9.300551 -19.147210 3.767702 0.136872 -3.809185 -1.759474 -30.824490 12.342300 -15.325560 -15.516310 -24.635630
0.660285 13.390750 -14.970790 -2.697349 -3.303085 -7.059107 -1.717759 -27.376650 8.923594 -5.016136 -27.214550 -28.123510
1.560447 12.113970 -10.186410 1.529778 2.563091 1.063290 -8.912893 -15.632280 2.579504 3.527825 -20.940660 -15.915930
-3.187648 5.129778 -10.188230 6.706050 19.082760 10.461860 0.815823 -6.015632 1.126410 6.095621 -1.008236 -14.114260
-7.103313 2.745341 -13.056020 0.054029 5.915421 10.232060 4.058546 -5.919775 -1.034996 -0.692434 -8.289480 -10.885450
-8.367388 2.684247 -14.114480 -2.146158 5.344640 3.567936 -0.512441 -12.477300 -3.882638 6.452887 -12.325550 -18.061070
-9.766928 0.323273 -12.463700 2.163876 4.940270 8.067533 -0.126037 -16.531220 -0.240305 13.233990 -1.311168 -14.460680
-15.407170 -3.101534 -12.564420 -0.455994 5.039956 7.970699 -9.499085 -12.592780 -8.355654 3.486101 -4.312671 -12.295560
-13.321490 -0.685664 -15.143500 -6.253212 4.507764 10.729230 3.628781 -6.236782 3.104979 3.291387 -1.995636 -9.961668
-12.204500 0.782806 -11.167430 -3.948962 7.870545 7.101131 2.603492 -2.044735 8.310300 14.706510 6.161752 -12.678990
-11.708330 -1.257646 -12.618960 -0.568633 9.611023 3.733660 6.829240 -1.926235 1.170559 12.450780 -0.022650 -10.626380
-13.971160 0.963432 -9.380651 -2.196475 4.740900 0.360890 -0.482803 -8.267895 -10.409090 -2.048480 -3.301689 -15.028420
-8.047161 1.122365 -16.076890 -6.328115 8.481521 -5.275167 -11.102330 -8.552446 4.946301 7.523816 -6.633333 3.148966
-7.797071 3.111462 -21.271050 -4.912974 15.330890 -2.986828 -15.732050 -11.361740 12.219450 6.807545 -14.620810 0.715889
-8.196253 9.430708 -13.034560 7.066839 25.637900 1.889500 -3.472496 -2.988965 20.151960 14.870800 -24.967050 -2.287891
-1.005777 14.751200 -13.284000 0.215269 7.219373 -4.651775 4.767137 -6.628513 2.311248 4.299729 -22.108250 -16.523650
0.162510 12.129910 -17.761850 1.505192 5.650128 0.827711 1.626504 -17.683770 5.609503 -4.322466 -11.254100 -26.382530
-0.293983 10.246180 -17.750220 4.187956 4.363059 1.770025 1.124837 -18.145700 4.416027 -4.268571 -7.632222 -27.710470
1.251843 11.607070 -21.499030 0.864805 10.649680 -1.946236 9.304643 -28.189550 10.234640 -11.308710 -3.880948 -31.920050
0.635436 14.225700 -23.761780 3.074712 5.818147 -1.962616 8.452248 -24.464710 12.364850 -14.469340 -2.598476 -28.888890
1.952013 13.022860 -22.011000 -1.517779 8.401934 2.828442 0.300984 -18.883120 8.692769 -11.903290 -2.985455 -22.836910
2.237773 13.728980 -23.924670 -1.399421 6.344712 0.568527 4.657911 -21.697690 6.312535 -9.551067 -1.031817 -24.561610
0.702768 12.279550 -19.982780 -1.497766 3.178890 4.448586 -0.484998 -22.718910 10.667980 -4.555428 -1.667914 -30.136140
1.397728 11.641160 -20.031870 -0.448561 6.405006 1.330664 -1.851684 -24.556040 13.484430 -2.389230 -7.123103 -25.067170
0.525621 13.689580 -15.713280 0.456558 2.059035 1.008851 -1.242987 -19.868100 8.578076 -0.477727 -15.652350 -16.797530
-2.018159 17.340170 -10.123500 2.952352 8.078759 -1.645139 1.243393 -17.242980 6.894637 2.730714 -16.218910 -15.986250
-4.699808 10.571130 -10.802000 1.483464 6.031185 3.649353 -0.745711 -5.925058 5.268304 10.840040 -8.358411 -8.415365
-8.749737 4.409046 -8.700700 0.017435 4.396823 6.087036 -7.148826 -9.449880 4.418906 1.737149 -12.481550 -18.784250
-10.354480 1.916587 -10.763090 3.225089 8.307072 6.424264 -6.061514 -13.808730 -0.791214 4.018088 -7.908548 -11.612340
-11.472270 3.218598 -6.568493 -0.338780 3.448202 5.414023 -3.648134 -9.291376 3.648689 16.545000 2.942574 -1.100591
-9.648295 4.269149 -8.360361 -3.147335 4.879977 7.465820 -1.839609 -3.824506 11.175220 10.558400 -2.109916 -15.551750
-14.449290 -1.292620 -10.848910 1.582381 5.722481 7.953356 -0.443284 -5.593710 -0.586303 3.234015 2.659596 -7.088905
-13.489420 2.863101 -9.656994 -4.316613 4.743311 10.214720 -4.558160 -8.686043 -1.394431 6.259911 7.889854 -3.946706
-13.118290 1.917915 -7.312438 -1.672729 2.966657 5.204460 -1.841804 -1.739049 -0.341081 10.301970 -1.238004 0.929070
-4.062561 4.024773 -16.418680 0.112921 24.226220 7.647923 -12.017850 -12.881860 4.870479 10.981730 -26.158820 -1.094669
-8.243145 7.005984 -16.473220 6.069093 27.520670 3.216737 -3.390714 -13.861570 11.677180 25.651370 -20.612940 -2.093956
-10.049080 7.858644 -10.031150 7.101146 25.716680 7.221570 2.038156 -5.549178 9.026770 17.913220 -17.876270 -2.663918
-9.609820 7.075047 -9.187573 1.330801 19.396290 20.408180 13.210950 -6.777205 14.639030 9.087615 0.749494 -11.134160
-9.695989 2.883909 -9.779894 5.457867 25.398330 11.913390 8.179460 0.344898 20.229220 2.563816 12.410850 -9.306581
-6.431198 4.338212 -14.045400 5.437283 22.816150 0.411475 1.174235 -2.736868 7.346689 -10.121300 -2.413452 -22.027860
-3.044568 5.491915 -16.034710 8.206957 18.255530 4.063663 9.351296 -12.529380 2.083302 -19.685780 -2.371126 -26.118270
-1.773680 11.097070 -18.734870 10.301940 18.891430 5.155802 7.873739 -23.850320 13.218570 -12.263160 11.036470 -12.499850
-0.841455 10.641080 -20.153680 8.699826 13.976290 -1.058361 4.515205 -20.803280 11.501540 -17.011060 10.211730 -19.896050
0.933219 11.348090 -20.899080 5.371529 7.852055 -5.076202 5.807245 -15.780220 8.654858 -19.266790 5.400493 -22.806560
0.962476 10.060690 -22.429510 7.036535 5.970087 -1.682716 4.962534 -23.042710 7.307818 -11.097480 -7.152126 -26.277420
-0.134070 11.320640 -15.211500 4.476130 5.074525 -1.681271 3.528337 -22.594370 6.001569 -8.250653 -1.982938 -23.111530
-0.453095 13.192860 -12.670950 5.686005 6.183929 0.567082 -2.341275 -14.101590 6.959422 -3.594895 -5.903515 -16.919660
-5.016829 8.571407 -5.384580 5.680287 11.157760 2.291285 -9.117621 -5.107632 8.499855 12.672450 -3.664481 -17.405980
-8.309675 3.781282 -3.999954 3.737970 6.442790 -1.796892 3.007460 2.475641 10.912720 11.999640 7.604457 2.572340
-10.849450 1.268016 -9.298474 1.326226 -1.040865 0.011136 -1.558587 -0.920113 5.484733 9.131948 11.763270 -1.700163
-12.550380 1.864347 -11.721570 -0.353646 4.851840 4.131109 3.036001 -7.499529 3.682281 12.437750 8.080319 -4.378249
-12.379240 1.365855 -6.406323 -1.424008 0.821005 8.885553 -0.712779 -2.542135 -1.086824 8.554759 0.023304 -7.004521
-14.044100 4.124825 -6.355417 3.271402 9.348143 5.280095 -7.024232 -2.367781 5.699242 1.307734 -3.061037 -3.290138
-15.593530 4.929230 -5.299859 1.154694 8.441325 8.817626 3.526142 1.311770 0.050026 8.583445 5.843704 -2.937797
-14.887750 2.673621 -7.668412 6.382426 11.484950 2.903596 -8.441414 -0.809916 -2.024041 8.269641 9.087069 -1.776405
-14.684150 3.269067 -6.909195 2.030080 9.229967 4.557944 -12.302710 -6.765128 -5.534405 4.663080 -4.133088 -13.046870
-16.455620 4.153159 -3.634890 2.016930 1.821880 0.653316 -4.060884 -6.503974 -1.174163 11.029540 2.511456 4.505774
-18.777770 0.490617 -3.362910 5.194279 10.556430 7.331410 4.014636 -0.290627 1.168160 9.719567 0.935727 1.575275
-17.626310 1.358329 -3.628345 7.276680 6.503084 -2.737761 1.331212 2.571498 6.152254 0.987846 -2.285870 -7.132578
-5.007210 8.829508 -14.215930 -13.797200 -5.792813 3.795325 5.126646 5.518913 -0.182239 1.730195 -7.804548 -0.149419
-0.808991 14.677710 -21.101610 -18.885990 -0.821396 4.528557 9.215177 1.169872 -3.521284 -1.731200 -15.243000 -6.340551
-3.438539 20.917710 -10.371120 -15.413610 -1.855232 9.968058 20.237580 4.650916 4.129055 -8.579234 -16.972310 -10.969840
-1.199356 22.967020 -4.904615 -12.314590 -12.738650 1.284416 8.712961 -2.461374 -6.832016 -5.692420 -3.763040 -5.509293
5.224019 23.674020 -7.312802 -13.394670 -11.538400 1.216970 6.886322 -2.113420 -6.721163 -11.062710 -10.911260 -7.791367
6.617547 24.677650 -9.057037 -15.333560 -17.656200 2.285503 7.929175 -7.498774 4.295095 -16.035750 -1.099539 -11.626400
6.398718 25.911040 -9.606089 -19.148440 -20.461870 -1.456773 7.491177 -6.243575 -2.768823 -13.187180 -5.763840 -11.097890
5.016412 24.110980 -7.150268 -19.291380 -17.879690 -4.401262 8.662465 -6.331130 -6.003254 -15.911450 -7.743478 -10.139320
5.426415 25.031370 -9.225025 -21.769450 -24.668760 -4.039464 3.639758 -3.377676 4.417467 -16.363460 -6.148400 -7.329474
4.829246 23.697930 -0.426398 -20.060420 -23.233770 -4.121362 3.045332 1.476312 0.236221 -11.394770 -7.663059 -7.661829
6.354632 22.945320 -4.585002 -21.632220 -24.034470 -5.741506 4.422446 -3.910551 -0.458173 -1.780748 1.438195 -8.957200
1.207356 19.519630 -1.751028 -14.487330 -18.606430 -9.428863 0.254330 -0.042305 2.647648 -8.115918 -10.777630 -10.780340
2.085074 21.943030 -3.975955 -13.386100 -17.784830 -3.491226 2.543116 4.454673 2.710513 -3.606195 -17.525570 -10.781820
2.313521 16.132460 -6.250698 -19.031220 -25.163170 -11.163180 15.041430 4.469014 1.757939 -4.341589 -11.479640 -7.933487
