-17.566420 4.589888 -2.896408 -2.168692 4.701868 14.320760 11.470660 -2.494680 5.941581 1.421759 -2.944570 5.358816
-9.028223 0.176329 -10.256990 -9.599912 9.618663 23.290220 0.107121 -10.388300 0.099715 -6.298707 -1.864466 -0.137921
4.004051 4.210639 -19.147650 -13.071010 3.656041 28.627360 -7.110497 -23.946640 17.859810 -18.387380 -2.708321 -6.844091
2.072027 -0.467931 -21.176040 -11.525320 -0.724148 26.127240 -14.106120 -28.928070 13.801270 -22.483640 -11.827820 -12.702730
2.214564 -1.670627 -22.243440 -9.574342 -3.290977 24.838460 -15.503160 -25.048510 8.940402 -21.322440 -13.392780 -13.188360
3.540908 -2.851868 -30.193810 -6.965584 -5.695714 19.828040 -14.335070 -33.021970 4.037656 -21.763590 -17.104810 -15.322750
4.847290 -1.501299 -31.604490 -9.621646 -1.883218 17.890340 -10.403200 -37.088540 9.196678 -24.136980 -15.893460 -14.139410
5.742832 -0.673793 -30.436950 -9.537905 -2.394659 21.322570 -8.496112 -33.475090 7.540654 -24.140070 -11.231800 -10.974010
5.393079 0.565437 -31.529380 -7.892489 -5.062148 17.039630 -3.393173 -36.806590 2.593800 -22.562440 -19.708180 -7.924754
4.409300 0.811311 -31.700780 -9.737350 -4.490755 16.126180 -8.939609 -35.795350 1.995264 -22.432650 -17.873000 -10.961380
3.342475 2.299314 -30.433100 -10.272400 -0.515427 18.016390 -15.671020 -35.679550 3.483229 -20.884380 -6.641936 -10.425260
3.498586 2.023286 -30.502910 -7.339542 -2.667033 11.942730 -11.618470 -37.553160 5.274370 -20.239270 -8.989752 -13.834730
1.828079 3.380813 -32.890000 -12.101920 -8.775465 13.178370 -15.905430 -39.294430 4.206832 -20.874340 -19.078950 -20.996230
2.573100 3.956646 -30.190440 -13.195020 -8.799890 15.734460 -11.881680 -32.988170 3.786405 -20.002090 -11.339110 -13.809490
3.167999 4.127714 -31.823080 -16.858540 -8.837637 18.719570 -11.991940 -35.240100 0.475475 -20.210690 -11.762970 -6.670713
3.977700 5.334470 -33.897690 -18.715540 -6.871067 15.623100 -15.431140 -34.323790 0.923818 -19.070350 -13.147260 -5.121258
4.112649 3.626107 -32.225580 -24.131220 -12.738950 18.787970 -19.009410 -35.008500 1.024877 -24.476140 -11.830910 -8.725151
4.826528 3.949107 -27.996900 -22.688450 -12.366660 17.674410 -12.157810 -28.831700 2.123123 -18.028130 -10.563200 -4.820794
4.479970 5.481762 -28.272300 -25.099680 -15.267290 17.859250 -12.130500 -29.432980 4.603251 -21.356430 -14.117730 -3.480906
4.899194 6.467579 -24.779780 -27.513470 -17.718660 17.508790 -11.544470 -23.374850 3.369887 -20.752270 -15.484270 -7.153814
5.105611 7.335098 -20.928570 -27.872080 -24.027670 16.836710 -10.412630 -17.326060 -1.176082 -23.013630 -12.414580 -8.010601
4.135807 9.235404 -19.475040 -29.107100 -23.551750 15.148850 -14.658380 -21.308480 9.357479 -24.224280 -19.954460 -3.877318
4.150979 10.675280 -18.166910 -29.475950 -26.983820 15.005840 -18.365770 -22.663520 5.015302 -21.712600 -13.378880 -13.713540
4.137404 14.868480 -17.211210 -30.376640 -26.581170 14.600560 -17.839330 -20.009540 8.206190 -24.011820 -12.931860 -8.752926
5.549989 15.565510 -17.278620 -27.443790 -23.745670 8.599809 -17.782220 -13.711180 13.398150 -27.704010 -17.335660 -3.256189
6.206374 17.843900 -10.189580 -27.929610 -25.110500 7.356247 -17.799600 -10.048830 11.188820 -22.416420 -19.790010 0.801347
6.948599 19.541830 -8.059598 -27.909800 -27.031190 8.297397 -16.205900 -9.758972 7.734955 -28.627250 -11.987640 -0.823014
7.441687 22.319510 -8.225702 -26.649210 -25.878040 12.059170 -15.952120 -15.302850 11.903490 -14.612520 -12.416130 -3.285646
7.140245 22.056820 -5.306603 -25.522220 -25.237070 9.068971 -15.586090 -8.337760 5.583129 -14.259450 -8.866223 -1.705892
7.260422 22.873890 -5.671550 -27.191290 -22.958160 12.033170 -14.417510 -4.215095 4.570309 -14.144330 -13.730160 -4.682765
7.115490 22.224990 -5.081760 -19.835500 -23.477740 2.919560 -18.528170 -0.992194 10.267010 -12.162640 -14.040530 -0.913069
7.180570 21.124350 -2.882927 -20.216490 -24.938790 6.593718 -21.075910 0.774251 11.308860 -12.248400 -10.027390 -5.988987
6.322558 25.936300 -3.478976 -27.361970 -26.985300 13.951640 -16.250100 -3.662002 1.084061 -11.673600 -4.794411 -2.284939
6.182817 24.216340 -6.961385 -23.029800 -25.518320 11.089760 -17.020380 -0.096025 0.992494 -12.820890 -2.101487 -1.708417
6.341324 21.912430 -4.779884 -22.802870 -27.625520 5.299284 -20.813190 -0.873520 6.607117 -12.293210 -7.315939 0.513507
8.137998 21.243230 -4.419270 -23.740000 -27.808340 4.856124 -17.233440 -4.807026 5.661296 -13.386420 -0.809841 -1.346513
7.043224 22.094510 -5.963797 -23.808400 -29.318980 4.765118 -16.733320 -2.333571 1.187911 -9.771486 -0.269403 0.985666
3.346867 20.296270 -2.345617 -19.016620 -28.669870 2.175119 -15.167930 -3.061439 5.430704 -4.339425 -9.419786 1.513372
7.848534 19.748850 -4.492933 -25.822020 -26.875750 1.785658 -5.971212 4.942229 12.916870 -6.535891 -14.072180 -0.191786
0.370378 11.951040 -7.952713 -27.081980 -21.695470 -0.906086 8.393003 3.284388 7.317320 0.683165 1.507865 3.367501
-2.349387 8.015311 -11.568490 -19.104200 -6.631999 9.523436 4.654325 6.207367 1.221411 -6.810159 -4.602170 4.758728
-3.851806 6.789999 -11.387940 -17.394220 -10.343840 5.681396 7.457341 6.569862 -3.943752 -2.688406 5.774235 9.581312
-4.777692 9.285854 -8.935857 -13.521680 -3.237686 8.652377 5.085405 1.896980 1.099694 0.211887 4.185348 8.804481
-7.915882 6.936712 -7.716797 -6.006078 -5.623179 2.765245 5.009419 -2.633493 -4.016894 -1.198085 2.765541 1.297913
-10.699930 5.573965 -11.315720 -7.553689 -5.829680 0.439221 -0.935319 -9.247595 -5.074382 1.377721 9.443808 -0.228818
-4.697041 6.501213 -20.500560 -11.899270 -6.494332 11.808760 -2.083045 -17.418130 12.842610 4.859772 -6.308409 -15.342110
-1.260603 3.819792 -22.117300 -14.467120 -0.072819 15.419050 -4.200704 -26.013730 13.148020 -6.861923 -13.246860 -10.999260
-3.165477 6.870024 -14.615170 -5.086844 5.265120 13.824460 -7.802311 -16.548570 11.205010 -2.818201 -19.715120 -12.942600
1.188862 3.828490 -14.986860 -10.776760 -3.678074 15.993910 -10.112660 -14.844700 0.113673 -10.259760 -18.655870 -17.003500
-2.249971 -7.035210 -18.359010 -11.273450 -5.048085 24.373250 -16.640450 -10.469580 3.226953 -11.759350 -16.546620 -29.945370
-1.167575 -8.321410 -16.053780 -10.978120 -0.404405 22.861760 -17.576610 -8.104728 4.935460 -11.153650 -13.506270 -30.864430
-3.022541 -5.808738 -16.951220 -8.056135 -1.544231 21.301090 -15.926790 -15.365420 8.208424 -14.359110 -11.819330 -33.779870
-2.568182 -6.867041 -18.226610 -6.132648 -4.889694 12.346320 -13.728670 -18.951540 0.645209 -15.192730 -15.969120 -34.069390
2.607037 -11.119970 -15.781750 -5.050407 0.827200 11.361080 -9.083633 -21.578910 3.116402 -9.019759 -18.211160 -28.895000
2.435754 -10.166050 -18.871290 -0.763632 -6.033221 9.979031 -13.424240 -26.642340 5.630588 -12.255350 -20.379090 -28.380760
3.044228 -7.965356 -16.769710 -2.836703 -9.960440 4.191384 -15.405820 -18.794030 8.650626 -16.224140 -27.095190 -33.070370
4.129019 -3.718807 -17.721560 -0.846734 -13.882480 1.526772 -13.703840 -25.910160 19.459450 -15.191190 -27.967610 -34.046670
4.083903 5.093814 -15.627690 5.584068 -6.068007 -1.757926 -19.900870 -11.894390 13.165890 -7.323930 -20.201520 -25.744750
-0.278421 1.833661 -11.239650 3.212470 5.732152 5.843060 -15.573180 -5.187503 8.155382 -2.489078 -16.697940 -15.089620
-4.770106 -9.829710 -14.250230 -2.790677 12.735420 11.396690 -11.147160 -6.953948 10.749970 7.907629 -8.568211 -1.223634
-5.447652 -12.066350 -17.296430 -5.147572 8.310083 7.379423 -5.885791 -1.274135 12.468520 8.830099 -5.154960 -4.771979
-4.776095 -9.827391 -16.512130 -4.360662 5.338394 6.239303 -1.575980 -5.155857 4.359258 5.377406 -0.988185 8.979542
-5.841722 -6.134057 -16.009000 -6.555828 -1.234109 4.013894 7.176245 3.624587 -0.853364 0.996836 -13.799650 -8.093081
-7.917080 -8.315612 -17.766340 -0.665188 11.217380 12.641950 5.915285 -2.649316 5.110219 1.186892 -22.591030 -4.028812
-9.051380 -9.557740 -14.892980 -3.543068 8.521026 11.469040 0.076826 -0.573598 1.297345 -7.958997 -22.310000 -9.608871
-10.673180 -8.722116 -13.003720 -5.991375 8.261234 13.506790 0.577932 -7.790421 -3.371458 -8.693727 -18.831120 -14.113320
-11.278860 -5.989664 -11.031180 2.265109 11.577090 12.307880 2.811307 -5.830501 2.100790 -3.630962 -16.829960 -3.800729
-11.613040 -6.972001 -14.261780 -3.131394 8.590599 14.566080 6.648817 -6.722354 8.719301 4.441803 -9.776475 1.486440
-11.872560 -10.159670 -13.697510 -2.993318 8.337469 18.548300 3.504611 -6.139053 6.331299 -0.737623 -4.225407 -1.254774
-6.480939 -1.163802 -16.338800 1.166887 6.027471 -4.922789 -4.074061 -7.248836 14.207180 5.042876 -18.361720 9.460958
-8.262041 3.377334 -12.490490 10.800940 7.585480 -7.292903 6.783902 2.021408 27.058400 11.331740 -25.072410 16.584580
-0.038466 11.963220 -4.829475 9.269314 1.719817 -7.578357 2.161706 -3.644021 13.302120 -9.234538 -34.526980 4.432172
2.003754 12.038600 -12.446670 -2.515802 -7.773306 4.626065 -0.350778 -12.812850 10.045350 -14.001400 -30.695280 -2.553421
2.451325 7.399466 -17.199660 -0.878057 1.389711 6.498755 -1.260119 -16.570140 7.470862 -3.067746 -29.557270 -12.398900
1.953048 1.674191 -17.391280 -1.216857 2.273447 8.819693 -11.720280 -16.585970 8.748893 -9.213678 -35.905090 -14.761380
0.130821 0.426263 -17.754300 -0.245205 3.170504 10.287660 -12.410600 -9.190056 4.679742 2.040601 -41.151970 -18.065650
0.511317 -0.356012 -16.243470 0.143456 0.914537 11.760150 -8.554715 -12.904910 4.115265 2.022059 -36.463290 -16.665160
1.515857 -0.028953 -17.736000 -0.301458 -1.074978 12.346880 -11.818610 -11.990760 1.612246 3.363271 -32.393020 -15.294140
3.563666 1.569810 -18.349390 -0.138451 0.493393 8.825345 -7.827143 -14.176530 7.718205 4.409354 -32.156770 -16.165230
5.237368 4.277326 -21.384040 -1.181059 -0.355555 3.172229 -3.827729 -11.997240 5.239753 2.292465 -33.197500 -18.653950
4.955489 7.514864 -19.874170 -0.755322 2.268265 -0.621198 -8.748404 -6.022537 7.231337 3.673851 -30.933070 -17.126380
3.518150 8.855575 -16.622870 3.131286 -1.437649 1.028217 -7.224723 -14.128340 8.217358 4.182986 -25.981890 -14.416310
2.718031 10.041450 -14.557400 5.901133 4.154160 0.538706 -11.950720 -6.762631 10.474710 3.050373 -32.495700 -9.426236
-3.153898 7.627363 -9.528536 3.844044 3.886226 2.970433 -16.418460 -9.260541 13.905680 8.849413 -22.591800 -9.855471
-7.214780 0.394948 -7.502066 0.723890 9.340368 10.334580 -0.832018 -2.176058 -2.039828 0.460660 -18.706050 -10.075980
-6.968037 0.844365 -9.246881 1.841929 10.063490 7.256763 -0.808676 -2.652912 1.655796 -1.708765 -13.092450 -0.735484
-7.536584 -0.262649 -12.242050 -1.929614 6.582581 5.430988 -7.293756 -5.099756 5.615513 -2.154548 -13.578840 -13.131970
-9.202301 -0.516642 -16.856370 -2.222389 10.975350 4.411268 -2.241473 5.138581 5.414512 -2.626599 -11.510510 -12.667380
-7.930256 2.501697 -8.867971 0.024557 7.035551 9.887460 1.969011 2.237179 2.210782 -4.108421 -8.822989 1.569762
-11.046890 -1.021728 -10.934400 0.193956 6.228791 0.542097 -2.340800 5.149369 0.966810 0.293009 -4.772794 1.419109
-11.437360 1.401061 -10.659490 -0.797512 6.125170 2.095984 1.720693 3.359908 -3.302783 -10.187140 -13.317890 -7.285109
-12.940180 0.604290 -3.402905 -1.007824 4.410990 4.674112 -2.381524 -0.298850 -5.761693 -5.274256 -6.120800 6.883022
-10.130980 2.920379 -7.709576 0.695763 11.549710 4.754378 -7.362788 -0.734707 6.722134 0.992973 0.230116 1.793638
-8.910042 6.548184 -19.597330 4.468585 12.446020 -3.571829 -3.247161 -3.558431 22.797180 15.631960 -13.664540 21.086500
-9.922168 5.255024 -13.917050 11.515620 19.185800 0.962082 -1.858566 -2.662262 27.377760 22.003480 -22.032060 16.157030
-5.559844 9.656985 -7.655170 8.274010 18.512270 13.906990 8.105452 3.571364 21.172420 9.286697 -15.450300 -5.582476
-0.789076 11.039450 -5.151091 10.304250 17.328030 17.327350 -0.016541 -12.005150 9.627713 -3.560657 -4.977388 -7.242186
0.777224 10.605690 -12.398530 7.318338 2.431838 11.634660 -0.271812 -10.507700 12.729830 -5.326019 -16.443930 -23.807300
4.333441 9.001708 -20.114900 0.107019 0.002676 14.785960 3.114255 -16.885890 7.299453 -4.355649 -20.487950 -18.706980
4.516303 1.688108 -18.332050 -0.627473 0.545944 12.394370 -2.539454 -18.952980 6.306174 -3.529753 -16.469410 -24.914050
3.646712 -0.249892 -19.220350 -2.426307 -5.109518 14.503330 -10.243280 -21.270360 -2.806981 3.068915 -19.696600 -26.315380
1.356951 1.472388 -19.142830 -3.109021 -8.926455 7.973506 -12.053520 -16.762900 4.158257 -6.642508 -22.119300 -30.971320
0.121239 6.940771 -16.954590 -1.341509 -9.417171 4.484186 -13.569750 -15.772510 7.642830 4.162899 -29.773440 -29.162640
0.980049 9.148420 -12.314270 2.017082 -3.556690 5.902411 -13.452050 -18.901190 6.258716 12.760250 -29.277010 -23.469800
-0.585054 9.857049 -6.257007 4.443016 10.381750 13.650930 -15.199710 -12.701370 3.967306 14.075190 -14.371740 -10.653340
-4.412368 1.387144 -10.341720 -1.096679 12.225460 7.785276 -3.838655 -1.663962 5.995739 18.203900 -5.088563 -7.979460
-7.681117 -1.088996 -14.193410 0.216330 12.457870 11.733020 0.817311 4.473287 3.336387 9.916356 -4.670882 -8.624996
-5.123851 0.048753 -11.648410 -1.631726 9.083537 6.074814 -3.587358 -1.253996 4.299516 10.880550 1.212168 -3.999355
-5.519918 0.810151 -10.321020 -1.417579 5.915709 4.932434 -1.284951 -4.260406 -4.408288 6.381770 5.029975 3.064511
-7.532193 0.529483 -13.602660 -4.749323 4.739615 9.070101 -2.597064 -6.985595 -2.770131 6.208710 -8.213066 -8.063624
-8.749140 3.690475 -8.918043 -4.803658 11.211460 11.980600 -7.283823 -2.522730 3.286136 6.249657 -1.869099 -7.932329
-9.708164 0.442500 -10.365800 -5.291402 2.041780 4.900214 1.826477 7.186248 4.802576 -1.825426 2.144809 7.857638
-11.362700 2.476181 -10.392760 -7.871394 3.461382 1.763048 -7.121919 4.719985 11.294900 9.542424 -10.817200 -0.388729
-11.617830 2.646090 -8.493394 -5.440986 2.732337 8.606591 0.622133 -8.175932 4.217999 1.845137 -4.897866 -6.916472
-10.426030 3.192348 -8.701867 -1.484061 0.355726 2.907690 6.466551 -5.484548 1.814922 2.880404 -5.253011 -6.450204
-0.931612 16.163960 -18.026330 -7.432872 -1.962414 5.696093 9.589401 -0.275115 6.470883 4.719162 6.737758 -0.890345
1.312633 18.720120 -10.696560 -3.917026 -1.126788 6.770643 5.351106 -8.190317 0.333099 -7.721040 -1.429800 -5.494104
5.387490 24.805510 -10.057660 -13.010920 -19.458740 4.416356 0.472646 -3.716664 -4.717606 -20.959320 -11.246470 -7.870048
7.377406 23.362160 -12.771660 -18.154920 -21.571120 7.138624 -2.866738 -4.679002 -5.902952 -15.831660 -11.848670 -3.321837
8.592755 23.093670 -11.766370 -22.248650 -23.193520 8.207521 -5.510334 -3.266421 -8.684022 -7.431320 -10.027390 -1.805205
8.064135 22.436650 -11.389380 -20.825690 -28.279070 1.042913 -0.356737 0.318974 -9.212208 -11.498990 -5.759479 4.189781
7.525931 20.648260 -11.454380 -22.708260 -23.168360 -1.522780 0.432418 1.469754 -2.562430 -13.951180 -7.633253 1.395543
8.598744 21.428220 -6.711025 -27.434840 -21.096690 -1.959157 1.616896 0.121184 -0.663530 -11.748540 -8.176779 -4.471514
7.089539 20.627390 -7.553582 -22.700590 -18.075410 -2.842650 -1.574986 1.886192 0.907627 -13.357840 -11.511280 -6.567192
7.077960 17.273290 -12.543930 -24.224550 -20.435740 -7.095064 2.267490 7.374688 2.533500 -14.469590 -13.001340 -4.401658
6.941413 18.117610 -8.321994 -20.906870 -21.124810 -6.465370 -0.462024 0.739009 1.151061 -11.502850 -9.341808 -3.576011
5.890558 15.060420 -7.799127 -25.956260 -17.540280 -7.341516 2.375757 7.840034 4.530667 -7.592018 -3.424015 -7.771576
2.327155 16.475360 -7.412033 -18.167710 -14.989000 -8.416065 2.134391 2.762222 -3.260350 -10.708640 -15.033390 -7.087324
6.758152 16.110030 -12.598330 -20.796280 -19.971660 -3.383034 -2.232533 5.606085 5.544604 -2.580244 -12.321940 -7.656271
-3.710068 9.731212 -11.322460 -21.475800 -16.903760 -5.408343 -2.205218 2.273141 6.951610 1.453435 -11.166940 -5.703672
