-1.952557 8.082318 -11.160860 -11.577460 -4.545810 7.632586 -5.570679 -16.025290 -14.741740 -8.421066 -1.559165 -1.302221
-0.524065 7.071442 -10.069890 -9.346830 -5.383963 7.851795 -2.286479 -16.767390 -2.376374 -3.649751 -5.021996 -9.273873
1.184491 7.332684 -13.438020 -14.516980 -5.286306 9.799165 0.167895 -18.856590 -9.797695 -15.462350 -8.431117 -10.618250
1.333096 1.661588 -16.611940 -21.521970 0.461876 15.173180 0.329503 -24.822090 -1.753463 -10.934540 -7.949906 -11.001020
1.087734 6.285801 -23.201970 -21.642210 5.589298 9.670034 0.043815 -31.007590 9.812124 -16.838510 -3.852719 -10.450310
0.956683 2.127380 -21.833580 -22.899050 -0.738882 13.038880 0.541347 -32.331570 7.507850 -20.235530 -5.092400 -11.810040
-1.543892 0.725407 -22.496410 -22.639790 -1.330769 12.449980 -3.831735 -35.677800 2.743436 -18.629850 -9.225878 -12.820240
-2.306516 2.117421 -19.314990 -20.824360 1.631214 8.527126 -3.405019 -41.622580 7.921282 -20.716020 -8.558134 -10.411100
-2.373878 5.888192 -17.453970 -16.482080 -1.139701 11.935020 -4.067791 -36.997010 15.678650 -28.094110 -10.554110 -4.381423
-0.410162 2.997676 -16.182300 -18.343860 -3.065668 9.645562 -7.398597 -35.365340 11.849440 -26.424990 -8.156762 -10.778520
0.434931 4.833648 -18.086810 -19.880000 -4.159428 7.835653 -6.312741 -40.056270 7.654320 -27.111670 -5.470546 -13.953200
0.534954 5.537316 -18.474450 -17.143380 -3.494510 8.478181 -4.741457 -36.431060 9.523606 -22.795660 -4.082075 -16.162860
0.140986 6.419869 -19.479190 -18.317560 -2.956123 7.449304 -6.444085 -38.355260 11.438220 -24.259520 -10.608540 -11.624190
-0.251350 5.293694 -21.604140 -19.406570 -3.202388 9.106130 -8.485663 -41.517360 13.816000 -26.576130 -10.923540 -10.413660
1.135500 4.763549 -21.220240 -18.433410 -0.980052 6.277237 -5.844866 -33.374180 11.675330 -27.025840 -9.361604 -9.142590
-0.016194 5.156178 -18.729390 -23.880350 -4.734331 10.567700 -3.191964 -34.642370 3.756012 -26.196410 -9.591684 -9.283251
2.050812 3.941901 -18.460960 -21.042910 -2.723444 13.221640 -3.753655 -32.078900 7.929020 -21.333660 -9.070555 -1.007259
2.086331 3.005720 -19.999560 -26.025190 -6.046333 10.388580 -6.451348 -38.113740 6.903731 -25.281140 -10.752980 -10.819440
2.060611 6.706776 -17.708150 -27.126720 -7.681877 12.524960 -6.292767 -35.071210 7.094419 -21.873860 -9.241119 -8.725721
3.554832 9.851255 -16.588700 -25.902450 -5.710902 6.391267 -4.151319 -26.871440 10.092350 -27.425160 -5.417562 -5.287621
3.267418 11.145970 -14.371520 -25.276840 -9.860055 2.919847 -4.815906 -22.768760 9.621989 -30.572130 -8.039181 -4.675532
4.053722 11.949240 -11.607740 -29.197660 -11.326610 2.773013 -4.736615 -18.211740 6.775501 -30.946260 -9.627250 -2.480365
5.052727 11.573080 -11.628740 -28.611510 -13.833430 4.473577 -9.501308 -24.020210 3.763750 -21.565040 -7.724180 -9.914948
5.368309 13.307540 -11.702220 -28.074210 -15.981880 -5.031567 -7.080225 -21.055790 0.907313 -25.228900 -11.009190 -7.238975
5.738599 15.379860 -12.045630 -25.933760 -14.754800 -6.107306 -9.867497 -20.197320 -5.057048 -16.970060 -9.565556 -10.006160
5.283392 17.038090 -9.602015 -23.906030 -20.979380 -1.704376 -8.306503 -16.382390 -6.333270 -18.383540 -6.477967 -4.873310
4.337869 18.216360 -12.009640 -23.370600 -22.889210 -2.010019 -12.725590 -19.711880 -6.669321 -21.165720 -9.852250 -6.614951
5.405869 19.240640 -8.542541 -26.121630 -15.552190 -1.377384 -6.407163 -19.596300 -8.007999 -22.458850 0.703905 -0.206769
5.910475 19.841270 -7.869216 -24.839740 -18.202520 -6.095851 -5.189358 -14.348990 -4.403737 -18.544950 -5.397965 -8.645587
6.056631 20.034330 -3.809773 -26.816740 -16.728320 0.661106 -7.172831 -12.278120 2.437784 -17.843340 -11.083220 -11.643800
5.551209 20.037010 -3.543592 -23.049350 -17.614880 2.767806 -2.371822 -11.909060 2.739567 -21.579040 -3.489089 -8.002808
4.895140 18.233980 -1.554360 -16.764510 -18.015700 2.466328 -4.784432 -8.751749 -0.962526 -19.434090 -5.401594 -13.698310
5.651640 21.098450 2.022209 -19.205550 -11.781780 -0.718194 -5.644522 -4.276827 -2.561534 -14.888560 -4.968287 -4.823865
6.630641 19.112710 -1.959254 -18.075840 -14.224050 0.244556 -6.095448 -4.095885 -1.492028 -13.459220 -3.083362 -1.779617
5.439346 19.156760 -1.505623 -26.101590 -16.089730 -0.936362 1.155698 -4.079943 -1.228935 -14.557350 0.989148 -2.078841
5.592443 19.584240 -3.947737 -25.616260 -15.834970 2.276277 -2.043765 -5.620739 4.287173 -9.546253 -1.116422 -4.788913
6.137058 18.754170 -4.327888 -26.720300 -18.240730 2.742292 -2.417822 -5.462115 5.702126 -11.540050 -7.177647 0.856288
7.766412 16.703690 -6.461082 -27.299560 -19.450830 0.585606 0.578874 -3.252553 3.576380 -5.637955 -9.820314 -3.505913
4.665291 16.864570 -2.468372 -25.425260 -20.429950 -1.200351 -1.520811 4.566206 7.068994 -9.824285 -4.402156 -3.511028
4.864929 16.324850 -6.540562 -30.004870 -17.800000 6.435005 -6.283688 2.879541 6.162539 -9.025644 0.734389 -0.236606
2.382725 12.532240 -10.636750 -27.372830 -18.252620 0.875108 -4.249978 -1.108353 -3.021394 -12.897560 -4.407962 0.870781
2.859978 14.726750 -8.599525 -25.677630 -15.939420 6.022621 0.924484 -2.939292 1.114029 -16.055730 -6.732000 -9.997640
1.310642 13.369210 -13.404270 -33.495470 -15.336500 5.949204 3.055038 -8.248778 -6.535011 -16.221800 -4.606834 0.048978
-4.603371 7.403549 -11.675970 -21.748670 -10.153880 8.022580 10.449630 3.858380 -3.343627 -1.555187 5.161819 15.534490
-3.458618 9.306938 -15.084590 -16.986200 -1.565146 7.036920 4.416292 -15.995800 -1.629655 -9.131072 1.827456 5.013039
-1.040102 10.182980 -18.211270 -21.289640 1.266910 11.728310 1.270699 -27.387160 -0.227413 -15.321470 -5.760143 -5.421463
3.727524 5.588645 -18.482700 -20.224430 -4.285958 16.381690 2.696112 -18.296230 8.791257 -4.243133 -4.941432 -12.724760
-1.239740 6.351303 -16.965850 -15.388060 7.247771 16.278070 2.270607 -26.451360 5.649065 -13.492800 -6.393048 -17.728890
2.795882 13.185350 -15.696430 -21.069840 -3.987042 7.415459 -3.056383 -18.891660 2.263679 -5.359923 -4.724415 -19.571120
2.733826 3.709388 -19.263250 -13.052230 -5.827241 17.009120 -6.684983 -22.302460 6.337197 -9.890527 -6.016353 -22.819970
-2.184039 3.514414 -15.508230 -12.189280 -2.055979 11.824120 -5.595495 -26.828390 4.633173 -10.822580 -9.945153 -26.512970
-2.117901 4.663572 -16.796390 -9.724447 -0.531679 10.993620 -2.516481 -32.895130 4.167233 -13.598230 -6.162241 -32.058430
-0.947836 4.962737 -15.452740 -8.921621 -1.413990 13.615280 -5.221437 -31.414110 2.074650 -8.310973 -11.490400 -33.083120
0.998734 1.834728 -13.983120 -6.178112 1.341639 6.578715 -6.278846 -29.492300 3.878163 -12.870500 -10.279030 -30.694440
0.185485 5.242365 -14.172820 -6.987200 -0.259937 1.309882 -5.420571 -30.983680 3.578038 -9.688067 -17.121940 -31.072090
-1.203405 6.468517 -13.812920 -8.115664 -2.668247 -1.010300 -11.631860 -29.884480 -0.145611 -7.152199 -22.771640 -30.505190
-0.862919 9.493101 -13.811420 -3.180354 0.756546 -3.392964 -9.391754 -28.744620 -1.936412 -2.560951 -14.095320 -26.239320
-1.500208 11.493790 -9.630507 5.304422 1.953057 -5.525178 -5.922946 -19.830650 -0.913887 -2.545090 -15.536050 -13.853460
-5.053270 7.708842 -7.459073 3.757011 9.981320 4.305915 -6.565139 -4.229798 9.327945 17.332280 0.483985 -14.565290
-7.722455 -0.337564 -10.316580 -1.247185 3.468866 4.435566 -5.214779 -7.050736 -0.273842 10.271410 -6.834339 -17.379370
-8.963964 -0.372039 -8.014678 -5.055284 0.248729 0.798567 -10.910980 -14.283630 4.414850 20.884180 -2.849652 -17.207160
-9.671883 0.597850 -12.011890 -6.743597 -1.055630 7.467007 -5.480494 -5.052406 15.958330 30.196360 12.576680 -15.291610
-9.655961 -1.942556 -19.485940 -7.294052 2.279996 5.360827 -6.040369 -5.789724 6.776607 14.181570 6.208435 -5.521204
-9.657186 -0.759306 -14.660950 -7.617813 2.070246 3.912276 -9.049171 -9.151894 -3.368500 6.096271 5.664804 -6.282479
-10.518610 1.006185 -11.384300 -2.537843 4.281542 1.822759 -7.785971 -9.898777 -4.117430 8.561233 -0.524162 -9.579918
-10.713750 -3.498899 -16.300770 -3.474056 2.541548 8.971793 -0.238847 -5.462913 -0.962526 9.340281 5.635772 -7.721486
-14.351330 -4.004529 -10.832440 -6.330912 1.707641 6.820313 2.879509 -2.366974 3.804651 12.423810 14.664830 -4.463262
-11.968740 0.638071 -10.558770 1.833235 14.051500 9.268064 4.073709 -1.931757 0.094267 3.936397 -4.342639 -10.062430
-9.452240 3.315227 -13.442520 -1.162644 17.233420 5.945559 -6.163844 -5.379217 12.083230 8.097536 -19.979450 -3.137637
-10.320200 3.682191 -14.625710 1.846386 12.597680 1.458278 -14.146760 -16.524270 6.152590 11.223060 -16.666140 1.684058
-5.792624 10.272610 -5.094188 7.543817 14.485440 7.780981 0.289555 -4.948783 5.729762 0.229625 -23.998250 -12.223500
1.669092 16.015340 -13.055620 0.354082 6.255065 3.311924 -7.154673 -14.981890 0.802850 0.465671 -10.564990 -27.460080
3.158005 15.030900 -18.535940 -1.991771 2.281695 -3.127414 -3.217385 -17.283120 5.064291 -3.507936 -17.190900 -23.927360
1.329422 14.191630 -14.043860 -9.998735 0.726824 6.523001 0.931747 -16.183120 1.529119 0.825806 -5.800063 -30.747290
2.375785 11.445140 -18.537440 -5.782962 2.667228 4.742251 1.979471 -15.733550 5.667305 -6.759409 -3.502154 -30.785660
1.108555 12.483210 -15.726420 -6.949000 -1.742627 8.333430 3.662125 -18.407820 4.079904 -7.681204 -2.874330 -31.725100
3.150249 14.889930 -16.653180 -6.465551 0.257221 10.394310 0.551032 -19.278260 3.351424 -8.998588 -3.134895 -29.393540
3.179235 13.089200 -11.444290 -6.239482 -1.678088 4.016414 3.115565 -17.270360 4.073824 -2.752214 -9.956766 -28.234150
1.439243 12.537220 -16.626190 1.552685 -2.478027 5.713333 1.598151 -21.121150 8.002531 -7.833282 -0.970535 -31.773690
0.949335 16.244790 -16.051090 -1.946683 1.753497 1.854000 -0.032449 -23.008690 8.267835 -4.250597 -2.640619 -36.193010
1.850766 17.584710 -14.094850 0.682226 1.474113 0.887084 -2.357900 -17.845870 7.286211 -1.778172 -11.167410 -25.288790
0.539444 17.330740 -14.413510 2.983618 3.300725 -1.892344 -1.952369 -13.985510 7.423285 6.086008 -7.860632 -25.779820
-3.221012 13.862970 -8.677505 6.328933 7.175590 -1.040500 -5.067698 -10.555590 4.651412 12.243750 -9.933540 -11.704330
-6.650372 9.164442 -7.678016 -2.153338 3.155514 2.883398 -3.429835 1.281355 6.359306 1.384667 -7.593534 -18.054540
-8.153983 5.874402 -12.477520 -3.608068 5.573164 -1.527863 -4.111371 -0.972846 3.798019 2.087209 -5.302884 -14.446790
-9.918470 2.475192 -9.524035 -1.286011 6.659281 10.889480 2.707612 -4.472116 -1.478763 7.654366 -1.175213 -7.285862
-11.260410 4.791512 -5.977458 2.969215 5.383794 6.941634 1.149645 0.720196 -10.061340 -10.293580 -3.955784 0.546834
-13.297210 0.094519 -8.650513 3.399434 6.994711 6.951006 -0.659510 2.518455 -0.052202 6.593555 -4.069010 2.124796
-12.701150 5.278755 -3.775282 2.716218 2.876979 1.481188 -2.489244 3.202367 5.820960 2.060153 -7.859180 -0.201654
-13.023270 4.163689 -9.192621 -4.392733 4.549887 1.013611 2.020630 2.085629 0.946556 3.401793 -1.674569 -0.136865
-9.953580 4.761634 -12.757940 -2.514046 15.975770 6.137172 6.368896 -1.328352 -0.457896 9.653765 -32.900290 10.071730
-10.060950 9.672370 -7.869966 4.125233 14.136420 0.486155 5.396831 -0.241904 15.287880 13.540600 -23.056150 12.199550
-9.738428 3.589492 -9.872694 5.522976 21.602520 12.263580 15.780860 0.573529 11.175670 8.072346 -12.915160 -7.564627
-7.590588 6.813647 -6.964952 6.054018 17.385430 10.229770 6.103788 -6.130085 1.844167 -2.894028 -1.414729 -8.856153
-6.825922 11.371970 -7.004691 7.124244 21.466640 7.226449 2.257896 -14.854350 5.728104 -8.561948 -2.135457 -31.765170
-4.224100 10.376800 -11.118870 2.710582 15.332930 3.532695 7.680519 -2.661901 13.842530 -10.146170 -3.182072 -28.572590
-4.660935 10.316280 -13.017380 1.537655 6.522561 2.723027 11.151140 -2.614872 19.541030 -18.383540 -5.057561 -27.223940
-2.604952 14.836690 -14.625710 -0.803815 5.181686 5.412896 8.605978 -7.773707 13.367200 -9.311139 -0.153275 -24.210380
-0.814336 13.446210 -16.319520 -2.617374 5.227542 6.034076 5.870759 -11.097620 5.801063 -5.914120 -2.811910 -23.301630
-0.296258 12.950540 -13.701950 -0.242714 9.189874 7.363911 1.981892 -8.279865 2.475922 -7.795962 7.067791 -26.545360
0.288366 14.773100 -12.084620 0.040342 9.880266 6.627139 -3.932816 -14.665440 12.654190 0.809945 -5.061915 -21.928260
-2.008080 17.872760 -5.021457 2.165137 7.000656 1.466088 -6.612350 -8.530155 9.087513 -1.484279 -5.850869 -12.268680
-5.760779 14.011590 -0.629850 3.576657 1.268609 2.155478 -7.375597 -4.479290 2.250966 2.744968 4.808351 3.363467
-8.521006 4.861610 -5.991705 3.687499 5.875476 6.426674 -0.814460 1.883165 2.873325 4.971084 -6.334258 -5.406970
-11.334710 4.329550 -9.281848 -1.401237 4.714631 9.887160 4.441108 4.054467 7.537697 6.551570 2.625845 -0.802661
-12.854660 3.923131 -5.046201 -4.101537 1.533556 6.378771 2.447346 6.759826 2.846794 -2.289450 0.034710 -3.146162
-11.578040 3.746544 -3.365888 0.558233 1.811242 4.900020 1.179908 6.393957 15.208850 13.043320 3.475767 -12.403370
-14.159440 3.278454 -4.747778 3.482096 5.448332 6.192885 6.896693 10.614600 7.680850 0.501125 -4.047235 -5.081318
-14.180270 5.792812 -1.114224 -1.728755 2.133086 8.699473 2.440688 -4.547841 3.706268 1.239121 -13.565490 -3.245903
-14.741620 4.007020 -1.744810 2.673008 5.521363 10.112620 2.492741 4.059250 4.315361 12.811010 9.027473 -1.597184
-14.988210 4.046857 -4.214667 0.724810 4.982975 7.620610 -4.510244 -4.256899 -3.728318 13.298030 9.902799 -0.671377
-12.467220 2.302818 -8.592777 -4.052065 4.523562 8.575550 5.141407 2.204397 -2.064642 6.630875 6.017547 16.264230
-9.163195 4.167519 -26.708810 -16.818990 11.768870 4.137733 -1.991106 -6.353274 -8.981333 7.912804 -1.938763 11.742610
-2.572291 12.111650 -15.407000 -11.656360 7.149264 3.282245 -0.686142 -6.934360 -8.274409 9.904739 5.373755 17.665720
-9.032144 5.116341 -5.015459 -2.275453 12.803190 -2.219335 -0.618957 -10.823410 6.236603 19.014460 5.622707 19.674200
-13.087360 1.383108 -3.470111 0.542577 7.778516 -6.995078 -11.347380 -16.588840 6.562706 6.734437 -10.003220 3.264578
-8.425882 7.548343 5.777232 4.645003 11.210950 -4.524417 -19.832680 -18.727460 4.937167 11.958250 -11.053460 -6.611541
0.873399 16.874530 -1.411897 -1.024874 5.247923 -8.585776 -17.685180 -27.262020 -10.451560 7.241051 -10.898140 -9.511719
-0.976006 16.591450 0.946239 -6.796826 1.830774 -11.058520 -18.220240 -17.772540 -16.680670 9.536208 -11.665320 -14.086190
-1.788846 15.611990 0.652316 -6.300853 6.282239 -11.453720 -21.965650 -20.662020 -14.211130 5.333085 -9.400071 -17.418580
-1.265052 14.513390 2.652045 -4.430933 8.344078 -10.228020 -23.884970 -19.845000 -10.552150 8.611614 -9.338378 -19.450920
-1.476938 16.029510 2.888234 -6.699761 6.216851 -7.834946 -21.091040 -19.974130 -12.877980 8.994141 -8.167649 -21.602610
-1.677800 15.553000 4.093920 -4.106547 6.232986 -11.505790 -23.814150 -15.240940 -11.398360 7.615180 -9.056764 -14.824450
-0.304831 18.765660 3.889973 -10.454000 8.612423 -9.737016 -21.051690 -23.997090 -7.399459 7.746732 -8.611117 -17.080140
-0.663689 17.074100 4.733503 -5.169257 9.596637 -8.060404 -23.312990 -22.432380 -11.192750 16.025160 -10.924990 -21.489230
-3.176920 15.910000 5.919694 1.413036 8.437490 -4.697806 -15.118220 -11.404500 -14.903690 15.399120 -4.633689 -12.590070
-7.937198 12.887720 5.741241 5.527360 1.415519 -5.232552 -14.995960 -11.626890 -8.476703 11.334080 1.580681 -4.676384
-10.164650 7.772429 -0.110986 0.788685 5.608830 -2.574965 -15.399070 -21.233550 -10.008280 3.343015 2.278909 -4.653367
-11.900970 7.444535 0.184438 3.839047 4.473460 -5.595470 -13.937340 -8.366750 -1.287523 0.985347 -3.873042 -4.995216
-10.539430 5.737269 -3.341895 3.680611 5.148568 2.034678 -6.080317 -8.553271 -1.744067 3.139623 -3.963768 -5.750525
-11.678870 9.036503 3.291629 3.448280 1.585357 -2.934759 -8.401531 -9.218053 -4.085926 0.769826 -1.813924 -1.480392
-11.308590 7.511187 1.558080 4.127738 1.170951 -6.346302 -7.177673 -15.537470 -13.264330 0.525383 -2.181183 4.354915
-12.065090 7.195551 1.295648 6.859349 5.916237 -4.859219 -16.352980 -16.827170 -1.733565 1.087976 7.114243 6.668578
-13.515210 6.617525 4.295617 3.207808 -1.572788 -4.157333 -11.610680 -15.131740 -2.477521 1.253116 5.656095 1.285944
-12.757900 5.808134 1.774024 -2.013063 -1.557503 -1.766858 -9.604810 -8.830662 -4.074871 2.177710 2.891491 3.874110
-18.988310 4.224211 0.759538 -1.137595 -2.207984 3.843545 3.841890 -16.145650 1.355566 7.268107 -11.224750 -4.892918
-18.198330 6.611012 5.052920 -3.379495 -10.059620 0.714216 8.009786 -26.413900 0.813904 14.011770 -12.894110 -3.487158
-16.231760 11.364700 7.369067 -3.395777 -3.987042 0.228935 6.120735 -26.679340 7.248074 22.330310 -10.091770 1.098396
-7.894331 17.066440 22.428900 7.092306 -4.534771 -3.531988 -0.934303 -20.728980 -2.951752 8.221624 -5.527159 -7.422261
-0.028441 19.594970 17.066290 -4.259346 -19.726820 -9.776068 -1.213938 -18.302610 -9.553394 8.174042 2.421167 -11.767410
-2.854805 8.472649 18.388200 -6.373496 -29.375340 -10.743500 -4.061738 -15.983040 -12.683980 5.442245 4.482462 -18.657250
-6.526670 6.851187 15.943090 -5.670866 -25.453770 -9.431893 -3.896499 -12.456670 -9.372104 2.721643 0.069549 -18.627410
-6.145766 5.585963 16.261000 -6.635259 -28.138070 -6.918016 -4.788669 -8.478344 -10.633950 2.694587 1.530601 -18.797060
-6.047784 5.795493 16.440210 -9.398808 -29.154550 -9.554255 -5.737128 -8.809140 -12.419780 2.770159 3.160766 -17.874660
-5.790174 5.169202 17.195260 -9.324913 -30.720460 -8.179120 -6.336952 -11.771960 -7.830025 3.782454 6.580774 -12.959200
-5.457036 5.751442 15.434720 -7.618439 -34.048450 -10.168670 -10.000660 -11.640440 -9.321254 8.179640 8.792312 -15.591690
-4.039976 6.087379 13.059340 -8.274727 -28.419150 -17.113590 -8.376110 -6.216969 -8.666285 11.607450 3.178185 -11.237160
-0.793107 2.976225 12.083840 -3.427715 -32.133520 -13.009530 -7.695180 -6.937548 -4.404843 11.687690 2.148989 -9.604640
-1.978685 10.967850 12.856890 -7.002856 -29.650480 -15.646810 -1.748393 -5.152043 -1.887773 8.367170 6.866017 -6.118801
-1.932961 7.785835 14.581440 -6.707902 -29.771060 -11.482360 1.594519 -2.589365 -6.940152 7.718742 0.683582 -5.071088
-3.394113 8.801691 14.759140 -11.001330 -29.215690 -11.152760 -0.105082 1.958890 -6.241518 8.592955 -0.622873 2.452153
-6.575253 5.584431 7.055649 -4.780369 -26.679160 -17.003200 -0.686747 -4.679363 -0.445184 1.435049 0.110920 -11.160440
-3.890554 7.628784 9.847922 -1.476385 -17.384750 -11.538070 0.355529 -3.046104 -7.057328 2.158117 -1.141825 -5.349853
-8.909259 6.548958 2.381366 0.246997 -23.794450 -10.562830 -2.629667 -7.202186 4.468463 -3.234570 6.298435 3.884340
-8.687983 3.353149 2.446599 -2.009306 -20.930970 -11.308970 1.395990 -2.132627 2.458787 7.074978 6.879081 5.978912
