2.475162 -9.633796 -13.400980 -19.706090 1.484614 20.651680 -13.121730 -13.088590 -0.872527 -18.466150 -1.231568 -31.473020
2.714050 -14.361290 -16.989950 -21.227190 -3.192410 20.703700 -15.533880 -22.541610 3.126515 -23.930710 -6.398111 -29.803390
-1.022568 -14.082900 -18.048810 -24.239510 0.067192 15.883420 -15.690720 -25.924650 3.117668 -21.167630 -5.847106 -33.050530
-1.225624 -10.698120 -19.529600 -19.985060 -4.058874 16.040750 -13.905300 -24.851500 5.104803 -21.243570 -9.685832 -28.618150
1.120795 -9.030622 -19.062180 -17.999700 -7.502128 18.396330 -12.102240 -27.059420 1.950986 -23.364600 -10.238580 -23.339060
2.379606 -9.372949 -24.764470 -14.111110 -6.141214 16.050270 -15.793980 -33.667070 1.390058 -23.537550 -15.092130 -19.828620
2.566736 -6.381981 -26.980530 -13.132340 -4.370613 13.800630 -11.699010 -37.431550 -0.221945 -26.132730 -8.851479 -17.877270
3.461905 -5.125276 -27.502250 -13.991650 -3.090694 9.801918 -12.647270 -36.753770 -3.622311 -18.921740 -14.366760 -21.789960
1.828171 -4.369895 -27.044370 -16.644910 -3.595504 9.484711 -18.843960 -39.046790 0.302413 -29.535330 -15.765200 -21.776910
2.967538 -2.258790 -24.792360 -16.431780 -3.005931 13.116100 -15.360690 -34.663200 -1.600966 -24.639410 -8.944766 -17.937150
3.678895 -2.129781 -23.095100 -19.535050 -4.488339 13.378110 -17.140230 -32.350380 -2.347100 -21.958170 -9.635265 -18.429210
3.594621 -0.732752 -25.279600 -20.570150 0.973212 13.104680 -25.246510 -34.883270 -0.214277 -22.703990 -7.929940 -14.178760
2.447955 -2.395721 -24.198720 -19.703380 -3.448582 10.107710 -21.344990 -38.256770 -2.871458 -28.649450 -8.752960 -17.610130
3.391565 -0.149383 -21.117530 -18.468720 -1.261701 12.564790 -16.793210 -32.919600 -1.230553 -26.221320 -5.099065 -10.785770
3.408818 1.213132 -20.395480 -24.358290 -3.132134 12.746870 -16.544220 -35.814120 -3.309701 -28.030190 -4.940390 -11.970250
3.535562 1.386275 -20.976640 -25.419860 1.066451 12.675180 -18.479300 -35.846390 -5.746285 -23.599140 -12.918630 -7.935511
2.666936 1.947577 -19.275710 -26.294780 -3.241384 14.565740 -17.175520 -35.479630 -8.283731 -27.878320 -7.640488 -11.309310
4.738633 2.009252 -18.270420 -24.555130 -3.790458 16.834400 -14.011170 -31.068170 -5.159406 -21.187040 -4.153115 -12.549820
5.795052 2.383264 -17.654030 -31.820530 -3.732066 13.089450 -17.921190 -28.215470 -9.216841 -21.515240 -7.784342 -5.423779
6.155375 3.513789 -18.302710 -30.961910 -9.403641 13.368600 -15.299920 -28.742880 -5.495018 -25.874570 -6.686692 -7.884847
7.658384 5.951943 -14.480380 -33.695930 -8.083224 13.008250 -13.645850 -22.747000 2.777336 -24.948200 -8.541974 -1.526449
6.647088 7.605859 -14.806920 -34.246410 -14.269030 12.661220 -16.929150 -21.060610 -2.489249 -24.517070 -3.023206 -6.861577
6.893276 8.430270 -13.213130 -36.620700 -16.234580 11.417140 -15.150260 -18.189570 -0.183016 -26.791650 -3.295221 -8.905046
6.033940 6.862926 -14.014430 -36.351910 -19.102390 7.252206 -23.619900 -13.783250 -5.557540 -27.206750 -7.651822 -11.015300
6.233015 10.582680 -10.235400 -38.666470 -16.251540 9.704219 -20.816940 -15.386010 3.725192 -25.791890 -7.133075 -6.163788
5.984172 13.414090 -9.911062 -34.532840 -15.168460 11.653140 -22.019420 -9.852989 6.138773 -23.724010 -6.040656 -4.070422
5.202475 14.395230 -9.205154 -34.841670 -20.290010 12.793820 -23.431030 -10.031240 0.567246 -30.471820 -5.912495 -6.975956
6.361085 14.111750 -9.341640 -34.595290 -17.311070 15.464700 -21.684170 -8.931675 -3.169322 -23.221170 -4.657912 -5.522038
6.906548 15.090630 -5.079043 -32.051990 -18.380970 7.643005 -19.713800 -1.976334 8.780619 -26.476960 -11.450440 -7.839556
8.477242 14.499910 -6.869495 -30.641530 -14.356620 10.048710 -16.357320 -3.981074 -0.004888 -23.468370 -6.723309 -3.226781
9.034649 15.624780 -4.022383 -29.698060 -20.097880 7.620801 -11.510800 -3.688396 -4.797250 -17.765050 -11.979650 -4.835763
10.024050 14.311490 -5.244880 -27.782610 -17.369460 8.809694 -16.423320 -4.950068 -2.964651 -15.546150 -3.226346 -4.996201
11.513780 17.471070 -7.224650 -23.113450 -18.567440 10.547990 -11.169660 -3.697931 2.365046 -18.280540 -8.574232 0.858622
11.538340 19.792100 -6.741082 -24.582280 -18.209560 1.897747 -12.743340 -3.185927 -0.839496 -11.615410 -12.405110 -7.823435
11.893350 19.978820 -6.938472 -24.045380 -19.181500 1.293150 -9.222168 -4.930997 -2.401954 -8.932485 -6.532375 -2.248802
11.459370 22.719700 -8.934385 -26.741400 -18.711540 -2.161872 -5.934955 -5.994617 -3.560379 -9.004198 -3.105159 -3.562242
11.087100 20.030320 -7.276750 -24.375940 -20.905010 0.458895 -7.958257 -5.124649 1.098683 -7.008878 -10.710250 2.077641
10.008780 19.198550 -7.507894 -26.991180 -23.228460 4.081402 -8.504601 -4.159322 -3.925483 -14.525290 -4.883719 4.530265
7.313986 21.189130 -2.638452 -25.456520 -21.834580 3.516139 -6.010764 -0.906846 -7.481563 -13.445370 -5.344925 3.827103
7.435421 19.668750 -2.864460 -22.066810 -18.150220 0.113773 -7.908590 -0.895843 -2.919234 -16.808300 -10.868920 5.345503
7.000113 16.903550 -7.319310 -19.175990 -16.862770 3.280137 -4.746853 -4.025086 -14.497580 -16.085260 -3.988337 6.813239
7.280807 15.042540 -8.568223 -33.538460 -24.228660 8.769092 -5.917964 -9.510430 -7.092276 -10.002280 -5.482676 -0.888536
3.427399 10.179250 -10.302170 -34.021060 -21.516250 7.903750 2.860136 -7.287098 -10.097460 -1.146939 6.107609 14.556470
8.145452 10.442920 -14.614670 -22.368180 -14.343430 13.914190 2.200733 -19.190840 -2.210259 -10.363380 -5.140913 4.418956
8.812349 6.821621 -17.775110 -30.516640 -15.072390 20.981570 -2.886278 -13.714300 5.942360 3.738853 -7.917734 -2.590404
4.828879 11.457450 -9.704133 -24.424810 -8.120897 20.505130 -1.290378 -11.126400 6.453152 5.180715 -4.064187 -11.434430
5.848138 -2.841028 -10.626510 -25.983910 -3.015350 21.786010 -4.346898 -8.854653 4.956756 3.257951 -6.281284 -15.205870
4.763185 -5.126408 -13.451610 -23.990400 -2.658404 21.495450 -5.784645 -12.517910 2.584462 -1.734989 -5.762537 -25.202900
5.221719 -6.917820 -16.131410 -21.843500 -7.044409 20.074360 -7.360939 -13.288110 4.153998 -7.132056 -8.505357 -32.398030
2.341782 -8.343142 -13.461150 -26.241840 -4.349893 21.900200 -10.506990 -13.406950 3.204373 -13.704380 -2.788680 -32.786460
1.346412 -7.558904 -16.022810 -23.671390 -7.292105 23.372050 -12.634860 -19.254660 -0.958052 -16.200010 -5.598631 -34.966570
1.141366 -8.172827 -13.107460 -23.372740 -10.077030 22.112100 -15.456110 -17.905690 -2.586571 -14.681370 -9.786966 -35.595270
2.217029 -9.917841 -11.909910 -20.415400 -9.432837 16.015380 -13.472670 -20.495060 1.747495 -13.746560 -14.274340 -31.826900
0.279376 -2.656002 -12.336980 -21.060210 -5.472529 12.247590 -12.499580 -21.514660 3.716934 -15.216270 -9.707628 -31.811550
-0.991380 -1.813484 -12.483740 -19.952480 -9.227523 8.512154 -19.141320 -20.708510 4.596960 -11.139570 -16.438260 -33.285430
0.445934 0.884951 -12.567390 -16.592640 -7.163077 4.786237 -16.154720 -20.399700 2.546713 -6.551599 -15.397280 -22.606730
2.163279 5.126966 -8.188853 -13.129630 -1.531058 -0.946333 -18.848540 -20.058610 4.668329 -0.531048 -18.519350 -13.018850
1.514961 4.501725 -3.680436 -6.714026 7.032812 8.345937 -13.966730 -13.518440 -2.909797 9.690223 -7.323137 -13.318230
-1.445269 0.514900 -11.609060 -13.278280 6.650438 16.135910 -1.494277 -14.999440 -0.768717 4.506608 -2.515793 -20.946310
-5.078369 -3.190144 -11.984760 -9.817299 9.311049 18.753510 -1.487742 -12.435750 -3.653572 13.104620 -3.040643 -13.362760
-7.404880 -6.082092 -11.148970 -8.084435 5.464700 17.817110 -0.987798 -6.774360 -1.338492 11.207170 -4.779099 -17.029790
-9.742672 -6.286356 -13.762740 -12.038190 -3.263987 9.180192 -9.376399 -6.497086 12.149720 13.294450 -13.318800 -21.688630
-8.816978 -3.525114 -12.463190 -8.933558 2.191913 8.498831 -4.999766 -8.342649 9.312644 24.818380 -0.002269 -9.934457
-8.669000 0.204260 -11.194460 -8.609792 8.266582 11.125940 0.472169 -2.340166 3.674467 4.629787 -10.550700 -15.044670
-8.520357 -3.262004 -13.472150 -8.128554 1.499683 12.727200 3.879630 -2.040152 -1.453508 1.287942 -11.927340 -12.430840
-10.823640 -5.072654 -17.246780 -9.815263 -4.089954 4.517879 -0.178085 -1.382174 -5.818835 -5.393217 -12.893340 -14.209470
-11.146810 -5.391215 -18.390030 -12.673500 -1.352115 8.441099 6.926346 -1.344031 -11.183920 -14.058730 -9.340583 -15.007050
-9.086391 0.364955 -15.424040 -13.080760 -1.722246 10.421110 12.872080 -2.163385 -1.657000 -6.173627 -12.613480 -14.945640
-10.195900 -3.903653 -16.449150 -6.500897 9.080305 7.953869 6.252566 2.855434 1.112249 3.111994 -19.310110 -13.399600
-11.868780 -1.880817 -7.475607 5.815131 27.695160 -1.511597 -8.096150 2.939056 3.970561 7.246061 -32.109640 -7.573951
-2.982120 9.041931 -2.994341 -4.785002 12.331430 -3.539820 -11.583990 0.438449 12.567910 -0.024835 -31.397350 2.114488
1.524251 4.808404 -2.315583 -13.419460 5.355450 -5.841476 -5.013490 -5.259619 3.639667 6.890869 -32.549050 -7.871797
-1.178509 1.722377 -8.562353 -12.494990 -0.534624 -2.711275 -9.199294 -9.818514 3.590711 3.680639 -39.982390 -10.123300
1.987430 -1.103935 -8.586568 -13.931920 -0.501661 5.033659 -9.664601 -10.905610 7.336126 -1.138502 -34.359000 -14.201790
2.762491 -2.160336 -8.690766 -14.775610 -3.826247 6.933095 -10.232510 -9.666673 4.488431 -5.077678 -36.354650 -14.306960
2.437337 0.447000 -8.629128 -12.999990 -2.764828 7.799706 -6.932229 -13.028440 11.230770 -8.112420 -27.132290 -14.916470
3.504374 -0.262548 -10.818760 -8.015202 -7.454096 11.290890 -11.506880 -12.968300 12.154440 -8.293814 -29.505450 -16.712760
3.173248 0.640513 -10.911220 -8.972926 -3.591737 5.838096 -9.110415 -14.478640 14.595740 -9.075068 -28.141880 -18.623420
3.380948 1.669189 -9.059130 -13.318320 -1.412390 7.318820 -14.301340 -13.852200 17.501240 -6.792050 -32.757420 -15.440770
1.246875 3.950608 -6.937738 -12.903600 -1.371893 2.242234 -14.057570 -11.644270 14.889480 0.469566 -35.537730 -15.062320
0.250842 7.513063 -4.567590 -8.141450 0.993932 -3.794855 -12.936780 -8.248757 9.089688 3.220829 -36.691180 -9.694952
-0.463834 11.435380 -4.552181 -4.740204 4.307217 -2.225948 -5.259867 -14.290120 1.920904 6.285101 -30.503710 -9.879187
-3.166595 3.489459 -8.392847 -4.163261 5.384646 8.889630 2.181781 1.141172 2.815675 -2.144177 -19.460940 -11.521180
-4.461239 3.417598 -5.200119 -3.829992 2.354846 1.270946 2.917646 5.243077 10.039310 6.988736 -14.710270 -2.928935
-9.832255 4.858197 -6.352172 -2.154144 4.757401 -7.105865 7.362245 -2.821362 21.069710 11.605390 -8.588181 -12.136830
-17.308150 -0.381938 -10.870860 -6.900684 12.080910 -7.496664 17.581360 -7.336978 13.712180 5.264240 -11.482700 -22.306580
-9.613937 -0.286879 -9.461982 -4.751743 -2.532202 -7.251780 -1.120463 -0.696323 11.676090 11.895620 -16.626580 -14.513460
-10.118920 0.659752 -10.912690 -2.948288 2.209808 2.050641 -6.595012 -5.364514 14.105010 10.148340 -4.806126 -0.951483
-10.448060 2.962107 -5.364488 1.612952 4.119796 3.073952 -10.481500 0.319617 10.635630 2.798986 -7.124357 -15.596600
-11.217150 0.289700 -6.786577 -5.012385 4.454139 1.466345 -8.096804 5.426460 13.125300 7.277277 -10.956980 -13.685170
-13.316710 -2.640159 -10.167160 -2.742625 3.461472 4.411932 6.495676 9.024429 11.948000 10.428450 -14.596050 -2.628786
-13.974980 8.200544 -4.312965 -8.241906 6.770047 -3.231495 -11.822530 -11.151340 0.862161 14.864560 -5.446930 -7.381272
-21.115770 15.201540 -3.536613 -3.903298 16.396280 -7.311415 -6.882561 -1.036681 0.202732 10.447010 -1.726775 0.021890
-28.145730 15.495770 2.242731 -12.885280 16.583700 -3.853221 -4.048239 0.130366 -3.779205 -3.958949 -11.088630 -2.119838
-27.934720 16.805090 10.924220 -10.680000 7.612967 -0.158390 -4.086143 -0.369902 -0.506243 -2.741508 -9.270835 1.891871
-29.454310 13.922200 9.227695 -13.004060 5.285756 -1.952515 -3.693377 0.619632 4.611705 -7.496529 -9.342326 14.711530
-31.268540 10.080790 5.039945 -16.492860 6.165406 -2.789942 -4.487405 4.344501 9.715498 -1.448979 -7.580331 -0.294380
-29.720410 14.469360 8.953257 -13.105190 2.087372 2.199728 -7.403418 0.206654 13.055110 5.104783 1.560946 5.069151
-29.800700 11.995550 7.129050 -16.577030 4.690533 2.752938 -1.985725 0.781008 9.562142 9.464958 -3.686679 4.084264
-31.593690 7.990622 0.637928 -20.938040 5.328137 4.519783 -3.673117 -1.333761 0.651592 -13.290970 -13.595180 -7.182452
-29.558490 10.749030 8.628921 -18.035000 9.496585 3.804163 -11.312780 -4.304562 6.210143 -5.495303 -7.208926 2.386234
-29.912850 16.187210 9.940207 -17.491990 6.531770 2.902660 -10.105070 -2.160450 4.086167 -11.660120 -2.705855 8.354669
-29.882320 12.292050 1.265320 -15.914560 9.419356 -2.583757 -5.593817 -2.700329 17.203970 1.649884 -1.642206 7.465737
-22.973790 16.561220 8.995083 -4.768033 11.806840 1.498066 -8.294168 -3.480806 7.445245 1.311565 9.015206 12.651940
-23.627420 5.536059 3.464494 0.730569 12.192040 4.281243 -10.382820 6.001548 0.438664 4.594352 17.152990 8.218028
-23.082620 5.130926 6.078260 -0.157243 10.024940 1.822886 -8.626156 0.451653 -3.217098 6.971862 14.739730 1.223253
-22.246510 4.749558 3.092462 -2.963899 3.469948 -4.308096 -6.653175 5.206400 6.792894 8.763010 -2.878480 -6.424019
-22.054070 4.031522 0.262961 -4.135432 6.774756 -4.299849 -5.318031 8.049566 -3.128034 -2.935556 9.095416 9.215199
-20.765400 1.913061 -0.945594 -3.803521 5.296116 -2.501918 -7.306696 4.309292 -4.169672 -12.058350 1.191284 -6.082418
-20.077260 3.671089 2.367476 1.147326 2.508361 -6.288739 -4.228611 1.513072 0.804948 0.970716 -1.846218 -2.545880
-26.434360 8.603415 4.844023 -2.145320 2.025213 1.029234 -1.775945 6.204736 14.180500 5.989810 7.239261 -1.009824
-28.820590 7.089824 1.724674 -0.733507 3.387069 6.274573 -7.355057 -7.886393 -3.489009 -3.456111 9.037874 0.699720
-24.098560 1.897218 0.687092 2.009346 6.864228 1.937081 -4.088103 -5.619049 -3.946127 -7.054437 0.398779 -2.337849
-18.793240 2.877798 6.076059 -5.636162 -0.750299 12.396670 -0.074175 -5.591175 11.351680 0.777511 -17.576890 10.059610
-17.888110 5.076041 7.155467 -15.000960 -4.832099 11.993820 0.972766 -6.858716 17.373250 3.881436 -17.582990 14.138870
-18.903390 10.875780 10.357000 -17.266650 -7.502128 0.622574 -10.210290 -16.412960 12.706520 1.150421 -9.626547 8.566539
-8.205157 13.018570 20.586060 -6.608140 -10.426450 -2.738554 -6.574752 -16.429090 -4.707006 3.618206 -14.817500 -8.590312
-6.768507 8.828048 19.161770 -7.801394 -25.527410 -1.482414 -10.638350 -14.114070 -17.584160 0.376760 -1.738109 -13.238400
-5.418785 6.228633 15.732760 -9.657112 -28.136220 -1.389789 -15.484860 -13.289580 -16.121970 -0.154763 7.481634 -11.296260
-4.057783 4.129976 15.307160 -9.943547 -34.025360 -4.795961 -15.645630 -6.208808 -14.640320 4.638224 3.598444 -11.387610
-2.059080 2.900997 11.282310 -4.939079 -31.787620 -5.965187 -14.674500 -8.581047 -10.725620 6.210857 -1.426861 -14.888830
-0.947584 4.424773 9.113957 -6.942089 -29.090280 -8.425447 -14.181740 -5.247882 -7.508695 7.236780 -3.315274 -12.062370
-2.061734 5.696754 9.645956 -7.543466 -29.942620 -13.119480 -13.887000 -3.639249 -4.023984 4.196132 -0.105147 -9.934457
-1.605191 3.363845 9.807390 -9.968661 -31.620920 -10.384520 -14.960090 2.852500 -7.415502 7.221594 3.057029 -11.690060
-1.457877 2.940039 11.906770 -13.418100 -31.911940 -4.901908 -15.190780 4.238873 -5.231955 9.216070 1.052661 -13.156260
-1.189127 4.291237 14.411930 -9.511859 -27.173700 -4.516819 -11.513410 0.625500 -2.484530 6.142518 -4.607345 -9.646590
0.553434 8.576820 11.855400 -2.984262 -27.203830 -12.172300 -4.936374 -2.246274 -2.794780 5.284488 -3.939513 -9.186771
-1.691457 7.612649 10.161810 -6.649545 -22.137840 -8.720449 -5.471608 4.926192 -0.653110 10.356740 -4.101676 -9.858460
-1.422707 -2.299530 8.018406 -8.353222 -32.020240 -11.434470 -8.702619 -0.900978 -3.260745 5.427915 -10.394640 -4.540220
-5.662319 -4.254467 8.620115 -10.460760 -33.700430 -15.228270 -8.277176 1.656844 5.251080 10.208250 1.991637 -2.915885
-7.021994 0.776312 11.811380 -2.230164 -29.024350 -8.854945 -4.412250 -6.104646 -2.548232 -1.788985 -6.762542 1.688446
-2.232274 6.256925 6.414337 -7.016073 -22.102050 -3.934426 -3.624757 1.221861 -4.363136 -0.329406 -2.346656 5.625693
-9.578104 4.878001 3.142360 -5.264883 -22.145380 -18.203680 -4.710256 -3.117708 -5.727411 13.537440 1.456325 2.808439
