1.801813 5.358617 -18.073220 -16.500700 5.040236 16.781430 -1.426157 -15.714240 -0.149475 -3.364051 -4.069305 -13.247000
1.447070 16.717730 -8.315684 -10.051470 -2.383610 4.291377 3.725642 -18.517520 -6.275187 -6.293702 -6.110326 -7.335195
3.247641 7.491894 -18.958410 -13.789930 1.117272 10.695340 -2.181587 -26.878980 5.450999 -13.409950 -11.178570 -19.244910
1.592548 4.359672 -21.849900 -16.151840 1.004760 14.616710 -1.062315 -30.933440 6.735784 -15.131830 -7.516184 -15.003400
-0.790495 2.833279 -21.394280 -16.566890 1.595286 12.014220 -2.291307 -43.152590 10.409080 -24.444570 -7.306568 -14.803810
-2.384599 3.604590 -19.871070 -15.251070 3.264107 9.275205 -1.894675 -46.028840 10.860320 -24.041490 -7.412639 -13.480250
-1.401503 2.109801 -18.038720 -15.056980 0.902654 6.259115 -1.257794 -42.727870 7.916867 -24.849150 -6.806099 -11.900740
-0.392668 1.676740 -19.251370 -16.093610 -3.862526 5.059127 -6.504811 -44.338180 5.700445 -23.686080 -5.763912 -19.998660
0.549022 5.510658 -19.573190 -16.971990 -0.989240 5.788087 -5.496521 -42.558980 8.720698 -20.073940 -5.265969 -15.950480
1.582476 4.592004 -21.652020 -15.109730 0.329688 6.202188 -10.008920 -35.937370 10.809880 -23.966980 -8.526803 -12.514390
0.971468 3.221497 -22.235810 -15.140090 1.039229 6.776994 -6.823882 -34.186860 6.007067 -19.223060 -9.866578 -11.857690
1.672001 4.069683 -23.199870 -16.508170 1.929570 9.317522 -4.637677 -34.603370 7.148911 -19.037530 -9.287397 -11.049940
1.128697 3.491840 -21.659770 -18.305230 0.500732 6.909990 -4.049981 -34.819820 4.503106 -24.253090 -10.240770 -16.235390
0.907122 4.363088 -25.733620 -18.022560 -1.599927 6.885305 -1.380756 -39.315400 3.480098 -19.366860 -13.731430 -11.687060
1.538833 4.834587 -23.980840 -20.796540 -2.894141 6.032920 0.770767 -34.901820 2.128608 -20.302680 -9.465446 -11.180650
2.270140 6.604844 -23.425920 -21.294210 -3.038521 8.495868 -2.211854 -31.240090 8.469010 -18.200070 -9.166595 -9.661409
2.996971 6.923447 -20.501340 -22.601570 -5.335588 8.333149 0.476288 -29.820000 8.553093 -18.255200 -2.279993 -13.573390
3.047329 7.436800 -18.996440 -25.009770 -9.061494 8.744732 -1.754057 -29.800330 6.026686 -18.677660 -3.253571 -16.110160
2.195163 10.071470 -19.263340 -27.369190 -14.272820 5.217815 -2.398504 -32.406010 7.237478 -21.036580 -6.818306 -14.689540
2.882267 13.398870 -16.272560 -24.605660 -13.240700 4.860137 -3.199966 -25.649110 13.965220 -19.051690 -5.253762 -11.229960
3.096008 16.441830 -14.088800 -28.364020 -16.836530 2.637489 -4.618760 -22.348150 9.148399 -20.785490 -4.597555 -15.835430
4.298440 17.017540 -15.997210 -25.651750 -15.583940 1.790646 -3.319775 -21.713540 6.031170 -18.878830 1.758694 -11.215090
5.345882 18.666500 -15.026810 -28.327200 -18.600310 0.924660 -3.227711 -22.972920 3.204868 -17.938540 -4.312174 -9.018804
5.983748 17.367750 -14.309920 -25.768210 -17.158460 1.915582 -9.283125 -22.624460 8.571031 -21.149830 -4.766763 -1.275454
5.025831 17.539430 -14.181760 -28.326700 -20.400500 -1.545843 -5.379864 -23.996990 0.378004 -24.104820 -2.603256 -11.917960
4.353274 18.013500 -12.749390 -24.962990 -23.246470 -1.172044 -4.911977 -16.401330 -3.357514 -26.768480 -1.563173 -8.365241
5.539480 19.413470 -12.828260 -24.716140 -17.099280 1.583092 -5.270144 -16.707150 3.227290 -23.300130 1.483836 -12.361760
6.339610 18.903540 -11.313510 -21.584840 -19.061410 3.207257 -4.957379 -17.408180 2.595547 -22.543130 -1.436898 -17.328050
6.021796 18.781390 -8.841729 -21.540550 -20.057110 2.501470 -1.465884 -13.743170 -1.153984 -19.775910 -3.365113 -14.896960
6.867248 19.036360 -8.641029 -23.391360 -16.361120 3.946796 -1.940076 -7.829967 -1.123714 -21.194540 1.852137 -11.734030
6.781639 18.685720 -9.507912 -17.332300 -19.423010 1.929688 -0.546505 -8.121037 -1.068220 -15.978240 0.039253 -14.811640
6.416825 19.945190 -9.720584 -18.917360 -16.662240 -1.458187 1.599973 -7.269148 -2.361413 -19.806460 0.087658 -9.510345
7.783200 20.461960 -8.926234 -21.638590 -21.855350 1.779563 0.901926 -6.837874 -5.087938 -12.939810 3.318607 -17.212210
7.826283 17.480920 -9.317071 -22.885740 -20.578050 0.023410 -4.907564 -5.516996 1.556284 -21.181130 2.701124 -10.365070
7.595197 18.008800 -10.182550 -25.813490 -17.004330 1.684350 -4.087185 -5.802326 0.536080 -13.352580 4.851161 -9.562005
6.269109 17.747850 -11.654340 -20.553180 -18.755740 -5.091903 1.465030 -8.555590 -2.670277 -15.043170 -1.753006 -3.845091
3.098246 14.170610 -10.871970 -22.216380 -20.345220 -0.130745 1.075335 -0.264641 -0.422464 -11.694780 4.004700 1.093026
2.331129 18.560590 -4.510836 -15.198320 -16.406000 -5.984589 -3.055564 3.137173 -2.253787 -5.924888 -4.411510 -8.980452
4.465740 15.783700 -11.150840 -20.431260 -17.342510 -1.403779 0.796620 -2.047129 -6.812195 -0.236954 -1.729856 -3.723771
3.224700 10.039010 -13.318390 -17.632390 -17.334710 3.840500 2.883825 -0.173631 -4.301483 -1.740524 -0.521407 -1.727861
-6.692988 8.637329 -8.874827 -14.749920 -9.423094 -1.177081 1.599343 1.448975 0.376323 -4.199285 -0.816890 13.290000
-6.476450 11.932270 -3.382691 -10.024600 -6.767679 -1.612845 0.669875 -0.885314 -4.411352 1.217440 11.441020 10.195160
-1.859199 17.139260 -12.059970 -17.461200 -7.397876 6.117554 2.921659 -18.601150 -1.510495 -8.496902 1.553708 -16.543000
3.702539 11.584620 -23.685070 -24.547440 -1.348238 -0.651142 6.807264 -12.532160 -7.299876 -0.943289 9.660124 -29.017040
0.045444 9.992034 -21.590050 -14.976860 1.133531 13.260550 10.351730 -23.197570 5.039554 -6.680398 -1.181403 -21.214210
2.426249 2.000041 -19.939380 -20.418320 -2.635298 8.363879 1.908325 -18.010810 4.242449 -3.991408 5.431604 -33.277340
2.397713 3.534548 -16.266220 -17.225800 1.078901 13.951230 5.529718 -20.062230 3.041747 -5.432391 6.887131 -38.004120
0.145600 1.268022 -18.480960 -18.435620 -4.172747 6.983037 5.580795 -27.939950 2.856765 -7.691471 3.986601 -36.574110
-0.747971 3.630642 -22.537210 -14.438380 -5.638005 4.596159 4.298205 -34.431190 -0.824940 -14.635610 1.296949 -35.225500
0.427045 4.595848 -20.930200 -8.490302 -4.694985 1.717599 5.310278 -33.911360 0.344371 -14.100640 0.156268 -30.991040
1.074422 3.473048 -22.449180 -8.430084 -4.840665 -0.625450 -0.516237 -35.437220 1.302354 -20.701300 -3.205165 -32.340430
2.006601 4.867045 -21.373860 -8.013539 -0.219215 -2.678326 -2.520205 -32.433060 -1.142213 -9.566834 -3.330598 -31.841060
0.191482 7.662727 -19.818250 -8.497269 -4.953828 -4.150855 -5.654795 -34.342640 -1.030663 -8.686152 -11.070820 -33.245240
0.504260 9.655066 -13.170510 -3.629616 0.996956 -5.060165 -7.893337 -31.093330 -3.717949 0.241386 -4.299546 -21.643920
-0.775947 9.935659 -7.240355 2.866893 6.103573 0.886877 -4.941615 -16.388210 -2.228002 9.315704 1.073022 -11.438160
-5.371935 2.910154 -13.488810 -0.687425 14.003480 14.788500 8.743760 -7.652047 -6.511179 10.716450 7.239438 -10.678930
-4.808488 0.054681 -16.266920 -8.624671 5.068202 15.291260 8.547021 -0.801683 11.237020 6.427778 -4.504532 -12.854870
-8.355915 -1.991898 -17.440140 -6.814666 -0.330427 4.716057 2.413415 -6.675532 7.499816 9.022888 1.524244 -9.522869
-8.208758 0.057243 -16.250720 -5.145003 -0.364245 -1.855160 -10.901810 -14.809880 4.717797 22.059540 13.335980 -14.848430
-8.359832 0.879804 -12.174050 -3.878945 1.833317 10.618260 -3.440215 -9.416497 -7.525218 12.757230 2.563905 -21.626700
-9.148211 3.093372 -13.374730 -6.298589 -0.552849 8.589569 4.073090 1.180864 2.478392 7.533475 -0.767222 -16.301140
-11.892710 -0.111881 -14.882450 -10.957220 -4.579872 6.914524 2.385670 -2.434128 -12.393050 -4.746173 -0.646840 -9.821082
-11.607910 -0.347204 -13.890920 -7.944364 -2.040870 15.111420 17.435610 1.850732 -4.140605 1.060228 7.514716 -6.219833
-12.460640 0.629534 -14.768360 -3.886410 1.281163 9.220294 6.883564 -2.789969 1.860664 11.088990 2.887590 -7.443992
-11.530690 2.617602 -9.389605 1.194741 10.575440 8.589569 0.613123 -12.565780 4.839437 3.676201 -7.735902 -10.541960
-12.475740 0.142233 -7.733302 -1.865894 -0.975583 5.002704 1.210278 -2.447246 -1.739761 7.152740 -3.543582 -10.837820
-11.183230 0.000868 -12.921920 -3.342961 10.122140 2.185605 -4.865315 -1.589619 9.581145 9.577972 -8.096627 -11.879610
-9.908613 2.946456 -17.815480 -5.738717 15.253470 -4.372011 -14.847950 0.383089 16.214720 9.655460 -13.983130 1.714498
-9.778802 7.488477 -9.547348 1.917847 12.350270 -10.199160 -12.386820 -7.952954 10.969070 14.255580 -8.051589 10.874550
-1.067463 13.749080 -14.295130 -5.123106 8.797359 -2.032488 -0.726849 -13.973570 4.854572 5.807127 -10.237400 -8.286970
0.933420 10.941860 -17.121130 -1.270687 5.332248 -1.370530 0.646544 -17.112190 2.334891 -2.256864 -4.559672 -22.123720
-0.653410 9.522671 -16.796490 -0.227583 0.665273 -3.091420 4.054803 -16.405430 6.905631 -4.397476 -7.845761 -33.607640
1.170661 8.099632 -19.773190 0.411915 3.369465 -0.851644 3.922382 -18.173150 8.378201 -7.267521 -4.166537 -28.595160
1.818039 6.205949 -18.264770 -2.191864 1.613496 4.179035 3.969675 -24.930050 5.854597 -2.381292 -5.823682 -29.827150
1.896933 8.218788 -19.292210 -0.699866 -1.141424 5.775996 3.713662 -18.515060 7.891082 -10.734370 2.106791 -29.553200
2.420654 7.230092 -17.392250 -0.690411 0.266603 2.279810 2.723658 -19.283320 4.755354 -5.748304 -3.926615 -26.441930
1.382164 9.300160 -18.258430 0.556238 4.219484 -2.432484 1.215953 -20.854270 8.258803 -3.593536 -2.486662 -31.862190
1.521487 12.474660 -17.140850 -2.084866 10.776400 -0.612855 -5.499674 -19.492390 9.582828 -3.164370 -9.020537 -22.747540
-0.137522 13.187460 -16.672550 0.923514 9.158959 -0.073314 -1.549120 -24.609460 8.470693 3.800629 -12.495200 -29.663560
-1.050117 13.696550 -8.333994 4.249902 7.873200 2.231952 -3.851350 -18.877460 4.741340 5.588819 -12.930840 -20.453410
-2.447267 9.990753 -6.926981 3.030127 6.924976 1.468232 -3.880987 -6.848533 4.976772 7.011920 -1.388072 -13.100640
-6.481486 3.798912 -11.471250 -1.195540 6.395585 6.052064 1.637808 -4.748739 1.369060 5.094831 -4.711623 -13.358150
-8.332415 -0.206267 -11.705750 -1.027330 6.024230 6.918050 2.047051 -4.072311 11.686580 6.373387 -6.416752 -14.417160
-10.896750 -2.900302 -14.644420 -5.757627 1.743568 5.943753 0.187485 2.264787 -0.352956 -0.529771 -8.270466 -10.279750
-11.294010 0.128566 -13.538810 -2.795530 4.624007 8.334661 2.459447 -3.519691 1.884768 9.722518 -9.968019 -9.789773
-12.269830 1.575948 -12.547280 -0.405249 8.219841 7.389078 1.953095 -5.180013 -3.721873 3.452677 0.304009 -0.784695
-10.516260 3.995797 -13.301490 -5.179342 5.662630 2.502982 -3.599750 -1.921683 1.207621 14.206400 6.859351 9.378012
-13.745880 0.599638 -9.672697 -1.711618 -0.453995 0.029455 -0.014299 4.986895 6.350685 -5.494977 2.011664 4.306051
-13.174040 2.240061 -8.626241 -3.133942 4.936179 7.568925 1.708432 -2.739135 1.718284 6.089512 2.975140 5.352534
-18.019020 10.511370 5.415712 -13.398760 3.976249 1.278813 -8.420498 -8.074302 6.544075 -6.695300 -2.858331 2.710105
-20.489910 10.249140 0.912287 -17.623930 -0.128165 -2.260698 -12.812460 -8.336673 14.367140 -13.921080 -9.467129 1.944615
-26.133900 14.537470 -1.782725 -13.902900 12.596760 6.151811 -13.625900 -1.575680 17.639640 -8.618349 -12.094910 -1.320069
-27.353670 19.237090 4.564322 -12.138180 13.271180 1.031964 -14.739490 -3.841916 15.494410 -6.817493 -0.230554 8.128023
-25.759010 17.615460 6.800189 -12.985700 9.771597 -5.481823 -14.212960 -6.693570 9.018352 -3.139783 -5.438544 11.063970
-28.842030 12.050570 9.964207 -13.601810 10.327000 11.373420 -3.800273 5.199252 14.554360 -9.817182 -11.128480 1.370888
-16.846240 21.129490 20.056950 -7.055536 2.173455 2.493914 -16.110990 -19.028320 1.587115 -18.818480 -7.835238 2.176297
-14.667430 22.771190 17.659820 -8.390271 -3.002751 -4.592664 -23.888510 -21.517580 -17.106170 -21.310030 -12.792780 -15.894130
-14.718900 22.726780 20.416100 -6.424498 -2.189803 -1.732743 -19.072180 -22.415380 -17.471650 -19.832530 -10.817430 -12.074500
-15.134630 23.759460 18.469660 -4.641865 -0.437736 -1.215872 -17.537990 -23.099190 -14.129640 -8.839638 -12.467000 -16.718320
-16.977170 25.088120 15.557750 -6.987854 0.436346 -6.536725 -16.602840 -16.568590 -4.826160 -6.266134 -14.248310 -9.538524
-20.527400 22.404330 9.613509 -3.503209 9.310493 -7.848550 -5.946752 -11.679450 -1.384371 -4.625470 3.268939 -7.121515
-19.897920 13.641880 2.968581 -2.524801 7.653378 -6.004236 -7.467699 -7.829148 -5.094104 -16.165250 -6.207978 -10.984190
-16.655440 9.338598 1.902407 -1.705148 5.749128 6.402186 -0.554702 2.578813 2.994661 1.504295 -1.815302 -4.738163
-17.155660 8.039413 3.574202 -5.601859 -1.070535 0.603757 -5.933509 6.581623 -0.845681 -4.724566 0.473217 0.363540
-18.616040 6.007782 3.833352 -1.875349 3.853982 -6.102472 -11.455460 -4.658548 -7.208506 -2.654736 1.418173 -6.239401
-16.238030 7.914278 5.813591 0.679161 2.207924 -2.713086 -7.475896 7.703262 0.781041 1.155598 1.783949 -4.259927
-16.675020 7.920684 2.857316 3.422784 5.312087 0.133233 -7.356718 1.057057 2.846675 2.683011 -1.040817 0.552174
-16.885970 5.362461 2.866471 4.193168 2.803002 2.894917 -11.791550 0.612665 4.059709 6.416602 -3.222002 3.052932
-17.061100 5.622127 1.605230 4.073729 4.748876 2.407769 -7.117099 -6.563204 -1.198268 1.592215 3.139718 9.912602
-20.247070 4.163213 -0.020791 -0.565995 0.168399 10.812720 -8.332218 -4.420774 4.923520 2.300040 -3.806654 12.396920
-20.383040 4.574921 7.579751 -5.711345 -5.087152 6.027379 -3.267437 0.041186 8.199385 -4.246970 -8.786929 12.503370
-17.104740 7.108801 6.150203 -17.027230 -1.544647 11.703900 -0.304364 -20.490230 17.105430 -5.964377 -11.911810 12.940910
-18.837050 9.754149 11.000800 -9.974834 -1.828203 10.155300 -7.358610 -18.588850 19.263560 6.158060 -9.699474 5.999053
-16.354970 17.778600 18.163330 -6.245338 -3.671320 -2.165988 -4.124389 -18.194470 5.292363 -0.648983 -8.767567 0.269615
-6.055123 20.280020 13.950040 -7.317805 -18.247810 -5.874263 -4.207625 -20.063870 1.075891 4.515160 -8.658129 -9.367110
-3.125978 11.864790 13.210620 -9.057639 -26.022200 -6.898434 -7.487877 -19.922030 -7.292028 5.740070 -3.894625 -13.731500
-1.368491 8.844463 13.981020 -7.200854 -24.835950 -8.092376 -4.366530 -18.884840 0.354461 4.652255 1.085229 -20.321920
-2.216180 13.313880 9.373374 -10.004690 -20.136460 -11.617780 -6.718575 -14.343350 -5.869347 9.318685 -1.950837 -13.399630
-0.044640 15.629100 9.725479 -14.585690 -21.814380 -10.565900 -7.645521 -13.390610 -6.740445 10.422890 -3.224949 -8.835649
0.679393 14.801410 9.224081 -10.343600 -25.545490 -9.468181 -12.202690 -10.298720 -2.267801 6.723574 -5.570712 -8.408290
0.091885 13.806310 6.556533 -11.026400 -19.865260 -8.133685 -12.084770 -11.441680 -0.019427 4.822133 -7.410114 -5.730639
-2.424326 14.884260 12.052190 -6.211497 -22.905680 -16.232850 -2.697397 -8.669558 -8.317838 3.428090 -6.434010 -6.120429
-3.067786 11.747770 4.506577 -5.331130 -24.748800 -12.383520 1.024258 -19.496490 -5.790870 -3.236643 -5.901973 -6.345850
-3.449387 11.074260 4.825584 -7.850803 -24.148520 -10.903930 -0.225542 -12.945400 -1.457243 8.801600 -4.439291 -6.026504
-6.122826 13.812290 9.948009 -0.350009 -27.367150 -11.016280 1.130825 -10.747210 2.052373 4.090465 -7.732114 -10.133380
-2.295074 14.269690 6.183301 -5.418718 -19.343020 -5.081324 -0.840984 -9.271373 3.073698 3.105470 -4.660271 -10.210090
