0.853021 5.640326 -13.953230 -16.675630 6.028648 15.481880 1.752746 -31.370860 18.288910 -12.458270 -9.730205 -2.790626
-0.801878 1.112555 -19.088970 -21.197680 2.965632 16.136100 -7.272542 -35.017130 9.466015 -21.472400 -10.063290 -5.485953
-1.031363 2.600911 -18.666240 -19.498470 2.626809 13.392010 -10.913580 -36.139230 10.597120 -23.757470 -9.162168 -2.922817
-3.245859 3.057566 -18.625490 -21.993910 -1.792214 10.023550 -10.019930 -42.392710 6.904505 -24.522480 -6.722881 -10.402080
-1.564174 4.323576 -16.661890 -22.231600 -2.844499 11.451840 -9.273262 -39.625520 8.780960 -15.810550 -6.970913 -11.759910
0.060682 3.885898 -14.848340 -24.700190 -0.014290 8.452899 -5.719823 -40.611500 13.316270 -13.971060 -5.154980 -11.602640
0.404185 4.104118 -16.173950 -26.112590 0.348172 8.081655 -3.510977 -40.585350 10.698820 -16.286080 -4.509024 -8.226698
0.409977 3.617350 -19.484280 -26.415770 2.453458 9.119235 -5.531098 -39.373260 8.995266 -13.755080 -4.858173 -9.868569
0.721990 3.072004 -19.518740 -26.558510 1.777961 8.796885 -6.010260 -38.884890 14.413230 -21.616690 -0.742731 -12.201900
0.984776 2.090629 -19.591730 -26.103430 -1.487775 10.271040 -8.138560 -36.791420 8.895015 -23.601380 -3.706635 -13.264170
1.019162 3.493595 -20.217110 -25.533750 -1.196946 11.270550 -8.074476 -38.458810 11.633050 -22.567740 -6.438565 -9.268629
0.378486 3.943237 -19.471320 -27.064670 -1.222018 9.995424 -4.718581 -32.806760 6.373460 -19.475920 -7.621033 -7.972486
1.908145 4.451044 -19.602470 -24.048670 -1.892500 14.012050 -7.390128 -32.469130 13.030770 -17.646410 -1.887727 -13.395680
1.589255 4.829321 -20.556480 -29.454030 -2.131753 9.879464 -10.599630 -38.394970 13.014790 -21.980590 -6.225030 -12.599150
1.567176 6.865086 -17.948230 -28.775010 -2.518570 8.289777 -10.105180 -32.459900 12.879670 -24.719410 -2.161931 -10.088210
1.282310 10.636300 -13.980280 -28.710180 -4.608097 5.358330 -4.693300 -29.362770 15.629330 -25.731260 -3.575778 -5.202591
1.166119 11.585090 -16.106890 -29.252360 -9.039298 5.811785 -8.456630 -33.103630 7.903392 -24.258400 -3.057704 -7.889782
2.687454 11.884580 -14.345950 -27.420230 -12.264920 4.030417 0.791483 -31.172440 5.126849 -26.236740 -5.328068 -0.110891
3.708916 13.396860 -13.166680 -27.542680 -9.689007 2.551930 -5.098971 -26.660950 6.751221 -28.093470 -2.054272 -3.178384
3.964824 15.282050 -9.472147 -26.612860 -15.674640 2.836637 -4.550434 -18.032520 3.964507 -29.698820 -4.322256 0.678183
3.869266 17.392480 -10.428380 -30.455220 -18.074340 6.878356 -6.565852 -22.076400 -1.276926 -24.878220 -6.382653 -4.282682
3.649916 16.131430 -8.535917 -30.100980 -21.350100 1.951362 -9.275026 -20.250580 -4.310637 -25.099650 -11.840570 -4.864997
4.406420 16.416890 -7.545596 -28.426000 -13.557170 1.345602 -7.015617 -14.280890 -0.699388 -19.671930 -10.650960 -4.477239
4.822679 18.672930 -6.733851 -26.536250 -13.646720 4.661273 -8.122686 -9.724794 -0.542471 -15.444830 -3.749460 -7.372546
4.844759 19.195590 -5.240775 -25.360230 -16.860880 5.022566 -2.364516 -14.065550 1.060833 -13.867610 -5.196616 -6.539408
7.024144 18.739350 -5.831336 -22.795380 -12.740560 0.259128 -0.323817 -10.378520 -0.726267 -8.415392 1.768527 -4.118630
6.867051 22.548520 -5.242257 -22.337020 -16.959010 -0.320239 -1.026979 -15.618340 2.712811 -1.447662 -7.972562 -5.783550
7.086763 21.272610 -7.703425 -18.421980 -12.396720 -3.493556 1.173048 -11.189140 2.381544 -5.007756 1.470531 -0.782011
6.644805 20.693020 -5.603855 -20.471500 -14.016340 -2.195932 -6.747522 -2.553019 -0.246801 -3.863408 -3.217706 6.403718
5.203827 21.297360 -2.809986 -20.015110 -14.007740 -7.652533 -3.704405 0.271084 2.265310 -12.918370 -7.495530 4.425609
6.557210 18.460900 -4.056316 -19.627470 -16.160310 -4.994544 -1.623139 -2.861425 6.215817 -4.210070 -13.803420 2.723404
4.914980 18.408920 -4.697636 -18.958260 -13.581530 1.982515 -3.316372 3.840436 2.331418 2.332954 -4.711852 -5.104973
5.898436 18.756260 -5.570882 -17.433890 -17.263450 1.295410 2.557620 -0.752577 0.172369 -5.938844 -7.237385 5.967829
0.334688 15.186760 -8.111706 -17.342870 -14.979800 -5.440210 1.413511 -9.291796 -1.290002 -6.172070 -7.610921 -9.040855
0.131265 18.729040 -1.940815 -17.957730 -15.258450 0.446481 -6.228381 -9.714027 -5.618998 -6.427075 -1.623634 -13.007240
1.542562 15.027530 -6.169224 -18.273340 -15.849420 -0.906528 -2.638491 1.962315 -7.393748 -4.190105 -3.654887 -2.487605
-7.003768 6.529298 -7.378505 -10.421000 -10.756340 -3.734130 -4.501636 -8.405034 0.300953 3.612519 -2.052487 5.106219
-8.796213 10.518320 -0.236188 -7.517617 -6.964814 -0.026878 4.031556 1.576231 0.091005 -3.104743 -0.545257 6.247801
-1.849402 14.006970 -7.134352 -11.751550 -5.606658 -1.755890 9.703889 -12.275100 3.283811 -19.424190 -15.612810 -7.998924
2.290741 16.373160 -5.972864 -15.423660 -3.960537 6.765424 10.461140 -9.586358 7.599004 -7.260153 -5.226951 -6.699392
2.400416 14.775900 -8.030939 -16.047030 -7.267820 9.741438 7.693762 -5.302520 3.437095 -8.500696 -2.296357 -4.921941
2.775411 13.883210 -11.147130 -17.943330 1.871084 9.190196 8.591528 -19.256910 5.738531 -7.315511 2.926609 -10.917960
4.191776 8.122434 -16.663000 -15.799510 1.978533 10.851710 0.125360 -20.839700 4.311757 -4.232757 -6.374326 -10.470540
1.422390 2.426005 -19.083410 -16.654030 0.870375 9.928790 -0.285014 -31.049390 7.190005 -15.238830 -7.817913 -22.098550
2.499956 0.115092 -16.049100 -14.165140 2.130394 12.331930 -2.483866 -29.118970 3.291076 -13.482830 -7.111882 -20.418710
1.464378 1.495782 -16.125420 -10.460280 1.805898 8.409631 -0.058073 -36.293820 8.374140 -17.518450 -7.378354 -25.350430
1.187837 4.488583 -18.191640 -7.940617 -2.928309 6.625667 2.203099 -38.933340 10.900050 -19.638360 -6.860280 -29.366300
1.415874 6.860960 -16.973100 -7.394515 0.230694 0.461192 2.781033 -30.033420 6.957537 -15.542840 -6.760353 -26.939420
1.438316 7.625352 -18.050110 -8.502435 0.155480 0.289848 -1.721323 -36.809880 6.034202 -11.694160 -10.866280 -28.588750
0.988033 5.752531 -14.801280 -10.975610 1.009342 -1.045420 -7.908092 -33.636610 4.455596 -10.150520 -13.798660 -23.261140
0.252885 10.218430 -14.869820 -8.471659 -0.170449 -4.009318 -8.646530 -31.526220 -3.791942 1.141416 -11.647250 -28.048470
0.628603 10.765420 -11.154910 -0.601632 5.865325 -2.543378 -15.218980 -17.953300 6.467900 6.736109 -8.526323 -19.123250
-2.949410 5.670440 -11.461310 -3.934558 7.575915 10.842190 -1.945323 -6.018544 1.979809 11.895210 3.636209 -15.007720
-4.967721 2.686714 -13.679440 -8.947043 -1.275742 9.624612 -9.747721 -10.933810 3.794515 6.203411 4.403504 -13.470930
-6.844866 4.875110 -11.964440 -9.340577 2.527240 4.485603 -11.266340 -13.048810 9.440588 16.734870 7.704066 -14.904000
-8.287654 1.550646 -15.839400 -8.139021 2.801593 15.359860 -1.873596 -9.617890 3.824300 8.260697 1.173724 -11.566710
-8.924710 0.756141 -14.592700 -9.086515 -0.711992 11.570400 -0.069832 -14.288580 2.032841 6.878586 4.337481 -5.828969
-9.913959 2.963512 -11.634700 -6.829423 -1.723447 6.538697 0.616868 -5.747055 -0.610033 12.612130 6.594759 -7.529140
-10.111590 3.307551 -9.566252 -5.663882 2.376811 10.218260 0.088321 -6.396168 -1.478883 11.661980 5.497942 -11.462990
-11.926840 -0.470268 -11.747330 -3.106892 3.490700 12.753800 5.152735 -0.949464 12.131410 7.515646 5.063736 -5.433754
-15.107780 -2.454056 -11.882190 -2.173149 9.880341 13.314990 5.100998 -7.110653 0.905370 11.585750 0.890003 -7.070880
-13.681640 1.313450 -13.426390 -0.984689 5.487104 3.502108 -2.575583 -4.939509 -3.952491 2.493580 3.205571 5.262136
-14.825450 1.947899 -8.089477 0.397591 5.511460 13.813440 7.974792 -1.441682 -7.043592 1.619664 1.099374 1.586568
-13.892300 -0.546583 -10.369100 -2.425901 6.245695 11.346270 -0.724196 0.487967 -2.524990 -0.972135 -7.850032 -8.478199
-8.096175 1.489182 -22.590850 -2.258273 15.999210 -0.020820 -5.436442 -13.067260 3.192277 23.514750 -17.874840 0.038246
-10.977770 5.105294 -19.789200 5.723071 23.131680 -1.578056 0.722695 -8.338123 4.901645 21.516450 -29.008960 2.395301
-2.484649 17.578530 -13.952490 1.281570 10.355980 -3.658842 6.497327 -20.721260 6.156974 0.517968 -26.147960 -7.159008
0.606885 10.314950 -15.772340 0.566530 2.856034 -0.467784 4.341394 -25.205060 10.472890 -9.535238 -16.016080 -19.555070
-0.439190 8.941689 -15.775300 -0.616037 4.380379 -4.866468 9.621578 -28.679820 14.427030 -6.556847 -11.238630 -25.230440
1.187837 8.465234 -18.656610 1.063522 6.518616 -1.640363 7.925993 -28.812870 7.503837 -3.798976 -13.477460 -18.753790
1.245752 8.273002 -22.209610 2.509973 7.699840 -0.643888 5.811803 -25.513470 14.522930 -12.403820 -6.942958 -21.722310
0.272792 7.914938 -21.057760 4.540504 6.279363 -5.437181 7.451535 -23.209270 9.587334 -14.652590 0.523010 -27.143470
1.840096 8.508548 -22.825000 2.532236 6.818041 -3.342982 5.215644 -29.147420 11.375160 -11.812140 -2.817999 -26.159840
2.941914 9.118246 -21.793180 -2.369589 8.835935 1.084260 -0.087470 -28.147600 14.278110 -11.296680 -5.492828 -24.034630
-0.107270 13.302390 -19.852920 -4.057660 2.585979 2.346837 4.481909 -30.595620 21.621930 -13.094430 -10.947170 -23.539080
-0.758081 12.578430 -17.870060 -4.193858 3.112479 -1.328829 2.752224 -25.314270 18.710260 -9.083306 -15.436740 -21.308790
0.425903 12.413420 -16.872330 -3.143561 1.834551 2.206647 -2.853085 -24.710540 13.698390 0.991679 -18.926450 -18.700240
-0.505068 9.960191 -10.230170 -0.673659 4.848857 -0.658166 -4.907306 -22.213300 12.992990 -1.112797 -20.683500 -10.960660
-2.286654 12.801190 -4.630206 4.846950 0.650462 -5.455354 -6.019667 -25.717280 8.577550 6.678937 -15.710350 -8.759527
-5.132053 5.467895 -7.522626 3.748852 12.881040 8.414823 0.267639 -1.389384 4.782505 7.334147 -8.754727 -11.198610
-10.505770 -0.706639 -12.210070 -1.653239 10.573030 6.970950 -5.621639 -12.111280 4.983736 -2.797103 -14.360150 -11.786350
-10.853620 0.945898 -8.023529 -2.103086 5.896128 4.704109 -10.465580 -10.868430 9.013428 13.594940 -10.533780 -19.113760
-11.766130 -0.549883 -14.815730 -2.799791 7.409011 5.188284 -7.713488 -3.321341 11.443450 11.147430 -5.195426 -16.926850
-13.064130 -0.728503 -12.766550 -7.809658 1.027250 6.259614 -5.813892 -1.548586 6.463542 0.765714 -11.017950 -17.460360
-13.672950 0.176144 -11.770670 -2.535253 4.525793 12.558650 2.876865 -6.506148 10.585490 11.053960 -2.662161 -18.659560
-13.241850 1.515583 -7.570790 -0.337093 7.588093 8.897700 0.016006 5.523976 6.640072 5.954758 -6.736561 -13.129940
-13.179600 1.629024 -9.859309 -4.176834 -0.328041 7.451664 0.166515 2.143821 0.538506 6.281456 -2.788854 -12.858100
-14.286120 1.880659 -9.300981 -2.800446 3.290128 4.634447 0.533382 3.083650 -1.908223 1.152306 -7.301624 -4.097615
-6.305902 5.774394 -14.251850 -12.088770 1.940568 3.360187 -0.729488 -12.400460 -4.095604 8.750744 -1.158499 1.553351
-4.300260 3.277849 -18.867050 -10.599100 10.272890 -1.864494 -11.474470 -18.281700 -2.238764 11.397900 -18.815820 15.059130
-5.686582 8.492460 -17.929330 -4.443336 11.625310 -7.655128 -7.661751 -6.305415 3.084034 14.446170 -11.009630 10.679230
-8.625366 3.481632 -7.358869 0.344553 12.349520 -5.148580 -12.602110 -0.701817 17.413520 29.772820 1.220119 13.187450
-10.560430 2.484994 -0.780069 12.456370 14.289340 -3.137889 -16.244330 -10.537720 13.462290 19.343910 -10.040690 -4.568078
-2.451348 13.348180 0.226184 3.855584 6.667612 -9.739376 -21.408690 -19.196150 -4.976078 17.330180 -16.455640 -9.511994
-0.088086 15.474290 -4.333073 -3.067604 2.341711 -12.219530 -19.947100 -21.241930 -10.678810 11.222750 -9.422691 -18.058270
-1.073351 15.456550 -5.446026 -4.805440 -0.780760 -6.904419 -22.484010 -27.412350 -18.871870 6.023727 -1.557611 -16.700440
-1.893562 14.407520 -4.831753 -4.926578 0.234276 -7.702291 -26.644780 -28.379100 -23.551020 3.303064 -3.993330 -21.038990
-0.207172 18.003830 -5.023667 0.142220 -2.292211 -5.228194 -23.104280 -19.247680 -25.986130 -3.001289 -1.564154 -20.317030
-0.520270 17.132600 -5.144817 -2.269404 2.043719 -9.913316 -20.690830 -17.494920 -15.458940 3.254059 -5.721232 -12.761160
-2.872312 11.884160 -3.477610 -1.503290 7.578781 0.217590 -10.879480 -8.626533 -10.447070 4.267729 4.414806 -3.699011
-7.368990 8.020542 -1.258742 1.889878 3.037265 -7.106050 -16.029730 -20.050610 -4.967360 4.400223 -0.947344 -5.086670
-11.481260 4.899448 -5.029595 0.209009 4.011470 -2.644627 -12.992500 -14.283970 -3.013900 7.982097 -1.623634 -7.173243
-10.785200 4.286450 -7.189925 -4.209573 -1.625310 -7.062782 -20.741980 -17.168830 -3.570371 14.531470 -4.393037 -12.631690
-10.124980 8.171935 -5.907658 -3.349823 -3.597359 -11.016230 -18.912940 -9.934756 -1.673575 10.662830 9.970860 4.117843
-11.180110 7.598951 1.454730 3.507231 -0.853825 -7.514073 -19.649610 -10.875350 -1.985228 -5.402515 -4.069465 2.278702
-11.218110 5.311964 -0.551846 4.075597 3.326661 -0.697108 -8.678866 -13.302610 -5.681473 1.865595 3.255535 4.646604
-13.083310 6.280551 -1.350994 0.123885 0.388286 -3.683506 -7.116741 -6.253117 -0.054288 6.067287 9.765059 4.498822
-12.518650 6.436069 -5.021444 -0.689375 3.316633 1.702135 -9.578985 -4.783383 4.563113 5.628968 2.020129 4.423575
-15.516800 6.464945 -1.208726 3.297696 1.719223 0.877003 -3.754967 -1.117126 -4.800273 -8.272008 -15.547380 -15.665280
-14.239430 5.480270 -1.336916 5.221495 0.126827 -2.121942 -3.121180 -6.342331 -4.979710 -6.622186 -6.981620 -9.347943
-14.421130 5.418393 -5.200391 1.106739 3.833821 -2.052713 -4.855568 -6.049308 -5.406144 2.576162 3.842010 0.080276
-7.193799 6.438132 -10.883720 -8.931328 -1.430469 0.016391 3.303701 4.564919 -1.924931 -0.272458 1.186810 -0.727780
-1.565622 11.581380 -17.457330 -18.922250 -3.822286 5.754670 1.190098 4.105772 -7.026884 0.139543 -12.789280 6.117645
-0.070349 15.547720 -22.223690 -24.008730 6.784373 15.399670 11.464730 -0.487240 -10.703520 3.954644 -10.421370 12.232290
4.645679 22.884310 -14.139220 -19.372100 3.785827 5.480780 11.884510 -12.344320 -16.078620 -3.042126 -4.448354 9.594588
5.509686 24.579750 -13.719080 -20.222020 -17.251990 1.236998 7.046453 -10.751530 -10.394770 -9.240303 -9.779573 1.810274
5.102477 23.623950 -12.712460 -21.239580 -21.896660 0.040621 5.514899 -13.370290 -2.542425 -5.088523 -14.176360 -0.985381
5.298299 22.857900 -10.463580 -24.231360 -19.232640 -0.918643 4.042727 -8.820343 -1.677207 -11.562580 -7.803638 0.732415
5.223011 22.339370 -8.528507 -26.411840 -20.145950 2.590872 1.100145 -9.242574 2.461455 -10.357430 -6.887046 -4.453513
4.169696 23.792250 -7.336269 -23.025870 -21.069300 -1.865360 1.621050 -7.080659 3.458162 -16.491170 -6.102501 -0.577964
3.119639 23.330240 -10.106800 -26.197720 -20.648820 -3.228753 0.892019 -11.939780 6.173683 -24.799270 -13.896200 0.683606
4.328236 23.744400 -7.245870 -26.303800 -16.245550 -1.678439 3.159658 6.026962 2.259498 -15.991140 -4.946799 -0.727780
8.204145 20.281330 -11.022650 -21.671750 -23.812120 -6.777209 -5.684547 -6.343101 -0.525763 -3.308929 -10.011550 -7.612522
-0.353405 19.612640 -7.239571 -21.453700 -20.790650 -9.748030 3.441864 -5.816273 17.156360 -16.080980 -4.346642 4.199868
0.871481 17.287710 -9.567734 -23.898720 -20.121600 -8.825976 -0.016331 -3.715885 13.863300 -21.064940 -13.077760 -2.937730
0.390431 12.874610 -13.260410 -27.080390 -21.254110 -2.548138 -4.204144 5.302478 16.207600 -5.357141 -13.784380 -4.433176
-6.070625 6.753294 -12.661330 -18.112920 -19.972600 -5.467902 4.833490 8.008910 12.257810 3.532660 -0.473286 -5.736775
-5.854533 11.399870 -8.823789 -12.709520 -14.499860 -11.372770 -1.944147 -13.705610 2.194116 -5.288171 -5.637960 -6.359765
-2.062961 16.905720 -6.002503 -14.526580 -13.147440 -7.839020 4.745889 -5.515558 5.888183 -21.749190 -3.406259 -3.494963
-0.291871 17.032360 -7.627475 -20.430910 -19.986930 -3.032746 4.463096 1.736971 4.221675 -15.294190 -7.529434 3.162005
