2.014005 3.046365 -20.165230 -12.574690 7.186408 5.764002 5.781900 -35.805520 12.564410 -15.699080 -14.891770 0.858825
1.038508 1.606268 -19.742580 -14.637230 3.845248 3.999848 2.314380 -42.541400 3.679353 -22.964920 -13.218840 -0.600127
0.955548 3.049863 -22.049840 -11.566600 3.902463 4.226343 1.744147 -45.337210 3.024824 -15.055950 -17.238500 -3.619188
1.660352 6.584221 -23.270970 -15.419220 6.567720 4.202209 -2.011984 -43.597820 2.631472 -19.264930 -12.413060 -1.903068
2.204241 7.099235 -22.519720 -12.847800 3.001470 2.645057 3.310890 -44.876780 4.452077 -16.334000 -4.070169 -10.027750
1.793731 9.755931 -21.004630 -16.985130 4.688397 3.285554 2.493975 -39.039590 2.613679 -16.243830 -2.388656 -8.915011
2.280407 7.226337 -17.031940 -19.687300 5.478732 6.087499 -4.398437 -32.063270 3.116331 -17.375810 -6.380599 -4.146348
1.441509 6.738920 -16.880040 -18.245710 7.051227 4.737349 3.791675 -37.304470 6.787408 -18.230570 -6.322526 0.508334
0.919790 4.965327 -21.994750 -19.649300 5.796248 5.288270 -0.884096 -42.574650 5.834847 -27.699270 -7.324966 -4.770392
1.121826 6.227404 -20.612670 -17.943610 6.482211 8.905225 4.910478 -45.449760 6.653960 -20.233710 -10.118470 -7.728189
0.291510 6.448180 -19.989720 -17.772270 6.602931 12.492010 2.579930 -39.697830 8.727480 -19.865570 -7.869411 -0.371453
0.498552 5.478009 -18.657620 -16.845350 5.900620 11.408740 0.858050 -35.740720 5.589558 -15.115570 -7.697829 -1.511972
0.621920 3.107778 -19.622160 -17.747790 4.888967 9.165601 -2.135674 -38.250050 5.449120 -18.071840 -8.811798 -5.142966
1.123614 5.216421 -20.790550 -22.068700 3.408269 7.506341 -2.783475 -40.590550 7.182031 -16.448020 -13.232700 -7.243059
2.109480 6.960473 -20.647700 -22.122160 0.321751 8.268905 3.383567 -40.573500 11.150510 -10.855920 -14.853500 -3.439669
3.150773 7.068140 -20.374190 -24.622080 -0.884814 7.086769 -1.538886 -37.866360 12.771570 -11.842590 -15.873100 -5.184284
3.248751 8.842898 -15.397220 -24.563460 -7.074196 5.329113 -2.840778 -33.135900 11.403420 -11.263560 -14.374380 1.245646
3.934960 9.761762 -14.339800 -26.785750 -8.903220 4.082463 2.838491 -33.938230 5.383032 -17.320660 -7.799459 1.660963
4.015059 11.698220 -13.215880 -26.423740 -11.449640 7.623765 -1.579417 -28.213590 6.549109 -21.550500 -9.323247 6.150374
3.686438 14.530210 -12.149810 -28.481780 -9.053491 5.730584 -4.438269 -30.751910 11.522890 -19.896870 -9.960084 1.017685
2.233205 14.279120 -11.127020 -29.632210 -15.301970 -2.539261 -0.297092 -25.284770 8.321418 -20.934210 -14.644300 -4.008147
5.238364 17.143760 -9.981062 -28.638950 -11.664670 5.361602 -7.167142 -24.925800 10.555070 -13.731710 -14.406060 3.610744
6.309336 18.569480 -4.254018 -26.298130 -18.528070 5.805773 -3.764612 -11.912780 4.788873 -18.106860 -5.186778 -1.278311
7.123560 20.391650 -1.772810 -26.065600 -21.734680 -0.796922 -4.004305 -7.520817 3.988188 -14.868910 -8.345224 -4.748308
8.810297 19.077110 -3.719998 -23.449090 -13.490560 2.083925 -3.615764 -15.338690 0.838192 -10.377490 0.336213 -1.749194
9.443940 18.781700 -4.491710 -23.172110 -13.436480 3.336144 -9.419422 -11.999750 6.623458 -12.124280 -6.109366 -0.299503
9.250844 20.399430 -4.124940 -21.231960 -17.960320 3.522260 -4.005703 -2.739198 1.966776 -15.271320 -0.735521 -3.871370
7.537288 19.807070 -2.705870 -20.920840 -17.381240 0.524452 -4.193684 -4.779572 4.042838 -10.961000 -7.278111 -4.461932
7.156816 18.830680 -3.686154 -22.138260 -13.840140 -2.457575 -1.079066 -12.393670 6.681285 -9.838705 -5.075249 -1.722836
7.278038 18.919300 -3.451216 -21.977870 -15.823830 -2.847443 -2.519323 -10.645750 8.006228 -5.836154 -6.919766 -5.804054
4.876486 20.004910 -0.716182 -21.367870 -17.529000 0.248760 -7.763930 -10.250120 6.698443 -7.342979 -4.254951 -2.400308
4.824994 18.386010 0.019326 -13.452010 -20.338240 -10.004770 -7.096561 -4.770193 -0.149319 -6.842940 1.623085 -6.876184
6.075831 15.394660 -4.231587 -19.327230 -23.847270 -6.831059 -5.105638 4.252469 3.127134 -3.597528 -1.850810 1.593287
-1.964504 8.811026 -6.855252 -17.450200 -18.887720 -10.441520 -6.998727 10.427300 10.093730 3.359799 3.915697 8.812533
-2.068205 8.509791 -6.643533 -17.325230 -14.497180 -6.636126 -8.541012 -4.956921 -3.632298 -3.923933 -6.545583 -3.715359
-0.628203 12.656340 -5.895432 -20.756580 -18.540020 -5.801158 -1.669564 -1.900198 -0.825453 -4.886005 2.591868 2.536477
-7.064048 6.160549 -15.688430 -18.639930 -13.331480 -10.551980 -0.867325 5.101700 6.905604 4.126626 2.185349 5.401664
-7.256787 7.379092 -8.555303 -9.514367 -3.319949 0.790862 -2.136373 -1.710059 6.753093 7.732721 -0.466927 4.613060
-9.327214 5.293770 -10.919240 -6.573859 -5.543198 -5.394581 4.728786 -4.862278 8.578781 5.493350 4.479281 0.910116
-3.741353 10.691120 -16.428270 -22.178840 -3.923546 6.443950 22.167720 -18.542070 11.708440 -14.547720 -9.438736 2.114036
-5.278975 6.090973 -18.344760 -23.122510 -3.821689 10.681910 22.904260 -7.033105 2.033500 -5.836154 -5.732544 1.326858
-5.694133 5.043842 -12.828650 -13.392750 -2.781742 8.638350 5.883228 -11.875260 -11.789750 5.520923 7.393551 3.837280
-0.391481 6.619203 -15.888340 -16.840840 -0.261726 11.724810 16.368250 -28.305680 8.082483 -8.959351 -12.954870 -1.235569
2.319384 7.866121 -16.291320 -17.778710 3.403239 18.313580 11.693880 -17.444720 0.169684 -6.053757 -5.459331 -10.308420
2.479940 9.363743 -17.992940 -15.135800 -0.354780 14.944470 9.082403 -26.540710 9.433480 -11.934990 0.439822 -12.611540
-0.031033 4.285897 -20.580010 -15.005680 -0.771639 11.594390 6.394062 -33.853820 10.036540 -14.716880 -2.457290 -19.168990
-0.613900 2.818204 -19.809870 -12.326050 3.733959 9.677999 4.781896 -40.390180 8.563530 -16.925700 -2.279767 -18.490090
-3.031543 4.046075 -20.479270 -10.583640 1.989187 6.253657 3.748348 -44.922820 8.316970 -20.860440 -6.611577 -20.150650
-3.462077 7.740963 -19.443490 -10.890900 0.948612 5.430293 5.380780 -44.916860 10.306610 -19.797010 -5.192058 -23.890640
-0.367880 6.705103 -19.096010 -6.348409 -2.196379 1.561316 6.628165 -41.982060 10.879800 -13.502180 -12.586620 -22.696690
0.189240 8.245093 -17.473480 -8.143633 -1.438111 1.866249 4.591119 -40.345840 14.170230 -16.116400 -12.021060 -16.294540
0.428465 8.694030 -16.264950 -6.394143 0.767533 -4.748978 4.245905 -36.398110 4.284950 -15.113340 -9.044755 -18.264270
0.838975 11.941150 -14.041510 -1.049696 4.413006 -4.150716 -1.807930 -32.185200 -2.229829 -2.508024 -13.988320 -17.650910
-1.974874 8.392018 -10.554040 -4.531284 2.226854 6.343699 -0.191571 -11.357710 11.616940 3.723464 -8.659353 -7.800851
-5.283624 2.300468 -12.281250 -5.965788 3.574258 6.638420 -0.477386 -10.433440 2.991780 1.267235 -5.324045 -18.770060
-7.335099 2.553117 -13.864020 -2.709006 -0.126545 7.591277 -4.850570 -13.247160 3.337473 3.694401 6.560054 -13.897390
-9.111589 -1.559223 -18.968500 -6.939087 -1.924132 9.994999 4.220048 -9.889457 4.363748 10.673340 12.192590 -11.134070
-10.268740 0.440587 -16.485720 -10.651920 -2.776083 4.034658 2.322766 -12.424360 -2.930110 8.628469 14.617850 -5.153652
-8.274837 2.607534 -17.932730 -9.288918 -2.092007 5.797419 1.546382 -14.746110 -0.773345 4.335286 -1.681867 -3.649108
-8.842326 1.366058 -15.412570 -2.607876 3.729558 2.522527 -0.918338 -14.099800 -5.225407 9.622586 10.852930 -11.355620
-10.342040 0.631045 -13.726290 -2.281940 4.640612 3.749683 1.252880 -6.053419 2.208253 12.286730 9.266445 -2.323371
-11.131600 2.194745 -12.754270 -3.627553 10.339570 11.374850 2.008299 -10.818840 -2.687999 -1.903655 -5.313486 -18.661780
-11.479170 2.060647 -11.592170 -3.909687 7.778058 18.667240 10.072620 -8.630104 3.033721 -0.270889 -14.373060 -8.107174
-11.324340 1.278991 -8.656834 -1.205579 10.921160 12.981200 4.158553 -7.899390 -6.162717 -0.648713 0.348751 -4.259616
-9.679794 2.540679 -14.153660 -3.706138 14.167380 3.161168 -5.494179 -5.897386 -1.398642 13.227190 -7.956523 -1.950797
-10.335970 3.173466 -20.624870 -8.889549 17.357010 0.877655 -2.730366 3.909707 10.512500 19.835010 -21.756410 7.870056
-7.722723 12.340330 -14.466520 -0.209735 16.820060 1.171912 -8.721307 -3.443481 11.925140 12.182400 -26.736280 2.784384
0.873303 16.544400 -14.428350 -4.408897 3.595006 -6.332121 2.365394 -23.713350 -1.070107 4.605799 -13.608860 -17.591790
-0.263822 7.593649 -15.525900 -7.179996 -1.495955 -0.579710 -3.687742 -22.134250 6.929116 4.240644 -18.126110 -25.457870
2.269322 6.143058 -17.205490 -7.065983 -0.347864 0.297958 0.197669 -19.708490 8.363995 4.126626 -16.568010 -27.049320
3.197259 6.334293 -18.638730 -9.429340 4.834266 1.890383 1.400330 -23.250360 14.104140 -1.536264 -12.321990 -26.264280
2.273970 9.890807 -21.672450 -6.812191 6.207449 1.392837 4.698737 -24.155020 12.263840 -0.250768 -11.124210 -22.556350
3.403229 10.575680 -18.323110 -6.575147 1.068702 6.998584 2.791671 -25.739230 6.467769 -0.150909 -11.925370 -19.523040
3.121808 10.465290 -16.650610 -8.388407 3.562940 7.924521 -6.346034 -24.818370 9.903089 1.642824 -9.952825 -29.011220
-0.297793 14.802290 -17.464820 -5.810550 5.173161 1.144529 -3.835192 -28.065230 17.321500 -0.296226 -5.966161 -28.399990
0.688431 14.391060 -12.929390 -10.602970 0.881965 9.464964 -4.863848 -28.369630 9.087152 7.639569 -7.715647 -30.475150
3.535893 13.210610 -13.851820 -7.263091 2.367693 0.711961 -4.512344 -21.096590 4.809208 7.471150 -6.905907 -21.791260
5.059213 10.271330 -10.804720 -5.072363 -1.967515 1.201152 -4.965176 -17.940110 -1.791994 4.043161 -4.282668 -17.049660
1.647836 14.834940 -6.726174 0.632803 1.745862 0.807571 -9.081196 -19.988150 -10.594440 3.649688 -8.680471 -5.007614
-1.292599 13.404950 -7.063036 0.655348 4.191687 4.623173 -10.900210 -15.782920 -1.193387 17.786420 -5.593958 -7.886337
-6.273424 5.217976 -9.037770 -3.328027 2.902128 9.763399 3.808447 -2.130412 -0.276412 9.948245 -6.512587 -18.428830
-5.842532 3.720742 -12.018370 -7.187726 1.212685 7.633048 0.185790 3.217361 2.402070 5.181850 -9.151004 -14.438800
-8.332408 1.974746 -12.742860 -6.671768 -1.729849 0.445551 -4.868041 -11.361970 1.766605 4.573754 -0.818673 -10.578420
-7.732377 2.888168 -12.326500 0.600596 3.257998 6.814325 -4.206962 -2.236992 -2.792850 1.791121 6.763974 -12.048050
-8.205822 3.654665 -8.569077 -4.765108 4.143273 9.259819 -1.504644 0.997080 -1.439947 5.536572 6.573253 6.022858
-10.025220 1.924217 -7.371564 -0.669008 5.483761 6.867700 2.235414 -3.579904 2.300395 5.585011 -4.202156 -3.942608
-10.584490 2.766119 -7.519925 0.801568 -0.928197 8.452700 4.938430 1.112187 -0.379357 -0.448995 -1.050309 -9.183578
-11.367600 6.158994 -6.227571 -0.867404 1.417028 6.152013 11.573680 5.897216 4.120365 1.288846 -0.949340 2.785809
-8.667824 4.713845 -4.003339 2.500815 5.176304 6.698293 -2.817717 -7.786841 1.034551 8.192519 5.916618 5.901754
-7.867188 2.005453 -8.293212 -1.007827 7.443565 5.032071 -3.439663 0.002899 -4.928010 1.864898 7.332837 -2.589801
-4.928540 0.262956 -21.922740 -7.998701 11.695780 -0.840086 -10.988960 -5.482149 -6.753698 10.849960 -10.634540 16.209870
-4.262356 4.486850 -16.806060 -5.262385 16.798690 1.912662 -11.187420 -10.760860 -2.506256 13.412010 -11.770940 12.717080
-9.658696 5.818501 -4.368929 1.418012 10.153460 -7.148523 -11.647940 -8.140688 6.083313 18.510020 -14.685210 9.334707
-13.990140 -0.935376 -2.226944 3.746586 11.637930 -6.179887 -21.302770 -10.600560 16.407060 21.137650 -12.565510 8.353049
-9.811744 4.099326 0.063401 12.580990 16.964050 0.025050 -13.692680 -6.388508 3.143656 14.127410 -10.039280 -4.263891
-2.086084 12.962240 -1.806260 3.047047 8.084257 -5.078509 -22.891880 -22.441200 -6.706038 4.632627 -8.516148 -8.396399
-2.271671 17.244040 -4.727828 -0.004898 -1.238798 -11.456570 -22.130870 -19.413470 -11.372890 2.180869 -14.557850 -13.618850
-1.640173 17.429450 -7.234222 3.268632 -3.839294 -10.968770 -20.355880 -23.988750 -16.751460 0.507861 -17.381710 -15.440400
-0.855628 16.753910 -6.293291 3.602942 -5.371550 -8.150113 -19.419470 -23.199200 -21.654060 2.964835 -13.780440 -16.520370
-2.308860 17.848460 -4.829752 5.009104 -0.628285 -5.398294 -22.147640 -23.677540 -24.323010 -0.474332 -11.893030 -10.899700
-2.553450 16.524970 -1.408795 -0.275437 2.126254 -0.130897 -18.114780 -20.058070 -17.959470 8.308027 -8.651434 -10.146710
-5.535365 9.691020 -1.297819 4.638078 9.690705 0.147580 -5.411718 -7.895127 -7.640171 2.224091 5.999770 3.279488
-11.290010 4.145968 -0.889729 4.306989 4.615462 -1.868595 -4.139875 -6.728712 -6.777846 2.930555 3.968492 1.560518
-10.693550 4.622114 -3.764467 1.658277 8.655160 -1.376619 -6.184608 -8.559335 -8.454836 3.348621 -4.701066 -3.193186
-10.467200 7.013723 -2.455979 5.561778 4.120010 7.165670 -4.701723 -6.321149 -4.432348 3.449225 9.550217 -2.190156
-11.615770 3.222053 -4.043873 6.713504 -0.866580 -4.251432 -8.992447 -11.298870 -5.958097 -0.256729 4.391510 2.060608
-11.270340 5.213700 -3.023843 4.787519 1.183763 -5.781664 -10.756260 -4.512694 -10.389190 -3.473078 -7.623916 -0.217580
-12.199710 5.730269 -1.420207 3.063795 0.701514 -0.181023 -6.661200 -8.694905 -15.144370 3.408238 10.649670 -4.962022
-10.599510 2.726473 -1.638617 3.190691 2.233141 -2.586602 -1.953982 0.529832 -9.404220 2.139882 6.587771 1.415192
-13.431590 -0.960641 -8.883113 3.146245 7.872370 12.786270 6.985958 2.079083 5.219082 12.347090 3.878081 3.057938
-11.410510 5.243629 2.518636 5.131491 5.972298 1.923337 -5.364199 -7.566859 -8.673435 4.567793 -1.668668 1.309048
-3.810009 5.650199 -16.820220 -14.033020 -3.951211 3.640613 3.804952 0.524716 -4.546096 -3.552070 -11.221220 -1.897369
-2.440810 8.708412 -22.268650 -15.673010 -2.993001 -1.547882 5.179522 6.378106 -10.230320 -3.721979 -22.103540 3.615731
-2.093593 16.744970 -16.195300 -22.056460 -3.080397 3.997064 11.473050 2.399677 -13.799090 0.589090 -28.630290 3.966221
4.736312 23.878590 -9.037377 -16.398960 -4.537832 0.966303 11.540830 -2.929338 -15.592370 4.118428 -16.407640 10.616990
8.196321 23.913190 -13.568480 -19.192600 -17.220280 5.037176 3.021581 -13.376760 -3.883942 -10.206100 -15.318750 7.425532
6.719130 22.103060 -13.071850 -23.044570 -15.348500 3.764535 4.301810 -11.223840 0.491229 -13.663150 -9.374062 1.802014
6.391581 22.107720 -11.390690 -24.381170 -18.714810 4.242124 1.382161 -8.445081 -2.123706 -8.667972 -7.247094 -5.703608
7.289481 18.400400 -9.402573 -20.458990 -17.259260 -2.707276 3.431087 -9.619169 1.589946 -9.889380 -6.907227 -5.348131
5.676050 19.812510 -6.324380 -21.589450 -21.409620 -3.610934 2.318573 -5.196514 2.803683 -12.427580 -8.562343 -7.060689
5.588441 21.213350 -6.671474 -20.703120 -21.757950 -3.758527 1.259169 -6.302391 3.045795 -8.615807 -11.468030 -7.488117
6.827121 22.293520 -8.426619 -20.432580 -22.741930 -5.458167 0.637224 -3.912434 -3.838824 -6.000102 -9.491530 -9.521958
4.522833 20.516040 -8.189713 -18.758450 -17.940200 -8.289351 -2.608772 2.670817 7.642107 -7.892948 -6.525125 -3.000131
6.661916 19.868090 -6.235049 -18.176790 -23.224180 -7.079833 1.917453 -0.083218 4.061902 -15.315290 -6.292169 0.899430
3.266631 18.805800 -4.102115 -16.886570 -17.355460 -11.748970 3.829411 6.787374 7.536620 -12.043800 -4.654211 4.221252
3.730063 17.156590 -6.646681 -21.841310 -23.317240 -3.921901 -3.438265 -2.941275 4.116552 -17.190250 -5.964181 -2.112507
-1.850434 11.759630 -8.559631 -20.738540 -20.792190 -9.021747 4.002018 7.350118 3.181784 -8.789442 2.973311 6.738086
-0.922139 18.884320 -7.565181 -11.477710 -11.840100 -7.071942 9.712734 -12.484050 -1.073920 -14.665460 -4.460190 0.687854
2.026878 17.017830 -8.371130 -18.123330 -15.640870 -7.756532 3.763024 1.337285 6.864299 -11.195000 -7.136224 1.940928
