-0.588970 0.745961 -14.612360 -18.000190 11.010820 14.393880 -6.398355 -15.851070 6.863432 -11.339740 -6.084866 -17.819230
0.398294 -3.803032 -16.108970 -24.183170 7.714745 13.573780 -11.886570 -17.827590 -0.314025 -13.647620 -5.254873 -29.015320
-0.243994 -1.708360 -13.233450 -22.642230 8.452977 15.767090 -6.023945 -15.956470 4.973168 -12.994060 0.734650 -23.742710
-2.015515 1.079008 -15.886450 -18.285910 8.032347 16.843710 -9.039985 -20.295570 10.955540 -19.543330 -0.169213 -28.907000
0.727839 0.953942 -13.794920 -12.514270 5.090488 16.462640 -6.855817 -27.975430 6.835690 -19.187080 -3.492189 -27.093300
-0.676072 1.781723 -13.580110 -12.302440 12.399580 17.466490 -2.912126 -27.086530 12.937040 -19.972990 -2.694026 -25.259220
0.515915 3.705380 -15.038770 -10.786620 8.350800 16.578560 -2.940257 -24.873680 9.401925 -19.530630 -3.769053 -27.674720
1.972979 4.522796 -20.027050 -7.234772 11.728610 11.724540 -3.579232 -23.624920 9.682557 -19.098250 -7.595910 -28.591290
1.143115 8.724577 -18.216580 -6.882050 9.800867 15.889180 0.024879 -29.324230 13.961400 -18.167300 -6.317889 -30.424440
2.393055 9.762411 -20.325470 -8.496887 10.597850 15.572860 2.189622 -28.372890 15.170350 -16.742320 -4.830267 -25.402730
2.387568 8.753252 -18.551020 -7.083535 9.607582 11.057970 -3.078233 -21.540300 10.913390 -24.139140 -4.036909 -22.002140
2.253830 10.923240 -18.673210 -6.936732 11.226240 12.203650 -5.739956 -22.773620 6.150115 -19.150820 -4.413469 -27.333090
2.492159 9.684332 -14.106850 -4.974099 8.230742 8.085872 -1.721919 -19.495960 3.435560 -15.158720 -7.755062 -25.356430
2.242171 9.053477 -14.458010 -9.251101 9.749779 7.598126 -2.772811 -26.586360 5.660343 -14.640210 -6.385153 -29.419910
1.612914 7.425901 -12.001180 -10.897960 3.388383 8.264074 -7.052734 -25.518200 -0.413260 -8.483448 -8.197084 -28.248730
1.493921 8.496902 -11.718830 -12.756160 1.361013 7.574078 -7.891304 -22.885740 0.282985 -4.203083 -11.389740 -20.302320
1.919827 9.950009 -10.571450 -11.486160 1.076619 3.285495 -8.635434 -24.512480 1.744299 1.679020 -4.115584 -22.425250
2.414316 12.052630 -9.164241 -10.777760 -3.138199 1.146445 -12.096210 -14.613050 1.253460 -0.796558 -3.795479 -21.916970
2.583375 10.643740 -13.322210 -11.129990 -6.733141 -0.860649 -16.042580 -27.506810 -9.113386 -0.004300 -9.929139 -25.578630
2.951328 11.373750 -8.481216 -7.323445 -3.917302 3.952677 -17.131650 -22.504400 -6.795771 0.535957 -0.070719 -17.635920
3.409125 13.062820 -10.350210 -8.251557 -2.620500 -1.127645 -12.949520 -23.867290 -12.652760 2.415982 2.711740 -12.691050
3.918360 11.479470 -12.120800 -8.354025 -3.265921 -3.005865 -23.163060 -26.331240 -10.218310 -3.157920 4.480430 -14.779730
4.747196 12.496230 -9.904507 -10.345720 -4.979095 0.423151 -21.414250 -29.534370 -10.946030 7.381641 6.208881 -14.729730
4.096678 12.410890 -10.898170 -6.894365 -6.762943 -5.527836 -20.753180 -25.765270 -12.166730 8.931710 5.260575 -15.875910
3.030542 12.970920 -9.735358 -7.266793 -6.624152 -5.870059 -23.337870 -30.056700 -9.951015 8.684243 4.455806 -14.685290
3.321681 13.821160 -7.092012 -7.170238 -6.519420 -6.105608 -22.971500 -21.184470 -4.099890 8.667926 4.321278 -16.323090
0.466535 11.706110 -7.591096 -8.635808 -10.688260 -10.990460 -27.834140 -32.163480 -8.482764 7.100635 3.783764 -28.789420
0.460705 13.328500 -1.426503 -2.803084 -8.674512 -13.048120 -25.954720 -23.388600 7.207554 14.678750 4.306864 -30.967900
0.250496 11.532670 -6.080980 -6.793376 -4.748345 -10.129660 -29.264130 -23.139520 5.448535 9.404889 -0.273713 -29.025510
0.141448 10.922550 -6.778798 -7.499806 -4.624029 -13.292910 -31.064510 -18.449290 4.070450 2.493939 2.815639 -31.071600
0.557751 11.346110 -5.218516 -7.584046 -4.080786 -9.254679 -27.384040 -17.459010 5.741971 5.464451 -2.477219 -28.091340
-0.645552 10.483090 -4.311674 -6.453956 -4.402645 -14.746290 -29.517970 -17.166960 4.366021 2.837492 1.019322 -30.565170
-1.084489 11.267690 -4.702710 -5.561312 -4.933115 -15.797000 -26.542120 -16.002800 4.090190 1.218532 -2.675408 -25.162940
-0.888682 10.619560 -2.612472 -5.511557 -3.825342 -15.443680 -26.958060 -13.397190 5.509890 7.273771 -6.297469 -24.243580
-1.117752 9.394816 -3.017013 -6.757907 -2.973012 -11.802550 -28.700840 -13.680510 4.415638 6.671873 -5.044672 -24.246360
-1.559089 8.223969 -3.933502 -6.482035 -8.283683 -17.162810 -27.933940 -16.765480 1.350027 2.808485 -10.097900 -27.484920
-1.524111 9.377888 -2.144259 -6.558393 -5.034441 -13.919400 -23.223340 -14.456620 0.500662 2.882816 -7.576091 -22.384510
-2.603621 10.395680 -1.763514 -4.834685 -6.088572 -15.164970 -23.637270 -14.578140 3.765276 1.357222 -10.531520 -23.954730
-2.858410 9.834963 -0.006428 -2.179909 -8.810748 -16.478370 -24.574300 -12.572070 5.899360 -2.014858 -11.736270 -26.267450
-2.747647 9.266642 2.780984 -2.908014 -7.814518 -14.034090 -19.212670 -7.688483 6.609477 -2.829777 -17.244730 -19.782000
-2.770280 8.825112 0.917135 -3.970614 -10.672080 -13.790530 -23.671430 -9.086287 5.639535 -2.102785 -18.621850 -22.488210
-1.737750 8.130689 0.115770 -5.013016 -10.409830 -9.230014 -24.299020 -6.220857 7.265174 -1.818153 -16.683790 -19.475550
-1.932871 6.034290 0.908774 -3.417885 -11.895650 -11.520140 -23.779930 -7.429332 10.399610 1.834933 -14.563170 -20.735610
-3.078221 4.499303 1.443875 -7.987509 -17.335750 -16.345180 -26.002280 -9.619359 7.303587 -2.988409 -21.432530 -27.577510
-3.481837 5.577214 3.874339 -6.374150 -20.056220 -15.423330 -18.548910 -6.265839 12.489410 -2.138138 -15.888030 -26.691480
-3.119029 4.544561 3.894920 -8.746157 -20.889820 -12.558520 -17.860380 -10.574050 10.103510 0.892201 -7.051790 -28.959770
-2.956485 3.545766 6.182605 -11.233930 -22.068270 -14.537250 -14.262290 -9.344095 7.985427 1.821336 -4.170837 -29.808760
-3.226362 2.667890 7.193636 -13.272430 -21.838370 -15.143390 -12.331970 -8.731129 7.667982 2.730528 -0.748767 -28.866260
-4.764355 3.181971 6.607084 -14.440940 -26.475520 -15.306180 -12.704380 -8.676076 5.691287 0.561339 -1.918685 -26.897020
-5.325028 4.324488 6.685548 -14.887760 -26.949790 -14.480520 -6.021266 -7.677741 4.557555 -1.858944 2.965182 -21.016130
-5.323314 3.818353 5.766487 -13.842890 -29.528920 -10.825210 -7.218171 -3.325886 4.130738 -2.618568 1.727999 -19.046890
-5.287993 2.789846 6.475238 -16.328210 -28.782180 -13.649320 -6.399024 0.183394 3.406750 -2.009418 -2.331880 -18.227530
-6.334582 2.131699 4.828131 -15.463640 -26.330770 -17.178850 -2.636845 6.945487 4.072585 -6.833668 -5.945533 -10.177420
-7.763870 3.105273 2.081237 -15.226690 -28.146970 -17.381100 -5.157914 4.171364 9.840480 -10.620910 -6.973115 -9.813564
-5.794142 1.364723 2.455550 -16.293720 -26.539380 -17.113480 -4.063486 6.779657 8.218042 -8.517895 -8.040936 -13.479860
-4.186879 1.848401 3.563698 -10.039800 -24.060730 -18.719780 -2.309990 3.651719 5.285811 -5.648001 -11.229380 -8.815517
-5.065095 7.023757 3.456292 -9.502342 -16.012550 -22.943000 1.008122 11.586710 7.799762 -8.783491 -13.384240 -12.286460
-4.187222 6.433670 -2.754608 -7.165311 -13.355940 -14.528620 6.348984 7.453047 3.091439 -10.534800 -4.439294 -8.117439
-3.882367 2.603976 -7.115808 -7.847602 -17.664420 -17.091290 6.748176 9.865298 3.811159 -10.268290 -19.424810 -12.541070
-6.781064 3.446612 -2.809919 -5.074595 -6.804665 -9.102374 10.642970 1.197170 11.685400 -17.771170 -21.314220 -9.134004
-3.333353 2.875526 -4.049912 -10.056060 -6.170314 -10.527380 8.930333 11.834440 10.126450 -0.452098 -9.089538 -7.381403
-3.777091 3.786223 -8.285055 -11.459060 0.915690 -12.078180 12.829150 10.049260 17.809680 -9.922021 -20.944870 -11.223610
-3.314836 1.656312 -14.629730 -8.993457 3.507590 -10.195640 -2.039397 2.820556 12.788720 -16.742320 -23.470880 -16.871180
-1.350251 -3.164922 -12.050060 -12.993110 -1.322847 -3.209966 -4.469375 8.174775 12.520890 -7.870673 -19.313110 -22.076210
-4.508537 0.364201 -12.786460 -14.953770 1.139629 -0.753357 -6.067481 -6.230256 10.771470 -10.716090 -8.951406 -39.626290
-3.913573 -2.822893 -15.759100 -18.051420 -2.885310 1.069984 -9.387603 -13.364960 6.738589 -15.805030 -10.654030 -40.241040
-2.511719 -1.928779 -18.837860 -13.237950 -4.773889 2.152767 -7.555742 -21.858530 14.582410 -16.148580 -14.487500 -45.035000
-2.094386 -0.831175 -18.803130 -7.886520 0.946343 -4.938348 -7.123731 -18.071980 8.471998 -15.946440 -10.381370 -38.036630
-0.431571 1.550248 -20.571150 -9.852108 3.139751 -0.945742 -6.035331 -22.719910 13.391590 -17.228190 -5.282499 -33.638000
-1.708259 2.887618 -18.949130 -8.454521 0.798186 -0.323574 -7.549044 -27.017380 11.712070 -14.060980 -3.278985 -35.401710
-1.369455 8.671371 -18.345210 -7.311130 1.309924 -2.503321 -10.684310 -24.848170 11.529070 -5.832922 -7.089626 -33.406540
-1.100949 8.945686 -17.031250 -7.605721 1.032342 -5.316336 -8.891293 -24.443330 9.437672 -4.201270 -9.680502 -33.625040
-0.528960 13.766920 -14.308160 -4.425310 1.169430 -6.555122 -9.810906 -13.133340 5.560575 -0.439407 -6.380349 -28.340390
-1.677053 8.490338 -10.927120 -4.733203 3.740044 -0.483895 -14.352710 -10.198080 -3.758436 7.038994 2.137591 -19.405190
-4.777729 -0.677435 -10.264030 -4.816950 10.057160 6.170037 -8.830341 -0.682681 2.687031 1.128791 -0.649072 -22.592820
-5.149111 -0.806646 -11.430060 -5.521409 7.896110 6.269929 0.276048 6.353334 5.437331 -6.539970 -14.907900 -25.572150
-6.603431 -0.534404 -10.338630 -1.783835 3.686401 7.210890 -5.803586 2.582889 -2.363279 2.005350 -5.659059 -18.496940
-7.121925 1.517082 -6.968527 -1.144896 6.603566 4.034687 -14.123650 -7.650886 5.594186 6.980980 4.333289 -20.305090
-6.479980 0.713140 -6.523467 0.201951 8.170286 2.527054 -7.293856 -7.223891 7.497255 13.688880 -0.811227 -12.871590
-6.557823 0.418096 -8.263188 0.635957 6.137807 -2.235708 -2.961690 3.229424 -0.934510 4.070295 -3.107221 -7.755439
-7.830739 0.427424 -11.868690 1.162577 11.747350 -0.076926 -9.623366 -0.311410 5.502954 17.854120 -0.188432 -8.325752
-8.838236 4.032208 -15.526280 4.928724 22.235010 0.500845 -16.846320 -12.649950 2.696100 21.222580 -21.151460 -4.253016
-4.667309 11.469450 -11.777360 8.100760 24.176380 7.305233 -7.918765 -15.553650 -2.002085 19.561920 -9.599424 -3.420693
3.147478 11.263540 -19.988460 -4.365702 2.228670 -4.406823 -1.233646 -20.323100 3.357666 -5.852864 0.322056 -22.546530
0.404809 7.457340 -23.166900 -2.743476 0.317101 -8.718221 -2.900070 -16.479470 5.511490 -5.158505 3.059472 -33.837980
0.826943 4.118234 -22.148150 -2.672537 0.979551 -7.147076 0.142761 -20.081400 0.590293 -10.089720 0.893202 -36.464570
2.008643 4.603639 -22.130150 -3.718881 5.847453 -7.838306 0.416703 -18.426460 1.107275 -7.104703 6.381246 -35.211920
1.036467 5.352994 -21.169280 -2.847913 1.447012 -6.068610 -2.869260 -17.006500 1.825394 -5.791224 3.817997 -37.025620
1.745624 9.488097 -18.766470 -4.204120 1.498953 -6.460780 -1.334784 -12.647930 1.140887 -0.014272 4.453403 -35.229510
1.492892 13.500210 -19.365890 0.223134 3.920557 -9.456930 -6.401033 -18.311660 2.045738 7.005455 0.582104 -34.961020
0.967883 9.480496 -16.117340 1.879352 3.218939 -10.387410 -7.677643 -12.886940 3.581212 10.829860 2.994610 -21.883640
-4.590838 1.945482 -11.347740 -0.271465 3.720460 1.708801 -1.144565 -1.639391 8.628320 21.217140 15.682930 -8.494253
-6.936063 0.300631 -13.374300 2.380848 4.608552 2.726839 -6.869213 -9.786531 -10.065720 -1.825405 -0.889301 -18.609900
-7.803648 0.561127 -9.693554 -2.896191 2.984782 2.571451 -8.368860 -7.716010 -1.031611 6.909369 -5.586390 -21.604960
-6.982014 -0.428686 -8.088251 0.510337 1.766317 6.602904 0.577451 -1.466847 2.997540 8.043366 3.081092 -5.086265
-8.699697 -0.271145 -10.334130 -6.234243 -2.997705 3.424851 8.659071 4.530550 7.522331 20.160190 9.665184 -10.740320
-9.572769 -0.206540 -8.233603 -1.297611 0.273675 1.322798 -3.077563 -9.456215 1.046987 9.638759 -3.242350 -21.596630
-8.390040 3.626955 -11.651300 -2.098625 8.634342 8.111153 -4.775466 -10.759350 -1.989814 11.351990 -1.760734 -2.559669
-10.036050 9.689514 -11.279560 5.342532 23.641650 5.962237 0.738869 -18.728580 -4.721442 27.356680 -12.274380 3.436020
-8.201092 9.975230 -10.186850 7.488915 20.158250 7.952065 12.475500 -10.696250 1.727226 30.625420 -14.573980 -0.344153
-3.226705 10.330730 -10.338630 5.870138 13.767050 8.809165 6.650387 -13.454260 4.716544 2.260069 0.747262 -22.783550
-1.420893 12.709390 -16.115410 3.935092 12.120290 0.039614 3.281371 -12.201470 4.616242 -11.915350 -2.300050 -22.227120
-1.576921 12.811310 -16.431190 4.038051 8.955349 6.845851 5.251207 -16.805760 16.395320 -7.594198 2.324369 -19.031150
-0.750828 12.296190 -13.443120 3.778436 6.072243 9.215517 2.534561 -13.314610 7.522864 -9.570310 7.298923 -17.944220
-1.069743 13.060060 -13.632210 0.506396 7.015681 1.081700 11.446710 -15.525450 6.796209 -4.064393 -2.007570 -23.766780
0.545063 14.792660 -14.895990 0.813304 4.584711 4.076617 5.587439 -19.526170 7.756013 7.482260 -4.951583 -19.489440
-0.322522 18.201900 -13.004490 -1.733587 4.681779 0.091410 5.038216 -17.086400 9.723639 -4.692578 -10.634210 -15.702780
-1.556346 17.418690 -7.944186 -0.526647 5.912165 3.717745 0.864119 -16.596960 2.564321 5.529717 -2.935457 -20.274540
-6.179240 10.670690 -1.519760 6.462770 8.420621 0.453366 -0.164000 -1.576281 2.168448 6.688190 -5.959947 -11.036590
-10.826830 2.067784 -4.238355 3.656757 11.342890 10.662720 2.023516 -1.713913 5.342898 3.194643 -6.992333 -1.740308
-9.641353 3.969675 -3.848606 4.413927 5.571574 8.518122 4.045595 4.365391 11.295930 9.013292 1.048150 -1.596804
-11.271250 2.152428 -6.704835 0.741872 2.682508 -2.078471 4.921673 3.521472 16.291810 8.567307 -1.748122 0.646488
-11.975600 4.326906 -1.032895 5.634168 8.546639 10.026370 4.191608 6.124395 12.476610 5.508868 -3.897576 -5.672317
-13.447760 1.695352 -5.302769 -1.233569 4.805243 3.826886 -8.449234 0.875582 2.553650 1.022733 -3.460959 -3.081839
-12.931320 2.172466 -5.448121 4.951385 9.664631 12.245580 -0.296618 -4.059028 3.404083 9.689521 11.137790 6.614402
-12.693330 2.647161 -4.500761 6.130246 8.111534 9.965325 -2.969728 0.869539 11.706200 16.158110 15.887130 2.270397
-11.651890 3.616245 0.114484 3.822773 4.531067 5.611998 2.986666 0.861483 2.315700 3.699548 5.950634 6.709763
-9.429086 2.681019 -15.219500 -6.665293 7.421836 2.813165 2.667848 -5.778420 -11.302420 11.772600 -7.460180 4.745147
-4.333649 11.538200 -19.848250 -11.795040 17.981870 5.373366 -0.918848 -8.626394 -2.883996 14.139400 -2.730661 15.638490
-7.572864 7.514690 -13.374940 -3.022796 14.148520 -1.725148 -6.366205 -3.594436 3.615357 21.921470 9.121664 15.539420
-4.845284 11.339890 0.236040 5.210015 10.540800 -4.781110 -12.433780 -11.086990 -2.827442 7.296432 -2.202757 -10.463500
0.150706 16.417820 -4.087858 -1.993695 2.335956 -6.277028 -17.749190 -20.815890 -12.344920 11.127190 -2.325874 -19.270940
0.297133 18.154570 -5.381876 0.236435 1.125154 -4.403123 -16.897230 -18.517770 -13.978030 11.516970 0.003752 -22.176200
0.199401 18.837940 -5.525299 -0.211857 3.481194 -11.117480 -19.433030 -15.255560 -16.920930 4.899718 -2.252004 -25.165710
-1.173305 17.990810 -3.707113 0.857640 1.095352 -10.537250 -20.504010 -17.350250 -14.593180 4.401158 -4.528179 -20.953180
-1.726434 18.561210 -1.615589 1.279823 -2.382086 -8.406828 -22.083370 -12.423690 -17.062850 1.145107 -6.192969 -20.464340
-1.202110 17.986670 -0.645719 1.836493 3.154227 -5.233092 -19.596460 -10.954050 -17.154080 4.842610 -2.627963 -17.797010
-2.864926 15.498140 1.176325 0.414274 2.472192 -6.334373 -12.594530 -8.026856 -9.281446 10.441890 9.758273 -10.388510
-6.753630 10.144860 2.853017 3.892726 5.623514 -1.627106 -9.910034 -15.809440 -11.774060 2.684298 -2.429173 -2.642994
-9.447947 9.322955 1.093359 0.777342 0.860344 1.597193 -7.639465 -9.552893 -8.382997 -0.922558 -4.887322 -12.905840
-11.501350 4.511395 -2.251022 4.259242 0.631296 3.530293 -7.130429 -10.546530 -2.208558 0.473411 -9.833048 -8.123920
-9.949980 6.123770 -0.035370 5.232183 3.143157 0.508245 -8.851105 -0.004591 -0.164106 5.706479 0.909417 -5.285319
-10.566890 3.857393 -0.589122 2.638986 1.168579 1.957299 -2.938917 6.317751 -1.154854 -0.206444 -1.811783 -0.378409
-11.469110 3.464923 -2.285752 6.895791 2.738705 -4.651620 -5.497494 -5.364853 -0.219592 0.047369 -0.261101 6.071864
-8.243614 6.810248 0.650871 6.853425 7.356273 5.340685 4.061000 -5.059377 -2.050636 8.125855 -3.253761 5.416375
-10.682460 6.187339 1.958395 4.949907 3.218087 0.729611 -2.900070 -4.278567 -10.759830 -8.537837 -2.663997 7.680035
-10.952330 3.302891 -3.005437 4.792266 0.578504 4.138279 -4.385652 -14.444530 -11.669490 -3.501473 -6.077659 1.943578
-17.725670 0.229116 4.276951 6.622874 -0.683387 2.490057 6.155416 -13.978600 9.340037 18.582930 2.208458 -2.291178
-15.175040 3.194408 8.045167 7.567736 0.360526 1.261753 -1.608056 -18.957520 9.894365 35.265660 3.657643 -1.749566
-5.296223 16.194290 15.488990 1.649294 -7.269572 -11.285820 -8.334031 -16.892370 -6.089389 8.407768 -11.323070 -4.922393
0.105441 10.583970 15.342990 -6.539180 -25.352420 -11.214910 -7.891304 -22.889760 -15.816010 6.422593 2.018077 -15.799990
-2.015515 3.800388 18.981290 -7.843661 -27.186500 -8.728703 -5.992465 -11.090340 -14.150890 3.133909 7.818419 -22.176200
-5.322628 5.554067 17.075640 -8.521518 -30.810400 -7.687851 -6.750661 -9.911407 -14.012180 5.015747 7.603414 -22.965010
-5.753335 5.634219 15.950770 -9.072277 -29.399500 -11.068150 -3.847145 -10.715710 -14.081530 7.019958 9.413544 -16.494370
-6.719338 6.269565 12.477760 -7.549562 -29.312650 -15.685400 -4.630793 -9.900665 -13.132930 7.998949 8.634599 -14.234410
-4.738636 6.609867 12.617960 -7.087969 -31.149280 -14.624190 -6.329367 -7.628731 -10.900680 13.281870 6.476137 -18.823760
-3.090909 1.471478 13.383310 -9.227455 -31.624410 -14.820280 -8.289825 -6.650537 -13.162810 12.617430 4.671412 -16.786930
-5.560271 5.535756 12.322760 -7.997361 -27.312520 -16.354430 -4.571852 1.284449 -13.833980 8.780329 11.548580 -11.077320
-3.612833 5.942046 9.515409 -10.016650 -21.484150 -18.729640 -8.306570 -0.863281 -8.582533 13.561970 -1.159560 -9.440454
-4.209855 2.351427 9.199621 -9.773781 -24.309360 -21.111020 -7.368202 0.171980 -5.586279 22.235110 4.598742 -10.532940
-8.367064 7.467704 6.999405 -8.512650 -25.672580 -19.318510 -2.420504 -7.748907 -10.220440 6.002896 -1.037643 -12.522550
-5.582218 2.948078 6.515113 -7.735283 -22.163630 -18.834470 4.245861 1.996779 -5.643899 7.957252 -12.623910 -10.800500
