2.195170 7.258017 -14.632710 -22.231960 3.294268 22.304230 -2.909757 -16.296170 -1.957951 -12.522300 -1.069534 -10.951530
3.242964 0.657939 -17.286170 -21.160270 6.385153 21.481140 -8.037115 -12.476650 2.602380 -7.582913 -8.955393 -14.060670
3.742647 -1.607735 -15.534630 -20.428660 4.624260 20.005740 -8.549788 -14.948850 7.368770 -11.283750 -11.326460 -14.917930
2.584738 1.850888 -14.897280 -13.735110 -0.314526 20.444760 -6.811944 -20.048650 5.221643 -14.953040 -10.358420 -12.043570
1.218011 3.224839 -16.296460 -11.527430 1.694134 21.692470 -10.494330 -21.599970 2.466340 -15.487920 -10.775720 -12.565210
0.342639 3.577211 -14.579200 -13.383200 2.907286 19.784590 -8.633465 -21.393060 4.663481 -15.019830 -12.947720 -13.622530
-0.148717 5.168031 -15.172060 -14.489360 1.574808 17.946060 -13.028340 -25.854670 4.008790 -15.761230 -14.647870 -16.351390
-0.583318 4.383248 -16.048130 -14.207930 5.104052 19.076000 -11.034470 -26.681320 1.880669 -18.093650 -10.542740 -19.370420
0.019695 6.162709 -14.979050 -13.427960 0.419662 18.109630 -2.226609 -30.463920 -1.430297 -13.529600 -7.222804 -19.912720
-0.993244 4.700748 -11.802480 -15.934050 0.262218 17.673880 -7.586887 -28.719300 -0.671075 -17.659570 -7.282523 -17.908030
-0.942350 6.234113 -11.648550 -16.629650 -0.598755 14.533330 -7.710528 -27.323410 5.694281 -15.956010 -10.466060 -20.784040
-0.158278 7.657217 -14.460740 -18.146890 -0.768630 12.280640 -10.529920 -23.724400 4.230855 -16.518090 -9.301173 -24.733080
-0.821439 6.298875 -16.081800 -19.319420 -4.180204 9.460690 -18.040180 -24.507340 -0.575047 -13.295240 -15.354170 -28.358070
-0.785350 8.442331 -12.616010 -18.855340 -4.480177 6.817395 -13.601590 -21.566940 3.835239 -9.202375 -15.261280 -21.785150
-0.590721 9.340696 -11.672000 -18.919140 -6.388571 4.793049 -12.783560 -23.097850 2.155249 -4.711907 -16.398150 -17.864210
0.212166 8.104905 -13.967090 -19.049820 -9.290523 4.910820 -18.292460 -29.253570 -2.064982 -5.956649 -10.196960 -23.087170
1.245771 10.963400 -12.030960 -16.117730 -8.412148 6.479131 -15.177080 -26.483160 -9.126041 0.743189 -3.534971 -16.468780
0.610062 10.521030 -13.046530 -14.087540 -7.965502 2.154988 -22.751030 -30.461010 -11.091110 -2.094426 -6.251080 -14.230140
2.737728 10.574830 -11.554750 -14.709560 -9.530832 1.904399 -23.445420 -32.331910 -7.636607 5.422254 -1.859890 -14.992330
3.060055 11.353960 -10.903560 -11.190430 -10.216130 -2.603598 -23.258080 -33.659800 -11.815830 5.777188 1.665744 -16.448940
3.512855 13.872380 -9.913852 -10.800450 -11.877580 -2.334688 -25.893260 -29.910230 -9.285088 2.715730 3.748536 -15.035320
1.986352 15.003880 -6.565312 -10.363640 -8.895254 -4.997612 -27.027260 -27.129130 -8.560877 3.527625 3.521457 -14.000320
1.993137 13.172610 -7.639202 -8.048943 -10.815250 -4.788242 -25.886390 -27.959670 -3.775981 2.802917 -7.435138 -12.743770
0.900311 13.653180 -10.151960 -12.614030 -8.915141 -6.473670 -30.538540 -37.113100 -6.526283 2.742319 -7.216168 -23.421140
1.494071 15.731880 -8.673407 -6.951530 -5.457991 -7.367418 -26.511470 -34.473830 -4.780274 8.203599 0.949853 -17.688130
0.579526 14.898940 -6.218974 -9.063521 -6.124230 -8.878807 -20.955110 -26.765830 -15.186810 10.497680 -1.229522 -23.534400
1.098025 13.241360 -8.437704 -5.520727 -5.549972 -6.266263 -26.572040 -29.632410 -1.920940 9.090315 -8.963503 -24.571880
0.511668 11.632610 -7.437772 -5.280458 -5.336179 -9.522619 -31.398410 -28.547360 -2.343063 5.922500 -6.634461 -26.355030
-0.856293 11.628950 -5.453542 -7.635805 -4.032703 -13.668140 -30.997510 -23.998330 -2.773189 0.481626 -11.597040 -27.310670
-0.724278 11.484480 -6.230399 -5.005720 -5.264086 -13.599440 -28.157510 -21.621340 -3.658447 -1.685077 -9.255462 -26.522840
-0.981523 12.157680 -7.125707 -7.975370 -5.255799 -12.676250 -26.796210 -19.466790 -6.349232 -2.296627 -9.979463 -24.287500
-1.212241 12.003910 -8.728124 -5.899393 -3.728587 -12.773090 -29.367700 -21.896240 -5.434465 -0.903481 -12.915280 -24.794260
-0.158278 13.223430 -7.257989 -6.032647 -4.375767 -10.630320 -28.661450 -19.370620 -1.554333 -1.475456 -11.195220 -19.162100
-0.586711 13.653510 -6.481133 -5.866466 -3.073121 -14.063330 -25.656590 -18.197180 1.877168 -3.767066 -13.176270 -18.618970
-1.108603 13.063020 -6.187707 -6.504951 -5.566545 -13.074060 -23.535960 -24.475290 -3.047268 -2.915596 -12.035710 -16.777960
-0.650251 13.301810 -3.697799 -5.671988 -8.730351 -12.324250 -25.938220 -19.234630 -1.212233 -5.451456 -12.858510 -13.454710
-0.968260 12.384840 -4.171609 -8.403942 -9.563979 -16.640540 -30.516060 -23.754510 -0.754100 -7.318877 -18.342340 -21.555330
-1.397000 13.873370 -0.585564 -5.554169 -11.434250 -15.108870 -28.780720 -19.639700 2.042216 -4.044706 -15.997810 -21.750430
-1.486141 15.010190 -2.060508 -2.055105 -10.312250 -17.330150 -25.331880 -18.963610 5.146122 -4.870205 -15.821600 -19.224930
-1.214091 13.532630 -1.462834 -2.103982 -8.807416 -18.046590 -30.672800 -18.619740 8.171003 -5.100232 -13.028820 -20.365740
-1.164123 12.691380 -0.155046 -4.640430 -6.721691 -16.055610 -27.982670 -15.324770 4.829529 1.111726 -17.437700 -12.898360
-2.147451 11.291860 -1.278241 -6.592929 -9.297152 -20.573430 -29.533800 -16.895520 3.368603 -2.291680 -25.187170 -19.804430
-1.800449 8.462922 -0.260872 -4.891502 -12.006860 -16.611100 -26.094330 -13.007030 5.488721 -4.251854 -23.422140 -19.080260
-1.348883 6.092301 -1.827211 -5.913284 -12.569510 -14.901460 -24.868540 -15.855150 8.163001 -4.266076 -23.382330 -24.398280
-1.465476 3.424439 1.318696 -7.411487 -15.529470 -15.801100 -21.818720 -14.320360 6.568536 -3.936495 -19.802870 -26.031800
-1.921668 4.104938 2.307203 -9.806964 -16.271120 -17.355020 -14.758070 -14.919700 6.862122 -3.504267 -17.928730 -22.949110
-2.614131 3.685812 1.749815 -12.299680 -19.105950 -16.965720 -15.052810 -16.725520 4.735502 -4.823829 -14.530640 -25.651520
-2.793956 5.215855 4.604100 -12.682980 -18.467880 -13.012550 -12.947790 -10.563980 5.875334 -0.330888 -9.199430 -19.636610
-3.769572 4.642629 3.002887 -12.978300 -23.494500 -12.664480 -12.884720 -13.924030 8.197512 -4.707579 -8.549893 -23.956010
-5.379664 3.504810 2.749747 -16.140370 -27.412390 -15.680060 -14.315330 -17.217050 4.601462 -4.847326 -11.629480 -28.912770
-4.320458 1.211239 2.670979 -14.004710 -28.043000 -13.505230 -13.799540 -9.581904 5.809315 -6.013537 -13.247790 -24.254440
-4.063214 0.999019 4.097821 -14.993050 -28.361200 -13.403810 -10.159620 0.573999 9.011249 -6.383311 -8.489437 -21.166790
-1.772689 2.710064 3.430999 -12.624840 -31.441310 -14.718920 -9.235435 -1.672831 8.362559 -0.371699 -4.874594 -17.379780
-0.037984 3.934564 4.854234 -14.088570 -20.729280 -11.034660 -5.737891 3.584343 4.493931 1.861786 -6.363145 -14.723660
-2.642200 2.579876 2.892251 -14.190440 -14.421560 -9.342038 -3.903257 12.229730 9.585416 13.375490 0.574582 -13.995360
-3.781293 6.864463 3.877151 -3.119590 -16.271940 -9.457846 -5.087838 4.289574 -0.097908 0.341879 -4.000926 -14.289660
-1.876943 2.597146 0.099898 -17.027870 -14.856600 -10.682660 -12.806660 8.239254 3.532651 -10.092800 -16.093660 -14.061490
-6.377490 -1.102923 1.686079 -9.781754 -8.244760 -13.015170 -6.342358 26.546110 6.630554 3.198662 -6.403695 -6.890886
-7.896281 2.195953 4.248141 0.642379 -8.358285 -6.046424 1.524461 10.661910 3.812732 3.810830 1.689336 1.087386
-1.512051 8.282253 -2.352731 -7.017900 -10.011450 -8.893201 -0.944613 7.368887 -8.302801 -5.212154 -14.766570 -14.306190
3.897488 -1.101927 -9.443048 -12.000760 -9.336099 -0.763759 -15.186440 2.902426 9.987034 -7.588478 -30.042840 -18.940550
-0.285667 0.983410 -7.197260 -5.596357 -2.407710 -2.318985 -1.888157 6.673370 17.580250 -9.418798 -28.104550 -20.686490
0.000263 1.218545 -13.921400 -6.787921 -3.642407 -0.224632 -0.821597 -0.609156 14.412320 -0.791559 -18.462510 -27.893470
0.834612 1.653613 -13.876300 -10.261780 1.660988 8.513946 -6.005780 -9.161292 12.292210 -9.985826 -16.713700 -25.558110
1.163724 1.267034 -17.558550 -11.917930 0.148692 4.620319 -14.537010 -14.186300 12.217680 -11.725250 -16.985760 -30.666980
1.451814 3.688136 -18.651080 -9.697891 0.089029 -2.449187 -12.387660 -22.282860 11.981120 -15.209040 -18.264920 -26.913860
1.987585 4.202247 -17.569970 -8.984290 0.476839 2.312670 -11.545900 -19.694100 7.862414 -14.038500 -13.267690 -26.076440
0.643992 6.041488 -19.209670 -8.562407 0.642571 3.777605 -7.067969 -27.625510 8.834698 -16.249110 -9.324028 -33.502490
-0.183879 9.607384 -18.387720 -8.718812 0.545618 0.464980 -9.277897 -24.526770 10.970320 -17.024520 -11.905220 -37.734250
-0.064819 10.408440 -14.051270 -5.888074 -0.431367 -1.689567 -8.558531 -20.705310 9.468382 -9.383553 -22.914900 -30.719890
0.998705 13.758790 -11.020210 -3.877952 5.749574 -2.210375 -11.856880 -13.417930 7.738378 -6.669608 -14.874950 -28.247290
-0.107385 11.345660 -7.099852 0.946444 14.665080 -2.394882 -16.083780 -7.156339 -0.291465 2.689141 -5.641356 -19.565520
-5.373496 3.549645 -8.598247 1.249480 9.585421 12.444210 4.669816 4.667446 0.613299 7.697787 -0.947147 -19.485330
-6.184711 4.543991 -8.437103 2.389596 13.362430 7.139301 -1.695202 6.137162 0.814858 6.527248 -9.494338 -21.944700
-6.582915 3.657914 -10.234940 -5.604074 4.984725 6.545214 -2.099221 0.583713 7.490305 7.916684 -13.005960 -24.995970
-10.064660 3.421118 -8.873033 2.117429 3.518005 2.460537 -5.704170 -5.652624 7.986450 -6.647966 -22.648740 -18.197360
-10.377120 0.856874 -6.967570 6.162883 9.411403 10.443420 -9.678794 -6.715327 2.082728 5.620126 -6.792237 -5.068887
-13.957880 2.105951 -7.267008 0.236959 4.681437 2.860957 1.247206 2.483756 7.188717 4.260372 -5.331702 -8.950142
-13.665160 1.272680 -9.188705 -4.593097 1.072643 -2.943824 -3.135808 4.529508 9.830988 8.463924 5.247410 2.170335
-12.470240 2.929923 -9.140001 1.307103 14.627790 3.215578 -4.827443 -2.997809 3.685695 6.887128 -4.104145 0.200360
-12.000160 3.218529 -12.827060 5.703956 20.222040 3.991555 -11.736360 -5.348578 8.608131 8.178864 -13.102550 -3.624680
-7.222017 14.236700 -9.502575 10.879750 7.739176 6.386878 -4.572043 -12.817610 13.556070 13.589440 -24.603980 -7.365399
3.802177 14.779710 -16.219490 -0.766301 -1.761359 -1.209325 -2.754894 -15.753160 -3.092782 -6.270153 -5.252077 -18.374270
1.733425 6.987013 -19.872880 -1.141366 -2.517093 -11.143930 -5.187126 -17.984450 4.076309 -3.804168 -6.198734 -33.539690
2.490971 3.644629 -17.749160 0.214321 -2.918991 -6.107273 -5.404434 -15.034330 0.681819 -2.860563 -9.060085 -31.455630
2.727858 6.403159 -19.730980 2.320653 -4.519953 -2.814276 -4.417804 -16.068860 0.357225 -2.453688 -4.435917 -31.672220
1.768588 4.581188 -17.105180 -0.569251 -1.917146 -8.571949 -7.811689 -14.033790 -2.285046 0.324565 -10.800780 -28.286970
1.904613 6.418436 -17.170720 5.461630 -2.172372 -7.074300 -7.232824 -14.499090 1.144954 6.785719 -10.991740 -23.332690
1.438550 8.199889 -12.088090 4.697094 -0.358445 -10.644710 -9.479594 -4.959050 -1.046685 9.128034 -11.145830 -14.038350
-3.378154 7.438686 -8.271150 3.452023 7.173204 -3.640633 -4.991673 -5.136815 6.752590 19.641240 5.374220 -12.257680
-5.877806 2.144476 -14.105390 -6.221980 -1.980953 -5.581885 -7.609367 -3.042493 6.201429 16.015850 10.318360 -10.715100
-6.913878 -0.785091 -11.389400 -0.446802 2.164811 -2.356934 -6.783844 -9.035011 -2.041475 15.132840 5.401500 -9.298173
-9.734007 0.674212 -10.646210 -5.804212 7.328163 0.824181 -0.761025 0.992669 6.017876 12.663770 -0.763567 -9.395721
-10.761750 0.783810 -6.743292 2.650443 6.884832 -0.315577 -3.336257 0.479774 13.157960 9.560262 -4.648988 -14.107790
-10.282730 1.604793 -11.156700 -3.121134 -0.733826 -4.509518 -5.160275 1.106322 15.817230 13.154120 10.640550 -5.568201
-11.420590 1.756568 -10.721970 -0.510599 6.228537 -1.748452 -6.444768 -3.932289 4.764010 17.636550 -1.132202 -5.113528
-9.862321 4.086339 -16.803940 -3.467387 16.358850 -0.076764 -8.129534 -5.884787 9.931017 14.487900 -18.287040 -2.274714
-9.608469 7.588470 -13.813770 5.430761 16.253610 3.455699 -8.352463 -4.787114 9.696949 18.452770 -14.430370 -3.071632
-8.095846 10.848490 -6.267076 7.289622 17.624210 3.570198 9.352565 -5.047447 13.379020 1.892086 -16.537490 -10.153780
-1.747087 16.254950 -9.839293 2.789356 6.221908 -3.357329 2.069606 -15.085810 5.996870 -3.494374 -11.062520 -24.999270
0.075524 16.088570 -14.820910 -0.444744 1.337812 4.206813 9.524289 -16.931460 5.309669 0.062384 3.191159 -30.118070
1.057310 11.794010 -17.703460 2.176081 4.324287 8.186805 -2.316530 -12.301800 4.972571 -6.619522 -0.979587 -32.227750
1.425904 11.252670 -17.455730 1.584929 5.853985 7.320537 -0.850321 -18.367170 9.612925 -4.483118 -12.432370 -24.313130
1.168968 12.111180 -14.545530 -2.324185 6.707500 5.179075 2.932596 -14.308700 4.760009 -9.575860 -5.125266 -23.146690
1.092473 11.998600 -14.125830 1.961023 3.667992 3.138372 1.423301 -15.036270 0.764343 -2.302810 -10.694620 -21.768620
0.821965 12.819250 -12.050810 5.107145 9.597850 0.279164 -0.149064 -16.242740 -0.036890 1.764087 -18.242070 -13.838290
-3.923179 11.122480 -5.411452 9.430940 16.765720 3.339891 -9.638829 -13.529640 -5.354941 7.921012 -7.954915 -5.165608
-10.263610 6.160384 -3.136202 6.044550 4.291141 10.417250 -1.931869 -7.779973 3.360101 11.154370 -0.562291 -13.127350
-12.607810 3.274324 -4.764473 -0.093860 8.866976 6.239010 -5.095956 -6.622073 3.262072 5.008577 -2.643610 -10.444780
-11.188950 2.645634 -7.262198 -1.151656 0.836476 4.444972 -0.379486 8.362621 15.864750 1.190875 0.322435 -13.270360
-11.942790 4.700084 -5.701271 -1.455721 1.517631 0.477412 2.088340 8.951284 11.868580 1.414719 -12.985320 -7.254624
-13.747820 2.327138 -10.248160 -0.464809 6.274941 3.636280 1.057373 7.614649 13.092440 10.294240 1.117214 -5.347477
-13.339130 5.047142 -3.893216 2.936501 13.858800 11.504010 0.999299 -0.861718 8.552114 15.219410 -4.907033 -10.393520
-13.786380 4.478233 -0.201345 6.950057 6.032974 -1.208670 -3.978815 5.631066 11.540490 8.494224 -9.312969 -6.355198
-12.644820 1.108948 -7.579074 2.346893 6.522710 5.227492 -6.623985 -4.352901 9.546906 9.982595 3.351147 1.128720
-8.354941 3.301889 -20.270330 -4.657923 16.367970 9.391991 -8.762726 -13.181880 1.989701 20.762320 -1.381400 15.476550
-8.658453 5.480881 -17.429270 -2.363286 17.669780 1.149358 -18.008330 -19.726150 -3.382866 21.269980 3.037807 16.441280
-12.968070 4.632333 -0.369102 8.037694 8.062351 5.556595 -10.925820 -10.739800 10.385150 10.570650 -0.069057 4.126256
-5.043149 14.339660 1.111855 11.484790 7.832814 -6.038573 -23.526590 -20.423610 7.679360 6.680599 -11.144350 -8.535975
0.050540 14.333680 -6.333218 4.851442 4.467644 -9.453919 -23.808220 -21.517400 -6.670325 5.912607 -18.197830 -12.078290
-1.157954 16.869030 -6.295337 -1.010171 -2.925620 -9.981271 -27.327620 -23.800170 -15.196310 8.660561 -13.950410 -18.804970
-0.256981 17.835810 -4.363418 1.304531 0.636770 -8.814033 -21.933000 -19.822320 -13.715380 6.819728 -8.546206 -15.846290
-0.826066 16.972650 -4.045941 2.919008 -0.939333 -7.118136 -23.171280 -21.988530 -12.400000 6.321955 -11.533630 -17.916290
0.350659 16.703310 -2.304028 3.729334 0.592851 -6.736036 -21.697580 -23.312530 -10.486940 9.548513 -7.434401 -26.299640
-0.065436 19.165920 -0.897629 3.324428 1.816775 -6.661448 -21.599540 -16.019320 -14.536620 6.438205 -7.968923 -18.215550
-2.045972 20.156950 2.860383 2.275893 5.399053 -2.568266 -17.672380 -16.286450 -6.066149 14.604770 0.455881 -22.525850
-6.773844 14.295160 5.101962 2.796559 -0.378333 -5.242313 -17.691110 -10.141430 6.993660 17.097350 4.645796 2.628315
-9.758991 6.724312 -0.265682 0.641864 -5.682557 -11.036630 -16.983610 -12.507740 -3.309345 7.958732 4.006581 2.863918
-10.027960 7.682457 -1.437580 3.157218 -4.964941 -9.266795 -19.884800 -10.930200 1.277993 10.571270 7.532215 0.272282
-12.413790 7.760172 -0.583760 3.248284 0.502528 -4.697951 -7.845409 -5.731307 -7.034431 -3.441814 7.103860 -0.463462
-13.720060 5.693766 -1.430365 2.717842 -0.839065 -8.626908 -10.812790 -9.565392 -5.647027 0.050635 2.109581 -11.373960
-14.914370 6.086655 0.728237 2.172994 2.570023 -7.086077 -10.455610 -14.936220 -7.251495 3.495471 7.240255 -3.867723
-15.603130 5.392871 -0.916269 1.993951 0.284591 -5.203711 -6.381074 -8.640626 -7.998213 -2.710304 -1.867262 -7.485268
-16.316260 3.990027 0.600164 -3.455554 -11.475690 -17.809090 -14.084290 -10.954480 -8.218777 0.108142 -1.956472 -6.684216
-15.094810 4.794072 0.531017 3.050718 -10.685980 -13.044610 -16.213660 -6.445280 -7.271501 -5.320983 -6.507650 0.990665
-15.371490 6.507442 2.755158 -0.538896 -0.474457 0.789504 2.160151 -12.125980 8.485596 12.524640 5.768661 5.269552
-14.729300 9.363945 7.056729 1.893110 -2.498862 2.900868 8.294747 -12.669960 10.110070 12.952540 -2.634762 3.714570
-4.180424 15.845130 16.048900 -4.700111 -16.616660 -4.363614 -6.345480 -22.286740 -13.225740 15.496440 -1.629861 -4.695229
-0.129284 7.410789 19.134080 -8.050486 -28.968600 -9.710398 -5.632983 -20.327440 -14.876220 6.620619 5.800364 -16.062060
-4.070925 5.014927 16.274980 -7.809189 -29.649760 -9.211182 -6.260555 -16.121320 -10.353400 0.238614 7.372227 -21.723970
-5.035438 5.487524 16.797500 -8.274805 -29.052300 -9.961642 -5.094707 -12.085180 -7.938195 0.236141 8.847507 -21.438770
-4.101153 4.315166 16.566000 -9.792043 -28.115090 -10.087920 -6.696421 -11.468350 -6.916897 1.500669 10.463610 -18.558620
-3.596842 3.925265 15.849880 -10.391430 -29.635670 -12.014120 -7.728013 -11.552860 -8.820952 5.441423 9.769835 -20.290510
-3.639408 6.611393 12.505550 -5.363806 -34.083070 -15.553130 -8.438012 -8.450233 -7.789152 6.476543 9.053944 -19.614290
-5.035130 6.684458 11.414220 -8.516616 -33.011610 -11.708570 -8.011513 -7.465241 -6.002631 7.548146 8.033560 -16.924280
-0.601516 7.459278 9.847279 -9.906775 -28.173090 -13.740120 -3.083354 -3.618529 -8.320307 10.909500 5.786355 -9.644551
-1.546597 10.153040 10.709520 -13.062160 -22.790980 -17.782260 -0.614904 -1.812711 -4.965328 18.863980 12.066440 -11.650070
-2.550591 9.139769 8.460121 -9.061463 -16.600090 -18.006030 -1.969960 4.817040 -9.228071 15.418520 4.627364 -12.045230
-9.625125 3.885079 11.604830 -2.348366 -26.338450 -16.401730 -2.689326 3.945701 -4.561710 22.429390 18.273530 -3.269208
-10.126350 4.210882 5.884831 -9.023392 -26.483470 -12.139090 -0.034790 -2.270237 -2.449594 14.043930 11.166960 -12.184110
