2.199188 3.649095 -11.693520 -17.439910 6.279630 18.274600 -4.594052 -15.674900 15.935090 -10.466900 -6.665782 -13.961350
2.177581 -3.803041 -11.054350 -20.317120 3.184409 23.307060 -7.237314 -20.259320 12.260460 -13.323890 -7.573034 -18.306610
0.161936 -5.176796 -12.617640 -13.348360 4.976895 20.766980 -5.801703 -24.535200 12.042360 -19.360110 -5.747046 -22.591180
-1.828972 -0.901345 -16.324580 -14.014110 0.404889 14.968630 -7.561462 -29.680030 12.910040 -25.225410 -7.333142 -24.119040
-1.286937 -0.529394 -16.401260 -16.163220 -0.169248 18.364860 -5.341834 -35.887520 11.440070 -24.241460 -5.937811 -25.827460
-1.548091 -0.032267 -14.139980 -13.886390 0.213510 18.674310 -6.504684 -32.410930 13.403570 -20.583190 -4.915079 -25.970740
-1.042379 0.371474 -13.116080 -15.140460 0.666341 17.674390 -5.993425 -28.830980 16.708790 -21.830580 -6.055205 -23.714050
-0.813791 0.401676 -14.661510 -14.403300 -0.923464 16.811150 -4.952460 -30.726610 13.403570 -20.114340 -2.381536 -26.315060
-1.746618 2.061547 -16.119800 -17.342860 0.623393 16.873690 -4.613158 -31.640730 14.472210 -19.015140 -3.283684 -27.566590
-0.968166 3.077260 -15.467560 -15.497970 -0.772018 19.729020 -2.968696 -29.092050 14.170770 -16.794770 0.270676 -26.120610
-1.601010 3.270786 -14.878050 -17.240280 1.419049 15.192340 -7.321645 -27.633580 14.536640 -18.842650 -3.431703 -26.660840
-1.435676 5.290687 -14.632750 -18.350540 -2.617999 12.124900 -6.868364 -26.402500 14.611700 -15.055800 -9.363932 -24.912940
-1.094672 3.805266 -14.935130 -18.104150 -4.397676 8.915628 -11.125120 -23.839270 11.771650 -10.683290 -10.183780 -24.039360
-1.240280 5.759996 -13.581840 -20.202970 -6.249684 9.290194 -9.617699 -25.626180 8.358865 -6.112413 -7.286567 -24.136590
0.525172 6.375544 -11.902660 -20.840560 -4.880644 10.140540 -12.488920 -23.442680 12.357980 -1.037410 -5.821055 -19.527430
0.562434 7.065004 -11.486560 -20.735980 -7.380630 7.325177 -17.185780 -27.261500 4.963219 3.854915 -1.401551 -19.298620
1.171168 6.808295 -11.207280 -17.536950 -5.452522 4.431805 -22.658100 -30.273370 5.527682 2.707884 0.901669 -16.044060
2.752496 9.086495 -9.581680 -16.018900 -8.928994 1.771812 -20.821910 -26.567100 2.892732 9.252937 5.082557 -10.341280
2.412432 9.264920 -7.785287 -16.796280 -11.551790 -3.807985 -26.175640 -29.151770 -2.773180 8.690006 2.737866 -13.584870
3.238793 11.102820 -5.627699 -13.625420 -10.828470 -5.658892 -25.410070 -28.961900 -1.262428 13.015480 2.888436 -11.515320
3.791476 10.543300 -6.366647 -11.335020 -13.078310 -8.316951 -25.520090 -26.472170 -1.805613 16.164920 2.109425 -20.550140
2.413058 11.463250 -6.758778 -9.657570 -9.465459 -8.429127 -31.342910 -27.802780 -4.842485 13.241280 3.320370 -23.441370
0.866175 12.035080 -3.676198 -10.464110 -12.432590 -7.203570 -26.249430 -25.340610 -4.897453 5.194816 0.328097 -19.672900
-0.547627 11.073810 -4.464379 -9.168314 -9.850477 -5.213410 -32.832550 -32.124600 -4.295162 3.961543 -4.326195 -21.314800
0.240532 11.926600 -7.620157 -9.355368 -0.612284 -4.697658 -27.045970 -22.678610 -4.748506 0.530643 1.364228 -21.235120
-0.388554 13.268960 -3.433948 -5.476518 -1.743230 -10.649440 -21.896480 -15.668780 3.208950 -0.815531 -4.017397 -15.794780
-0.681335 9.206107 -2.129026 -1.997923 -1.371773 -7.231292 -24.072620 -19.091010 4.087858 -0.247895 -10.620180 -20.464610
-1.589111 7.255749 -5.741417 -6.505313 -8.557537 -11.413400 -28.288530 -23.178550 -2.964092 -2.937106 -12.463390 -30.011890
-1.554040 8.221391 -3.169478 -6.100533 -4.948456 -5.983171 -24.215590 -24.250390 0.588776 3.466038 -9.714200 -31.615770
-2.132399 8.249605 -3.978138 -9.221614 -5.426151 -9.664354 -23.150910 -19.386530 -1.905502 0.373837 -11.396640 -27.809290
-1.703719 7.609818 -2.698050 -6.604372 -3.032403 -11.665470 -21.789090 -18.181480 -2.078092 -1.031922 -12.995490 -31.640630
-2.372260 8.025480 -2.981691 -7.501927 -1.523973 -9.438712 -24.809870 -23.007060 -1.809750 1.687866 -14.218560 -26.620630
-3.212086 8.178473 -3.040946 -4.370790 -1.202245 -7.157153 -25.207150 -25.845900 -1.251197 1.762348 -16.361000 -21.531920
-3.017317 8.483267 -1.821857 -2.574169 -7.147810 -9.628251 -21.681040 -22.182500 -0.111632 -11.859330 -20.917680 -20.185360
-3.019822 6.908833 -2.023586 -1.523249 -3.792646 -9.472237 -22.633720 -20.438470 -6.721468 -13.010280 -12.643950 -17.116490
-2.412028 9.676212 0.405007 -1.708795 -4.831669 -5.021293 -19.172840 -16.777360 0.944595 -14.792370 -13.449760 -10.804030
-2.799062 9.663098 0.914777 1.158356 -4.962772 -6.161750 -19.279570 -17.585070 -1.881860 -10.310090 -21.513580 -14.639020
-3.941689 9.280815 -0.389274 -4.290839 -6.676144 -7.148127 -21.914270 -19.635350 -6.590844 -7.043837 -24.354010 -19.569100
-4.293339 8.962909 2.179615 -4.458282 -10.070490 -7.192611 -17.622590 -18.318520 -8.839240 -4.776432 -22.587350 -22.143790
-4.053478 7.089642 1.943465 -2.158327 -11.119310 -9.734626 -16.934100 -15.788210 -6.865687 -5.525177 -21.427450 -21.316270
-4.269228 7.193359 4.744147 -4.278771 -15.916600 -9.447093 -16.470940 -13.584050 -0.630583 -4.607082 -22.742390 -26.628670
-4.692272 6.007964 4.028727 -7.210284 -16.465120 -9.516720 -14.586000 -15.282150 0.585229 -1.540755 -20.317310 -28.528620
-5.496401 4.218545 3.566449 -9.074787 -21.453790 -13.042530 -18.120670 -17.987010 0.624830 -0.731640 -18.034500 -32.438180
-5.898153 4.982714 4.223049 -8.159632 -23.725470 -13.292670 -15.820010 -13.123920 3.868574 -0.522305 -14.238980 -29.312290
-5.468845 4.030981 4.646114 -7.871006 -25.550360 -15.271230 -11.978320 -11.720570 7.122365 -2.586646 -8.216787 -22.705220
-5.537109 4.277756 5.729265 -9.786798 -27.840130 -12.834940 -10.899800 -11.345430 6.260598 -0.454878 -5.096274 -18.710870
-5.583139 3.982897 4.911020 -11.338540 -29.030600 -13.792310 -9.030673 -11.691480 6.263554 -1.487441 -3.484658 -19.343940
-6.047204 2.700540 3.786478 -12.404040 -30.954190 -16.703730 -10.416870 -9.514113 3.347258 -7.916458 -6.667058 -17.995190
-6.045326 1.457524 1.968736 -13.789340 -32.418910 -18.942100 -10.148720 -11.779530 3.318887 -10.616640 -12.695630 -15.972420
-5.749414 1.810798 2.593966 -12.880220 -32.935790 -15.523950 -8.777678 -8.388680 7.199794 -10.239530 -13.828100 -14.211370
-4.837880 2.788759 3.645311 -11.362670 -28.096310 -11.294130 -5.150771 -2.955979 10.750300 -6.441704 -9.206981 -10.583260
-5.118448 2.828497 1.986599 -10.986050 -25.883390 -12.227000 -1.043569 -4.491774 10.399800 -5.231952 -8.405001 -9.735259
-5.931971 2.516949 0.414593 -13.968860 -28.309540 -11.898210 -2.275598 -3.611333 6.783687 -10.938880 -13.736860 -14.303480
-6.739232 1.496865 -0.604946 -13.664640 -25.135200 -12.186380 1.068669 -1.863467 11.077160 -12.818980 -17.224230 -12.164480
-7.231791 1.724168 -3.459655 -13.340820 -25.342400 -13.670460 2.246673 2.174310 11.960790 -12.793890 -15.571780 -12.381590
-5.747535 0.654412 -1.977402 -13.936170 -23.019480 -15.513630 -2.609629 -2.021946 8.264887 -10.873810 -5.308732 -13.193770
-4.262339 1.771854 -3.135494 -11.121820 -17.983340 -9.853249 0.406536 -1.542681 9.284467 -10.335180 -10.382840 -17.484200
-5.305703 -0.142740 -4.470479 -8.841976 -9.799995 -6.619481 3.483973 9.058590 15.058540 -4.468310 -13.032500 -17.041920
-4.496877 -4.084388 -8.320763 -12.774130 -7.139523 -8.070034 0.017162 -4.792655 12.066000 -13.581830 -23.284060 -12.025580
-5.525836 -2.373254 -7.679848 -4.540244 -1.458421 -2.528919 6.741272 11.739720 15.018940 -11.824050 -29.227770 -21.257780
-1.478575 -4.586284 -14.459780 -6.660688 -2.411551 1.026550 7.515408 0.751824 13.658910 -8.052878 -21.544840 -24.651230
-3.555908 0.417571 -16.365970 -5.796823 2.151413 1.511357 7.247261 -4.608911 13.174830 -13.535580 -16.247430 -23.915810
-4.431118 -1.322175 -17.354570 -7.889611 1.135747 4.343482 2.542492 -12.065860 13.926660 -12.086690 -14.891660 -27.263210
-4.065691 -2.645859 -18.005070 -11.462240 4.292751 8.490777 3.775838 -16.696980 18.626190 -13.392100 -10.739480 -36.143780
-4.264218 -1.580871 -20.053740 -14.477720 1.212600 6.869380 -0.082982 -18.731940 13.829730 -19.248780 -10.973000 -37.146760
-3.712788 -1.616238 -22.823920 -11.998250 -1.114089 6.616017 2.475290 -25.065760 16.448130 -16.271040 -8.676155 -34.601310
-1.120662 -3.190672 -21.358220 -12.348730 -2.757389 3.107611 -3.236185 -30.762590 18.291650 -14.775120 -10.367520 -34.859360
0.718375 -1.617431 -21.644480 -8.816834 -0.839076 1.787929 -1.695160 -25.726470 13.846870 -18.242090 -2.237984 -32.024420
0.247108 0.557450 -21.676280 -8.662968 -0.684616 -3.855692 -0.644971 -25.659100 13.528290 -20.064950 -10.923230 -28.393380
-1.423463 3.356620 -21.491110 -8.705205 -4.134717 -3.742871 -6.178559 -27.233940 12.159390 -19.800730 -13.436360 -28.603920
-1.127551 6.818626 -18.163670 -4.631257 -1.962487 -5.155388 -9.061639 -21.601410 13.993450 -11.951840 -9.191031 -25.571600
0.038561 10.257190 -14.240620 -2.654622 2.509308 -1.474850 -10.428730 -12.056670 16.216430 -3.363616 -9.056410 -17.590190
-4.185308 2.580928 -10.902290 -4.167645 2.019558 5.937158 -3.854176 -4.668628 0.525532 -1.172263 -2.904068 -13.647010
-5.133479 0.096088 -12.772310 -1.798802 9.537599 4.670341 -9.941848 -5.347715 11.323040 8.108258 4.008784 -25.402730
-4.682252 -0.215064 -12.008530 1.041699 6.654854 6.498039 -3.056980 -4.969509 11.173500 9.259210 -3.954234 -22.080920
-5.541492 -1.400856 -13.618440 -1.304517 6.972815 13.559330 8.508278 0.633922 5.975707 6.377128 -8.718265 -28.381690
-6.895485 -1.317406 -7.682898 4.341788 11.543310 11.724550 -1.142395 -7.071082 -0.619944 0.534563 -10.153790 -19.954350
-9.172598 -1.005857 -6.792762 -2.045189 2.567324 2.234055 -6.544215 -6.420321 1.617222 -0.608548 -9.851372 -16.017750
-8.477753 -1.875332 -8.245387 -2.001946 -1.147242 4.211966 -4.749537 -5.012382 7.994771 0.682744 -7.411617 -13.940150
-7.381157 0.746207 -9.264490 -0.975162 5.933791 5.511662 -4.230372 -8.995802 1.720067 1.041828 -5.434420 -1.171952
-6.534128 2.419192 -19.611500 -4.165634 15.107940 -3.748029 -6.244443 -15.604470 13.063120 15.092370 -18.246960 -3.800743
-5.273763 6.946584 -18.075660 4.008410 16.441570 -3.716439 -11.272040 -11.511570 18.351930 11.358050 -21.889370 -3.317531
1.514676 9.330886 -16.606910 -3.238914 -0.384739 -7.772832 -0.854482 -16.648740 5.374007 -11.592760 -5.877838 -19.924380
-2.454928 3.240982 -21.564740 -5.578593 -5.980699 -11.733170 -4.731749 -18.326940 6.274193 -13.107500 -6.681094 -31.399390
-0.724861 -1.026124 -21.132530 -7.842345 -6.242150 -10.554030 -7.816433 -23.997740 1.143191 -14.953100 -5.943553 -33.811060
0.455342 0.779985 -20.631910 -5.075258 -5.393752 -7.498194 -1.372329 -21.663430 3.983831 -15.309040 1.038204 -30.795550
-0.252967 1.953856 -18.148860 -4.536724 -4.379592 -12.114180 -4.930059 -16.653340 5.106847 -18.733670 -5.731095 -33.474050
-0.472161 5.996042 -18.182400 -3.117731 -5.246073 -10.617210 -8.734196 -16.919770 10.883880 -10.343800 -11.249890 -31.060190
0.399918 6.797963 -18.570180 -0.733802 -4.883658 -13.549900 -7.004085 -19.775460 5.694952 -8.777319 -17.483900 -28.689450
0.158804 9.031259 -13.329140 3.205387 -1.462942 -11.266410 -8.860693 -20.122270 1.962993 3.800033 -10.482370 -24.014500
-0.841033 12.306490 -8.317278 3.240585 2.544720 -3.959487 -8.768456 -13.146120 4.661778 12.116200 -16.327820 -10.498460
-3.714980 0.629774 -8.441452 -1.226075 3.266537 4.768334 -1.044886 -5.429635 7.772532 12.836720 -3.288789 -22.578030
-5.171681 0.393728 -7.236305 -3.259027 1.861331 -1.768829 -2.871847 -4.082943 8.639619 11.463890 -2.485532 -16.598920
-6.611786 0.539965 -12.280840 -3.834267 -1.350676 1.245744 -6.430236 -0.721191 4.438357 3.342946 2.811237 -10.525500
-6.048770 1.128093 -10.138070 0.377457 3.821838 -0.859815 -5.828057 3.445972 5.394694 3.818066 7.804951 -8.639442
-5.300379 -1.611470 -11.991970 -1.261777 0.334817 -1.839745 -3.694078 2.152107 1.458818 4.961176 -3.521024 -6.610829
-7.990516 -3.288031 -12.465580 -4.417050 0.441055 8.251597 3.697436 1.522784 6.852251 4.787122 -1.802222 -2.439562
-9.156002 -2.057334 -12.720030 -1.848079 5.635420 10.971550 0.996856 12.840660 11.185320 11.282000 3.847367 -16.485610
-8.211589 -0.350571 -9.241398 -0.266671 8.475217 8.171656 5.662753 4.223823 -0.383520 3.661260 3.114292 -10.042290
-9.296287 1.087162 -8.873231 -2.580706 -0.730577 1.693160 -2.354658 0.107189 -1.207459 3.876868 -0.637214 -8.139417
-10.584520 8.056079 -21.413120 -13.926620 9.621232 4.250002 -13.881700 -23.181610 -8.900119 12.528600 -26.001350 3.703299
-5.633554 7.858580 -20.138700 -11.846400 10.055980 -4.941351 -19.668950 -18.294790 -4.093610 20.887110 -18.335010 2.635992
-9.998020 4.821376 -14.446710 -0.518087 8.201711 1.185144 -10.189570 -5.706017 2.547552 26.154980 8.421270 5.995083
-6.598321 7.007781 -1.692018 6.713146 13.898630 -0.304736 -16.659370 -15.001170 -2.102916 11.332960 -12.587160 -9.643880
-1.544646 14.568400 -3.128522 1.582747 4.656673 -10.138200 -22.422890 -21.746880 -8.586857 2.946228 -17.298240 -10.292300
0.071127 16.809650 -9.880135 -0.153534 -1.660349 -7.606502 -21.686970 -19.114740 -14.964410 8.423437 -12.009130 -8.239568
0.062359 15.661210 -7.080324 1.021586 -2.209623 -6.045061 -17.848570 -23.760410 -18.107670 0.357373 -0.082782 -0.177749
-1.645476 14.081210 -4.863917 2.925309 1.177187 -2.518604 -23.672710 -28.644940 -17.044940 0.249961 4.699112 1.086205
-5.683969 8.312789 -5.749260 3.673021 3.781904 -1.380725 -20.866060 -18.612510 -19.937000 1.071621 -1.446850 -2.362072
-5.606625 5.172266 -5.514853 3.764034 11.043770 10.112820 -9.371952 -15.509530 -19.699990 -3.972021 -6.840597 -17.647220
-8.608017 2.253483 -7.066382 0.074249 6.919319 3.255890 -13.926510 -21.028750 -18.665630 7.175267 9.528857 -5.395854
-12.705690 -1.879306 -5.138408 0.484058 7.851351 8.922075 -6.637770 -11.310210 -17.924440 -1.937472 3.983264 -3.912591
-9.028556 2.466878 -4.762399 -0.662400 6.262300 6.048045 -8.186701 -7.284685 -4.200593 7.401851 1.890587 -5.289855
-10.873540 4.433133 -3.361186 1.646606 10.178790 7.732621 -3.700007 -3.300499 -2.536164 4.874149 2.600693 -5.000366
-11.581230 4.772101 -2.034043 4.220103 9.733499 9.725360 -8.001567 -6.063552 -9.284900 3.168892 3.357375 -0.752340
-11.947910 0.921454 -6.496922 0.704801 3.081185 4.844407 -2.050933 -12.831460 -9.167870 3.225342 1.774469 1.044536
-12.511240 1.486930 -1.622742 4.659076 9.282928 7.518584 2.125447 -6.664548 -7.820842 4.108156 3.886924 8.127503
-11.191690 4.464923 0.040762 6.967077 11.532760 10.305580 -0.046745 -7.783091 -1.007680 6.289317 12.583660 10.760680
-11.202020 2.341305 -5.262582 0.026983 1.550905 6.319459 9.584821 -0.777080 -8.102777 -1.369053 3.844177 5.767732
-3.761011 4.174038 -14.535160 -14.966480 -8.556784 4.304801 3.627599 6.819974 -5.109053 -4.247214 -4.356819 -4.003970
-1.286937 8.211854 -17.885690 -15.091180 -2.042354 5.905568 3.014220 10.478780 -13.922960 -3.303246 -13.070780 -0.507445
0.126865 11.122690 -22.383860 -18.421940 1.610428 5.198987 3.768591 14.285350 -11.052170 4.084635 -13.770680 5.337154
0.367039 15.784400 -11.245620 -11.749860 0.327283 1.016879 5.169282 3.937488 -14.432450 3.878436 -3.635867 6.281648
7.815251 19.363230 -8.843603 -14.267040 -9.963497 -5.700797 0.085022 0.314666 -20.108410 -5.059466 -6.638986 -4.000314
6.885869 20.865340 -12.054720 -17.133180 -20.156330 -0.399506 5.619928 -7.028974 -10.733590 -5.826244 -4.467195 1.063543
7.351812 17.747470 -11.239080 -21.742140 -19.876040 0.103353 1.067351 -9.870883 -1.317396 -12.988330 -6.268939 -0.717982
6.325358 17.842840 -10.606010 -16.894330 -22.543290 -7.447263 10.343800 -5.685345 0.638425 -15.674400 -7.226594 4.820315
4.901850 18.128560 -6.421981 -19.047460 -22.952420 -2.859000 6.011279 -8.733201 4.556569 -19.485550 -8.491132 -1.688061
5.590119 20.196150 -3.821286 -25.985550 -20.849510 -3.071104 1.272250 -10.108220 -3.365423 -9.660917 -0.725259 -5.599081
2.941316 18.606620 -6.368825 -20.236660 -17.819090 -5.253381 1.085799 0.352946 5.299533 -7.807478 0.795122 -1.240669
3.903265 16.596250 -4.855203 -11.164560 -16.404090 -6.300359 1.565434 -4.218454 1.726568 -8.193219 -4.851916 -7.107200
3.704737 15.857910 -9.762495 -20.712840 -21.162950 -2.835147 1.277521 -6.693641 4.843825 -8.832201 -12.287300 -3.188138
-2.620576 7.463978 -7.692483 -16.895840 -16.217230 -3.606842 0.013868 6.694416 5.017597 3.975655 1.626450 -3.116497
-3.030155 12.289410 -6.214588 -5.145654 -4.803038 0.274196 5.143588 -5.614144 -2.702843 -7.078334 -10.364330 -5.163386
-1.320755 10.261560 -3.583394 -6.154839 -8.558290 -1.547700 -4.297574 -5.315560 -5.114964 -10.303030 -8.745699 -6.964648
-5.217085 6.070751 -4.105798 -4.031880 -9.596561 1.716369 7.434371 6.189885 -2.539119 -6.076348 -5.221324 -1.060105
-4.496250 8.821440 0.107424 -1.970770 -4.191980 2.182480 1.002785 -2.007400 -2.564535 -4.883844 2.807409 -3.073366
