-0.091654 -1.864583 -13.847410 -23.624490 5.643929 23.672450 -24.857960 -11.691070 2.360081 -8.571954 -20.427850 0.667922
0.689956 2.112772 -12.130130 -22.344310 7.268084 23.416840 -19.575680 -18.873400 7.811369 -11.027360 -22.118120 5.015588
0.036924 1.676602 -13.860450 -20.676130 2.503960 21.943120 -18.992270 -20.945190 2.161258 -10.586760 -25.825560 2.648581
-0.076241 2.077744 -13.287250 -18.810690 3.984949 21.478220 -18.394160 -18.300850 0.407939 -8.308479 -25.162570 1.763695
-1.501960 3.723580 -11.671010 -20.421050 1.927428 19.479110 -17.703340 -23.284940 -2.519252 -11.250430 -25.976920 -0.688510
-1.110546 2.961122 -10.663830 -18.002530 3.244938 17.225470 -18.264670 -18.731880 -0.859216 -11.627370 -19.859250 -0.932296
-0.531741 3.045093 -11.771590 -19.609910 0.570257 19.149920 -17.746750 -21.382680 1.468782 -9.164218 -20.895160 -2.718095
-0.358951 4.149674 -13.273740 -18.667650 -2.091848 19.206050 -18.408130 -20.561580 0.040253 -3.928490 -23.735310 -6.406104
-1.380277 4.105049 -14.960290 -19.035970 -5.715485 18.573840 -18.667830 -18.650700 0.520288 -8.332280 -30.127490 -5.928654
-2.180545 4.303701 -16.004250 -22.526680 -4.132925 18.171620 -22.483870 -20.105410 0.311932 -7.464918 -31.779780 -8.768049
-3.100063 4.270113 -15.707640 -21.851420 -6.639289 14.650280 -23.859620 -16.665110 -0.716227 -7.097935 -29.423640 -11.278460
-2.515984 3.627613 -17.561810 -21.928300 -7.467328 12.509460 -22.634690 -19.399250 -4.124815 -8.339477 -28.365850 -9.862136
-2.542755 4.186621 -15.752810 -22.086240 -6.991399 15.423650 -26.904660 -15.522890 -4.819333 -4.572785 -24.401740 -9.210914
-2.162292 5.905392 -14.870880 -22.924800 -7.397680 17.171510 -25.507570 -18.620530 -7.068347 1.493219 -16.873500 -11.270870
-1.437468 7.330023 -13.444170 -23.168560 -12.683200 16.333280 -27.472610 -21.478230 -9.552272 5.240537 -9.157072 -7.094442
-0.130593 8.247469 -13.066070 -20.826320 -8.229588 16.130540 -30.419060 -27.860280 -7.405393 16.422160 -7.485792 -5.997825
0.320040 9.692733 -11.414910 -17.248600 -7.650154 12.591210 -37.648720 -29.627480 -6.507966 21.397730 -1.154612 -12.243480
1.619614 11.191260 -8.493955 -14.856300 -12.050560 7.035330 -37.987870 -27.545630 -6.878376 14.893340 -4.403363 -5.327201
1.228201 12.330870 -8.237388 -14.059470 -13.046920 5.185549 -34.823660 -28.331530 -14.077540 5.274855 1.265406 -9.107157
1.825258 12.873080 -9.448516 -12.320970 -10.796890 2.992955 -31.546880 -26.446510 -13.221640 6.704593 -11.331350 -9.702704
1.343799 12.449870 -11.203510 -9.245070 -10.300650 6.218897 -34.388860 -28.856670 -14.278400 2.558188 -9.265843 -10.661820
-0.350433 15.430130 -8.317478 -8.805827 -10.810440 4.087890 -25.940160 -24.616090 -15.565300 7.871962 -3.551033 -15.440540
-1.467888 14.886950 -6.903797 -5.829459 -6.201087 2.033184 -33.713500 -23.361090 -9.381366 12.217630 -8.541277 -14.855120
-1.892967 14.933980 -8.110734 -4.214926 -9.705741 2.816370 -30.549280 -21.507680 -11.690300 10.092120 -7.623915 -13.949140
-2.326970 17.636410 -8.404552 -6.198972 -8.132854 0.465176 -33.334610 -17.577450 -4.869039 12.746800 -11.853910 -17.675110
-3.192136 15.081280 -6.127110 -5.892634 -9.375879 6.326810 -36.793840 -22.509100 -7.158907 13.108240 -9.855741 -14.543000
-2.071436 15.179170 -8.431560 -4.952760 -7.120055 1.814633 -35.593930 -18.323840 -2.543083 8.208501 -12.272310 -15.128430
-3.282182 14.681580 -6.895881 -5.337173 -6.081137 -3.024554 -33.744400 -15.626340 -7.623281 6.978030 -13.023920 -15.496220
-2.827493 13.122120 -6.445142 -4.216714 -6.106288 -4.301524 -33.516330 -18.727570 -3.721722 1.221996 -14.943820 -16.555720
-2.947959 14.244450 -8.290471 -3.181482 -7.675305 -5.032389 -31.905160 -16.127040 -7.286235 4.330000 -14.531760 -18.336460
-4.574454 14.679180 -8.425040 -5.956405 -7.871674 -0.727316 -34.798650 -16.667260 -8.847540 1.882896 -14.246880 -20.342420
-4.092185 13.695520 -5.342043 -3.836473 -7.167454 -2.978773 -33.773820 -14.953940 -2.304087 6.583926 -17.588290 -20.237820
-4.729803 12.280490 -7.800152 -5.194136 -10.008520 -2.726431 -33.007230 -19.660740 -8.492110 3.372413 -16.693940 -25.924210
-4.106381 11.666780 -7.236729 -5.292474 -8.126083 -4.428512 -33.281640 -16.109800 -5.105311 4.889606 -19.196260 -20.774320
-4.669367 10.599620 -6.964796 -4.293597 -10.259060 -9.198482 -35.084090 -14.783680 -4.354959 0.519581 -23.929830 -25.833950
-4.397609 12.085670 -6.895881 -2.643900 -7.326097 -4.605642 -35.321720 -16.147160 3.501951 4.342731 -18.876850 -26.620140
-4.297423 11.060260 -5.767637 -1.192072 -7.297077 -7.114890 -31.242300 -16.733350 0.007570 1.749498 -23.684660 -24.679120
-4.479136 8.819432 -5.251709 -1.178364 -8.642640 -7.871371 -32.442220 -16.923000 0.965597 3.219089 -24.382180 -20.075020
-6.098736 9.893784 -5.010508 -3.266708 -12.901820 -8.786996 -34.158590 -18.054450 2.975615 4.371514 -27.984870 -25.437480
-5.603081 9.993110 -5.308051 -3.475900 -12.642570 -4.909215 -35.996350 -16.894270 2.359400 6.865666 -27.961270 -26.816680
-5.278188 9.182668 -0.766671 -4.111820 -11.568830 -7.474600 -30.760420 -13.778670 3.776354 3.717255 -24.397720 -25.206340
-5.367016 7.356894 -2.426210 -5.619075 -13.053690 -7.321996 -36.537090 -16.756340 3.320831 1.081402 -28.147740 -27.106020
-5.534533 7.021489 -1.560586 -6.377173 -17.056520 -8.195109 -33.080800 -15.778630 4.432742 0.688404 -29.915700 -26.949120
-5.685420 4.417422 0.068220 -6.451672 -20.454770 -8.011439 -32.042740 -13.085440 4.041905 -0.382653 -30.846300 -25.200440
-6.385097 3.005746 1.011605 -6.016600 -23.363540 -7.481140 -30.990690 -9.937517 5.088449 -1.113297 -26.078780 -25.475440
-6.279233 2.759111 3.152149 -5.686422 -27.209670 -9.707525 -29.667180 -8.762973 6.363775 1.246904 -19.609480 -27.231710
-6.862094 2.987513 2.174772 -8.936944 -30.626290 -12.015660 -27.735990 -13.694620 2.978338 2.171279 -14.344140 -30.939960
-7.198345 5.272969 5.042644 -10.018660 -32.868570 -11.494630 -20.031810 -9.633644 2.608609 2.568705 -11.503420 -23.739410
-6.598042 3.590186 5.953434 -11.347720 -33.472190 -12.044550 -22.937800 -11.311050 -0.409822 5.448660 -9.389003 -24.803130
-7.062466 3.903039 5.534359 -11.823910 -32.250450 -10.173510 -16.799170 -10.286650 -0.796574 4.548639 -6.322688 -18.468050
-6.790301 2.127168 5.450544 -14.703130 -34.315710 -9.390326 -15.596310 -6.413165 -3.022437 0.190791 -7.468527 -19.930770
-7.076256 1.119033 5.286173 -15.839090 -32.487450 -9.697716 -10.818720 -5.456288 0.938361 0.391718 -11.814780 -16.153350
-8.204257 0.657911 2.937955 -16.445800 -34.586560 -10.267800 -15.001870 0.115435 1.706416 -5.527051 -15.677600 -17.334320
-8.774951 1.151182 3.042258 -18.223640 -30.818790 -6.780251 -12.098090 6.536280 1.225701 -2.719607 -10.228100 -14.763170
-9.133915 1.755295 4.229172 -21.250070 -32.871480 -7.187922 -12.692530 4.509023 -2.253020 0.722169 -9.637623 -15.152050
-6.159173 1.179493 6.712427 -15.290780 -23.276480 -5.662426 -8.669026 6.564296 -7.635537 0.882689 -5.570497 -9.692582
-3.480119 3.868011 3.384503 -13.747760 -15.299840 -1.278326 -8.231289 7.139715 2.886417 4.763404 -10.554990 -16.471360
-8.743718 1.726985 4.198440 -8.584715 -17.949370 -1.693628 -8.585157 9.013958 -3.764618 8.427141 -8.317404 -7.627567
-5.970564 0.536993 0.472395 -13.384210 -13.922350 -3.189148 -9.435619 6.784119 -0.965437 4.985919 -16.867750 -7.776875
-6.785434 -4.574214 -0.087769 -9.939397 -13.949440 -5.288546 -2.290566 17.450570 2.016907 2.196187 -12.355750 -11.577080
-9.375254 -1.117959 -1.535442 -11.419830 -16.923990 -6.778071 -1.821194 10.163360 2.422043 -2.395799 -3.656927 -8.383389
-6.956602 -2.015732 -11.051250 -13.682800 -0.399012 -2.417407 -9.317908 -3.005190 0.640126 -1.498546 -20.006580 -7.271588
-5.916212 -7.469061 -11.352050 -17.835050 1.999978 1.779207 -9.557744 6.982391 3.689198 -0.997059 -26.452290 -14.762330
-4.388279 -2.886633 -5.931077 -9.757025 1.679790 3.709104 -4.559444 3.773406 -1.037612 -9.777516 -30.171800 -20.423400
-1.926228 -2.156323 -13.910270 -13.956960 5.928325 14.705870 -5.362086 1.043577 9.192236 -2.251331 -15.407680 -21.631370
-4.097457 -3.849183 -12.498450 -20.288740 1.786197 14.938040 -12.318070 -9.126471 5.835396 -6.909739 -17.890430 -27.978250
-4.981281 -4.199943 -14.442500 -18.528190 4.369949 11.415610 -15.836150 -16.265690 5.292038 -8.418630 -15.819170 -28.535840
-2.777197 -4.774305 -18.418130 -13.705450 -4.217083 9.641046 -17.231760 -22.207380 7.626164 -7.891680 -20.043410 -35.001670
1.019717 -0.213470 -17.702440 -10.552670 -3.804031 8.156970 -13.445880 -23.427180 10.639830 -8.004045 -12.232020 -29.121270
-1.129610 2.897304 -18.256080 -12.037280 -3.220728 6.241788 -18.593530 -25.053580 7.590077 -1.730470 -15.561920 -37.304570
-2.911454 4.951479 -15.919970 -10.330960 -0.562492 0.258070 -20.698350 -21.497620 3.077750 -2.329377 -12.838030 -34.531810
-2.773952 9.518553 -13.541950 -7.517299 -2.399461 -3.270900 -18.151380 -19.589620 2.639250 0.954646 -14.171490 -30.629540
-1.155569 11.928770 -9.031769 -0.126444 4.246130 -1.087026 -16.129690 -18.208180 -1.710342 12.225380 -1.909105 -28.287840
-4.522131 -0.496093 -7.892349 -6.169173 6.387809 9.034444 -10.444990 2.423577 3.630641 12.882410 -4.683061 -23.977290
-7.107083 -2.978761 -7.609706 -5.753173 6.999165 16.151250 5.696119 2.382630 -4.146604 7.323426 -1.585093 -19.910520
-7.575157 -0.771998 -9.994710 -11.325070 10.159450 11.765510 -0.722804 -5.599964 -2.317705 7.201652 1.367271 -19.618660
-5.444893 -4.343413 -13.450690 -7.082228 7.603749 7.749844 -7.007096 -7.134415 -15.369890 -2.776066 -7.572119 -20.633450
-9.116069 -4.652907 -11.211890 -1.437023 14.648850 11.701200 -4.354186 -5.612176 -8.356611 3.086798 -6.540806 -19.259300
-11.636120 -3.648612 -11.506180 -4.475969 12.487820 7.532383 -1.782938 -2.829188 -8.187748 3.516328 2.257009 -13.402520
-13.671880 -7.169644 -14.975650 -4.694697 5.536554 3.426786 -5.849114 -6.020932 2.373018 6.232441 -8.284024 -17.594970
-13.574530 -5.925910 -16.232410 -8.061437 4.197763 6.393847 -2.860729 -5.045377 2.834668 3.866152 3.423567 -8.485459
-11.901390 7.266685 -13.910740 -3.151682 18.362450 -4.805117 -9.188426 -4.829865 -2.349707 14.576730 -10.870360 2.421666
-8.858506 8.426447 -14.627360 0.813430 28.806760 2.132376 -11.789100 -3.249438 -2.079390 10.699890 -24.740720 1.891915
-0.336237 10.983490 -13.351500 -1.143797 12.976330 -2.031537 -0.754439 -3.747990 -3.872882 11.728320 -19.148490 -14.233420
0.802716 6.207688 -17.952020 -1.873287 2.391749 -4.499909 -6.222847 -8.319016 -7.613068 6.054209 -15.442790 -21.800920
-0.247003 2.223135 -18.961060 -2.336966 -3.794358 -1.308847 -9.476818 -6.048948 -8.831880 -2.833078 -12.162380 -33.828290
0.005287 1.243791 -20.939560 -4.940244 2.336611 0.049330 -6.079387 -10.372850 -8.261966 -0.380993 -4.762481 -35.255580
-0.162230 2.373323 -18.131290 -4.965872 -0.901059 1.764491 -3.178548 -7.428230 -9.577465 -2.264061 -1.638040 -34.023990
0.324096 4.606477 -18.863740 -3.720256 -1.237692 1.865319 -4.759553 -5.653841 -6.576737 2.968345 -7.941020 -33.204900
1.088265 7.267644 -16.895480 -4.405643 -2.961482 2.544953 -7.639056 -11.028010 2.682827 1.967031 -12.137060 -34.300670
1.926661 7.074751 -14.290700 -3.564106 0.733737 -1.117002 -8.034123 -9.363535 0.182561 2.585864 -12.766670 -32.630440
2.211805 8.776727 -16.783730 0.468353 3.987851 0.560009 -5.207590 -9.878611 -3.425530 9.400226 -15.583790 -29.599560
0.275017 11.923970 -10.235910 4.417970 6.426503 2.444670 -14.625930 -12.495650 -1.075062 17.528640 -17.488150 -21.617870
-1.766823 5.843493 -6.149461 2.857075 10.989420 10.465110 0.900135 -3.498714 -3.462980 13.937410 -2.906463 -18.856080
-5.334568 2.334936 -12.460270 -1.578868 8.906749 6.236883 -2.609122 0.853208 -0.567110 3.672974 -3.385287 -25.540390
-6.331151 2.901622 -10.751370 -2.959774 3.687978 -2.077863 -1.467326 1.889824 -4.768947 6.455509 5.935666 -14.791850
-8.979378 -0.277288 -11.440520 -4.124336 3.343606 0.599795 -11.664030 -6.559714 -2.317705 3.306545 -3.269034 -22.696780
-8.910830 -2.712932 -14.543070 -6.647752 0.864327 -3.697647 -9.134721 -7.192603 -3.753724 5.163044 -11.140850 -18.038680
-7.930876 -1.565166 -17.236800 -8.120440 4.162939 7.168858 -4.128328 -6.972062 0.363000 9.248562 2.656988 -15.004430
-8.261449 0.584017 -8.677417 -2.281539 3.270089 6.866920 -0.820651 0.843150 -4.524503 1.864077 3.081139 -9.508687
-11.761860 -0.774397 -10.085980 -1.660519 3.414222 3.844813 -2.912963 1.936518 -2.223060 15.716970 -6.558071 -19.546110
-12.293620 -2.090106 -10.913880 -4.750720 0.550911 -0.063488 -5.419470 -4.972103 -1.241202 4.002317 -7.154299 -8.657544
-10.054240 2.327739 -22.324370 -3.069436 13.206550 1.077773 -14.884160 -1.829927 -7.109201 23.264750 -5.847317 11.331260
-9.299404 4.270593 -20.065090 -0.979304 10.006610 4.634539 -14.669340 -0.563430 0.499861 23.549260 -6.999487 11.937770
-7.844076 7.663509 -16.273860 2.193144 9.135040 7.449541 -10.718670 -2.895997 3.480162 22.319340 -11.864840 11.422360
-17.096040 1.858460 -3.906477 9.880206 11.046490 -0.010077 -22.892920 -9.602036 14.552960 17.153350 -6.842948 17.976760
-18.231740 2.164115 -1.018117 9.749088 12.006090 5.258581 -14.180110 -3.393113 22.531760 16.530090 -13.805460 5.009683
-17.167830 3.969736 1.054909 15.433030 15.845440 5.645542 -16.309200 -8.635820 13.042050 11.440490 -24.823020 -9.842734
-5.227892 13.220960 -1.097275 6.878211 0.297469 -9.237178 -27.473340 -15.287260 -4.454370 5.679477 -24.892080 -6.732558
-3.431446 16.797660 -3.332809 1.388559 -6.664440 -5.766523 -26.335960 -12.907280 -8.326652 13.633530 -15.836440 -11.843640
-2.641723 13.503110 -6.693794 -1.658731 -7.566964 -7.258774 -32.998400 -18.826700 -15.039650 8.889882 -12.562940 -24.136720
-3.512162 16.441140 -7.127304 -1.804152 -6.898535 -7.409743 -28.528330 -20.036450 -22.090370 6.074689 -14.398240 -17.530860
-3.212416 17.833140 -5.226099 1.132880 -2.459435 -5.655340 -24.195830 -16.849730 -21.867040 4.139589 -14.848860 -12.263730
-3.129267 15.122070 -2.605481 6.513466 1.840368 -5.492926 -19.380720 -10.456900 -13.026230 10.963360 -3.439384 -6.471057
-6.458918 10.976290 0.608361 4.651597 3.515792 -2.083858 -13.432640 -7.344899 -11.575230 4.425758 -3.698364 -12.767330
-8.813078 7.091545 -3.051563 4.746955 -3.036934 -9.804538 -18.968730 -12.545940 -2.603683 6.337610 0.380272 -3.453672
-11.959390 1.060973 -5.837018 1.706221 2.122830 -2.676289 -12.911030 -12.879270 -0.450676 15.414750 0.456240 -1.483135
-11.776870 5.979287 -2.833179 -2.744622 0.173650 -5.010588 -11.610330 -10.143690 -4.755329 4.876876 -1.233456 0.112865
-13.065900 5.120861 -3.173095 -1.460266 -6.491287 -10.660210 -19.437370 -13.035870 -3.109592 -2.086382 2.214997 -3.915939
-13.409850 4.461087 -3.899493 -1.186112 -4.543075 -8.831141 -14.372120 -12.892920 -1.695362 5.330760 -1.186265 -0.348558
-13.587510 4.115126 -2.568230 2.563253 -0.309050 -7.479505 -13.053020 -9.389397 -10.702310 -2.901161 -8.589620 -11.123250
-11.986160 5.297441 -2.901162 2.485178 -0.269389 -1.581900 2.612093 -3.444836 -6.225392 -1.103334 -5.022036 1.815996
-11.949660 3.488461 -9.450844 -7.321815 -6.262996 1.759586 0.641171 2.056487 -3.985911 5.187399 3.867860 -0.900241
-6.521788 8.567999 -23.802780 -16.365350 1.227078 3.469843 6.517153 7.146899 -11.038680 9.871269 -14.433920 -1.222478
-3.810286 14.710370 -19.423440 -14.086880 5.465939 10.056350 10.225050 14.851480 -12.282000 18.019610 -5.732790 13.659460
0.576385 20.702560 -6.139683 -7.980978 -2.172137 -3.287796 3.518467 -5.671801 -20.887220 4.733514 -11.141430 -2.124235
6.310087 23.976470 -10.043140 -19.084840 -12.904720 6.992818 4.096722 -13.620630 -10.886840 -7.239082 -12.421940 3.612761
7.155378 19.165640 -8.849704 -23.208490 -17.443450 6.574792 -6.414863 -4.369386 -5.876091 -4.537360 -14.206020 1.499664
8.349494 18.651260 -10.066880 -22.945060 -19.498070 13.395650 -9.944718 -1.970010 -8.136680 -6.352900 -10.749510 6.929607
8.142632 19.911310 -9.439202 -21.194050 -23.841410 7.360703 -0.880978 -4.796101 -7.901769 -11.245450 -8.452073 9.138025
7.259214 20.095570 -11.056830 -22.006980 -22.956290 6.938862 -5.952847 -8.492864 -2.222379 -10.515360 -11.286460 0.909177
5.627040 18.605680 -8.629457 -20.824530 -18.277290 4.297175 -12.033350 1.425753 -2.819529 -10.130110 -15.884200 1.976271
5.259963 21.575380 -4.245462 -22.539190 -19.741840 0.496787 -3.191791 -3.186220 -14.780910 -11.666670 -4.966787 -1.514347
5.835118 19.585980 -5.500360 -23.294310 -24.964480 0.086936 1.420270 3.456602 -10.124910 -12.725000 -1.745660 4.109613
3.371849 19.936740 -1.900969 -13.996290 -18.393380 -4.514080 -0.603622 6.275509 -0.281132 -5.412473 -6.875752 -5.792842
5.512252 19.680510 -6.959208 -21.090350 -14.415690 4.530442 1.835201 -4.053300 -6.034740 -12.109490 -11.803840 -0.448097
3.497993 15.091360 -10.127880 -20.109940 -17.013960 7.466981 2.650349 4.551407 -2.216251 -6.737041 -3.141846 3.794125
-0.137894 20.958790 -1.501916 -9.674182 -15.327890 -1.688178 -5.334865 9.609491 -2.060325 -12.037530 -15.767950 -7.446203
-0.750770 15.287130 1.322186 -2.555694 -9.872123 -4.358750 -12.611610 6.388294 4.329926 -5.501035 -10.921010 -8.580780
-1.883233 15.482430 -1.412047 -4.599339 -5.467847 2.502986 0.394714 4.233166 4.195107 -8.000723 -12.317770 -5.302738
-2.741503 13.565000 -0.181363 -5.729333 -9.893404 -4.961536 -4.524867 7.172760 8.293447 -7.192033 -13.647770 -5.616539
