-6.600555 13.030600 3.677320 1.922880 -1.104060 -8.096885 -17.701280 -18.086170 -12.344780 -2.077818 -7.469226 0.408167
-5.409164 14.163480 8.611903 -1.440383 -3.084990 -5.208525 -6.814126 -13.151480 -17.078850 -1.991709 -5.073072 -1.497363
-4.803173 16.244330 17.599890 -5.877846 -4.997913 0.742084 -17.286530 -13.159360 -20.445650 4.632648 -2.501499 -3.458183
-4.737678 16.942000 17.807010 -2.747967 -0.919057 0.871371 -17.947890 -12.841220 -20.037470 5.867892 6.448087 0.263325
-6.547889 16.720620 22.394390 -6.236968 -4.683480 -2.068365 -21.843160 -12.912880 -20.085040 -0.586064 8.936482 -10.237730
-6.815606 16.604060 23.562520 -13.695310 -12.685440 -3.496737 -18.997090 -10.843560 -19.010810 -5.774456 0.779216 -14.618810
-8.712243 17.406970 24.653060 -12.017750 -10.799570 0.133473 -23.634990 -16.281250 -20.351880 -12.634100 0.338268 -14.164820
-8.859436 19.666020 24.700510 -13.608470 -11.085490 -0.091792 -20.937440 -13.559180 -24.526770 -16.546010 -3.697443 -10.798410
-9.537337 19.398520 24.343520 -11.826430 -12.887260 -1.840277 -20.184730 -13.322010 -26.901390 -17.872820 -11.538530 -14.614920
-10.661210 16.959190 24.589800 -6.283554 -5.278709 3.011106 -22.338060 -21.560580 -26.200170 -17.515040 -4.451906 -9.114034
-12.650680 17.941130 23.889380 -4.951094 -1.412644 1.103411 -29.013270 -31.898570 -24.043430 -18.471340 -7.196233 -12.432160
-13.612510 20.188010 24.085950 -9.170551 -5.064456 1.006869 -24.229090 -29.743980 -23.669730 -21.073420 -15.089570 -20.678820
-14.283660 19.658890 24.652310 -7.384439 -5.237029 4.827341 -22.580740 -31.874920 -27.472980 -19.977650 -11.002140 -17.615330
-13.892040 20.266000 25.454410 -8.249679 -4.210368 2.972151 -18.368800 -29.646540 -29.929650 -14.861420 -7.395113 -12.874480
-13.489280 20.468500 24.538590 -6.316572 -8.771111 1.504259 -16.912140 -25.956450 -26.382200 -15.354420 -5.918178 -10.047720
-12.510240 19.371270 23.496240 -6.946618 -11.173970 0.784427 -16.213790 -26.584840 -19.052870 -14.957230 -14.068510 -11.875380
-12.523410 19.773350 23.055650 -5.952927 -8.949534 2.073349 -17.211430 -31.245820 -17.920030 -11.525590 -8.814463 -8.830579
-11.551800 18.743620 23.930800 -9.669432 -7.707158 0.805316 -19.366440 -33.157500 -19.716170 -5.496117 -9.117314 -12.073950
-10.965050 17.177210 23.052640 -9.387200 -11.069400 -3.156863 -18.989800 -30.472690 -19.201800 -4.698089 -9.722485 -10.844350
-9.482308 16.212050 23.766620 -8.559953 -14.066750 -5.349669 -15.304140 -32.801380 -17.467040 -8.500848 -9.468686 -4.702579
-8.442163 14.852340 20.255470 -9.579878 -16.691900 -7.085169 -16.447510 -25.421920 -15.681250 -11.217540 -14.270590 -3.578885
-7.819966 16.266550 21.568200 -12.592610 -20.796350 -5.653409 -17.349860 -24.291250 -14.289850 -10.162390 -13.607840 -9.575036
-7.260900 15.139130 19.820910 -10.694780 -25.309570 -8.474020 -15.744670 -27.549990 -13.276290 -3.551986 -14.190610 -15.804030
-6.054656 13.419270 22.430540 -13.195970 -23.920210 -10.395830 -15.946440 -27.714790 -12.557150 0.545485 -15.120490 -22.580460
-5.505381 11.753920 20.711880 -14.016890 -23.531190 -9.891101 -11.408310 -27.277710 -11.932470 2.117891 -16.040250 -20.664020
-5.652574 9.746018 21.074140 -14.628390 -18.689650 -9.751086 -5.648345 -24.574280 -7.614162 -0.379887 -12.157560 -18.614430
-7.950280 7.937694 19.237980 -16.132720 -23.576530 -14.343330 -10.431410 -30.082900 -4.303901 -4.748421 -19.809900 -31.252290
-7.668046 9.135976 18.246840 -15.291450 -21.727950 -7.309305 -6.665601 -26.969610 -1.174286 -1.729742 -15.238330 -28.184910
-7.749070 9.315005 17.457550 -15.869940 -21.912230 -4.734283 -4.512270 -22.335860 -5.204380 -5.259013 -13.329510 -21.154620
-8.283829 7.424084 15.341980 -15.425790 -25.686160 -7.976631 -4.546459 -26.837770 -6.797801 -16.398650 -11.154630 -19.556680
-8.148451 5.759571 16.687090 -16.829260 -26.378640 -10.466400 -1.420150 -25.755100 -8.352611 -14.425410 -1.910725 -26.297290
-7.894576 5.310949 13.862050 -15.221350 -27.513530 -13.204590 -4.589055 -22.439040 -9.627486 -13.723200 -3.123198 -30.691610
-8.424945 5.297951 13.718960 -14.032720 -27.819180 -11.932040 -3.560590 -22.166040 -10.665170 -12.125320 -0.132538 -31.333280
-7.329771 4.101766 11.360870 -12.849520 -26.550480 -13.198940 -5.014452 -29.326250 -2.682900 -8.671247 -5.299677 -29.423080
-6.257553 3.156724 10.485720 -13.210900 -28.110220 -12.616300 -8.971379 -27.872430 0.948667 -10.968910 -7.037342 -28.116380
-7.229841 6.492879 10.814840 -12.160220 -25.384890 -11.886300 -5.110853 -22.108720 0.997621 -8.383812 -5.763019 -24.187740
-7.895251 5.537356 8.950817 -12.759960 -27.775310 -17.170150 -4.309940 -24.344990 0.599783 -12.252060 -8.206627 -29.995440
-6.894267 5.702549 7.852737 -10.828660 -27.833810 -11.039440 -1.472274 -22.505680 -1.089478 -11.246040 -6.247155 -21.445860
-7.807137 5.014942 7.216332 -12.674480 -29.585860 -13.465980 -0.720682 -20.942220 -0.366199 -11.293940 -11.461220 -19.693740
-8.556609 4.373454 6.540764 -16.439830 -28.368340 -12.206980 1.776218 -13.460300 -5.197485 -13.203510 -5.436707 -21.781490
-8.229137 8.066830 2.869200 -20.701350 -30.324410 -12.266260 6.673616 -8.640253 -4.401809 -13.994870 -1.851008 -18.490610
-5.699163 9.611431 3.412215 -14.905650 -27.876950 -10.509870 4.535418 -13.578520 -2.313331 0.420566 -0.103746 -14.139120
-6.087403 6.921795 -0.269141 -13.650980 -23.499020 -10.932180 7.403910 -11.062100 4.891195 6.499765 -4.146389 -18.831690
-8.795967 2.639760 2.566437 -13.678120 -24.014540 -15.674600 -0.827732 -0.103607 -3.223463 9.979918 4.409170 -23.107650
-9.528222 2.009174 6.091892 -7.710544 -20.332750 -10.473180 -2.298969 5.311152 -4.784478 6.707155 6.646967 -12.548970
-11.129800 2.469955 2.540077 -6.526889 -18.548520 -10.752080 1.167546 -5.093468 -4.508680 10.128490 13.459000 -8.100918
-10.196670 6.150333 0.379314 -3.361731 -20.252310 -7.489968 -2.428438 -8.814368 1.358916 -6.081296 -0.870472 -21.135930
-10.509290 1.298087 1.299653 -6.508797 -14.742420 -12.877700 -5.722888 2.269515 -5.865605 14.064050 0.564874 -13.782470
-11.027840 1.593255 2.006853 -6.046552 -11.845250 -5.379591 -2.555104 -0.479064 -5.198864 6.096507 0.757889 -9.198914
-11.826600 1.209620 3.290959 -3.274890 -13.538070 -7.883476 -2.287199 -1.052282 -3.789538 9.916245 7.639233 -6.791109
-12.347520 1.274608 1.240908 -6.606945 -14.368020 -3.972108 -1.448734 -3.782949 -2.646356 4.854591 1.679773 -14.392980
-7.034708 4.045164 -3.649993 -9.923621 -6.867694 1.818726 7.266034 -11.872490 -2.571891 1.436293 -3.507094 -12.007760
-2.338355 1.360559 -13.220920 -14.558740 9.737304 1.817033 4.315153 -3.573724 1.769854 -11.147800 -16.209800 -29.988430
-1.707043 -1.586092 -15.175320 -13.439760 7.188933 1.638627 -0.543012 -5.334219 5.787538 -9.023568 -11.932020 -31.565340
-1.750256 -3.157946 -13.974810 -14.214540 7.169920 6.544210 -2.040031 -5.327771 10.893930 -10.241230 -10.354310 -38.609650
-1.333657 -3.765472 -14.995320 -17.533930 4.336365 8.214784 -6.776013 -13.518340 6.391534 -16.447770 -13.729940 -42.894170
1.811424 -1.345010 -17.559010 -10.846300 -2.859768 15.961870 -13.210220 -14.982190 4.374763 -13.146510 -6.644915 -34.370290
1.516024 -1.386098 -23.215860 -7.485301 -5.915620 6.319510 -7.765806 -26.563340 0.493600 -18.343390 -11.533200 -37.065440
2.041667 0.052427 -23.901970 -5.108040 -3.551521 4.338984 -8.262943 -34.240160 5.941295 -20.640450 -8.195963 -33.086180
2.399861 0.768965 -22.044720 -8.345566 1.124028 0.393177 -8.829580 -30.378820 3.808689 -12.514030 -11.439890 -35.811700
1.606838 4.458148 -19.316090 -5.580688 -0.170998 -3.361239 -5.449938 -26.506740 10.923580 -14.975420 -13.407890 -29.150520
1.328994 7.593471 -18.473320 -5.711401 -1.087242 -9.713824 -5.914569 -21.380740 5.086322 -8.804656 -19.245250 -29.897320
0.779718 11.388310 -11.496970 -0.739326 0.918550 -7.482064 -11.227280 -14.382460 1.196885 -6.383892 -12.182090 -24.778010
-2.159427 4.651013 -10.030610 0.454280 8.374272 4.014919 -9.044801 -10.668730 0.553586 7.194098 -7.456429 -17.986780
-6.220079 -2.143305 -14.967450 -2.928432 5.926813 8.008715 -6.943594 -3.217613 0.138511 5.420366 0.758422 -12.004650
-6.547889 -0.875424 -11.343330 -6.823142 9.121600 8.910339 -0.281833 -1.973013 -1.902392 -3.907338 -7.779542 -21.596150
-7.290947 -2.987721 -12.226020 -0.054552 8.940984 12.655720 -4.455662 -4.157690 3.066793 -1.398646 -14.912020 -18.573940
-9.683517 -3.478690 -13.177230 -3.113421 4.917701 10.260230 2.849520 -0.087843 -0.255880 -1.032984 -13.340710 -27.751160
-7.387163 -0.857815 -12.655310 -7.543195 12.257890 19.828630 4.920462 0.195900 1.696768 0.052479 -6.331399 -12.363640
-9.746649 -1.751704 -12.393210 -0.803100 9.319035 5.557899 0.063978 -0.630251 4.249965 1.072450 -1.046425 -6.034192
-12.171630 -4.626240 -15.808710 -1.738445 8.004996 8.766937 -5.081709 3.689662 3.446704 7.309314 3.394511 -7.930377
-9.962713 0.459122 -6.592517 1.669595 1.687814 4.327693 -1.981182 0.840770 6.103326 10.747020 -2.362870 -12.190760
-6.062420 3.768024 -10.894460 1.816591 9.504039 8.355363 1.629374 -4.451464 -5.945587 8.608232 -11.614240 -6.407199
-6.485096 7.156588 -23.036610 0.291001 17.157200 8.080980 -6.911647 -10.879380 7.686405 4.289423 -16.999990 4.042458
-1.523726 12.500640 -14.464350 -0.146368 15.342260 -1.329338 -2.556786 -14.661910 8.833723 11.364340 -15.777380 -3.433264
0.956283 10.844090 -19.197850 -5.443191 3.317017 -7.554894 0.222031 -17.247840 2.754452 3.978944 -14.920550 -29.128720
1.265525 8.389251 -20.200280 -5.672052 0.583642 -2.512685 3.208222 -18.140620 6.182618 -1.001451 -13.137030 -28.592180
3.380251 7.199354 -20.913500 -4.676099 -1.195465 3.108213 1.202856 -18.980390 8.833034 -0.419910 -9.511875 -33.950560
5.451089 3.935733 -21.009900 -3.910816 2.797105 -0.252695 2.971703 -19.038430 7.629866 -3.146908 -8.990416 -32.293440
5.435897 6.421184 -20.099360 -3.897247 2.504609 -0.244227 5.548750 -17.404040 7.760180 -3.133567 -6.564936 -29.988430
5.293768 7.089924 -18.062860 -6.530507 0.179997 3.503979 -0.439325 -18.602060 6.097120 -7.364447 -5.004291 -31.128480
4.972035 7.601856 -17.891900 -4.915363 -1.682471 5.032281 -1.182510 -21.103440 9.337744 -7.066096 -8.167171 -25.522460
3.965312 8.527611 -15.273230 -3.741658 -3.302899 3.618588 -0.598499 -18.635740 6.430836 -5.234756 -7.163708 -22.978380
3.433929 10.931720 -15.786870 -0.599567 1.846493 0.628605 -4.469674 -19.293510 5.681355 2.763104 -6.392716 -27.857070
1.610890 15.827990 -11.489440 4.320495 -0.995106 0.377369 -14.883790 -18.346980 15.255670 2.448381 -10.586780 -21.987070
0.373586 12.304420 -7.356203 4.764195 9.551569 9.116408 -4.104247 -12.330340 3.024045 9.522082 -6.248222 -15.541600
-3.777544 5.725610 -10.052450 -0.200191 6.774320 8.565948 4.172793 6.742047 5.480712 11.703920 -5.648917 -7.766068
-7.255836 1.636860 -11.055630 -1.059098 14.326570 14.456710 1.182118 12.716410 13.560210 9.074556 -8.349522 -9.010464
-9.012032 -0.123248 -9.777553 -1.085331 7.927485 7.982744 2.973384 8.024622 10.522980 14.179260 6.236411 -7.024725
-8.786852 1.470828 -7.758380 -4.914910 0.898806 5.983588 0.621086 1.720659 1.888447 7.051593 -0.480711 -13.622050
-9.699722 4.905092 -5.224812 -2.608207 5.813470 12.443440 4.193531 -1.476463 -0.464797 5.083206 1.661112 -3.268954
-9.583926 3.437637 -5.960631 -1.433146 0.639216 5.035668 -4.651267 -7.554006 -1.560403 5.186295 2.898111 -8.202151
-10.567020 3.940345 -7.325324 2.236321 5.046400 12.289310 4.781465 -2.616450 -0.406190 12.625660 8.230539 3.551085
-11.317840 4.433410 -8.912193 -4.640820 5.240909 8.445695 1.539138 -1.993793 6.322585 5.246328 4.196428 6.061681
-3.711712 6.105471 -8.693028 -2.499205 7.384905 2.439758 -7.510791 -6.949977 5.340055 15.908730 -6.134119 -5.209527
-4.431137 5.018715 -18.012400 -1.843830 12.581100 0.270665 -9.081232 -19.984230 7.419570 18.666650 -21.483050 -11.915090
-8.404351 11.205510 -11.793710 2.808473 17.455540 4.852746 -3.917049 -7.643571 10.234090 18.485340 -18.287110 -3.821067
-7.779116 10.230280 -8.650853 2.086159 17.596670 13.035120 4.307867 -10.059680 7.042417 0.818974 -12.058920 -18.661150
-0.399518 14.968060 -11.552710 -2.225566 5.216778 6.660512 7.716653 -16.295580 1.718832 -9.615418 -5.856328 -21.062730
1.290507 12.860380 -18.100520 -2.029723 8.108102 3.293958 0.390172 -23.450770 9.575619 -11.836070 -6.018417 -28.039290
2.535576 11.918270 -20.950410 -1.120158 5.972149 5.593467 -0.320505 -24.458200 3.355002 -7.223155 -3.511360 -31.129260
2.546379 11.341770 -18.748970 0.549261 3.189781 -5.127791 -1.658911 -18.994720 3.166080 -7.399619 -6.571334 -24.397210
3.888001 8.144814 -16.762940 -3.807241 0.977780 -2.623341 -0.377673 -20.604740 0.426030 -4.397313 -5.211168 -31.676690
3.513941 9.685224 -17.994330 -3.223781 1.588365 -1.253685 -2.443010 -22.008410 0.249520 -4.752059 -1.399396 -33.229470
2.498102 10.569050 -17.098090 -3.311526 -2.151196 -5.893918 -5.839466 -16.950480 -4.671401 -5.878151 -11.365240 -25.793460
1.731075 14.522790 -14.157070 -0.846067 1.052366 -0.750085 -5.815926 -21.758340 1.428555 4.017148 -9.002146 -23.179290
-0.698632 10.884340 -10.297220 0.960397 2.559452 -0.276972 -8.775775 -11.595190 1.748480 13.731740 -5.179710 -17.839600
-5.326115 6.756183 -7.065490 3.122818 10.504370 6.862065 -3.886224 2.225091 7.157563 7.790193 0.148986 -13.548850
-6.736608 4.827527 -8.023486 1.939615 5.009106 3.004896 -10.153970 2.223658 13.423000 11.065380 0.292414 -15.744840
-6.918911 3.635953 -8.312693 -5.546314 -1.615928 0.195012 -2.867287 0.062626 6.639752 7.786554 5.872776 -1.695158
-10.928590 0.181144 -6.234775 -0.554790 5.471250 1.872925 -6.731176 -3.927686 7.631245 17.450810 9.127364 4.804047
-10.845540 0.929127 -8.815791 0.234917 5.785683 7.085636 -6.739022 -1.961549 3.543923 6.470051 7.697350 5.241688
-12.230370 1.861590 -4.335352 0.393672 5.490993 1.763963 -10.610760 -3.368799 3.496348 9.745846 5.075657 -0.505273
-13.045680 2.422577 -9.005583 -2.264916 1.427493 0.564243 -2.349411 -2.892312 11.446910 14.301760 0.748824 2.865810
-10.521100 4.620406 -1.941868 1.384197 -0.766959 5.467003 -6.571441 0.370731 9.941740 11.364340 3.301203 -9.214488
-12.096340 3.573482 -6.767246 -2.747967 3.630719 3.194593 -0.665756 6.435376 -5.352622 4.414948 6.675226 -2.367195
-7.124172 8.464720 -2.956350 1.835135 -3.890085 -2.073446 1.056573 -1.970147 0.732855 3.544759 0.276418 -8.410849
1.357352 14.265360 -10.940400 -7.088186 -5.447626 -0.749520 0.079111 1.665487 0.617710 -2.999552 -13.175950 -13.070710
2.776285 15.817930 -7.718464 -8.422908 -6.672453 -1.549522 1.872619 0.238174 -5.492589 -0.172497 1.030882 -8.044071
4.625995 20.749840 -13.119240 -19.225970 -18.498800 0.094518 -2.261978 -5.491138 -14.481530 -15.010590 -3.347137 -4.206534
3.935603 22.592120 -13.857320 -23.090820 -15.253550 2.806166 0.790349 -7.062471 -11.216080 -8.275872 -1.191985 -6.581633
6.795750 21.927990 -13.271380 -23.890930 -16.805980 -1.800757 -0.486965 -2.816360 -11.203670 -5.844799 0.539281 -7.148541
6.665099 21.270150 -9.225500 -20.578780 -21.282630 -3.812898 -3.558348 -6.327319 -8.254013 -0.447804 0.077006 -12.024890
5.287354 22.850400 -10.193290 -21.221940 -24.347990 -3.574084 2.829343 -9.445624 -3.541320 -2.983785 1.815737 -8.470031
7.057053 21.026980 -9.020645 -18.580990 -25.170630 -1.320869 -4.669762 -2.417974 -9.346862 -5.034643 2.462495 -8.804103
6.995947 19.281540 -12.976140 -19.967280 -24.182730 -0.595956 -0.282393 -0.459002 -9.262743 -7.296530 0.555276 -8.273015
6.826809 20.125540 -8.375203 -18.583710 -16.201970 -2.274435 2.309226 -3.669738 -8.714596 -3.665383 1.468097 -1.354857
7.840622 16.899650 -13.243510 -24.876480 -21.017920 0.578922 5.194532 -2.126349 -5.239544 -7.666436 -2.515895 8.138530
1.910003 15.768040 -7.200302 -8.363205 -12.849970 -4.637741 1.683179 -0.395231 -3.450996 0.162238 -1.861138 -5.520236
4.343761 17.838410 -8.076206 -18.671000 -18.912680 -1.983114 5.658602 2.607714 -9.489587 -11.566220 -4.691308 -7.813570
