-7.738782 17.343480 16.541080 6.369425 -0.807290 -3.856208 -17.830690 -10.851380 -11.458700 -10.349810 -1.935421 -6.066438
-9.415712 22.432280 25.885710 -13.951580 -11.532770 -1.110314 -20.288320 -19.143160 -14.599030 -19.215200 -0.089891 -18.113900
-13.120200 20.498570 23.699140 -15.636080 -11.378050 -0.860093 -25.651920 -22.979200 -19.749570 -22.351810 4.032665 -28.445460
-13.506530 23.547490 22.752680 -13.045910 -10.021170 -3.756446 -18.676390 -27.037860 -20.079950 -21.549860 1.152796 -21.850360
-13.868680 24.112430 23.489950 -9.494095 -10.435800 -1.101047 -21.555660 -28.488170 -15.238830 -21.590220 -5.899154 -16.391980
-11.487890 21.819940 22.331150 -8.383812 -15.445190 -3.970143 -18.587210 -27.001410 -14.362250 -23.403950 -9.461561 -17.782160
-11.789070 22.392940 25.289730 -8.882721 -14.953210 -4.601965 -14.804000 -27.321670 -7.735138 -23.288020 -4.018899 -20.539650
-11.610220 21.275370 21.990140 -8.051372 -10.970380 -0.870996 -18.793480 -30.757380 -11.370690 -20.111800 -4.974681 -17.615390
-11.893920 20.855920 20.379810 -9.700199 -13.445960 -4.961216 -20.214910 -28.130150 -12.339470 -25.582320 -15.145590 -18.126550
-11.122390 21.778700 20.065640 -8.867858 -12.973960 -3.911813 -19.237560 -25.743120 -11.420280 -22.109680 -14.186390 -17.823700
-10.930150 21.025120 25.155540 -9.936028 -14.938430 0.042121 -19.079220 -25.886330 -15.657920 -21.517580 -13.346170 -12.090170
-10.499210 21.329400 24.459310 -7.748162 -18.165900 0.792786 -15.044840 -28.098250 -23.448680 -22.637950 -8.262707 -18.566660
-9.988322 20.889100 23.817540 -7.748162 -14.908880 0.363212 -16.954040 -30.088850 -15.780850 -17.576100 -12.656230 -21.368700
-11.303470 20.026510 22.195380 -8.672654 -16.639520 -2.321080 -21.097020 -36.464240 -14.697520 -18.392720 -11.836500 -26.553150
-10.598490 20.358750 25.702570 -7.310688 -18.344960 -1.277674 -21.320270 -30.019850 -15.898190 -16.422710 -12.444470 -17.469080
-8.906312 20.332210 23.982520 -10.022230 -17.480070 -6.355696 -14.430280 -33.021370 -11.095490 -11.588310 -17.261510 -13.309970
-8.164150 19.847360 24.362220 -9.247861 -22.479040 -9.276035 -11.703900 -27.940070 -9.943011 -9.582347 -14.609920 -15.376280
-7.533907 20.240740 23.880700 -10.583070 -23.762030 -4.971028 -10.885490 -33.462720 -14.988780 -4.077333 -8.898566 -11.417050
-7.226780 17.874300 24.403260 -10.017780 -25.092820 -7.439989 -11.717850 -33.564910 -11.410500 -5.545484 -9.972184 -17.854410
-6.582779 14.949560 19.453080 -8.326837 -22.686780 -8.838830 -8.430894 -30.590730 -8.303696 -7.672504 -10.343340 -18.737050
-8.020998 11.773620 18.106410 -11.496670 -24.804240 -9.045440 -12.470120 -30.928580 -12.819320 -6.809663 -15.367030 -23.480170
-7.365842 9.337040 19.275480 -12.424130 -23.814180 -9.062339 -11.850100 -26.539230 -9.666416 -5.932148 -17.559800 -21.135700
-7.235704 7.518020 14.360820 -15.475060 -27.378040 -8.848642 -11.574670 -34.575840 -5.426685 -8.632928 -18.532090 -25.559130
-7.818725 8.536064 15.878790 -16.028960 -26.122000 -6.217774 -5.859813 -28.305250 -4.698178 -6.109705 -16.419010 -22.056270
-7.839919 7.202843 13.068610 -14.615470 -27.402380 -8.349290 -6.300864 -28.042270 -8.485996 -13.432110 -19.532280 -19.462540
-7.956672 7.585320 11.550640 -12.269060 -29.767570 -8.304043 -2.291362 -27.431680 -2.802523 -16.886410 -12.762110 -17.777950
-8.436698 8.622797 10.811000 -12.464760 -35.135090 -6.991879 -2.712393 -24.118350 -3.673519 -18.296600 -8.975416 -18.833980
-7.945517 8.251221 12.096890 -11.682460 -33.714760 -6.750926 1.654440 -23.326150 -1.849107 -21.001050 -1.801076 -21.584250
-7.333494 6.584812 11.085700 -11.418880 -32.323120 -7.177774 1.836442 -23.540960 -3.019049 -22.373820 -1.817584 -24.791480
-6.656773 5.151587 9.900059 -9.821582 -28.161220 -12.284690 1.741801 -22.179180 -4.024152 -20.215980 -4.437303 -26.934260
-7.730231 6.064888 9.293029 -12.681270 -30.233480 -16.154670 -3.462241 -19.643740 -9.307401 -17.426420 -8.382820 -26.426110
-7.035290 4.967694 8.541543 -12.182850 -31.021870 -16.045100 -1.496013 -20.884450 -8.432913 -14.740320 -12.170080 -25.887860
-6.795463 4.001784 6.581522 -13.317910 -29.146060 -16.094700 -1.671948 -20.521870 -8.157715 -18.042740 -12.771790 -26.030550
-7.284413 4.524551 3.037225 -14.726940 -27.823090 -16.198280 0.558789 -20.720410 -8.154222 -20.740580 -15.242930 -22.276630
-7.707178 6.045456 4.185767 -14.141830 -30.650710 -14.863770 2.616624 -8.323096 -3.629515 -21.875630 -5.549061 -13.960810
-8.392450 6.732210 3.184049 -15.609320 -34.324960 -14.501790 0.971933 -10.938610 -0.174170 -10.853130 -6.018128 -16.551530
-8.602160 6.926056 0.759876 -14.558000 -35.137700 -20.174570 -3.507741 -19.246010 -0.866356 -5.752389 -3.795751 -12.061870
-6.565304 8.548388 3.821865 -11.298490 -28.232500 -11.919440 4.976582 -19.154870 7.673872 1.680810 -4.579048 -7.352464
-7.633928 8.716640 8.210794 -7.747171 -24.083640 -8.739614 9.626125 -7.896726 7.467822 7.750780 0.705360 -7.496962
-4.444416 5.460128 0.287829 -18.262410 -24.079300 -6.174163 0.460508 -17.843870 7.337208 -1.237148 -5.817181 -6.719084
-8.477970 1.208796 -0.745464 -20.816400 -26.621810 -11.542200 0.367080 -14.535750 2.532413 11.998950 -3.568048 -8.276043
-11.851910 0.456637 0.598054 -12.126370 -26.806960 -8.329664 3.793570 0.646970 9.484313 21.154160 2.927738 1.872486
-13.554120 -0.426332 -0.941230 -8.955055 -21.539400 -8.182475 7.980221 -6.593527 -2.522435 13.467840 10.322380 -3.564226
-14.560280 -2.115490 -2.504983 -7.792256 -23.546460 -12.348470 -3.875992 -3.233983 5.007801 13.949150 5.120514 5.442172
-13.188990 0.242412 -1.292502 -8.287201 -21.676730 -16.775050 0.286999 0.275930 7.417532 22.500520 12.095610 1.544356
-12.996380 1.437240 -1.088053 -10.174340 -24.194040 -11.705740 -2.355669 6.195002 12.226520 15.665290 8.717077 -3.118693
-0.445441 1.711657 -12.604260 -3.670684 -0.967229 -2.530416 0.465361 -5.190083 7.916242 -7.426712 -15.273100 -10.553680
-0.633212 0.151413 -14.865820 -10.852590 2.863486 0.029038 -1.153850 -4.837269 22.325040 -10.350540 -25.210040 -12.748230
-0.160995 6.553057 -16.856630 -9.315737 1.741305 8.247639 -1.704102 -8.315286 16.988710 -13.490080 -16.117310 -19.135020
0.623927 0.758543 -20.478280 -10.777780 -5.628063 7.977792 -9.203795 -19.412650 12.959220 -16.234150 -20.632650 -24.630130
2.664130 -0.816393 -23.590790 -8.029077 -6.364305 10.705150 -14.350810 -25.368180 10.357400 -16.472600 -22.292600 -25.572980
2.828848 1.189364 -25.845250 -6.112216 -8.845099 9.143311 -14.986000 -27.690760 4.789179 -23.291690 -14.272350 -28.713990
4.418399 2.457654 -24.680920 -2.459826 -10.830430 9.758234 -12.924520 -31.088060 7.259677 -17.651670 -17.115220 -25.679540
2.580097 6.199965 -24.888530 -3.719732 -8.990261 6.644368 -13.618560 -28.190690 10.083600 -25.106880 -11.535360 -26.737980
2.239878 6.502345 -21.957570 -6.233104 -6.376474 9.508558 -16.507530 -29.970380 9.694553 -20.731780 -16.330780 -19.147660
1.305854 6.715148 -20.393820 -6.622025 -5.433354 4.705834 -13.320680 -29.844750 11.040510 -18.989220 -15.070450 -22.770930
1.180921 9.458371 -20.978750 -8.363004 -6.966684 -1.835902 -15.706120 -28.056590 8.462447 -15.529790 -15.752980 -29.404560
1.230374 11.774570 -17.106860 -6.700800 -4.711021 -2.188065 -15.056370 -28.452370 6.684136 -7.918296 -9.606722 -26.163010
1.244503 15.339140 -11.432030 -1.901464 -1.873840 -6.786905 -18.761320 -22.479270 5.574961 2.160656 -8.243921 -20.123020
-0.198177 7.948840 -6.165319 -1.374811 7.339174 -2.656889 -17.055360 -15.583120 4.933763 7.014136 -1.274514 -13.769950
-7.156133 2.536804 -13.342320 -1.845479 4.927918 9.906513 -3.571442 0.247288 10.204440 9.001019 -11.853010 -16.201120
-5.813102 3.313608 -14.940810 -6.941584 5.499005 3.071490 -3.603596 -5.691964 0.749212 -0.696405 -7.554552 -15.968720
-7.712011 4.261508 -11.699630 -6.069113 0.441800 4.446890 0.395593 -7.364250 -3.387843 -5.626925 -10.425880 -7.909983
-8.068963 4.234967 -11.304940 -5.869946 6.076176 5.470127 -1.710169 -3.754091 0.209292 -2.137408 -1.140169 -9.711383
-9.986835 0.169897 -14.442710 -7.392931 4.245569 7.652340 -1.047682 -7.616167 1.578299 5.292857 -5.520029 -5.234375
-12.419680 -1.118773 -14.858720 -7.029772 3.418058 7.081029 -2.049906 -4.984383 8.435905 3.027899 -1.576789 -1.852535
-12.008070 -0.664255 -13.796220 -4.448525 1.305819 -3.238559 -13.654350 -9.255255 8.230555 6.150562 -3.632943 -2.984431
-11.862320 0.596926 -12.621620 -2.503425 2.673993 -2.804079 -7.562138 -2.589545 6.712773 11.006240 3.935322 -10.516350
-6.281973 5.870095 -16.038040 -4.779480 15.992400 -5.295390 -6.760116 -14.583920 7.868047 13.355580 -7.707112 -11.598880
-6.718124 5.892371 -13.767800 0.349819 20.133430 -1.563875 -4.840602 -12.918140 7.093441 19.333100 -16.568730 -10.957070
2.556672 15.157620 -14.194850 -4.468839 5.226065 -3.789155 -1.126549 -19.786290 6.362140 7.565152 -18.176880 -12.161210
3.257562 11.613420 -19.182130 -8.415521 -4.447643 0.189856 -6.029075 -23.942600 5.162862 7.121992 -20.279710 -20.234400
3.082061 8.383452 -16.489570 -10.598930 -1.966848 7.791897 -9.814715 -16.933840 6.329311 6.258417 -15.533250 -24.621700
2.727712 8.910485 -16.746110 -10.432460 -5.780179 10.682800 -7.772047 -20.621460 8.716692 4.263464 -17.370810 -27.608580
3.631246 10.564100 -16.310380 -7.486569 -5.529840 9.261063 -10.599750 -21.578360 14.547540 3.604594 -15.760950 -31.799600
4.157750 11.367440 -16.845580 -8.339223 -5.314270 14.330910 -9.080641 -22.692780 17.446210 -2.091184 -17.508000 -27.050460
4.125401 10.371670 -16.651390 -7.718435 -0.385711 9.537995 -9.956676 -18.347050 12.252360 0.523752 -13.988290 -25.734930
4.406872 8.965938 -15.239190 -5.081699 -2.250219 5.584607 -2.696013 -23.464800 15.047650 1.181155 -15.518450 -23.384440
3.993031 11.544230 -14.983440 -4.730432 -0.461335 5.809206 -7.971642 -18.359420 10.554370 3.100536 -17.059430 -25.539860
2.644423 15.559530 -14.310100 -0.210525 -1.423577 1.200009 -0.510169 -19.961400 7.803089 2.107829 -11.968570 -28.719400
1.404016 15.995570 -9.122321 2.200290 6.458639 1.095341 -9.443431 -15.581170 4.455309 7.044219 -9.847517 -24.211090
-1.161947 9.790610 -7.774857 1.935725 7.535621 9.677008 -6.799550 -10.113860 -0.116196 17.812120 -7.453224 -17.660540
-7.326801 2.113567 -11.590700 -2.786322 1.391004 10.430400 -5.490956 -7.081738 1.491688 15.704180 1.800610 -11.534460
-9.631371 -1.231099 -13.552300 -2.649085 2.393231 11.121100 -1.105316 -3.735214 1.133372 4.967824 3.486748 -8.711341
-10.210300 -0.714968 -13.411790 -7.116475 -0.254457 7.565662 2.381841 -4.316510 1.234650 10.822080 0.946156 -18.254180
-11.221290 0.323457 -11.217320 -3.904036 -0.793382 6.200075 -1.807237 -5.672435 3.576630 4.779261 2.798517 -7.188098
-12.038940 2.803638 -12.125900 -4.509960 8.604778 7.429376 -1.389239 -2.477582 1.159215 0.507611 3.404206 -10.371250
-13.354450 1.334393 -11.551230 -3.044942 2.029022 3.391490 -2.751827 -5.477151 -4.615060 -4.471334 -6.597062 -13.916250
-10.932760 5.535960 -4.607091 -0.402756 0.690401 6.546787 -2.995103 -3.702666 9.897809 12.301970 -1.474892 -8.071339
-10.139660 4.612232 -7.140988 1.447716 10.796120 4.499769 -5.196719 -10.532420 3.621332 2.468079 -4.679237 -11.070860
-5.792652 4.634507 -18.999780 -4.397000 19.663180 -1.699070 -11.273760 -12.472240 6.730933 10.440550 -9.737651 1.022360
-6.777244 7.913294 -16.467460 2.264698 21.826700 7.516054 -5.794292 -9.321651 14.342890 18.075520 -17.050890 -7.194721
-11.713220 6.881979 -10.271650 7.019444 17.255400 6.866242 -3.859005 -10.482940 17.113030 15.101800 -9.484331 -10.203880
-8.603275 8.968781 -11.904870 2.126470 17.836920 11.947530 0.189931 -17.704560 6.735124 -6.454548 -6.818503 -16.048800
-1.071593 12.967970 -14.826350 -2.478157 5.953614 6.943107 -0.498643 -19.111260 -3.946621 -17.400010 -14.272920 -28.251590
1.207692 14.387450 -19.624970 -1.695856 7.503459 15.550940 1.988110 -20.154080 -0.626081 -0.815999 -5.520029 -31.699060
2.630294 13.677000 -18.935840 -1.635908 -1.096745 9.172204 0.055857 -21.147430 6.473896 -10.521490 -11.875780 -32.448040
1.866194 14.212090 -20.055970 1.220309 -1.093268 8.525117 -0.541110 -20.338950 8.078287 -14.345580 -17.362270 -26.846360
0.361419 11.610580 -19.887040 -2.632240 -1.516585 9.209819 -0.595104 -29.938480 -0.621891 -8.902933 -21.916320 -33.582340
-0.905016 13.100680 -18.977680 -1.834580 0.313153 8.892545 -3.612089 -32.688740 -0.931314 -16.940710 -20.119180 -34.014030
-1.605162 14.291240 -17.703630 2.955838 4.926179 11.956800 -3.255365 -32.529260 -4.510289 -12.404190 -15.004410 -27.542960
-2.850775 15.439150 -10.041940 7.961772 9.939054 12.742900 3.414399 -24.223810 -4.034629 -0.413927 -8.074852 -11.791540
-5.375464 7.296211 -6.394238 3.854568 11.869620 11.301540 -0.094598 -4.199990 -4.545911 5.492425 -10.314880 -8.382609
-9.530978 5.914173 -4.513945 6.922833 15.145770 11.804160 -3.172858 -4.863958 -2.016042 -0.586349 -15.004410 -9.727037
-11.498670 4.061975 -7.984830 1.381822 14.482540 13.850090 1.459698 -6.815501 3.390138 10.634990 1.037237 -13.323210
-11.589770 3.571911 -9.472804 -3.009765 5.318204 11.561570 1.457271 -12.164990 1.956173 6.037570 -6.136534 -16.354050
-13.251460 2.912173 -9.774345 -5.725772 8.504817 10.973360 4.711466 -9.285198 -1.188352 0.671961 -5.245078 -18.995940
-12.443480 3.106966 -5.797470 -1.519479 2.786124 11.322250 3.121983 -4.411549 -12.743190 -3.656184 -2.404488 -7.309115
-15.715540 -0.060443 -10.278760 -3.040483 5.650251 9.398438 5.967886 4.615150 -6.701398 2.774036 6.528855 -5.390913
-15.614400 1.327283 -7.509626 0.877463 8.809049 12.426720 10.230370 2.018518 -2.815095 1.119523 -0.954022 -9.359773
-15.073770 2.736811 -4.953627 1.483388 5.293865 2.231422 -2.757287 -5.643794 -1.181367 2.716073 -0.749659 -9.961845
-14.131570 5.921756 -2.724430 0.143220 3.539751 11.188150 3.292458 -3.114860 -6.119571 -1.554110 -5.235401 -8.884738
-1.053002 12.019600 -15.181570 -18.627550 -2.771759 8.189853 4.913488 3.074356 0.200212 9.100803 -1.872802 -1.152927
3.504082 17.309350 -14.974750 -15.845150 5.000064 6.675441 14.105800 -2.542025 1.009742 3.190782 -12.342000 -7.022529
2.826245 20.747390 -5.047563 -10.266490 -4.000856 1.747879 6.377390 -5.153630 -5.177330 -1.201930 -10.534610 -6.958107
7.174736 27.299750 -12.985530 -18.350600 -16.305740 -0.832836 2.167079 -13.650460 -0.021204 -18.807260 -13.041050 -9.634920
6.757176 28.944360 -8.632119 -21.545200 -20.546730 3.720757 6.422284 -12.196890 2.953592 -19.557850 -9.421144 -8.424152
8.035881 24.750840 -8.055085 -18.973370 -21.302970 0.770435 1.877696 -7.835536 7.395181 -15.740360 -10.919430 -7.703473
7.162465 28.463770 -8.904453 -22.206610 -24.477410 4.063653 1.036240 -3.849780 5.056694 -18.604760 -8.919060 -1.738141
7.418281 28.602160 -9.974058 -23.763290 -26.441880 5.122324 4.801254 -8.465003 1.344311 -16.201130 -3.514538 -7.976211
8.651623 26.524840 -10.172190 -24.506450 -22.276510 -1.295663 3.038868 -3.623901 1.034887 -18.780120 -4.104857 -0.319057
7.965607 23.278760 -10.673440 -18.633490 -23.446500 -0.893347 -2.770027 -2.608422 2.431134 -15.092500 -5.412439 -7.043602
6.438150 24.765540 -10.187980 -21.174610 -21.973140 -6.053686 4.995389 -2.445685 3.552882 -10.764350 -11.580330 -4.427598
7.527597 22.348390 -13.255490 -22.769930 -20.265100 0.577453 5.572335 -4.448002 0.353177 -7.649025 -11.079960 -3.991697
4.790967 17.663870 -14.183800 -18.746950 -28.978300 0.464063 9.102566 5.564884 3.929359 -12.084290 -4.675252 2.378828
5.216706 20.096180 -10.225080 -20.395770 -19.104670 0.858203 8.302971 0.585130 2.139871 -11.572160 -6.917554 -6.038743
