-5.674355 18.199630 15.442670 8.588529 -4.064363 -12.994950 -25.297690 -16.041190 -15.430990 -9.132418 -7.483448 -4.239142
-6.011726 17.564410 23.722370 -11.914660 -9.297953 -12.265930 -27.586580 -5.598698 -17.199230 -18.526000 -7.847239 -14.895300
-9.294265 15.650080 22.368560 -8.380946 -12.146900 -9.161917 -24.895630 -13.968410 -20.388270 -28.483990 -2.569297 -19.234870
-11.300990 21.180280 20.470110 -8.802099 -8.067588 -3.094317 -17.807140 -23.400600 -15.586100 -21.181120 -9.763561 -17.184760
-10.665850 20.755490 20.109610 -9.038909 -8.967665 -7.612552 -17.268830 -22.821250 -22.142040 -22.107750 -6.140773 -16.330600
-9.566249 19.872800 22.661950 -7.654919 -6.602045 -11.490980 -14.365860 -23.040800 -20.484090 -20.874830 -8.224847 -12.958410
-9.684744 21.115660 23.061460 -12.861900 -7.831544 -5.776012 -16.109720 -26.034430 -17.452920 -16.125550 -5.798032 -20.258140
-10.782810 19.934670 24.369240 -11.175400 -7.405283 -6.755782 -22.064760 -29.948930 -17.008280 -12.440560 -14.480360 -19.266400
-9.389122 20.183320 22.762610 -8.037313 -7.140707 -6.417402 -17.876190 -29.206950 -14.951190 -6.268227 -7.176889 -18.053960
-9.323735 18.555860 23.539780 -6.758729 -10.912210 -3.155553 -18.833050 -24.614180 -17.386050 -9.526470 -5.471738 -16.185850
-9.782977 18.855740 25.614590 -7.417164 -16.069720 -6.250060 -17.306720 -19.677870 -16.085210 -20.321610 -12.582450 -16.655920
-9.513142 18.876230 23.887790 -8.921685 -15.716080 -5.176326 -22.373330 -23.967750 -12.700390 -19.121380 -18.068940 -14.911070
-9.293651 18.497930 25.580250 -8.555363 -11.003860 -2.606544 -23.834890 -24.902840 -12.233680 -13.153820 -9.303065 -20.121990
-8.843311 16.345200 23.994700 -5.990160 -17.722880 -4.671133 -22.158250 -26.262110 -9.936004 -19.292600 -10.333260 -16.419450
-8.397575 17.933640 26.532210 -7.227149 -18.387780 -8.272418 -16.368800 -23.859340 -9.304538 -15.123220 -12.471940 -8.041997
-8.127740 16.053600 22.188310 -9.422720 -18.661000 -14.927030 -21.476950 -25.637360 -16.183100 -18.807350 -15.737510 -14.884550
-6.839345 15.887700 22.017430 -6.649068 -16.460530 -5.231227 -20.490150 -26.839420 -9.205268 -10.307690 -7.605150 -13.553880
-6.952313 16.203340 22.646350 -9.597610 -20.423110 -2.216431 -17.785150 -24.496280 -13.234650 -9.714892 -9.251753 -14.195930
-8.810157 15.716280 23.801180 -8.423960 -20.531190 -8.016390 -16.153100 -23.826810 -9.849832 -11.740220 -12.360760 -9.851344
-8.572555 14.098280 22.797720 -10.650260 -21.841970 -5.443968 -13.524480 -25.995130 -15.009100 -11.045890 -10.052360 -21.297880
-8.966410 12.483440 22.769630 -8.821006 -23.957710 -3.491820 -12.034800 -26.401010 -11.906230 -15.092240 -17.020980 -21.704900
-8.409241 9.115824 22.607330 -12.826450 -21.268720 -5.896900 -13.233630 -29.618260 -13.382180 -16.095440 -13.881050 -15.902090
-8.769329 9.032678 20.760380 -14.192480 -25.156950 -7.290537 -10.624560 -33.544950 -21.629140 -13.923850 -4.241556 -17.324490
-8.392971 7.898186 19.204470 -13.381370 -26.057030 -10.307970 -13.345450 -28.725180 -13.786150 -11.012340 -1.089131 -22.726020
-7.706871 7.382365 16.744200 -13.555780 -28.247130 -11.218060 -15.546360 -35.634670 -4.252125 -9.153068 -5.689487 -22.996160
-8.322059 7.598702 15.239010 -12.682280 -29.175740 -10.821610 -15.292780 -30.915180 -3.524148 -8.865702 -2.837043 -22.613510
-9.375614 8.353717 15.143040 -13.320390 -27.193150 -13.428350 -16.117050 -26.981720 -4.816721 -6.755199 -0.615478 -26.000760
-9.440081 7.145143 13.114270 -16.449490 -26.506630 -15.433280 -15.441260 -28.574750 -4.038420 -8.811498 -5.951312 -25.694060
-9.200022 6.841324 11.776850 -14.898180 -29.200810 -16.078370 -12.337260 -31.258050 -1.582874 -7.150112 -5.636858 -28.017190
-7.672182 5.019598 11.058200 -11.622070 -29.491330 -16.286890 -11.739070 -28.818690 -0.621199 -6.322430 -7.722248 -26.458640
-8.056520 4.369403 9.424260 -11.131910 -27.922890 -18.192580 -11.705460 -25.472700 -6.323690 -7.503726 -11.635810 -25.188880
-7.303499 3.426030 6.991303 -11.044940 -27.560610 -18.302910 -9.098223 -26.381360 -4.360357 -9.952356 -10.904930 -25.247640
-7.726210 4.198776 7.698249 -15.638860 -27.004660 -19.120620 -10.213950 -22.605100 -5.390969 -11.656760 -14.816520 -22.820600
-8.626890 4.041547 6.747851 -16.579480 -29.727370 -16.962590 -3.938738 -21.207890 -8.639982 -12.273650 -10.860860 -26.458640
-9.330795 5.497589 3.359813 -16.157850 -29.796540 -14.733830 1.217081 -15.965980 -6.204429 -6.491064 -4.215899 -20.123420
-8.866335 3.999777 2.012245 -16.397030 -32.768260 -17.358510 2.170278 -16.804170 1.531712 1.320289 -4.334312 -14.744820
-5.745574 6.225413 3.827990 -15.582140 -31.366700 -17.595530 0.981225 -20.585850 -2.315677 2.652151 -4.208005 -12.072720
-6.790228 6.028778 5.310549 -13.074130 -25.705990 -13.824270 -0.719254 -17.142970 2.048052 3.821402 -2.023280 -10.662510
-6.207273 5.869185 6.479430 -11.989340 -23.449310 -10.534440 5.525409 -7.506142 -3.167053 2.296816 -6.064462 -14.031120
-5.711193 6.058332 3.014923 -9.847181 -22.859630 -10.222450 5.349434 -7.678929 8.525398 6.087633 -3.738299 -7.787613
-6.511490 5.406562 1.300617 -8.906560 -18.179410 -10.618370 3.914140 -3.576740 3.762522 5.086155 -7.742641 -12.350750
-8.139712 4.121541 -0.785891 -9.839619 -18.002160 -11.276130 5.588345 0.313361 7.111495 8.288474 -12.212740 -13.422030
-2.977228 7.458024 -4.249617 -4.914827 -13.037470 -9.215234 6.478606 0.318782 -1.038270 2.720121 -14.812570 -17.378230
-2.005943 -1.710901 -6.343927 -9.604227 -10.087360 -5.376398 -0.517005 -3.255558 14.105180 -2.613349 -24.292870 -12.648850
-2.572321 -1.879558 -6.016203 -7.352880 -5.899967 -5.995616 1.717509 6.047211 19.387840 -0.045127 -33.465950 -15.801770
0.246677 1.120400 -14.367690 -9.575394 -4.962711 -0.397313 -4.455664 -1.527678 14.001090 -8.007907 -27.835400 -19.527950
0.343376 1.683508 -15.673130 -10.755190 -6.494831 -1.976768 -3.359488 -7.867980 9.964808 -6.818867 -23.205440 -27.944820
-1.908323 -2.119145 -16.339500 -16.086010 -5.390701 0.380273 -8.245234 -18.137000 7.618873 -14.851340 -20.442460 -31.979130
-2.297574 -1.155281 -19.809470 -12.135400 -5.549793 -1.673757 -12.180840 -22.058950 9.597372 -18.970820 -20.595090 -33.923190
1.608134 -0.692263 -16.182660 -11.026500 -1.467887 0.360741 -12.745420 -23.380950 6.933636 -13.974610 -17.670940 -29.798590
1.185115 2.173321 -17.759630 -10.166710 -3.791141 4.135703 -10.467530 -28.275930 4.051369 -19.084390 -11.765400 -31.122820
0.960406 4.292168 -19.392010 -7.864314 -2.231353 4.042266 -9.814954 -32.800950 7.552004 -20.876550 -11.251620 -27.790040
0.603388 4.450973 -18.599230 -8.223073 -0.165758 6.439427 -11.660860 -31.596850 4.119617 -18.295420 -10.479300 -31.195910
0.690877 4.055733 -17.062830 -10.086350 1.962955 6.184983 -13.915530 -30.766110 4.136851 -12.445730 -12.343000 -29.936890
0.202165 5.444391 -15.635670 -9.925646 1.160581 4.521065 -9.011457 -28.694010 2.025303 -11.978540 -7.784086 -26.526000
0.112527 10.374440 -16.360570 -8.835186 1.713078 -1.349103 -6.811161 -30.504560 7.818101 -9.519588 -9.803690 -28.106050
0.131866 13.513900 -15.511600 -4.328238 0.219866 -3.335564 -9.405568 -21.431500 -2.701037 -3.023749 -9.203072 -20.625020
-1.533808 7.390640 -8.732408 0.929317 8.449390 7.773412 -7.724030 -4.558582 2.108027 4.606065 -6.507196 -9.868542
-6.585779 -0.035764 -11.919910 -8.054801 5.523491 12.019780 4.411513 -3.012977 -5.595713 -5.746839 -4.632977 -23.793710
-8.107480 0.860717 -10.969510 -4.769716 2.230125 12.692850 -1.506252 -8.314518 -4.643689 -15.620510 -7.451871 -13.328870
-8.596498 -1.337335 -8.341480 0.074722 3.662813 5.952710 -3.718158 -9.381738 1.526197 0.323114 -2.039069 -15.588230
-11.134000 -4.053572 -7.675109 1.046067 3.902314 6.400891 -3.234228 -3.179667 1.948782 3.426490 0.114737 -12.918280
-10.577440 -3.356485 -12.154780 -3.081324 4.427143 15.469030 -0.721698 0.407547 9.081033 2.138507 -11.831190 -16.240310
-12.128920 -0.817967 -13.055240 0.034072 8.223722 7.132022 -3.468250 -6.174658 1.522750 -1.001865 -4.527063 -7.607037
-11.005060 0.530103 -10.798630 -3.522801 4.449624 4.922263 -5.699708 -5.204335 1.826074 0.058978 -1.789085 -14.521250
-12.554090 0.810277 -8.376594 1.565063 9.614908 5.022035 -6.963917 -5.102017 7.838783 13.700240 5.743973 -8.021933
-4.820337 1.255956 -20.141870 -3.374382 19.474250 7.978763 -4.159317 -6.779077 5.348768 10.267340 -6.353917 -6.393161
-5.631992 4.861187 -24.603590 -2.802446 16.306260 -2.263414 -7.010355 -19.199480 1.741281 14.712040 -13.434370 -1.256048
-4.159409 12.378620 -10.109630 5.330386 13.270550 -1.794117 -6.982859 -12.375370 5.331534 14.881540 -7.112420 -7.187841
4.428360 12.371130 -14.228800 -9.141006 0.548425 2.840782 -3.621617 -17.946600 4.392609 8.685968 -10.524700 -20.660850
3.609951 5.788404 -15.318870 -11.941130 0.606355 3.450498 -5.278713 -22.678960 6.002294 6.024825 -8.074857 -30.792480
1.886258 6.066214 -16.334810 -9.715305 -1.486908 6.028727 -5.718650 -20.888740 5.341186 0.200080 -5.889473 -33.741900
1.555333 7.560479 -14.991930 -11.752060 -1.662428 6.721850 -2.682473 -18.134970 4.995810 0.213846 -4.994138 -32.409070
2.032073 7.663328 -14.430120 -9.948807 -5.533365 8.798580 -2.047009 -18.664180 3.845936 -0.863345 -2.269974 -35.358490
2.634982 7.104949 -15.273610 -7.343899 -2.116357 5.809123 -3.850140 -17.559010 8.251717 1.333195 -6.056568 -35.579910
1.733996 8.528284 -15.000510 -8.493916 -0.778779 7.723790 -3.847085 -21.687630 12.013620 0.609619 -9.824741 -30.267950
1.133236 9.221037 -14.616610 -10.447010 -1.415144 9.252040 -4.368288 -18.737360 11.852310 -2.305335 -7.092684 -29.752020
-0.009651 10.890260 -15.673130 -9.481805 -1.782611 6.234605 -5.030026 -17.903230 7.718143 1.200697 -11.130580 -28.101030
-0.013335 13.966670 -13.951020 -7.569365 -1.390070 2.581059 -5.463243 -15.888730 9.433302 5.662607 -19.307010 -25.222560
0.754422 13.955640 -10.894600 -6.540353 1.801270 -1.837932 -6.102984 -12.844270 8.601229 9.547204 -21.549630 -24.652160
1.535073 10.595110 -5.830493 -0.696682 7.121322 -0.270618 -10.226170 -11.012040 1.851581 12.927620 -9.640543 -22.269560
-6.216175 3.277470 -7.753138 -1.525753 7.866631 9.672771 -7.854789 -4.282799 7.170781 24.998700 9.645690 -10.195300
-10.585120 -4.307739 -13.626410 -7.964993 0.805219 5.499778 -3.317327 -3.674992 4.200963 17.198530 0.631809 -4.896956
-12.666750 -4.643870 -14.167160 -8.319026 0.940101 7.436616 0.763090 -7.007428 -5.114531 8.718662 1.377154 -5.530407
-12.283940 -0.412483 -9.581367 -4.064486 -0.020500 7.166863 -1.270397 -8.762412 3.527446 6.836160 -5.190835 -2.848990
-12.376040 -0.564983 -11.737320 -4.676126 4.277563 12.662230 4.577100 -2.329279 7.128729 13.735510 -1.655541 -5.269575
-11.459700 -0.336429 -12.423200 -4.543777 6.821297 8.076951 -0.521282 -1.917298 5.243294 2.918868 -5.119787 -12.317790
-10.529860 -1.726664 -6.272920 -0.502886 3.897127 9.981587 3.520029 2.539276 3.640503 6.052357 1.460701 -11.663560
-9.270934 0.278694 -8.680908 -0.385663 3.600559 7.714816 -3.364376 -2.079922 3.368201 13.145300 5.093358 -6.640379
-6.891531 4.881283 -17.290680 -5.749096 16.285510 -3.260075 -8.229958 -8.719723 8.511610 21.770570 -9.726064 -3.546932
-7.638107 8.556656 -16.184220 0.320985 23.894230 -2.261830 -8.347885 -2.830025 17.462430 21.655280 -9.918157 1.330065
-7.612935 8.649653 -8.637212 1.909170 12.498440 -1.521724 0.408085 -3.598423 18.215220 18.826360 -9.876712 -10.060580
-2.126893 15.413250 -5.614352 4.514078 7.215567 10.713770 12.456250 -16.915970 7.254195 3.994338 -8.850463 -9.005788
-0.591686 13.278640 -7.117198 -1.119726 1.117349 3.954636 7.607778 -12.284580 6.571026 0.180291 -12.289710 -16.926790
1.313433 9.057109 -11.219210 -7.221949 8.306726 10.540630 3.201075 -14.056500 3.421972 -5.782975 -0.190506 -25.117220
1.340754 10.849680 -13.166040 -10.342540 4.880208 10.885340 7.703709 -17.511580 7.585093 -7.224104 -11.475950 -24.906550
3.101899 7.895034 -15.684830 -2.832224 2.400456 12.911920 4.358354 -24.335010 8.058003 1.346101 -19.217540 -27.978500
2.188633 11.555430 -15.374270 -2.361441 2.095243 13.647280 -0.190718 -22.994720 11.673760 -2.366421 -12.235110 -29.356470
2.056632 13.103290 -16.727300 0.342255 1.493462 10.055490 -1.291783 -23.763800 12.537550 -5.167806 -12.494960 -29.864520
1.667688 15.220950 -17.087800 -0.447583 3.043739 9.419909 1.828104 -23.607950 6.464863 -5.616922 -5.198071 -24.916580
0.701929 14.805220 -13.382180 0.723703 8.241014 7.253966 -2.725856 -22.212090 4.549786 -3.892729 -6.427596 -16.768420
-0.348557 16.437010 -7.495641 -1.203389 7.178388 3.083612 -7.271262 -10.852810 2.085278 6.084191 -12.174590 -9.472993
-4.849193 11.664980 2.556890 7.880463 11.378750 8.892017 -0.528614 -3.674992 5.290861 12.888900 5.291371 -10.161620
-10.866000 2.507088 -4.025672 4.864802 5.255456 8.635461 2.290038 -2.274393 6.327678 11.991530 4.219731 -10.321420
-11.113740 1.056563 -8.335238 -3.091250 3.332525 11.073270 0.635386 -7.329288 5.056474 15.261820 3.113225 2.801190
-11.872590 -0.399085 -9.733525 -0.122383 9.702235 10.769200 1.580640 -0.374403 4.411222 2.083443 -0.124063 -4.211196
-10.559330 1.206699 -7.689154 -1.824956 4.035467 15.474310 2.699424 0.392640 -3.402818 1.212742 4.308541 -7.914446
-14.331500 0.613249 -6.045074 0.879686 13.446070 14.875150 1.847046 8.771162 7.191462 4.150926 -1.543049 -10.510590
-13.795820 1.047106 -4.466538 -0.022649 7.920238 12.090520 1.817106 2.362423 3.588110 9.447401 2.198153 -4.879042
-13.080560 3.074531 -1.506882 5.797388 7.339209 11.898370 -3.789037 -2.338765 -4.192839 -6.475577 4.957182 1.749260
-12.434670 1.101092 -4.864489 3.736056 8.669005 6.899222 -5.482795 -4.457620 -5.009746 -5.469798 -1.313458 -0.280075
-5.987782 2.135098 -19.227370 -5.454148 12.937670 6.045619 -9.533883 -8.464268 -3.965346 20.074760 -16.934800 3.282010
-2.343007 7.913949 -10.182190 -0.818632 11.678770 0.338042 -6.968805 -13.147840 -2.024762 15.575000 -6.549956 4.619853
-6.806498 5.456213 -4.533644 4.385510 8.542769 -0.595800 -7.650096 -3.659407 6.505536 9.208217 -12.669290 11.380000
-11.771290 4.496289 3.670370 14.396750 8.215940 -11.274020 -14.204550 -0.146052 23.035310 20.888680 2.336960 2.806206
-5.901521 9.587510 2.739479 14.084310 15.296380 -6.331356 -19.141010 -16.095400 7.720900 2.123881 -12.056170 -7.507433
0.090424 13.129690 -0.560385 4.422379 3.821904 -14.041760 -21.726860 -17.731800 -6.706292 1.784892 -19.053080 -13.668530
-0.730748 14.555390 -0.678990 1.676142 -0.775320 -11.718500 -24.819860 -21.812980 -11.654610 5.438049 -16.521010 -15.929320
-0.991067 16.073690 3.037552 4.823679 -0.668971 -13.841160 -27.579860 -18.930480 -8.175345 10.214000 -19.461610 -17.652680
-1.336419 17.127010 1.661893 0.782788 -4.219996 -13.923510 -24.064640 -18.430410 -15.138700 4.542397 -17.616330 -16.418740
-0.490382 17.281870 1.375525 2.637088 -2.629081 -9.566811 -27.406940 -18.820030 -9.546508 0.746419 -16.928220 -16.233140
-1.296205 15.420350 3.401169 0.797913 -1.845729 -13.410400 -27.565200 -20.548580 -9.390020 0.371295 -17.733430 -21.093660
-1.493900 16.434650 3.850618 4.477209 0.784468 -11.738560 -23.002680 -12.432970 -15.031850 8.743613 -18.467590 -13.275130
-2.831413 12.923990 7.797347 6.168437 4.319065 -11.689470 -20.472430 -12.407900 -10.823230 3.799893 -13.928420 -11.156940
-6.178724 13.874070 6.518445 2.336940 3.483835 -8.967652 -12.420360 -7.888308 -3.918469 9.926630 -3.236358 -1.293310
-10.082590 8.807671 8.048601 3.040752 -0.062002 -9.915220 -14.782580 -1.475503 1.771613 14.059020 3.168484 6.012871
-11.905740 3.575772 0.326029 -0.996358 -6.533739 -10.183390 -16.931550 -11.902410 -4.473414 12.639400 2.892186 10.740820
-14.400570 2.766772 3.523675 5.534108 -1.692690 -10.692280 -17.117300 -9.491509 -13.838540 3.890232 -0.002360 2.346882
-15.398560 2.089781 -1.360967 3.344209 3.410342 -2.465069 -9.736743 -10.281590 -0.518483 6.969518 5.108488 6.298067
-14.709390 1.316247 -0.057096 3.340900 2.887242 -6.824935 -12.912230 -11.962040 -2.147470 7.434981 -2.803492 9.666678
-15.689270 0.646744 -2.591491 1.182197 -4.874519 -14.059710 -18.760340 -12.876120 -5.233792 0.944305 -0.872698 1.802287
-15.404700 2.359317 -0.674308 7.644598 0.094495 -5.513650 -7.263929 -10.324280 -6.232693 1.709179 -3.131760 -4.206180
-15.160960 2.245828 -2.451039 0.810203 -1.666751 -4.670605 -9.495388 -7.828679 2.367921 -2.161652 -2.648897 -7.967473
-13.239270 4.470675 2.257257 0.897647 -4.298677 -2.261302 -5.630663 -10.841970 4.875859 8.149954 -1.820662 3.170942
-14.001500 12.519300 5.861437 -10.455510 -13.322790 6.777806 4.449396 -21.187560 13.113170 24.342230 -1.265435 7.231762
-15.484520 12.649730 12.634390 -2.846877 -8.460129 8.379961 4.032067 -14.504390 12.213540 27.899880 -3.209386 0.676550
-4.581813 17.135680 16.537420 -1.491248 -10.605270 -0.202520 -2.861503 -13.428360 -8.586211 12.346010 -2.774547 -9.798318
-5.451488 13.750730 16.616230 -5.535448 -24.501560 -6.917845 -4.247916 -21.802140 -16.312010 6.499753 1.336367 -24.832020
-4.427095 10.622700 15.065010 -4.057868 -26.484150 -9.983846 -7.304868 -19.153410 -13.988830 5.327920 5.489384 -24.395630
-4.539757 8.334014 13.971040 -5.725935 -26.004280 -12.084860 -1.139027 -21.361030 -14.077750 3.984874 2.567866 -27.684700
-3.702622 7.922224 12.369090 -3.827676 -23.568630 -10.562420 -1.460426 -16.361020 -12.133720 4.520888 -0.595742 -22.474500
-4.361094 7.382759 12.181820 -6.058226 -24.602720 -10.189720 -2.321969 -15.539770 -10.766700 1.829632 -0.074724 -23.573720
-4.226637 7.645596 12.095210 -7.583072 -23.832340 -10.671690 -2.410568 -16.116400 -5.513678 2.152273 4.253939 -28.585430
-4.248126 7.863115 10.054740 -6.353174 -25.640280 -9.956395 -2.010347 -15.322260 -5.288942 1.361587 -2.958745 -21.704900
-4.788411 7.275970 8.648648 -6.350338 -26.858540 -8.042256 -0.386857 -17.254770 -5.011814 0.724909 -0.238529 -18.949670
-4.914579 5.648513 6.475528 -7.284342 -24.789480 -12.925790 -2.453339 -18.224420 -6.078274 1.419233 -0.321418 -17.226320
-4.938831 4.531754 9.006022 -7.122688 -24.879400 -13.543950 -3.542795 -13.353150 -4.083919 3.509946 -0.006965 -16.709670
-2.407780 4.815870 10.831130 -6.632524 -26.234280 -17.655180 -5.166896 -8.576749 -7.184717 9.764879 -1.673303 -12.946220
-0.660449 8.233529 5.490016 -4.885521 -23.783920 -17.552250 -2.710580 -9.005670 -6.707671 7.170846 0.245650 -16.026060
-2.567717 9.632038 8.491029 0.087957 -21.958690 -13.241470 3.902530 2.243843 -1.369169 16.025840 2.040926 -11.182740
-2.830184 4.147549 5.403404 -9.901539 -21.662120 -14.485720 -7.351306 -3.971781 -3.260807 1.348682 -12.839670 -7.541112
