2.515928 6.180882 -1.495518 -3.751892 -6.154128 -8.688348 -29.994230 -18.723030 -9.270285 4.369856 -4.607152 -18.202430
2.829954 8.153223 -0.472046 -2.051183 -4.834134 -10.555580 -28.388340 -23.918870 -15.284340 -0.192822 -7.926107 -15.392610
2.518612 9.967795 -3.147493 -0.395172 -5.592446 -10.620750 -22.800220 -29.945850 -17.692510 -0.714805 -15.256330 -17.451880
2.303894 11.271560 -2.736066 0.730330 -1.097332 -10.671620 -24.437140 -27.699570 -15.433880 0.229566 -16.141440 -18.314970
2.614564 11.100070 -0.083346 -0.187804 -5.456381 -12.366120 -21.533010 -19.933830 -18.192860 -2.030876 -16.686110 -19.390440
2.964823 10.413210 -2.243922 -0.415689 -5.136961 -12.577530 -29.147540 -20.268000 -9.359582 -5.239245 -22.615940 -19.058270
2.994347 10.765330 -1.766667 -0.939604 -8.470547 -13.608640 -25.420710 -19.945040 -17.797400 -2.169597 -22.093480 -15.844580
1.486622 11.363020 0.339836 -1.083955 -9.203969 -9.581165 -24.669280 -20.312160 -12.680560 -8.242201 -20.029440 -17.902030
1.110866 10.981630 -1.252580 3.349173 -6.044612 -12.223060 -27.112670 -21.543400 -11.744370 -0.886428 -27.454980 -18.664390
-0.237834 10.513360 0.846870 6.081592 -1.831584 -16.300870 -24.073070 -19.010400 -14.820850 -6.122259 -21.892090 -11.049910
-1.397983 13.001070 0.841384 1.124548 -0.932229 -14.149100 -21.203510 -17.926810 -21.873150 -4.010319 -17.963960 -12.847790
-1.202053 12.473350 -1.616987 0.621150 -3.199698 -14.331910 -19.988510 -20.033360 -20.013520 -7.512137 -20.070290 -13.057440
-1.921359 11.648380 0.129029 -0.965983 -2.155982 -17.323510 -21.837110 -22.599970 -18.609580 -10.464410 -23.546200 -11.485540
-1.418113 11.673070 -0.877203 -4.330031 -2.872811 -11.456880 -27.981230 -20.262730 -21.530140 -4.727045 -25.385200 -13.921440
-0.792075 12.174730 -0.548845 -3.390647 -1.070783 -10.699170 -26.152390 -24.729580 -18.872500 -2.649786 -20.708130 -12.362250
-0.555214 9.840665 -2.160069 -1.610801 2.218001 -14.417210 -29.007130 -20.301620 -25.265010 -3.930288 -14.112510 -10.228560
0.064114 9.285958 -2.576982 -1.294987 0.301480 -10.605920 -29.934250 -24.540410 -20.885930 0.929396 -11.503790 -14.444200
-0.064046 7.530836 -2.873992 0.059865 0.575269 -13.585330 -32.161040 -30.138320 -17.490530 7.149613 -6.889069 -21.379830
-0.282119 4.565694 -5.053377 -9.654181 -3.016342 -14.064330 -36.715500 -34.999980 -24.440780 -3.070395 -4.563435 -29.529770
1.114892 5.672821 -5.305718 -11.494110 -1.098162 -10.388670 -22.127100 -31.238380 -26.401770 -0.321762 1.272508 -25.274190
2.137487 3.935990 -8.184919 -13.891670 -5.841345 -4.071662 -24.325660 -31.375480 -27.885790 1.407806 5.626353 -24.931130
1.778505 4.288569 -9.756177 -17.400060 -7.306530 -0.647165 -24.130920 -29.136450 -20.337390 -6.185394 2.204195 -13.867900
1.963029 5.063695 -9.715425 -22.059610 -8.336971 4.656222 -20.204420 -29.233350 -18.221910 -1.751656 4.848036 -9.418101
1.055844 4.839160 -9.560259 -25.078540 -13.021250 7.054906 -24.660810 -27.930270 -12.134860 -11.727120 3.631826 -11.183320
0.274135 3.380369 -10.592350 -27.584540 -16.325800 5.413924 -24.935280 -27.512380 -11.318440 -18.638280 2.733824 -8.886268
-0.187509 3.695907 -10.402700 -29.979890 -18.034900 7.627687 -18.368520 -26.826240 -11.349620 -21.116580 3.639710 -4.518151
-0.644456 2.223396 -10.312580 -33.574750 -16.588800 6.980196 -14.349580 -26.354970 -7.453170 -26.222590 1.702518 -4.572605
-0.466643 5.542947 -10.529660 -33.395230 -15.153480 13.058770 -17.312280 -19.272070 -1.232883 -26.253710 -2.090881 -9.385429
-0.271383 5.255304 -11.686350 -35.205850 -13.470100 8.721321 -16.895280 -21.882840 0.078927 -36.467490 2.657855 -7.494061
0.402966 5.295547 -11.168350 -33.962380 -14.637430 6.966949 -14.149200 -21.296230 0.816687 -35.136300 -0.047620 -8.257324
0.710282 5.915190 -13.683930 -35.063700 -10.737190 6.705197 -14.369340 -21.037860 -0.332830 -36.959240 -1.816392 -5.092640
0.391559 6.553126 -14.886860 -33.919140 -10.881550 7.607022 -16.332240 -15.664710 -0.237864 -35.710750 -4.115508 -6.342360
0.568702 6.666079 -14.212120 -37.242160 -12.744970 9.978683 -21.337560 -17.329650 -6.114430 -34.482710 0.630361 -8.201056
1.038398 7.401877 -13.556970 -37.396040 -11.634880 10.902230 -20.126800 -17.870130 -4.390155 -35.197660 1.817904 -11.255920
0.782078 5.710776 -12.700420 -39.168560 -13.432760 8.368963 -19.814940 -16.538710 -6.100256 -36.694250 -3.926304 0.458942
0.697533 6.448861 -13.365760 -38.939940 -12.291140 7.491512 -16.226400 -17.042930 -5.037910 -34.722810 -4.582068 -0.660087
1.031017 5.641724 -13.472340 -37.275870 -14.875540 4.779150 -14.228220 -17.839810 -4.570875 -32.796720 -8.278715 -3.702249
0.674048 5.895984 -14.403340 -38.080430 -16.943900 5.904576 -11.730500 -21.418170 -2.307277 -33.152410 -9.532909 -2.912666
0.246625 4.928791 -12.406550 -40.404700 -16.810320 4.900488 -9.364717 -14.093370 -3.405767 -36.357230 -4.723255 5.220035
-2.034757 6.745192 -13.692550 -38.297320 -15.863670 6.913433 -12.395150 -8.767031 2.916574 -30.930210 -3.148704 7.351001
-1.308070 4.561578 -17.836590 -41.938340 -13.474240 7.937656 -14.096990 -17.024480 3.784735 -24.220020 -4.169260 8.131508
2.310604 3.792855 -16.032590 -39.540790 -16.481770 11.312350 -7.935229 -12.087020 1.596969 -22.466450 -3.575847 1.400089
1.277272 2.765756 -16.895400 -39.323170 -11.653960 14.487280 -11.408760 -14.931110 -1.852289 -15.324980 -7.592134 0.902742
0.566018 2.565000 -20.425050 -40.814310 -2.745872 12.910940 -7.275519 -17.495750 1.137729 -12.614580 -5.301617 -9.239311
0.221127 2.318515 -19.124940 -37.558710 -0.211252 14.414690 -5.957511 -15.902660 4.697545 -9.938867 -7.053905 -4.568067
-0.394175 1.286843 -17.420460 -33.550570 -0.139071 14.483570 -9.316032 -9.925762 -2.261211 -7.071075 -14.390580 -12.081810
-1.468438 -1.875396 -16.125060 -34.055440 2.882561 14.521190 -10.219160 -11.284210 -1.694249 -3.059724 -7.995625 -14.951530
-1.175884 -2.142917 -16.316270 -35.711450 5.461154 13.310450 -11.407350 -12.705930 3.628821 -2.846307 -11.565420 -19.586470
-1.879757 -4.293149 -15.968320 -34.925210 2.699206 15.403940 -14.866060 -8.668822 0.200824 -8.307116 -11.000670 -20.581170
-2.228003 -10.202850 -16.663440 -31.438790 4.202555 15.173450 -14.772930 -16.688990 0.756447 -13.931540 -10.335590 -26.687270
-2.556791 -10.410470 -15.263810 -27.314150 1.443926 17.400460 -20.271450 -14.494780 2.975396 -15.135570 -11.268000 -27.342540
-3.802828 -10.558630 -14.216820 -28.334870 -3.222929 16.619970 -19.010590 -18.910220 -0.146441 -18.583150 -9.077816 -30.641540
-4.765705 -7.670776 -13.350870 -25.250730 -2.281261 15.655620 -16.479700 -24.272150 -0.393778 -18.597370 -10.920410 -26.802530
-2.760773 -4.515854 -13.707440 -19.325000 0.205239 14.993830 -18.119450 -21.625130 5.818005 -17.505390 -9.838216 -19.322370
-1.739519 -2.268675 -16.168160 -21.476350 1.129483 10.162020 -17.994570 -23.727060 0.635967 -17.369340 -13.216660 -22.978050
-1.194001 -0.391910 -18.295040 -17.331190 1.090489 5.194031 -15.927950 -23.870750 4.663527 -19.595990 -15.469190 -28.610400
0.289568 -0.487486 -15.167410 -15.964610 1.601562 -1.106555 -13.514890 -28.798320 3.617481 -18.027370 -19.578640 -17.695110
2.150907 4.351677 -7.753901 -8.322777 7.069870 -6.807868 -16.021790 -21.551970 6.061799 -0.884649 -21.927930 -5.668945
1.830843 5.671449 -9.420766 -11.151920 11.428090 0.600129 -11.231660 -14.751170 -1.028776 3.404144 -14.895840 -7.092009
-1.080603 -2.712715 -17.103860 -14.158390 6.131521 14.377070 -5.701388 -0.963058 7.342425 7.260767 2.957428 -24.536340
-2.062939 -1.539737 -14.341430 -10.077710 6.335618 14.200620 -9.899541 -10.845890 8.939133 1.478945 -2.631976 -23.255760
-3.347893 -1.965027 -11.452040 -11.323380 7.828182 14.279570 -3.184613 -0.905056 1.289392 0.402078 -2.394038 -15.067700
-7.285289 -6.286068 -17.800540 -14.154720 3.758685 6.741758 -5.239239 -6.502956 2.767746 1.788399 -10.677450 -29.414510
-7.075268 -3.485554 -16.959670 -16.498050 4.059023 15.774840 -4.261316 -7.490976 1.484994 8.527931 -6.924902 -23.797580
-7.725461 -3.070782 -11.676170 -12.545610 2.446159 8.599983 -9.883312 -10.399010 3.175251 -1.965962 -1.928194 -10.178640
-7.308774 -4.378207 -14.391580 -7.740975 6.393695 11.713450 -1.496180 3.536749 2.102983 0.028598 1.610782 -10.473600
-10.329590 -2.013501 -11.857980 -5.590358 6.141478 9.223630 8.146164 3.505111 -3.363953 2.196559 1.058221 -17.839410
-9.782060 -1.124050 -11.372100 -8.547730 5.216403 14.286990 5.512970 1.813811 0.153340 7.903686 -1.729673 -13.843390
-9.755891 -8.494834 -14.241900 -8.456138 21.640410 -5.031242 -9.665997 2.318038 5.256711 14.355110 -15.614670 8.852116
-5.171657 -0.611415 -10.761620 -8.561653 20.184350 -5.744966 -7.703801 -9.196776 3.970415 15.565360 -27.671420 3.911325
-0.791404 2.663320 -4.435061 -9.649784 3.976887 -7.896204 -3.734254 -5.043666 -0.575915 17.809790 -28.552940 -4.447361
-2.701055 0.039782 -9.543802 -14.512300 -1.960181 -5.764571 -8.652795 -7.661688 -1.855124 7.121157 -28.958580 -10.495380
-2.115947 -0.871162 -9.582202 -16.057670 -5.793224 4.955594 -10.862650 -11.594650 0.801804 1.040550 -29.503970 -12.237910
-1.969670 -3.576557 -10.499090 -16.091380 -5.033253 8.035680 -13.140940 -11.775910 0.405639 -3.069506 -25.109280 -16.822940
-0.949759 -4.444973 -9.725614 -16.059870 -2.726790 8.172915 -10.004670 -11.427240 1.429006 -1.170984 -24.184040 -19.080050
-0.627681 -3.514364 -9.676243 -14.623680 -4.584405 9.764619 -8.681018 -11.461510 -0.781439 -0.617878 -20.388490 -18.255070
-0.471340 -3.320926 -10.802370 -15.129280 -5.160192 6.261703 -8.776270 -13.479070 4.082390 -1.598707 -21.000540 -20.853440
-1.122204 -3.513907 -8.460772 -16.988990 -4.688943 5.248607 -10.056880 -13.029560 1.338292 -1.299034 -22.259040 -16.835640
-2.226661 -1.860762 -8.981912 -15.059670 -3.354845 4.526936 -10.712360 -14.823020 3.723078 -2.113575 -23.802770 -14.002220
-3.616962 2.244432 -9.602577 -13.079050 -1.238375 1.719198 -12.184180 -14.497410 2.892478 -3.309600 -26.526160 -12.655390
-3.583412 6.470811 -9.289893 -11.750570 3.979376 -3.908465 -9.519943 -14.643080 1.090955 5.950921 -31.170980 -4.631597
-2.702396 8.985969 -6.861302 -7.546064 9.334850 -2.931399 -4.864580 -16.652730 0.664315 14.107010 -34.377410 -1.019483
-4.746917 2.286047 -8.974074 -8.412172 4.801572 2.667650 4.679690 -0.785755 3.747174 21.316060 -16.967050 -7.430532
-7.536912 -2.486351 -12.951200 -9.750171 -0.828521 9.600892 3.602282 0.433615 13.136070 15.859700 -27.478630 -22.205710
-4.640900 -3.186022 -13.907270 -9.807325 -3.338252 9.547376 -1.729019 2.323970 4.764872 2.907060 -15.227670 -18.222400
-8.260244 -4.480642 -17.001980 -12.514830 -1.507185 -0.485028 -1.540631 -5.422659 5.186550 7.223419 -17.604180 -23.557080
-8.050894 -4.088277 -17.540370 -10.359090 -1.419241 -0.526887 -7.142166 -4.422775 -6.069073 -2.981471 -9.085699 -21.761910
-8.935936 -4.149098 -13.355570 -11.703680 -2.472084 5.859008 -3.198020 -5.646760 -6.619027 3.614004 -5.303767 -11.510040
-10.031000 -1.830123 -14.192530 -9.355952 3.515594 4.580451 -3.326433 -2.637880 -5.028697 -2.902329 -8.090228 -20.037530
-10.626840 0.372698 -10.252240 -4.821705 1.528551 2.086922 2.263106 0.289928 6.601830 0.231344 -11.715920 -15.916280
-8.678945 -3.676706 -14.036580 -5.049590 21.451250 -1.837235 -15.098900 -4.033236 11.309040 18.136140 -21.924350 8.641560
-9.955176 -1.365048 -9.253844 0.383007 30.477150 0.642518 -10.341230 -0.688865 16.483280 17.045940 -37.080740 7.524346
-6.456611 3.341041 0.085927 1.733462 19.247660 6.855678 -6.036535 -18.953060 3.572833 -6.986598 -37.816060 -1.515922
-3.728347 5.981956 -1.126410 -3.971717 15.010570 16.740250 -3.411808 -11.607830 17.395380 -5.634067 -14.722400 -7.394228
-4.173216 5.555751 -3.127901 -5.192476 12.415390 9.461008 -3.904297 -17.457520 16.542100 -6.068904 -11.814830 -12.178920
-2.106553 6.490932 -8.246046 -8.093427 10.433320 8.739337 2.194666 -12.132490 9.659175 -8.813091 -18.998850 -13.462220
-1.244325 4.933822 -10.187190 -8.854020 8.909233 12.955450 3.041352 -17.147730 2.839325 -14.949720 -13.780680 -7.981424
0.439871 2.364245 -14.853160 -3.726979 8.823778 11.764320 -1.213951 -18.794210 7.194306 -10.538210 -13.322720 -20.786280
-0.259976 4.458685 -12.495880 -4.982177 3.104081 11.109940 0.202131 -11.624310 8.933463 -15.477930 -23.850790 -16.282020
-1.457702 5.273596 -11.242800 -4.605544 4.544376 9.681961 0.857607 -15.993620 7.574171 -9.029176 -22.190950 -17.892960
-2.660795 7.089997 -8.543056 -6.727584 5.939869 6.099565 0.183081 -17.402810 10.272200 -11.745800 -22.686890 -18.820490
-3.627698 8.934752 0.292032 -0.161425 9.235291 -1.156362 -5.565213 -12.284090 7.698194 -1.991750 -24.320210 -10.532590
-4.971029 7.011342 -4.724236 -2.827164 5.924935 -3.848590 1.395959 -7.873265 -0.610641 -0.258626 -27.535250 -9.967179
-6.781373 2.783133 -8.052480 -0.181209 7.569327 11.088210 9.523440 -1.678862 4.787550 7.601346 -6.792316 -9.534270
-8.025396 0.305474 -12.181630 -4.549123 -1.414263 5.669847 1.971705 4.936059 5.343174 7.084698 1.269642 -12.204330
-10.342340 -0.514467 -10.811000 -2.073166 2.510872 0.812604 1.156770 1.697806 3.798909 1.027212 -9.468408 -15.845490
-10.410110 0.078653 -5.392705 -0.594479 7.152007 11.263600 2.188316 1.934430 7.756308 2.257027 -9.365206 -20.675550
-11.399830 -1.663208 -5.735169 -1.526535 2.237083 7.769690 2.965856 -1.771798 7.980967 -0.226613 -7.425863 -18.329490
-12.726380 0.554704 -7.246867 1.046877 2.714140 -4.247046 -1.362122 -0.297348 1.638782 -1.991750 -11.616300 -15.992510
-15.447270 1.117641 0.111788 0.182234 16.367070 9.215682 -1.266164 -6.901064 -1.412185 -0.152806 -3.695533 -6.803403
-19.435660 5.816870 9.123986 -16.790420 6.602770 -3.657310 -13.229840 1.884337 3.810957 5.078578 -3.395959 8.461862
-22.220960 10.910290 5.423499 -13.589770 6.004583 -8.929435 -14.338290 -6.641371 -0.479531 -4.393580 -4.817140 0.105899
-25.824200 11.964370 2.324870 -15.601170 12.228710 -9.535597 -9.905185 -7.804058 -3.278909 -12.475860 -2.662077 -4.123360
-25.896670 17.488120 3.284865 -19.684040 15.564790 -10.467620 -10.625570 -10.984970 -1.163430 -11.624860 -5.825512 1.981839
-31.687350 12.491640 1.516907 -19.227540 16.106560 -0.682136 -6.587586 0.986617 10.098570 -2.510175 2.401999 2.326714
-31.675940 13.787180 5.532429 -17.282830 8.678587 -4.283607 -8.549076 -1.112678 4.289332 -13.862180 -4.424398 5.924306
-32.902520 9.477111 5.163321 -18.959350 7.755172 -9.633092 -10.049120 -4.642262 -0.333539 -2.037990 -6.547928 -3.326517
-32.042980 12.335700 6.643672 -22.449430 8.831244 -14.816200 -14.574660 -3.679948 6.447333 5.043898 3.294986 7.975406
-33.978790 8.157796 5.876460 -21.044760 6.204532 -0.432041 -6.970006 -6.230081 2.358116 5.776630 1.739785 9.006402
-33.034030 8.646194 7.069205 -15.756510 11.077970 -0.459594 -5.590613 3.183461 9.410420 3.736719 2.622738 8.840317
-33.107850 7.623668 10.373150 -16.184430 9.041149 0.334139 -8.174417 -6.036300 2.739398 -7.688206 -3.249756 13.252900
-30.945900 11.359820 13.289970 -16.599900 12.343210 1.705421 -8.097510 -13.657040 7.991597 -1.169205 -2.376121 28.834910
-25.498090 11.755390 10.740700 -17.439630 13.119770 6.586508 -2.583466 -5.401567 17.812100 3.621118 -11.569720 19.568660
-21.307060 8.641621 10.138050 -14.754840 7.945165 9.817076 -11.241540 -3.351707 13.841230 1.979585 -16.548510 21.965540
-21.135960 4.586272 4.799698 -2.539927 9.596194 8.632834 1.345863 3.134686 5.083788 3.529526 2.328181 14.708640
-19.063260 3.616336 0.426823 -3.687411 5.883452 2.193954 -0.115376 4.187959 2.725224 1.738602 4.085486 12.015890
-20.154290 1.919748 4.454100 4.142006 7.226676 7.492572 -1.763592 -7.092209 -2.091122 3.944800 -2.505840 4.016602
-18.620400 3.157206 -0.398381 -3.280735 -0.711539 3.963692 -1.334604 -6.883927 -8.112264 0.522125 -2.368237 -1.066676
-16.679210 3.140743 -0.617808 0.894465 4.044919 -0.047362 -6.219984 -7.110664 -5.289499 -1.502669 -2.125998 -7.494061
-17.824600 2.462565 -0.379573 3.364560 9.790335 4.129009 -4.778500 -6.240626 0.336186 -9.111876 2.042942 1.999990
-17.084490 2.368361 0.288114 5.196432 4.841395 -4.852149 -3.364534 -5.548551 -8.674266 -0.705912 9.150996 7.647775
-18.400310 4.892664 -6.167755 0.935499 5.978034 5.794895 -3.641824 -2.424985 -11.802480 -0.425802 -0.165873 3.521071
-17.505880 4.557005 -0.301206 -1.418089 3.456688 -2.932989 -6.516324 -6.261059 -9.424073 0.400299 8.066656 2.751455
-0.508244 6.169450 -16.733180 -17.455750 0.308947 6.392049 -0.050464 -3.756406 -11.990290 -3.114857 -2.285819 6.158459
2.866858 8.311907 -21.461850 -19.995460 16.436770 12.644420 0.990961 1.032755 -16.934910 7.088255 -5.057229 16.502900
2.483049 10.429210 -10.337660 -13.447620 3.235168 14.458660 -1.532164 -7.949064 -18.211280 5.299998 -9.102183 14.793040
7.607435 13.712180 -4.239928 -19.430510 -12.490260 10.046510 -5.213132 -9.652228 -18.228290 4.749560 -13.024580 14.806660
9.994163 10.118700 -6.170105 -24.310620 -20.429310 11.612250 -6.405549 -19.230550 -12.839310 -7.978987 -6.892652 10.212560
9.857280 10.166260 -7.833836 -25.371640 -22.386480 9.544726 -9.082488 -20.610090 -11.525380 -11.431010 -9.229753 8.273995
9.240636 13.148780 -6.367590 -26.529380 -18.940060 10.335810 -5.185615 -21.395100 -8.533234 -12.527440 -11.789020 8.603442
9.381544 12.877600 -5.518093 -22.711760 -23.893980 17.072470 -8.187823 -20.158590 -9.190202 -15.549070 -14.445770 6.067702
9.466089 13.617060 -6.037665 -23.865840 -21.731050 10.674390 -1.818627 -19.852760 -13.682670 -18.630270 -14.841370 2.572664
8.734035 14.900250 -7.423976 -19.292750 -15.877780 9.314767 0.454726 -9.690457 -14.337510 -18.301260 -18.264250 7.814767
5.214668 18.411410 -2.917094 -20.002790 -11.695450 6.555776 2.323786 -3.035989 -22.388380 -10.785420 -21.186160 2.087116
1.165216 14.872350 -2.360689 -10.924030 -0.302515 -1.016479 4.322670 1.136896 -15.435290 -8.362248 -16.078370 14.915570
-1.137637 12.963120 -3.273664 -6.205134 1.288779 -0.537484 1.967472 -0.761368 -10.659340 -9.686323 -8.050094 1.977301
-1.814671 11.635120 -3.139656 -4.543261 1.957487 2.978679 -3.190258 -7.042775 -12.090920 -4.221068 2.638505 4.842487
-5.415898 7.214384 -4.566718 -7.404644 -4.629207 -1.263394 -4.302945 -8.778895 -17.210590 -6.975037 -8.201314 -4.314856
-6.461308 8.468304 -4.506375 -10.115080 -3.178956 -2.368156 -6.072519 -7.435610 -7.874848 -8.447615 -1.334065 2.925708
-7.985137 4.874372 -5.705389 -6.880728 -4.837452 2.428153 1.906087 1.138214 -6.414211 -4.905781 -5.382602 7.255706
-7.740894 6.100397 -1.828577 -2.451264 -6.225479 -3.870315 -2.011953 -2.851435 -11.166070 -1.771219 8.584100 10.169900
-7.349034 7.859179 -2.336395 -2.534797 -6.164083 -5.235239 -6.502918 -8.024203 -14.351690 -1.042933 1.162139 4.168166
-8.077734 5.124516 -5.823724 -5.158770 -6.606294 -3.416753 -7.858321 -10.823480 -8.268888 -5.085407 3.719261 3.423054
-9.904181 6.974300 -1.816039 -3.694738 -8.655561 -6.732628 -9.058499 -17.119390 -7.996746 -11.250490 -1.752607 14.271190
-17.745420 9.704390 7.203212 -13.901920 -6.992087 4.019857 -10.176830 7.529694 2.700419 -13.198810 -11.601970 11.014850
-21.397650 15.994110 5.265198 -15.533750 0.765261 1.258748 -10.154960 -5.671806 -1.012476 -8.604120 -10.948360 18.351610
-23.901130 18.168580 9.181193 -14.615620 2.768068 0.443820 -15.674650 -10.942780 -6.052064 -11.734240 -16.877470 18.828080
-27.482230 12.080530 10.016590 -16.059870 6.384569 12.454730 -10.562780 0.261585 9.524522 -13.322420 -16.077650 19.329060
-20.885680 19.410150 22.403260 -12.407850 1.831378 4.735701 -9.488897 -14.056460 3.813792 -10.044690 -25.636760 8.313021
-14.889670 16.281760 22.875820 -7.693346 -6.257835 -7.899384 -17.442810 -25.058480 -12.230540 -13.127670 -24.260730 -8.890805
-10.111520 12.161010 23.434570 -3.044790 -9.520900 4.341484 -9.354134 -18.172660 -17.831420 -12.877800 -21.932950 -14.382490
-9.931692 12.831870 24.085800 -5.262820 -8.806561 4.499912 -15.597740 -20.847370 -19.065270 -18.801900 -20.012240 -19.635480
-10.175930 12.948940 24.986240 -0.495558 -15.309460 2.269724 -14.042660 -15.714150 -18.382080 -18.249680 -16.290510 -14.874390
-11.156930 12.089220 28.313700 -6.219056 -15.282910 5.763103 -17.558520 -17.714570 -14.022140 -14.653600 -23.095400 -18.153430
-11.251540 11.120650 29.313660 -9.077508 -15.445520 7.597485 -17.706690 -20.414330 -16.511100 -10.835220 -23.072470 -21.406150
-10.128960 10.565950 28.319180 -7.249300 -14.472330 5.534732 -17.794180 -20.043900 -16.482050 -10.679600 -19.431010 -18.947550
-9.801518 10.691250 27.403070 -9.357418 -13.678340 5.437768 -14.795500 -23.118030 -17.194290 -8.005664 -13.324870 -21.792770
-11.024740 9.836550 28.220440 -7.565115 -17.941150 3.724725 -19.328800 -19.123770 -21.200590 -4.441599 -20.814200 -17.102460
-11.342790 9.521011 26.424270 -9.285608 -16.438630 4.570384 -19.544710 -23.826590 -22.420270 -5.175220 -22.094920 -21.496900
-12.117790 9.492202 29.895140 -8.482516 -17.210220 3.154063 -15.081970 -19.809920 -22.156630 -1.029595 -22.501990 -19.309670
-10.724140 11.007240 26.168010 -7.264688 -18.318650 -1.418114 -8.290837 -19.506060 -21.503920 -1.523122 -18.694260 -16.348280
-6.384815 14.016280 15.807900 -5.199070 -9.298551 -0.837386 -5.031801 -21.824180 -26.458460 1.104576 -19.524180 0.437161
-8.030093 12.086010 18.046060 -8.644454 -8.726083 -6.796211 -2.598989 -28.576860 -28.632050 3.798076 -17.115410 1.577972
-6.937714 12.658100 14.396510 -2.288594 -13.745540 -0.236522 -6.090158 -22.232180 -15.662790 -0.123462 -8.831994 1.057029
-9.681411 7.630527 11.455400 -2.654235 -8.181824 -2.689782 -12.893990 -35.665030 -18.355150 4.690871 -16.306270 -1.876226
