2.666802 16.103810 -0.246889 0.016576 -0.801587 -16.493570 -21.792260 -11.751220 -6.502042 -0.832927 -2.929750 -18.264180
-1.356562 14.357960 -2.712425 -2.588557 -1.367236 -16.229820 -27.486260 -20.945320 -12.122680 -2.971216 -5.702068 -18.971880
-0.781890 13.847200 -0.263029 -0.125855 0.535639 -13.674710 -24.551490 -22.347710 -16.076800 -2.459544 -12.572500 -18.050700
2.914687 11.099320 -3.953648 4.026351 -2.338876 -17.387530 -28.501820 -19.004470 -12.574400 -3.855770 -16.019580 -18.487760
3.236872 11.316360 -3.397980 4.377682 -4.498509 -17.675300 -28.942450 -14.754100 -10.742420 -0.710792 -16.083780 -17.727950
3.310514 12.887200 -2.156758 3.957849 -9.739887 -18.064000 -26.129620 -20.197580 -12.579100 5.395962 -19.955110 -21.481610
3.266460 11.730510 -1.723290 5.124428 -8.611848 -18.909900 -29.087950 -16.085000 -10.641250 3.348349 -17.935710 -22.164090
2.333439 15.798400 -3.066731 -0.481255 -4.927308 -20.277880 -27.380220 -15.587490 -15.138070 -1.423247 -15.985390 -15.478780
0.741584 16.086920 -1.356688 0.511694 -7.001572 -18.950750 -26.612070 -18.565060 -13.160220 2.891267 -20.493810 -12.452990
0.272772 18.218770 -3.126679 -0.137385 -2.514175 -16.187170 -23.952400 -23.020980 -4.606539 0.809420 -17.221870 -14.469340
0.835609 17.788580 -4.106591 0.973577 -4.808052 -17.121980 -21.561340 -23.832030 -11.201980 2.630342 -19.092650 -14.381090
1.904736 16.957240 -1.438924 -1.026563 0.394878 -12.497780 -23.028140 -16.583240 -15.857220 2.944933 -11.639560 -13.511170
1.098617 15.420630 -3.864495 2.586441 -1.116995 -12.613130 -24.972670 -21.526240 -14.676940 -5.388010 -11.677940 -12.516020
0.765912 14.236230 -1.432006 -1.753640 3.788122 -9.525125 -26.154950 -23.813410 -15.614100 -0.307376 -9.688539 -13.695240
1.251162 13.253260 -4.364827 2.692925 3.681248 -11.942060 -19.460700 -24.639350 -17.181010 -0.999475 -11.668170 -11.284690
1.421459 12.872470 -5.081124 3.120896 4.998924 -10.960990 -19.091940 -23.954170 -22.153080 -0.218551 -4.699345 -13.065710
1.381351 13.407490 -3.763814 -0.435134 2.815831 -7.204313 -18.320250 -30.607880 -21.338250 -1.667517 -1.109218 -13.610350
1.130178 14.030020 -6.007237 -2.530907 4.171956 -5.824923 -21.041190 -32.404250 -20.803410 -9.687720 3.385243 -5.653362
1.504964 12.796650 -7.366817 -6.203595 -0.764442 -4.679837 -22.237600 -32.892070 -29.615890 -10.133700 1.461438 -7.623488
3.619548 11.001420 -9.618695 -8.035531 -6.684209 -6.068840 -19.430660 -34.390540 -24.450110 -2.744526 3.102639 -14.225600
4.988505 9.281554 -11.557000 -11.145960 -8.419605 -2.413697 -27.846770 -34.664610 -22.422070 -1.634207 -1.000363 -7.325952
5.609861 9.384226 -10.577860 -17.397330 -7.311115 -1.085974 -27.381400 -34.268390 -18.749490 -3.650361 4.531013 -7.713421
3.470949 8.082417 -10.534050 -20.127930 -11.208100 -7.049312 -25.608880 -32.938250 -14.697330 -11.588220 -4.691669 -7.691568
1.468143 9.040688 -12.103450 -24.709470 -14.062410 -4.988638 -23.758590 -30.943030 -10.206000 -12.593980 -9.702495 -5.697068
0.301045 9.262493 -10.239690 -28.618860 -16.712750 -3.139439 -22.932120 -27.644470 -13.206490 -21.569060 -9.366159 -9.991169
-0.536635 11.730080 -8.785577 -28.933570 -16.764890 -0.778976 -19.030080 -22.186100 -9.762903 -21.804080 -6.998560 -8.908608
-1.128403 13.239830 -8.480459 -30.832650 -16.816370 -0.955004 -19.711650 -20.233330 -4.862200 -21.453400 -11.495810 -9.698676
-0.617510 13.066110 -7.316093 -29.647760 -18.040200 3.251053 -16.713250 -22.543580 -3.797205 -22.093680 -5.949085 -9.262458
-0.684577 13.069150 -8.704879 -28.795210 -18.536780 -0.263507 -17.703490 -20.229600 -0.983359 -29.844630 -9.315221 -10.087830
-0.135548 14.975720 -10.883740 -31.135150 -16.130810 2.580583 -17.773000 -21.960430 2.723733 -31.081710 -10.578920 -7.388148
-0.183547 14.211970 -12.669100 -31.909700 -16.348470 0.690531 -17.588030 -20.179700 2.699422 -34.044410 -14.626100 -9.476785
0.464768 14.390020 -11.792950 -32.517410 -12.481460 0.852741 -13.816770 -18.905410 4.607473 -28.388270 -15.688130 -5.593687
-0.031660 13.931680 -11.326430 -32.159970 -14.358920 0.646073 -13.324310 -18.852540 7.186048 -31.595240 -16.682480 -5.147382
-0.844355 12.685750 -15.129260 -31.712330 -17.753470 2.141413 -18.018640 -21.459950 6.724916 -32.024560 -21.326970 -8.334549
-1.056076 14.499190 -15.575030 -32.815160 -17.956140 4.910406 -12.222740 -21.696040 4.365144 -32.950750 -16.644800 -5.120486
-2.609796 15.016010 -14.475220 -37.459770 -15.720910 6.801059 -11.434550 -20.254930 0.985078 -31.041930 -13.684780 -11.748650
-2.690013 13.280550 -16.346660 -33.944430 -15.590580 11.668580 -8.813758 -16.029140 1.838329 -37.722350 -9.772971 -8.870786
-2.402019 12.638530 -17.963710 -35.330090 -13.546940 14.892360 -1.921581 -22.254620 1.725399 -30.381290 -8.310405 0.868058
-2.522345 12.301920 -20.296280 -36.053770 -13.921650 15.696800 -4.333843 -19.581660 1.782648 -26.116740 -5.065684 1.101716
-3.194988 11.680260 -20.699780 -34.133660 -13.359910 16.820860 -0.372903 -17.724960 4.920384 -23.337240 -10.968980 -3.613474
-2.783381 10.842430 -21.906410 -30.427740 -8.692655 19.093610 -2.219064 -21.411540 6.611201 -18.185360 -4.716091 -9.332219
-2.920145 6.071003 -24.172120 -28.301450 -11.005430 11.894470 -8.205244 -24.366020 2.966847 -19.936890 -6.423582 -21.061360
-1.557106 5.865227 -23.216810 -23.165110 -6.978112 10.835290 -9.207260 -17.860510 12.565920 -14.509280 -6.198894 -18.549110
-1.710308 2.627817 -24.371950 -23.438440 -9.243316 8.379307 -14.239730 -27.630320 12.601990 -17.972550 -11.363230 -24.235080
0.159679 2.824063 -22.877100 -23.149510 -3.338537 10.361280 -12.421250 -24.081520 18.690030 -13.090850 -7.418630 -18.864300
0.724488 1.942905 -20.300890 -20.340900 -5.474058 6.980692 -10.007810 -29.848970 10.877460 -7.390285 -15.395760 -23.557640
0.950017 3.323559 -16.688670 -19.524300 -5.917193 5.243839 -10.187480 -31.198480 9.981856 -4.176837 -13.760140 -25.024310
1.109137 3.121681 -18.300330 -18.599170 -5.664346 5.947952 -13.999970 -29.980790 7.119387 -9.473059 -9.150543 -28.488840
1.769287 5.336705 -19.424740 -15.516560 -1.822753 5.562252 -11.442210 -29.670230 9.777170 -9.773769 -9.679467 -23.546710
0.490411 7.840684 -20.979530 -18.704980 -0.125154 3.663188 -17.985650 -35.424270 5.025472 -9.214910 -14.406990 -25.152060
0.214910 8.813683 -19.008950 -11.745520 -2.871290 -2.333793 -17.708790 -30.646610 2.154377 1.557034 -22.238980 -20.477210
0.832979 12.305390 -17.626310 -11.386050 1.539210 -5.347303 -16.983050 -27.769590 0.651777 7.028131 -18.874240 -18.715530
0.228718 13.845900 -10.068300 -1.155429 4.047487 -8.658199 -12.012430 -15.948700 -0.060311 18.219220 -15.765590 -13.723820
-4.222692 0.924418 -15.051640 -4.333678 6.276848 6.631039 -7.111331 -9.895266 -3.859944 18.915020 5.854720 -10.212220
-5.947367 -0.392120 -14.652750 -7.908021 2.808011 11.667370 -4.633093 -14.524720 -3.205106 6.848629 -7.974768 -12.958130
-6.070323 0.103044 -17.073720 -8.035531 0.360992 5.309925 -7.539589 -9.606297 -1.247648 9.513394 -8.327151 -10.330730
-6.987563 1.864060 -11.752980 -10.361230 2.903155 5.535217 -10.511470 -14.045090 1.046249 12.365990 -3.566134 -18.469270
-6.431959 0.702179 -15.942400 -12.077180 1.082390 10.333040 -2.305658 -4.874815 4.344753 14.037940 5.041098 -12.937110
-8.579419 -2.280501 -15.429000 -7.319984 3.601093 14.517470 -0.844752 -7.816631 -4.197166 12.056950 11.371440 -14.057500
-10.031880 0.747234 -11.948200 -6.097789 6.921350 1.473947 -12.643330 -9.835685 -1.310387 11.814530 6.448539 -7.432695
-8.920014 -0.242228 -14.459080 -9.743348 6.487338 3.896290 -9.551280 -12.376820 5.173693 16.620360 5.809364 4.698205
-12.943380 -3.582743 -14.489820 -10.743760 0.516741 1.281097 -2.429953 -11.252970 0.020465 8.927701 6.858839 -2.783903
-10.936630 1.950270 -15.456670 -10.264240 -0.997740 0.641868 -11.227200 -10.581190 1.795980 12.723140 5.290906 -5.963505
-6.950085 4.823780 -21.921790 -7.381704 20.133950 -9.711967 -7.516026 1.647079 10.730020 13.257940 -26.168230 -4.884306
-8.166496 6.664507 -18.294960 -5.278471 24.169740 -0.415504 -8.703601 -7.652039 8.193793 17.512320 -32.112700 3.309703
-0.401186 12.442290 -9.936110 -6.244968 6.935687 -7.666312 -9.165436 -7.013776 3.137027 20.516650 -25.637910 -8.541311
0.614682 5.320243 -12.041190 -11.440310 0.284095 -9.076342 -13.569950 -13.033700 0.685499 12.516810 -27.618930 -15.378760
0.969743 4.619736 -13.212480 -11.071350 -5.445385 -0.712290 -9.221987 -16.977970 1.057228 4.823222 -27.519150 -16.228500
1.778493 2.294675 -15.127720 -10.979790 -4.579967 1.020959 -9.088856 -19.437180 -0.475173 -0.108444 -19.058450 -24.823430
4.014060 0.210048 -15.658800 -6.843179 -2.867380 4.343270 -10.396010 -18.411640 3.869505 2.744150 -20.083510 -25.083980
3.457798 4.014535 -18.547810 -4.225159 -6.196760 4.467031 -7.822934 -18.741570 5.076447 1.429348 -17.355850 -26.158980
4.014718 4.838509 -17.891460 -5.715938 -5.889172 4.164238 -8.676504 -16.944450 5.710112 -2.840754 -16.381730 -21.548850
4.809002 5.591868 -17.645520 -3.837882 -11.423150 4.044082 -8.072701 -16.273420 5.235648 -1.149368 -15.099900 -26.287570
4.150825 5.993025 -13.413840 -5.943150 -9.987522 2.466435 -7.067151 -20.718910 5.399553 7.190052 -22.855130 -16.873160
3.876639 8.957943 -12.486190 -3.782266 -4.871915 -0.538063 -11.906400 -13.072430 -1.575459 10.738450 -21.390470 -12.420210
2.549763 10.001560 -8.527342 0.614108 3.790077 -0.742328 -11.923480 -12.096790 3.701678 14.445990 -18.519760 -6.817451
-1.653762 6.552738 -7.689612 2.000438 7.793283 -0.021393 -8.387857 -5.285925 4.286720 17.265270 -3.091638 -3.682395
-5.626497 1.761388 -9.600249 -2.803560 -1.580984 -2.841452 -11.819220 -1.190470 3.133890 17.589110 -5.409694 -21.995990
-7.628645 -1.383747 -18.015970 -8.118955 7.352755 6.232722 -9.102994 -2.810331 2.903324 13.574390 -8.786297 -23.072670
-8.301946 -2.403533 -14.110920 -4.912898 7.430955 4.248948 -7.204405 -7.170921 4.773732 8.667701 -9.712961 -19.665290
-7.723986 0.388532 -11.859040 -4.246184 3.290898 5.098450 -9.675575 -8.585972 -1.170008 7.240016 -3.552876 -9.928132
-8.792456 -0.226632 -15.705680 -6.147301 -0.069762 -5.471064 -9.566007 -9.497562 7.955385 8.900868 -4.032956 -5.500391
-9.183022 2.580163 -10.463340 -4.274671 -1.572512 -5.707771 -8.234108 -5.604683 3.343282 5.844716 -7.555397 -3.321822
-10.129190 1.624493 -9.982992 -5.992661 -0.634108 -5.523332 -8.453834 -6.162511 4.525128 3.708277 -10.217460 -12.380700
-5.525897 6.252087 -14.550540 -10.029570 17.911110 1.160941 -10.511470 -6.196771 6.074782 9.996383 -21.554450 0.261219
-8.680019 10.733690 -10.421070 -3.940975 23.123810 7.886067 -0.665673 2.925093 16.108320 22.914020 -16.586880 16.334050
-9.266527 12.498600 -6.137124 0.529328 21.007840 9.660769 -0.493074 -6.280184 16.938830 14.915100 -13.945050 9.881553
-10.482280 7.490647 -2.312006 2.041811 18.019940 7.654166 -5.843642 -11.551620 7.551502 -1.765595 -10.033250 -1.521476
-7.983048 5.592735 -4.420932 4.418376 14.294990 8.242930 3.077309 -21.695300 6.012827 1.604223 -5.924663 -15.013140
-4.312115 9.460905 -5.398539 0.194276 11.582090 14.491040 1.454408 -19.125860 14.266150 -12.423730 -11.947280 -21.305110
-6.712062 10.681270 -2.321229 4.587937 11.332500 9.714840 4.526433 -27.661600 -3.132956 -11.594690 -8.957953 -29.005740
-1.515682 10.625390 -9.985297 -2.480038 7.127929 11.796540 1.153390 -23.610090 6.676293 -2.560398 -6.194707 -30.621180
0.034092 12.377300 -12.350150 -3.751067 2.549298 8.530704 6.199407 -22.277700 13.347020 -10.081880 -10.075810 -28.667860
0.710023 10.594630 -14.679660 -4.934602 5.269367 9.001114 3.671097 -23.954170 14.650420 -8.677330 -19.027750 -25.945490
-1.202045 12.546260 -11.547010 -5.354434 4.396130 4.088540 2.181915 -20.211730 17.546620 -12.614340 -21.565610 -19.357670
-2.036438 13.066110 -11.315670 1.432748 -0.802239 1.095456 4.670757 -19.954040 14.372800 -12.201670 -19.274770 -12.417690
-1.019255 15.148570 -9.556441 2.592545 -0.567638 -2.319375 -0.513103 -17.589420 5.331325 2.710840 -28.270670 -10.678700
-2.985897 13.617600 -3.732303 4.699169 0.782622 -4.910537 -7.146676 -6.941534 1.308968 4.722368 -25.240870 -1.538286
-5.830328 11.539030 -1.488111 6.988241 4.624866 2.170251 1.600498 1.772199 3.706384 16.448260 -8.262955 -13.564120
-8.059320 9.010363 -3.998993 4.113845 6.022046 3.939546 3.343571 1.357366 -0.238333 4.213472 -12.429460 -12.611840
-11.283140 2.849189 -6.718154 2.487417 2.711564 -1.541966 1.132773 -7.684808 -6.115413 -3.551358 -6.275651 -9.938218
-12.239830 2.961825 -6.647447 0.161720 -1.565344 3.708847 7.278592 4.057878 -1.293133 2.754328 -2.774841 -2.352728
-11.952500 5.534251 -3.896775 -0.167906 2.899245 7.649360 1.997535 -8.916647 -3.954837 11.715530 11.497050 -4.518690
-13.525940 4.348111 -6.286993 0.185458 2.579275 2.310232 0.326329 -1.280587 2.719812 6.828273 -2.973013 -8.632085
-13.200470 4.925152 -5.974957 1.400871 -3.541858 1.424683 5.949639 2.754542 -4.429301 -6.860108 -8.862356 -5.795406
-15.151330 8.367906 5.137634 -7.700479 3.901513 1.508792 -7.848854 0.017536 2.857838 -5.721106 -10.403770 1.604334
-21.133450 13.982800 8.576166 -11.141890 9.616004 1.585091 -11.440440 -6.925149 7.261334 2.380521 -7.921736 7.276011
-27.156330 14.996950 -0.927063 -10.317820 5.285659 -1.609854 -9.793979 -4.054831 10.979410 -3.518048 -5.075453 8.492210
-29.053270 20.432060 4.565058 -8.005010 8.952604 2.068719 -7.235037 -0.751805 10.628850 -9.076119 -6.115159 3.498815
-31.965430 17.624830 3.067137 -8.830432 15.228830 -4.070046 -4.376256 -3.356242 13.424660 -2.496555 -7.180684 -3.964802
-34.188500 13.631460 0.081286 -15.418890 6.572706 -4.706272 -7.790535 -4.598508 20.307130 5.160944 -9.193806 9.090645
-32.618350 16.277960 3.654316 -10.937060 10.683440 -0.013583 -5.739376 -10.893990 8.687079 3.295609 -5.501802 8.523309
-34.039910 13.624530 2.869617 -15.477900 6.120448 0.768632 -5.801229 -2.697872 11.329180 -7.289431 -13.894120 3.107984
-33.615150 13.045750 6.557931 -13.717860 5.656459 7.415657 -0.378205 -3.461999 21.089800 3.224363 2.527660 19.959120
-35.636360 12.024670 8.849005 -9.788112 8.422145 7.366393 -2.291520 2.330771 6.913917 -12.979820 -14.494210 14.842170
-34.392340 12.366040 5.387416 -15.513840 5.430981 5.260661 -2.732737 -2.213031 10.463380 0.117321 1.463531 24.459980
-32.828090 12.937020 6.541791 -15.768860 1.385416 3.353786 -0.541378 -0.102371 21.721900 2.102016 -8.673255 11.299470
-33.013520 15.185830 7.092079 -15.098080 3.588059 1.684821 -6.759654 4.121928 14.732770 5.863221 -8.811418 15.607020
-24.945750 18.487790 10.336170 -13.707000 5.335837 -4.050220 -16.133600 -1.888314 21.778360 8.472470 -14.662380 7.688695
-20.027500 9.907549 7.882158 -12.380360 0.534987 5.937739 -6.912224 3.727948 16.865110 -0.288871 -9.305452 8.581303
-22.956090 7.938590 4.308359 -5.243881 8.394123 10.588370 -5.219812 3.245341 8.630614 5.741086 6.534367 17.749450
-20.428590 9.547548 5.538054 -4.140378 7.061459 4.869553 0.179649 8.346227 9.841477 0.147855 8.628433 13.262870
-22.502400 6.458297 3.983259 -5.488049 6.111976 5.702834 5.068383 8.813193 10.710410 -5.792351 -3.446812 12.471970
-24.012730 2.626950 1.740604 -2.992790 10.166660 4.432186 -7.072453 9.368787 1.614821 1.988208 4.300743 9.059546
-23.318390 4.004138 1.191853 -6.482353 3.642148 8.339055 6.796729 13.383060 10.056360 -1.501894 13.385960 13.914260
-20.782990 3.893235 2.305495 0.163755 4.781267 4.132998 -0.331079 6.089593 2.141829 -4.694061 4.933638 15.408660
-22.458350 3.293234 0.430980 -6.259890 5.320198 7.293097 -6.837411 6.270570 7.300546 -6.557546 -8.825373 3.733314
-20.762610 2.769045 0.611591 -0.234374 1.195129 6.423769 1.978095 0.743680 3.307991 5.007350 10.187990 7.889574
-3.533611 3.789264 -17.917590 -13.178650 6.903103 7.791144 3.695249 -6.082822 -9.749572 10.658870 4.362846 7.722315
-0.385406 9.353901 -22.561990 -14.482240 12.119720 11.328530 -5.122025 -6.634691 -21.150820 8.249481 -13.302390 20.862650
-0.812793 16.039260 -14.725770 -14.541920 10.055880 8.959060 -8.607582 -1.401238 -16.886140 8.206919 -1.945868 16.572750
3.016603 16.319120 -7.198503 -6.468789 6.519269 8.114364 -9.206082 -6.060479 -11.156490 4.906496 -7.928714 4.954556
5.672326 19.484620 -7.562032 -17.620470 -8.637262 4.977093 -11.154740 -12.026030 -11.340790 -5.345448 -22.113380 3.797192
7.453547 16.904390 -6.277001 -21.358950 -15.951600 8.755395 -10.722950 -15.119040 -8.554393 -12.098040 -13.195630 6.330451
5.782789 16.294430 -5.516128 -25.079790 -14.910890 8.314423 -9.133037 -14.706440 -10.726730 -19.966500 -15.472520 6.357347
6.223327 19.037970 -7.670398 -24.455810 -14.969540 12.358270 -9.540088 -15.373750 -13.192380 -18.326930 -9.301266 6.059811
4.995080 17.229300 -6.749665 -23.979680 -17.084860 11.431870 -5.318187 -14.271500 -15.640770 -19.229060 -12.273150 4.471271
5.192994 18.763750 -6.144809 -23.941020 -15.534530 9.863233 -6.956405 -9.979424 -12.456760 -18.791410 -16.497570 2.401966
6.487650 20.835810 -6.921053 -20.541660 -17.806250 12.278970 -1.095698 -8.821317 -16.385010 -17.868920 -11.753990 5.361357
5.164062 24.807520 -7.420617 -20.429750 -13.936640 9.994203 -4.980058 -9.274134 -13.714680 -17.531200 -18.923780 5.132742
4.858974 24.008670 -7.655796 -17.214880 -11.690990 8.840105 0.355194 -9.350100 -20.996330 -12.160960 -13.632440 -1.844227
2.747677 21.502530 -6.519097 -10.580300 -9.792673 6.134795 -3.890859 -3.369648 -19.521960 -16.118320 -12.819520 1.227791
-0.589237 18.544980 -0.545090 -7.609594 -5.187324 5.473337 3.940304 -2.499764 -16.806140 -6.569574 -6.394973 11.770990
-5.558115 14.728360 -1.113055 -7.121937 -2.226137 5.863843 0.176115 -1.110036 -7.452538 -2.087587 -0.942446 9.689919
-4.521206 9.796646 -5.885036 -6.609185 0.243039 7.400036 -1.412620 -2.210796 -10.497730 4.974041 13.616230 13.411640
-7.522127 6.921836 -9.258241 -6.238864 0.823677 8.253744 2.944178 6.790415 3.547183 9.118305 11.628930 12.623260
-8.269070 10.697730 -2.082207 -6.640384 -0.937786 5.531011 9.516488 8.294838 5.052136 11.167770 8.632620 7.007892
-7.960035 10.516650 -2.078364 -4.386581 0.309510 3.705242 5.711653 5.277056 -1.855432 -2.047801 2.502540 5.963153
-10.714390 8.225811 0.520901 -5.157065 -6.207187 3.437295 -0.117833 1.524193 -2.834945 -1.847018 1.454460 3.654307
-10.636140 6.682269 -1.671028 2.605431 -3.209506 -0.074262 -3.534468 -6.785134 -0.231275 -6.844378 5.327191 8.514063
-11.339690 5.745226 -0.552007 3.664170 -1.759541 3.090044 -3.049659 -7.760029 -7.808582 -4.295271 8.671696 8.446823
-18.927470 11.975280 8.597686 -6.893369 3.704057 9.698619 -11.828050 -13.652600 2.945673 1.819810 -14.959640 12.701420
-23.557070 10.647910 7.376446 -8.829076 2.053378 5.007732 -9.099460 -11.752710 12.175370 12.353960 -4.044818 20.752550
-27.174080 15.610810 6.329669 -5.324592 4.389613 6.547530 -6.880414 -9.124435 4.808238 -9.118682 -17.858960 14.649690
-26.515250 23.067730 12.588040 -9.354714 6.911574 3.532218 -11.780340 -2.656910 10.035180 -11.994410 -20.405190 8.603996
-31.945050 12.976870 9.000411 -8.093182 6.037685 10.704920 -6.594124 -4.116646 10.897850 -3.673493 -12.573200 17.688930
-31.748450 9.088774 10.747340 -7.858510 3.899558 4.247146 -6.022132 0.810709 12.507890 4.706639 -12.393170 16.828260
-24.616990 15.942660 18.214660 -5.798006 1.938032 8.701324 -12.780590 -12.889220 -1.431159 -2.744526 -12.018460 -0.816299
-15.148040 23.881740 25.451410 -5.763415 -12.520560 3.692025 -16.481160 -19.845310 -7.068262 -7.492990 -10.111400 0.230961
-13.065020 23.842320 23.347100 -10.033640 -14.688670 1.559258 -15.730090 -23.406760 -8.657912 -6.365091 -17.462610 -5.658405
-15.306510 21.839140 22.618500 -7.986697 -14.826820 0.935649 -15.014360 -18.750500 -15.249430 -13.399890 -13.672220 -14.565160
-14.931720 23.050400 23.334030 -6.628854 -15.930100 2.975896 -17.680520 -14.848690 -11.655270 -13.336970 -17.405390 -16.692460
-13.904020 22.385420 20.894630 -6.562386 -13.723540 4.190672 -15.506240 -17.558140 -8.866519 -11.769570 -14.894740 -18.218800
-14.314310 20.630900 22.388710 -3.793796 -15.042520 5.709443 -15.854970 -15.614300 -10.327550 -14.069780 -14.120200 -14.010430
-14.705530 20.643470 23.124980 -5.430398 -14.202520 7.269667 -14.803470 -17.663150 -14.137380 -15.214330 -14.052510 -14.450010
-14.374140 19.171830 24.325470 -6.186639 -13.479170 4.679707 -19.732260 -16.638360 -11.175320 -14.780380 -14.829850 -19.018950
-13.961220 19.186130 25.994780 -7.650289 -16.709490 2.464633 -16.673790 -18.721460 -16.181110 -6.981318 -4.941477 -20.618420
-9.713641 18.341800 22.335670 -3.364468 -15.459590 0.864757 -18.441010 -16.489400 -16.318350 -6.180963 -12.045670 -17.549760
-9.540713 17.511760 20.890020 -2.231801 -11.655140 -4.025589 -14.966060 -26.195900 -17.933880 -8.585729 -7.086482 -15.050120
-11.742750 14.760420 14.238140 -2.581097 -7.898269 -4.204020 -15.074450 -22.302280 -11.725850 -6.601034 -7.543534 -9.386011
-14.993530 18.718690 18.729600 2.313108 -7.182736 -8.522423 -12.216260 -21.670720 -0.688486 -6.310500 -15.180140 -13.369130
-10.259380 17.455870 14.163590 -0.804099 -13.249130 -6.143336 -17.916150 -15.177870 -7.753685 -3.110006 -10.572640 -9.611264
-16.244130 5.020459 4.705704 -6.208343 -6.690074 -8.455736 -18.300810 -8.618741 -3.552523 -2.292071 2.559759 -5.068376
