4.234243 14.519360 -0.550677 -5.230906 -2.711990 -5.990269 -21.087800 -28.736610 -17.769210 1.875747 -4.786165 -19.582250
2.983860 15.746720 -2.328877 -9.701748 -3.202192 -6.192324 -31.485900 -33.144040 -25.106360 -0.113978 -2.075306 -21.755460
2.651868 14.699780 -0.805981 -8.210658 0.078971 -2.701586 -35.220400 -30.398620 -26.079710 -1.131138 -9.545294 -15.346950
1.606815 13.738080 -2.119541 -2.684234 1.245315 0.684062 -34.840070 -31.122270 -25.556740 -4.041242 -6.194167 -21.553870
2.912410 12.459990 -1.331141 -5.157242 -4.000415 1.629334 -30.630580 -32.306820 -21.913140 -0.066536 -7.515234 -21.188320
2.591965 12.025940 -3.809442 -6.288106 -6.835513 0.584930 -24.410130 -29.905400 -17.491330 -1.801971 -17.435270 -20.752350
2.544692 11.210670 -3.146710 -6.626475 -4.621150 -0.426972 -22.966240 -27.520570 -21.257480 -1.011584 -17.801230 -18.185060
1.271936 13.339590 -1.164465 -2.794325 -2.187980 -1.698351 -25.160470 -23.078330 -24.910450 -1.098878 -17.072850 -17.624600
-0.222028 14.577930 0.804882 -0.696114 0.078032 -1.641472 -29.055890 -26.025180 -29.821660 -5.014755 -17.561570 -11.098290
0.245287 13.999550 0.706993 2.510297 0.548513 -2.495739 -29.735670 -30.232830 -28.103670 -3.674988 -15.471590 -13.687440
0.252143 13.868290 -0.510662 5.253676 1.879197 -1.707560 -28.636830 -29.222360 -27.822670 -7.742681 -18.167180 -7.327510
-0.489787 15.409420 -1.183977 1.691088 0.447092 -3.413926 -25.016780 -28.048600 -29.398600 -7.444744 -15.157920 -15.626870
0.211005 14.794430 -1.910866 -1.358281 0.683742 -0.944841 -30.836230 -27.645740 -30.815290 -4.297430 -14.487100 -21.506500
0.257556 14.648010 -0.150194 -4.401173 -0.049684 1.172678 -26.347940 -28.691850 -31.982210 -4.000442 -12.703170 -20.818530
0.264773 15.011980 0.325691 -2.944082 2.000339 1.317855 -21.559350 -29.690710 -33.355200 -11.288510 -11.117770 -14.504140
0.575474 14.245340 -1.595704 -4.393888 1.141076 5.180743 -25.497790 -33.535290 -32.896240 -9.054932 -8.277094 -14.751280
0.198736 13.130930 -1.819261 -6.926798 1.649121 -2.436151 -29.742560 -36.947170 -31.666870 -8.089957 -4.176442 -13.908470
1.406898 12.684860 -1.988912 -12.457270 -0.344556 -2.176675 -27.051820 -35.231280 -33.089030 -13.605590 -0.085189 -16.221940
2.760487 13.389790 -5.460982 -11.740060 -1.438591 1.712215 -26.600070 -32.659940 -28.227000 -12.085540 3.091479 -16.232870
3.821779 11.837160 -6.344625 -18.964800 -5.906757 -0.735743 -26.964910 -35.859610 -31.402270 -11.133850 2.931118 -16.303310
5.054841 11.552150 -7.209749 -19.781580 -5.065337 -1.614387 -19.970890 -29.057410 -30.506980 -9.650805 3.069158 -14.091240
5.255119 9.119921 -9.643406 -20.885730 -11.514970 2.445682 -19.784170 -31.361830 -29.930930 -14.149270 0.183841 -16.897770
6.157271 10.612420 -8.533892 -21.182820 -12.697280 3.795065 -18.389320 -27.823130 -15.842040 -12.975550 -4.301559 -8.131458
6.253260 10.088940 -10.450000 -26.151500 -16.958850 4.347603 -16.833570 -27.254480 -12.239030 -16.107690 -2.160480 -5.913315
5.635827 10.827350 -9.023665 -31.571070 -19.743240 3.200275 -13.813260 -27.242050 -9.429834 -24.806680 -5.996213 -5.347394
5.175007 9.658034 -10.405680 -31.017380 -23.731530 4.812385 -18.748140 -26.303700 -7.554957 -28.557460 -2.763154 -7.023298
4.981947 11.565230 -8.610615 -33.114780 -22.186740 6.838898 -18.281760 -20.962070 -3.992535 -24.884490 -8.260646 -5.840450
4.914466 9.412771 -12.300290 -31.813920 -20.524560 7.673663 -18.900450 -19.162460 -4.029221 -27.120910 -10.955060 -0.479381
4.824973 8.787848 -10.954320 -31.567020 -17.260300 10.279800 -16.485070 -14.251880 -0.890637 -31.329040 -8.351107 -3.648417
5.681656 9.376688 -11.560500 -32.160380 -17.923290 11.262990 -18.055450 -15.388340 -2.073167 -30.257790 -10.239020 -5.162802
5.975758 10.102020 -13.582100 -30.545440 -22.319150 4.037749 -14.215110 -20.131480 1.916995 -32.302550 -16.499540 -0.920824
5.425806 10.270930 -14.791820 -29.695470 -24.595490 -0.155579 -14.583400 -23.257380 -0.076525 -33.860550 -17.561570 -2.171679
5.128096 10.425200 -16.156310 -32.259140 -22.586790 -3.764950 -17.106340 -23.000410 -2.027895 -35.468840 -18.732840 -5.060184
4.287290 9.962914 -16.221120 -33.208680 -25.796580 -3.620315 -14.362250 -26.979280 3.649032 -38.477620 -15.549130 -10.589450
4.150884 11.359190 -13.937940 -34.818760 -29.425210 -1.876571 -13.835640 -23.821050 8.179334 -37.391200 -22.881070 -5.772442
3.658670 10.418400 -13.923390 -41.019500 -27.847540 3.559966 -17.768910 -16.468440 3.390670 -45.469650 -13.991340 0.238950
2.469994 14.185200 -18.311840 -42.740490 -25.749630 6.857858 -12.986340 -10.377460 8.345590 -43.324320 -7.265588 1.435764
2.833381 16.292680 -13.558950 -45.224020 -24.506280 9.532790 -9.670032 -9.054485 10.350040 -33.945950 -3.687137 2.172311
0.646203 15.943870 -13.745800 -41.633900 -18.375930 13.261340 -8.803524 -7.139656 12.125780 -34.189800 -4.051913 5.282447
4.177949 12.678580 -14.684340 -36.806080 -16.502450 11.357250 -0.807041 -1.510389 5.468489 -23.992580 -2.044761 14.095510
3.343638 11.329380 -17.729140 -30.092120 -12.587410 13.199040 5.681874 -8.394657 -1.019427 -20.848110 1.531928 8.952433
-0.115935 4.907048 -17.057480 -35.494690 -6.858051 22.582970 -3.567475 -11.814820 12.199160 -20.155450 -5.313652 10.851180
-1.562987 2.785446 -16.058420 -34.678720 -9.362591 17.313820 -0.621176 -10.526670 5.008747 -17.931360 2.545783 11.942340
-4.356772 5.261084 -16.809450 -23.543310 -11.769470 7.913096 5.121698 -3.180684 -8.349555 -11.796140 8.052674 3.134134
-8.111891 3.417691 -19.600270 -17.216290 -2.890416 -1.194566 -2.466055 -13.979160 8.818603 -15.440650 -7.801298 -9.520150
-1.484680 -1.954035 -16.826980 -21.830410 2.592902 16.937880 -11.002060 -14.695360 8.076301 -15.839160 -7.972232 -6.690546
-1.453646 -4.337111 -17.173890 -23.573260 5.037340 22.532050 -10.835130 -11.604280 8.322954 -10.967800 -12.970430 -8.789676
0.941387 -7.991475 -12.201410 -26.714910 4.745285 20.958400 -15.199510 -6.544484 2.321319 -4.858196 -16.769750 -11.597420
0.702137 -8.249811 -11.713950 -27.221650 6.193354 21.091120 -16.186480 -6.362948 -0.448066 -6.294745 -16.732150 -19.256180
0.600013 -12.215330 -12.670020 -30.543820 4.002469 14.574970 -21.293460 -14.096870 -7.231030 -13.103650 -23.623550 -24.174590
-0.079488 -9.263808 -12.038700 -24.662030 2.583511 19.416170 -17.782680 -15.861660 -5.176627 -16.628600 -15.240740 -25.697480
-2.266305 -4.796260 -12.268210 -18.738140 -4.299983 16.202790 -14.477560 -22.491450 -3.917603 -15.825880 -14.360230 -20.350370
-0.709190 -4.162969 -14.447220 -15.565730 -5.688890 14.213110 -17.729330 -25.007250 1.965389 -18.079380 -16.594700 -20.132990
-0.232493 -0.943699 -14.143640 -16.192280 -6.434524 10.590200 -18.126010 -22.342240 6.611992 -20.772200 -19.910000 -21.201070
-0.062528 2.382776 -13.586400 -15.413550 -5.291657 4.977063 -17.928100 -21.563050 7.673538 -19.397330 -18.187730 -20.335800
1.238737 6.180951 -7.752105 -15.340690 -5.462570 -2.684793 -16.271670 -21.219040 11.109510 -11.667100 -24.200380 -12.354010
2.402513 8.389885 -6.448467 -9.428139 1.819096 -2.214594 -16.306950 -22.852030 5.114901 3.519144 -23.269350 -1.037408
-1.654285 4.736567 -10.176500 -12.751120 2.238867 10.757580 -8.978202 -11.726960 0.113929 4.122609 -7.546366 -8.005158
-3.553135 -0.718831 -12.532770 -10.241680 6.991577 16.061940 -5.507868 -14.596710 0.085829 5.352310 -12.903470 -5.984359
-6.555137 -3.329912 -13.311580 -12.489650 1.711101 18.869050 -1.590942 -8.373934 3.070645 2.482058 -13.510260 -8.411383
-8.185145 -7.483692 -16.224100 -9.470232 0.935417 10.098870 -8.479981 -11.529670 0.056949 1.487670 -12.794800 -14.522360
-8.691434 -3.832466 -15.681410 -8.638071 6.279750 7.663913 -8.578076 -7.878233 3.659179 3.958459 -1.269979 -5.800374
-9.374183 -6.640176 -15.162210 -12.987490 0.963589 6.901194 -2.252655 2.106235 8.699959 8.236794 -8.102048 -7.514532
-11.607910 -5.157094 -16.124560 -8.675308 3.719804 6.341073 -1.327634 -5.233116 9.913712 -2.091368 -5.586794 -7.968726
-12.564190 -1.658569 -11.205660 -7.581680 7.683682 11.702310 -8.220115 -11.804880 4.733994 7.202555 -1.150736 -4.239233
-9.674779 -0.940561 -12.153460 -8.753829 7.170002 11.011640 1.967162 -2.976767 7.689149 9.172355 -8.223640 -10.438860
-12.002330 -2.727476 -17.018790 -9.254907 2.378790 6.888735 5.419426 -1.196224 4.933033 4.029622 -1.029144 -12.426260
-11.006360 -3.459081 -8.433026 5.616330 27.613890 1.651544 -7.067066 -7.826010 3.553024 14.044670 -20.990230 -10.741250
-3.710109 9.770469 -11.706340 0.820880 17.955390 -12.917030 -12.038080 -12.157170 7.974830 13.814100 -27.290110 -1.731451
1.694143 5.243304 -7.863553 -14.019600 -1.232931 -5.328848 -6.526681 -11.727790 9.206534 -2.294421 -26.636330 -5.158552
0.418861 0.833803 -10.548540 -15.573830 -1.748489 5.247914 -15.218440 -10.820940 10.779340 -0.668103 -30.442110 -11.346040
2.235435 0.711956 -13.540430 -12.532550 -5.394956 9.164432 -12.167160 -11.954080 11.495100 -8.071930 -26.372590 -11.439550
4.335645 1.781385 -19.242770 -10.193110 -3.528055 9.920650 -10.336910 -18.496000 15.165240 -10.101510 -21.672790 -18.837810
5.815897 2.704912 -17.988410 -14.058450 -0.793439 12.106970 -10.053810 -15.670180 9.779457 -11.318870 -20.664810 -14.270360
4.988081 2.996718 -16.268090 -18.038740 1.016178 11.768400 -7.632404 -17.130750 10.361750 -9.325352 -21.045440 -17.268770
5.567624 1.075405 -16.063050 -15.983430 1.142015 9.805267 -9.048761 -12.674430 11.225030 -11.057940 -22.878730 -16.976100
4.933591 4.143543 -14.794130 -16.792120 0.641483 9.579376 -8.539355 -16.925180 16.095650 -10.307410 -20.214860 -16.577160
3.776671 7.801568 -12.723920 -16.312090 1.111965 6.022551 -13.985360 -15.330320 13.313000 -6.596478 -17.351860 -14.668700
2.385553 9.118875 -9.460856 -12.042810 2.053867 2.361718 -12.782400 -21.391460 12.859500 -3.829650 -14.754960 -14.005010
0.895558 13.545630 -9.184387 -10.208490 1.339223 4.683459 -8.636590 -26.606260 5.918866 1.434535 -22.316580 -9.356204
1.099805 13.802920 -5.678255 -3.543108 4.182773 -2.364646 -3.241351 -13.233950 13.690780 8.038486 -27.744760 -14.220570
-3.032774 4.847432 -11.249640 1.190010 9.067894 4.634164 -0.013674 -2.829217 1.518135 7.447357 -3.865119 0.448438
-5.359605 0.142465 -14.818610 -7.650487 5.771705 6.409869 0.526711 2.239692 10.055770 8.167529 -5.130970 -7.337226
-8.787422 -3.561579 -14.186300 -6.179634 5.775461 8.268995 -3.215537 -2.897190 8.404912 13.013270 7.298450 2.502027
-11.339430 -3.645250 -18.451400 -10.393870 -4.683130 8.273870 -1.554802 3.018887 12.065680 8.292777 -4.901296 -5.296996
-9.990171 -0.356428 -13.856250 -7.209312 -1.316509 9.915233 10.613310 5.639136 8.298758 5.988036 -13.678250 -18.825660
-14.203580 -2.710218 -12.958720 -4.630260 2.243562 10.519230 1.873369 1.021165 11.954840 12.692560 -4.045452 -10.005310
-14.588980 -3.237873 -17.450690 -7.070889 3.702900 8.521429 12.965880 7.721410 13.878120 8.032793 -4.670447 -8.948765
-16.082590 -1.117318 -11.515530 -2.665616 7.028201 14.258610 5.117396 2.373150 9.722477 2.577891 -3.271844 -0.518850
-12.625900 -3.023988 -10.152360 0.303613 12.390380 -0.193498 -2.429054 5.580282 14.045930 -3.657909 -18.489070 -11.298670
-7.344700 -0.426503 -9.447629 6.448491 28.814040 -3.359214 -12.193830 7.068213 11.002580 -4.776596 -26.411360 3.966013
-6.407545 5.174275 -6.319492 7.825442 27.303990 1.768552 -2.337842 4.414806 17.797250 -2.174866 -26.866600 4.415957
-4.620562 10.485340 2.072143 -2.624331 10.947000 5.441303 -1.438636 -7.931284 13.084300 -11.665200 -20.006330 -9.432105
-1.924209 9.450424 -3.117608 -6.429768 3.734829 7.563697 -3.021067 -10.417250 15.070010 -8.325271 -13.594250 -13.371690
-0.081653 7.143699 -8.845415 -1.788123 4.090743 10.173620 -11.383260 -18.206710 16.489830 -14.611360 -13.142540 -10.444330
1.697391 6.413662 -17.313440 -2.634855 1.169249 8.705608 -6.338235 -21.703140 6.755613 -20.552070 -9.369660 -23.389470
1.405094 1.337925 -14.850680 -3.238738 0.840569 7.230550 -3.726665 -23.817740 7.390199 -13.886440 -7.988092 -25.630080
-1.288011 2.059594 -15.912580 -5.350711 -4.715058 5.246289 -4.153465 -24.772670 10.902670 -12.721260 -15.984980 -25.355620
-2.650261 2.801658 -15.122520 -8.641309 -9.664976 0.822738 -5.798711 -19.923420 5.763536 -7.566196 -21.355590 -23.019070
-2.011537 6.920400 -13.725300 -7.644011 -6.617645 -2.798551 -10.297330 -21.098020 7.401907 0.580576 -23.975400 -18.961070
-3.190470 13.523670 -10.284970 -0.874203 -5.238129 -2.631706 -10.476310 -21.367420 5.273352 1.533215 -25.838050 -9.605767
-4.029832 8.290002 -10.130530 2.547534 0.167245 3.069183 -9.391234 -15.983520 5.562155 13.329240 -10.951530 -6.068761
-5.219591 3.761268 -9.717484 0.905877 5.718177 5.356255 -6.888946 -9.418386 12.105490 2.715474 -12.116350 -12.032180
-8.306756 -0.914414 -14.833490 -2.154015 1.805948 4.518782 -4.256723 -7.314560 9.893417 6.288819 -14.225120 -19.733450
-10.384590 -0.103321 -15.701920 -6.400626 0.983310 4.219219 -6.555078 -8.425327 -0.950739 7.872439 -5.410573 -7.765917
-10.650550 -1.010636 -13.125400 -4.694211 -5.336733 -3.235706 -9.337885 -13.806740 2.027833 1.247613 -16.400860 -8.248043
-11.544760 -1.515281 -11.265840 -6.985891 -0.285394 -3.587271 -10.089950 -8.016665 4.301570 11.456220 3.056235 -6.396656
-11.737820 -0.650325 -11.128270 -2.147539 1.821913 5.899584 -3.307609 -7.646132 5.147684 11.689640 -5.761252 -19.155380
-12.555170 -0.204250 -11.148440 -5.432470 -1.836763 1.668337 -10.403160 -6.283371 11.413140 16.711870 -6.275816 -12.871960
-12.444030 -1.095354 -10.762510 -5.481849 -11.800460 -3.845122 -8.572053 -4.945477 -6.726796 -1.017277 -0.828252 -3.683635
-11.973820 1.824267 -12.019520 -9.606228 -8.343683 -2.478946 -13.983640 0.727723 2.987907 -3.777463 -3.966740 -4.691606
-15.051610 1.901664 -6.235824 -3.598154 -1.061078 -6.579100 -10.028850 -8.063085 8.834213 8.968353 -9.771443 -8.962730
-4.982505 9.836360 -13.623110 -15.101890 -1.809529 -1.556966 13.532070 11.052050 4.987672 15.345530 -6.564230 -6.668079
-0.531286 15.854450 -17.662010 -19.336360 4.593153 5.660693 21.170600 17.375960 0.892135 4.682426 -25.026850 -6.874531
2.349467 21.510140 -2.781612 -15.422450 -6.679625 -2.639290 8.144581 4.350978 6.558135 -3.625648 -20.231310 -5.890849
3.220946 21.423330 -4.598173 -10.686090 -14.793320 -4.873276 0.473361 -4.620536 2.494601 -11.842630 -15.310050 -2.812894
4.821725 21.498110 0.456650 -15.717110 -21.045750 -7.347236 -1.055720 -2.893045 4.283617 -12.732650 -13.560770 0.387717
5.860643 20.701140 -2.950602 -20.000140 -17.338240 -3.497890 -1.237283 -7.110643 1.042001 -7.971352 -9.719752 -5.300639
5.788110 20.285920 -1.545437 -19.527400 -18.919660 -7.325568 -1.314726 -6.394447 3.898807 -13.206120 -12.601550 -2.687809
7.566072 22.055570 -5.136891 -26.422680 -21.743490 -5.555822 -0.876740 -7.884036 1.475985 -10.278940 -13.051490 -7.703981
6.012927 21.875150 -1.495831 -23.010660 -19.521610 -7.852104 0.246193 2.258758 -1.910813 -13.984170 -14.072990 -3.131073
7.411263 19.683480 -1.703845 -28.426990 -26.360970 -3.755741 -5.717826 -6.791505 4.157949 -8.210461 -9.037779 -0.840672
5.466944 21.298870 1.552936 -22.837430 -22.105040 -3.517391 -0.540290 -1.541059 2.817748 -6.890619 -9.596397 -4.854946
6.300893 17.850020 -3.104710 -32.821740 -32.727970 -3.476222 -3.731827 -4.627996 3.442186 -5.603987 -12.778940 -4.882878
3.981641 16.912370 -3.254520 -18.713860 -22.729530 -7.276273 -1.473916 -1.620637 7.913167 -9.095732 -12.035880 -11.726150
5.293731 17.904410 -6.807612 -28.240000 -24.123130 -2.068334 0.157563 -5.832433 -0.807118 -7.717062 -10.139740 -5.306104
