5.343677 16.099430 2.380202 -0.300160 -8.255579 -3.747345 -17.077080 -19.527230 -23.308450 2.553738 -0.190012 -13.062470
3.699775 10.189070 4.718780 -6.591679 -4.234340 -1.245368 -30.028450 -21.155720 -28.590230 -2.696075 -9.134103 -22.095910
1.011452 8.533357 6.055285 -3.879661 -1.771859 0.260336 -33.208630 -22.275010 -29.413610 -11.127140 -11.131920 -21.590250
1.632498 9.943201 -0.791389 -6.225982 -3.893006 -2.136744 -27.566830 -16.087830 -27.436160 -8.292362 -11.706980 -14.619450
0.467678 9.697329 0.190216 -4.512651 -5.771155 -4.075087 -24.174060 -19.332780 -28.473910 -4.503074 -14.502070 -12.385100
0.572623 6.765689 -2.154912 -0.547215 -6.299410 -8.902874 -32.027240 -22.238930 -24.100260 -8.785367 -18.850000 -15.547100
1.744991 7.444716 1.483331 -3.098019 -5.743524 -5.858341 -28.920800 -21.906820 -24.015510 -9.449553 -16.600700 -14.545240
2.679075 9.625659 1.492746 -6.641927 -1.117636 -4.104699 -26.599590 -26.742160 -24.735870 -5.566458 -16.234850 -10.809200
1.163120 9.492260 2.717910 -4.290721 -1.921396 -4.999588 -28.452470 -28.474890 -24.121030 -10.820380 -22.854840 -9.957221
0.594187 9.214999 4.056463 1.144482 1.783703 -8.575132 -31.740130 -28.488930 -23.836880 -3.199351 -21.567590 -10.576380
0.378547 10.274870 4.316805 -0.010534 0.862101 -8.829094 -35.842050 -31.345630 -24.700970 -4.531833 -20.236980 -15.073450
0.904710 9.419022 2.586102 1.453649 -1.327312 -8.289551 -36.714360 -30.535730 -28.154860 -2.979553 -22.929100 -16.570780
1.038767 9.560791 4.734744 2.630299 3.387972 -7.675725 -35.199580 -29.034210 -25.787740 -3.536237 -18.836990 -13.239990
2.207900 10.287950 3.528001 2.453034 1.472439 -2.159330 -36.142490 -27.449150 -24.398540 4.129299 -17.338360 -18.754930
2.670090 10.249230 3.656534 2.185740 4.726489 -8.316152 -36.209170 -25.898850 -25.396400 0.138016 -19.858660 -13.993750
2.878902 7.904551 3.686826 1.944967 2.775197 -10.209820 -30.176710 -26.551710 -25.585010 -5.888965 -13.240840 -16.791230
1.948412 9.484413 1.150535 0.716672 2.465558 -10.131030 -32.832090 -29.022850 -25.867500 -10.209600 -19.129670 -12.095530
1.900971 12.386230 1.649934 2.312059 1.170114 -8.548532 -30.935280 -28.003790 -27.674620 -2.817957 -11.269580 -7.204844
2.776473 11.994410 0.366643 0.666424 2.505380 -7.482995 -34.638690 -32.671410 -20.615630 -2.183214 -15.633770 -8.569028
3.910025 9.383971 1.104689 -2.456654 3.357902 -9.928760 -32.907400 -33.882250 -20.048160 0.399582 -12.433800 -12.299250
4.535024 9.647108 -0.931385 -3.208984 1.220502 -10.407070 -27.458570 -27.109020 -23.748810 -10.853930 -7.316233 -6.608242
4.201859 11.353050 -2.289995 -6.782204 -0.683654 -1.806493 -23.213100 -32.156860 -29.070470 -5.716413 2.264165 -5.403395
4.050191 10.878040 -5.442347 -8.372705 0.498824 -4.683893 -24.930270 -35.332980 -27.802570 -6.433324 -3.393234 -7.038960
3.803282 11.253650 -6.510733 -12.642420 -2.557740 3.787697 -22.634170 -35.486680 -40.636040 -10.771760 -1.173743 -1.216262
6.031930 9.726101 -7.826771 -17.953400 -9.261702 1.872944 -18.052160 -29.231330 -34.463580 -4.707123 -1.573197 -2.844551
6.754327 8.601888 -9.080998 -23.459790 -15.857570 -0.689261 -17.697590 -24.923230 -29.378720 -7.232402 -4.282115 -6.561677
5.075563 9.010454 -12.516620 -29.266970 -19.699210 -2.355573 -16.512280 -24.101300 -25.170410 -16.051710 -8.585056 -4.788603
5.110066 9.340029 -11.408520 -30.112820 -21.833350 -0.136166 -10.834390 -22.717380 -13.714510 -18.404430 -5.730882 -0.793547
3.806158 9.061198 -11.677050 -31.388570 -21.492020 2.002937 -12.521750 -20.535600 -8.525789 -13.441520 -10.849530 -3.500087
2.483920 9.994468 -11.949680 -32.964410 -19.257100 3.478024 -9.600436 -21.173090 -1.888048 -12.399360 -18.341600 -0.227502
3.227162 9.776321 -12.472820 -30.900740 -20.766280 7.610176 -10.122100 -18.842290 1.497707 -15.764120 -19.854330 2.924307
3.740387 10.317760 -12.347560 -32.204410 -19.033600 6.945659 -8.153900 -20.355840 5.239902 -21.730840 -19.475470 8.679342
3.198410 10.686570 -11.692200 -33.248460 -17.159520 6.376503 -5.532249 -21.563340 6.573432 -19.236380 -23.085730 8.090742
2.726875 11.443550 -13.085190 -32.926030 -14.532060 6.590313 -4.698373 -18.393240 5.735925 -19.823190 -23.997920 10.430590
2.658230 11.222260 -13.229280 -31.905010 -16.614200 7.322085 -7.700485 -12.967170 9.140790 -24.677230 -24.443450 10.675780
0.616830 10.078690 -13.915750 -37.858750 -20.759780 4.267515 -6.384953 -15.656820 4.422335 -23.965110 -21.400110 9.313050
1.648671 11.687330 -15.077470 -40.240660 -17.329370 7.601142 -4.863109 -12.943790 3.047261 -23.454310 -22.702540 9.574246
3.249445 11.806080 -13.219870 -41.041840 -16.194030 0.062587 -2.985906 -11.269190 4.975688 -20.964630 -16.086880 10.716520
5.080235 14.639890 -11.693840 -37.217380 -15.972160 7.493735 2.702966 -8.256789 6.379011 -21.245370 -10.827850 12.266230
1.298255 8.515047 -18.198300 -38.045090 -12.122410 4.700655 3.770610 -13.627390 9.779721 -24.134930 -5.638200 15.502440
-2.267007 5.335966 -14.714790 -29.757590 -13.764060 5.135302 7.855271 -1.438792 5.449278 -12.111780 0.866888 8.280637
-3.184559 9.086308 -14.447080 -21.462410 -13.798190 1.081446 7.677984 2.853278 4.531178 -12.485640 2.236523 11.043200
-4.639056 9.166348 -14.089720 -20.148280 -17.521980 1.379073 3.675691 -3.124748 4.845243 -7.908914 -3.540659 9.591708
-7.089815 8.103341 -8.863228 -19.576010 -12.150040 4.981720 1.595315 -3.567119 -1.079621 -10.666320 -5.114628 10.126470
-7.675998 7.246449 -9.859570 -14.640500 -10.084150 2.287013 8.373796 0.655455 0.707559 -2.683066 -7.543331 -10.691330
-9.314869 6.078292 -6.344539 -15.745960 -15.779550 4.512442 10.851890 4.050086 3.817469 -4.431178 -9.972577 -16.098590
-4.908967 2.788830 -18.572850 -17.296680 -0.157837 14.693010 3.226983 -11.118840 9.485597 -0.591905 -3.815995 -3.330564
0.496430 -3.064508 -20.296180 -20.951560 7.188970 20.239520 -2.278327 -13.410210 13.001800 -3.778631 -8.286956 0.647031
1.336351 2.844282 -13.135540 -15.109480 8.572185 20.790600 -4.135134 -16.951190 4.917528 -9.657711 -8.144952 -16.995680
4.134651 -4.901229 -17.828250 -17.614920 2.116910 17.542800 -7.853454 -20.006360 3.611415 -14.832200 -9.922713 -18.830600
0.005488 -9.977715 -14.645200 -23.436060 2.535450 20.179290 -11.605500 -19.034740 -1.247455 -21.943110 -8.085874 -32.177760
-1.104344 -10.281660 -12.875200 -23.105260 2.523260 22.484520 -12.746890 -22.018410 -3.794041 -19.260340 -6.626809 -29.335900
0.843971 -7.394483 -14.470000 -15.364210 -1.901891 13.268110 -6.885436 -28.429450 -2.154754 -19.355520 -8.285330 -23.982480
1.647952 -7.580718 -16.589990 -12.998350 -4.850366 11.977720 -8.942278 -29.568790 -2.162231 -20.831110 -6.690765 -25.697350
2.699561 -6.348216 -20.624890 -11.901260 -1.801116 9.989690 -10.123670 -30.188920 -1.397840 -18.738580 -13.282570 -27.014240
3.568234 -5.797880 -20.356360 -8.898220 -3.294046 12.023390 -9.949519 -28.729490 -0.149057 -17.349270 -9.211609 -27.299450
3.598783 -3.864902 -20.770610 -11.299670 -0.090383 4.441172 -8.168020 -29.015500 -1.175170 -11.100430 -16.808830 -30.505090
3.255914 -1.803234 -19.143060 -12.366760 -1.836062 3.531225 -12.377410 -28.063930 -1.515822 -9.691262 -22.871100 -22.982810
2.999302 4.188212 -15.143370 -10.112560 -1.309433 -1.755801 -13.497610 -23.574060 2.778894 -3.786163 -23.461880 -17.187760
3.656287 8.815849 -11.896050 -9.234606 6.846010 2.334693 -16.139660 -23.493200 -1.507514 -1.436860 -11.370400 -8.612681
-2.885896 -3.375772 -14.476550 -10.321230 6.212104 12.931330 -4.816826 -2.654311 10.270760 6.006140 -6.583991 0.134098
-5.775843 -2.523588 -15.871590 -6.614709 3.318893 14.987620 -6.322196 -13.509780 5.188388 4.929061 -7.479918 -5.208408
-4.263123 -3.100604 -16.556430 -4.107872 5.906529 13.690710 -2.052404 -7.490324 5.081207 3.939629 -5.373162 -15.409590
-5.394877 -3.503940 -19.139790 -9.717548 3.772379 9.463697 -0.838067 -6.028227 1.874087 5.770593 -8.679906 -19.012490
-9.811562 -6.260852 -18.315780 -11.838450 5.635900 11.225370 1.180338 -5.372689 -1.486742 9.681763 -2.807874 -18.731650
-8.605051 -3.875365 -16.063170 -5.588107 11.046860 13.064840 -2.359911 -6.951059 0.057827 4.754456 -6.489141 -17.765440
-9.155294 -2.972437 -17.739430 -9.861315 7.065439 12.334570 -1.947287 -3.997463 -5.783951 1.321227 -5.824648 -5.490703
-9.160326 -1.679774 -15.048400 -4.259315 14.176560 10.751070 -3.415788 -3.094678 -0.992380 3.292560 -6.035486 -4.470657
-11.466610 -1.554222 -12.505150 -6.407435 3.700862 4.108412 3.258361 2.734332 2.011179 -2.755647 -4.120599 -0.584008
-11.064790 -0.585380 -15.826570 -6.965053 1.005136 6.090921 7.247318 0.678175 -1.089591 -3.974464 -1.211141 3.360846
-10.500890 -2.676343 -12.406090 -2.332429 6.927280 10.467000 4.800601 -2.017483 -1.097900 5.593933 -11.742750 0.827467
-7.894514 -2.296549 -12.867010 -4.879744 24.275170 2.864701 -3.866850 -7.302550 -1.469294 3.725309 -25.961590 7.386460
-5.778359 7.713607 -6.107120 -4.719926 21.446980 -0.715360 -11.774950 -7.954079 2.953374 16.234620 -30.321440 6.316940
2.292000 4.040688 -6.169750 -11.735860 2.218497 -1.128927 -10.278990 -8.305571 -3.342053 16.325680 -32.471550 -9.741134
0.887100 0.578069 -10.988540 -14.145690 0.143674 2.336199 -12.721790 -9.557842 0.704236 7.497478 -33.255290 -12.976610
0.839299 -0.947388 -12.578020 -12.042230 -4.847928 5.137309 -10.711230 -12.014270 1.613197 0.900119 -30.120900 -16.008370
0.886381 -1.736273 -12.589890 -12.350010 -5.292475 7.225218 -7.993087 -12.441940 1.718716 -0.520008 -28.908440 -15.929070
0.980544 -1.432332 -12.238260 -12.948100 -5.596425 10.067480 -5.817007 -15.493770 1.960496 -1.662135 -23.743180 -19.873920
1.139759 -1.087587 -13.949320 -13.062560 -5.994648 10.243650 -9.056025 -12.506760 0.498183 2.422270 -24.207130 -17.625750
2.392991 -2.072648 -12.258730 -12.632650 -4.097806 7.141902 -5.467924 -16.664520 -0.139918 3.693127 -20.161640 -16.961480
3.348999 -3.677097 -10.910350 -15.650350 -2.218031 6.802617 -6.326903 -17.569970 3.245837 4.794170 -21.736150 -18.703270
3.983702 -1.110082 -9.557474 -13.765340 -2.343187 4.832655 -10.623370 -14.723300 3.943759 7.402986 -21.403360 -16.418720
2.649604 2.675310 -8.210325 -13.267040 1.912922 -1.939999 -12.040880 -16.316370 -0.140749 15.580700 -23.948060 -10.657870
1.737084 8.205352 -7.341290 -13.414300 4.903657 -6.346189 -8.206459 -16.725990 -0.042707 19.467900 -25.868910 -13.640150
0.393282 5.498661 -6.233198 -4.265596 5.869145 5.654267 -4.499121 -7.358014 2.888567 15.970310 -11.426760 -13.061740
-5.741341 -1.130484 -14.367260 -11.553010 2.454180 5.234678 7.581496 1.262880 12.190050 15.962090 0.322720 -8.342755
-5.257946 -2.868856 -15.734870 -9.100610 -3.323303 2.096290 -4.313990 -2.103018 8.751947 7.799444 -15.154640 -18.941910
-6.324290 -1.076079 -16.344390 -12.189490 -0.700721 4.256473 -1.022414 -4.052926 3.189338 1.677970 -16.963300 -25.739550
-9.158170 -0.389205 -18.532730 -13.052090 3.742309 2.587149 -2.892556 6.027392 6.476221 3.124117 -6.993743 -19.128900
-10.555160 -3.122053 -18.629750 -10.952120 2.799577 -2.343528 -5.578532 -0.284083 6.155509 6.893548 -9.293993 -24.322250
-9.657378 -1.378450 -16.406190 -6.685894 -0.906334 -4.038949 -5.938598 -10.151230 7.336992 9.888551 -7.290217 -14.101430
-10.715460 3.654093 -7.512805 -7.105329 3.198613 2.230800 -4.923512 -2.159149 13.813550 12.039970 -4.967746 -6.625703
-11.025620 1.732624 -10.560360 -8.794931 1.057962 6.420168 2.171105 -0.598153 6.109812 2.394881 -6.236568 -10.372660
-3.750976 -3.234526 -14.199840 -5.657896 18.943860 -3.603299 -13.764330 -9.803752 5.534857 18.323040 -16.915060 3.720990
-4.735376 2.808186 -7.473917 3.960486 26.610870 2.049613 -8.357075 -10.199350 12.881320 20.195770 -19.652160 8.479261
-1.946781 6.999007 -2.898279 0.140211 11.115940 6.713781 7.654450 -3.891881 -5.570420 7.636478 -21.060820 -11.375970
2.102954 5.123574 -12.263640 -5.388509 -0.073316 7.864640 0.799092 -20.475460 -6.055642 1.814231 -20.127500 -16.158250
2.432526 5.157578 -13.254660 -3.781956 -1.191592 10.837400 0.741827 -15.668180 -2.576831 -4.040883 -15.936750 -14.916300
3.227881 4.857299 -16.140120 -4.548942 0.274519 9.186146 -2.641530 -14.059070 -7.140745 -0.871959 -20.666240 -21.038760
3.465086 1.932984 -17.135240 -0.575828 -2.674769 0.272883 -0.251294 -16.946510 -12.003770 -10.891590 -14.288530 -24.168740
4.040847 -0.460874 -18.129940 -1.992554 -4.026289 1.097005 -1.663314 -21.291370 -6.854099 -5.887595 -13.473360 -27.676320
3.584766 -1.808465 -18.845880 -3.391135 -3.399697 -2.018296 -0.722752 -21.766490 -2.276890 -11.543450 -15.126460 -24.551440
2.090735 0.243264 -18.508990 -5.484818 -3.001474 -6.548455 -0.998880 -19.797870 -3.773269 -6.156009 -17.749200 -23.211990
-0.213388 6.104972 -17.993630 -6.303449 -6.271778 -5.931619 -2.346575 -19.269960 -3.862171 -5.510310 -17.422910 -24.547800
-0.159837 13.643320 -16.577300 -0.336451 -1.943339 -8.559573 -0.896901 -14.197390 -4.386444 3.160408 -16.513980 -18.529380
-1.389349 8.051551 -7.886535 4.693973 7.905771 -0.786630 -8.875600 -10.545490 1.815927 13.536780 -9.478815 -11.235550
-4.530877 -0.388158 -10.142020 2.023131 8.135765 2.529431 -4.062964 -6.647012 1.152070 10.820470 -5.466928 -18.248540
-8.184911 -3.509695 -13.445010 -3.262024 4.272190 -1.329687 -7.846394 -9.120149 -0.512974 2.821467 -13.591510 -23.636890
-10.898030 -2.578517 -12.694270 -5.341750 2.472059 1.233020 -7.873850 -7.296536 2.071001 7.918587 -4.337941 -11.648810
-9.080898 0.986636 -12.734390 -8.344790 2.231500 2.084244 -6.624212 -19.641500 -10.521510 3.860200 -5.189424 -18.646520
-8.679447 2.059059 -9.142810 -5.787704 1.370851 4.836670 -7.118419 -10.940420 2.674205 16.274330 0.595888 -20.098740
-11.212150 -0.961512 -7.596720 -3.385552 4.141345 6.161188 2.757878 2.182370 -0.798790 8.525256 -0.039878 -24.155640
-11.612520 -0.856886 -11.307010 -7.075320 4.608647 3.023302 -2.993751 -6.953732 -3.191667 4.012210 -4.752572 -15.482340
-13.247080 -1.461105 -10.536620 -7.704821 -3.896257 -1.775375 -7.922486 -8.030926 -1.550718 3.240521 1.946011 -7.088434
-11.482780 -0.468198 -6.986799 0.096244 -3.281856 -1.141474 -9.224683 -6.071662 1.678835 -0.024265 -6.043616 -10.505800
-14.185120 1.676649 -7.492338 -2.868412 0.558964 -2.747558 -9.559645 -15.452340 -1.660392 5.932189 -8.259314 -11.410890
-0.595431 8.514524 -16.887580 -16.915630 -6.379055 -5.411649 6.361667 3.348440 -4.540153 -1.824416 -12.128110 -1.365412
3.272447 13.002480 -19.938010 -21.257230 -2.457778 5.184488 10.614200 8.305404 -4.233566 5.986282 -16.108560 3.796657
1.698269 14.604320 -10.247220 -10.939560 -3.712586 9.691561 14.694160 3.512825 -7.203060 -10.001440 -17.131320 -5.086905
6.152330 23.164350 -3.258091 -12.024790 -8.440874 0.490708 8.141598 -3.234339 -3.578848 -11.918000 -17.992010 -1.332672
7.304212 24.001360 -5.633101 -23.027790 -15.860010 0.643788 4.457009 -11.392150 2.380081 -6.640797 -30.067240 0.861662
8.630403 20.203410 -6.377696 -22.463200 -17.272480 2.543484 1.567859 -10.375090 -3.323774 -2.784405 -21.327480 -4.683834
8.752599 19.734690 -5.461176 -21.728310 -22.563160 -0.714356 5.275981 -10.726580 0.710052 -13.901660 -12.791520 3.406682
7.073116 21.567750 -4.943767 -25.083090 -23.447380 2.310100 0.034248 -9.109457 -0.492203 -10.017880 -10.951970 -2.836548
6.856397 21.530080 -2.195027 -19.194960 -22.880930 -7.309839 -1.926107 -2.363629 0.845482 -12.304190 -13.143280 -2.196291
9.367894 17.172380 -4.027657 -25.113800 -26.648600 -0.861413 -2.359126 -1.219612 -0.832855 -9.268100 -13.822410 -0.559271
5.583757 19.177550 -0.102874 -14.578380 -17.051430 -4.558417 -3.925684 -0.768553 1.621505 -11.242170 -11.569310 -10.048890
9.283075 20.257820 -5.695321 -26.502610 -21.133620 0.925857 -1.606833 -5.974100 -1.912143 -5.339128 -15.185540 -0.799367
4.495490 18.055430 -7.688413 -25.374110 -22.107230 -6.451588 7.681906 1.923095 0.644414 -6.175866 -4.763954 8.407961
3.167501 18.341060 -4.285543 -16.452930 -19.747970 -5.697733 5.225776 -2.141775 -6.517601 -3.056243 -4.195937 -1.716099
2.863088 18.960970 -1.822115 -18.782500 -17.001040 0.351682 4.261680 1.638427 3.746846 -0.383747 -12.271200 -5.191674
