-1.218663 17.516260 4.460035 1.758898 -3.149071 -8.277289 -16.024690 -13.328940 -8.190845 -18.305310 -9.755674 -13.924420
-0.169210 19.683860 5.089200 2.164038 -2.262232 -3.677245 -18.646560 -13.396780 -2.818806 -1.267908 -0.274732 -8.344452
1.848168 17.952960 6.845539 1.721600 -5.026717 -13.178830 -18.764420 -13.559170 -5.953012 -3.064485 -0.946209 -6.654618
3.876532 16.621730 -0.229747 1.364691 -6.746859 -5.433575 -22.825530 -25.489940 -5.076144 5.027539 -9.420333 -12.705850
4.032071 14.472640 -2.145874 0.839296 -3.102518 -13.133940 -27.475270 -24.592120 -6.516903 -1.233523 -7.297829 -10.607960
1.489099 11.473850 -2.793681 -3.356150 -5.661393 -17.558290 -33.605330 -27.421990 -16.619070 -4.173378 -12.098300 -19.480390
0.424612 12.928800 1.788910 -4.589575 -1.405653 -15.461670 -34.164320 -21.172610 -15.650880 -2.056401 -16.038950 -9.240575
-0.263459 14.296700 -3.198478 0.969198 -2.717678 -15.073720 -34.532040 -20.111680 -17.823980 -9.473243 -8.864079 -13.633180
0.077686 15.123070 -1.445469 2.852132 -2.756472 -10.856080 -31.467020 -19.800620 -12.601780 -6.105930 -9.802559 -6.938657
-0.128157 13.055480 -1.157184 2.329952 -7.257392 -13.232040 -32.905580 -23.683480 -14.152490 -5.985585 -12.433640 -12.060960
0.415939 13.828880 -0.667167 0.023229 -9.206420 -11.949560 -29.436460 -25.978550 -14.926510 -6.275506 -8.339612 -17.699340
0.449475 13.737390 0.388100 0.030303 -8.263718 -14.270090 -25.321470 -23.362310 -16.705960 -0.027730 -6.604102 -19.644410
0.122208 15.905000 1.371463 -1.967100 -5.971747 -17.724560 -24.980010 -21.913810 -13.922850 0.722472 -12.340660 -16.073520
0.929969 13.141040 2.867480 0.464381 -10.141360 -13.958620 -30.395500 -23.040420 -11.501490 1.907948 -13.094780 -16.518380
0.023334 13.842210 1.058545 0.108758 -9.611433 -14.922970 -30.433890 -25.731000 -12.502480 4.385960 -13.897380 -23.181700
0.215300 13.934820 0.916067 -0.023716 -3.052861 -15.807510 -31.471060 -22.636980 -8.618196 2.389328 -4.944082 -21.349450
0.086359 12.755080 2.102494 -1.814690 -1.932480 -13.768520 -31.539750 -24.640480 -13.102730 2.509673 -8.335639 -24.134630
0.125677 11.489030 1.316869 -2.367095 3.155010 -14.343810 -34.684930 -25.526030 -11.797620 4.935326 -9.269350 -21.951930
0.407844 10.017050 -0.592600 -0.015356 3.338895 -16.117320 -29.422320 -26.745740 -13.788080 2.737859 -7.695948 -19.790030
0.706201 9.518112 -2.942151 -4.694397 3.057248 -13.374470 -27.858490 -30.548490 -16.220970 -2.272866 -4.768465 -28.692860
0.580729 9.265496 -0.439469 -6.179909 3.643819 -11.838720 -21.015880 -24.718420 -18.016380 0.251252 -1.542990 -26.005290
-0.136252 7.438662 -2.989422 -8.538079 1.180378 -11.735640 -21.504830 -26.754400 -22.534600 2.282268 -0.897736 -30.406700
0.130303 9.513667 -6.940849 -11.482090 0.803297 -7.490294 -23.398670 -27.206920 -20.858000 -4.929050 2.762412 -21.650290
-0.775754 11.414210 -6.327662 -14.908420 -5.623374 -5.902447 -19.555100 -32.121120 -26.188370 0.541174 5.475339 -23.190500
-0.689600 10.956020 -10.618640 -16.768840 -6.245636 -5.629216 -22.171580 -34.955320 -20.337550 -0.218406 3.905115 -17.816160
-0.707525 12.468750 -13.775790 -21.362360 -7.906809 -6.100305 -27.213290 -37.575890 -16.619950 -7.793884 3.604738 -17.852960
-1.595657 12.828050 -9.568699 -22.179710 -16.797700 -6.292066 -20.267640 -29.412500 -12.112370 -15.200570 -1.371346 -13.217120
-2.605792 11.233080 -14.187240 -27.113410 -21.333530 -4.648242 -16.225390 -33.308350 -15.124220 -18.866400 -4.956002 -11.448080
-0.745687 13.483660 -12.302410 -29.923660 -19.636670 1.298007 -10.141800 -31.764590 -14.402510 -19.467340 4.717245 -0.441760
0.787729 15.231600 -11.995480 -30.723010 -18.091100 0.762074 -12.550860 -22.787100 -10.003980 -17.372250 2.183908 -5.867310
0.245945 11.748320 -16.858370 -31.216250 -22.895390 -1.279126 -13.035760 -29.514980 -5.571765 -13.614980 -7.587081 -12.113770
0.643176 11.094920 -13.030780 -30.350670 -24.130600 -2.677428 -20.132270 -25.959790 -1.992475 -11.041630 -4.425177 -13.013100
1.677017 12.149100 -12.542760 -30.074790 -22.849620 -0.252152 -23.148130 -18.092300 -3.711634 -9.817086 -8.711508 -18.212210
3.492600 14.777110 -13.571390 -26.383520 -24.304400 3.212845 -14.195510 -19.400780 -1.501287 -9.356806 -4.212212 -16.258340
3.023093 15.803510 -18.791140 -25.126300 -22.061310 -1.143896 -14.247360 -21.345820 -2.678720 -14.809840 -10.139490 -12.733060
2.174279 15.783500 -17.156640 -22.097390 -22.156750 -4.127828 -12.369690 -23.970000 -1.261013 -11.916870 -11.159820 -12.241790
1.283256 14.849340 -16.530140 -26.497340 -24.398280 0.867931 -9.760609 -22.032180 -4.996348 -20.996660 -9.963078 -3.500583
-0.647391 15.837950 -15.068070 -33.300470 -19.213810 0.355830 -3.273606 -20.352010 -3.832214 -28.627620 -9.735014 2.139396
-2.143223 15.567190 -17.725880 -31.848400 -20.230220 3.486076 -6.748113 -20.932990 1.280931 -30.948560 -14.797710 3.810027
-1.811908 14.531910 -20.526840 -37.697850 -23.322130 1.874952 -9.775426 -23.641620 -2.625523 -27.422610 -18.844060 -7.888389
2.930001 12.759890 -19.668640 -34.525540 -18.019720 7.690406 -6.649784 -14.630920 -1.456956 -18.640560 -13.621640 -4.389505
3.912960 14.338930 -16.462220 -29.335250 -18.266450 3.062651 5.806313 -11.697130 4.077334 -9.917112 -6.198037 -3.003714
3.076866 16.277620 -14.715210 -28.349410 -10.789230 12.220620 5.473611 -11.069950 11.258970 -2.123607 1.290724 4.939783
0.969287 13.574780 -14.025460 -26.285770 -9.257628 14.461890 9.451211 -8.771268 8.360601 -4.230424 0.592229 9.914070
1.596068 12.585800 -16.160630 -29.879290 -4.502994 18.279380 8.013322 -15.539570 12.273260 -2.064216 -3.920576 -1.257073
0.055136 8.426160 -13.122650 -18.843420 -0.015264 18.097030 5.654779 -11.640830 3.662395 -2.233793 3.166093 -0.973034
0.733955 8.588027 -18.231880 -26.171300 -2.827078 15.677860 -2.138784 -20.882470 11.425650 -6.146565 -8.924473 -15.976710
0.717765 6.909724 -15.564080 -24.487720 0.371904 18.595830 -1.407380 -14.283780 10.420220 -1.280411 -0.561600 -15.078180
-1.995201 4.029459 -18.241870 -28.435580 -4.474286 15.079300 -8.219003 -18.122610 6.396735 -6.883483 -4.577750 -28.257600
-2.303387 2.191511 -20.717250 -28.768690 -6.628148 12.515460 -11.048310 -23.810500 4.361939 -11.109620 -7.622840 -31.455640
1.886330 3.416439 -18.120690 -22.847230 -2.913977 11.792200 -8.632523 -26.980300 5.930372 -13.399300 -3.116392 -28.507240
2.885478 6.235958 -18.885010 -19.175250 1.918246 5.872003 -9.293211 -28.555820 2.641007 -14.658230 0.217950 -19.978860
1.487942 8.888054 -18.312440 -18.507090 2.684047 7.896576 -15.211120 -27.841310 5.246788 -12.958560 -9.241537 -20.208490
0.543724 11.761280 -14.511480 -16.790710 -1.272200 1.569022 -11.849080 -22.874430 3.231497 -9.918675 -7.010167 -23.331320
0.961770 12.708040 -9.433544 -11.514250 -3.041998 1.121210 -13.916680 -21.205080 0.341999 -6.011373 -0.339893 -29.202530
0.714874 12.096500 -8.667893 -7.239060 8.291381 11.448030 -11.907680 -12.547310 -1.597929 6.170034 7.101983 -13.501960
-3.851258 3.866480 -10.959520 -9.251253 7.105826 17.929110 5.139563 -7.149560 -1.410852 11.480840 -4.231283 -15.117390
-7.191583 2.944914 -8.642593 -13.844120 6.006394 14.725150 -0.609974 -6.248851 -5.869670 10.543090 3.471238 -25.974090
-5.565075 3.869814 -10.913580 -9.139358 0.193450 10.484790 1.303395 -8.901177 -5.410400 2.243195 8.310642 -13.838810
-6.653847 5.584416 -10.491480 -18.837630 -1.925497 8.042336 -4.361957 -11.866730 -6.490305 -2.224415 -4.397365 -10.572760
-7.739727 1.737395 -9.287072 -9.024890 2.356622 14.597680 1.805815 0.479036 -5.068164 7.057773 2.883993 -18.833100
-11.321170 1.384400 -7.422877 -4.314981 5.240594 12.155220 0.752485 -3.895318 2.758041 13.104710 7.708300 -9.462206
-9.705645 3.201604 -13.062070 -9.492408 2.566112 6.583624 -3.703962 0.113845 1.856348 6.341174 5.863922 -0.475365
-12.291980 -1.550315 -17.088060 -14.934140 -4.192639 8.369882 -7.475476 -5.287519 -3.701881 3.595121 5.507125 -8.490071
-11.462830 2.174473 -9.146591 -5.253876 4.335134 10.644960 -1.091516 -1.350528 -7.494847 0.061357 4.685459 -8.125221
-11.223450 3.612383 -12.567390 -11.048660 6.218212 9.453940 -5.542575 -4.697872 -7.102960 2.308837 8.529171 -9.900666
-9.201445 -0.829137 -18.452250 -7.862204 21.881040 0.503253 -7.706481 -4.471251 14.373670 19.598650 -7.776207 -3.023717
-8.474633 5.732949 -14.191240 -5.981841 23.001420 -8.445773 -6.811420 -12.603610 14.628130 14.219860 -21.036490 3.373167
-0.870002 14.309290 -9.420895 -5.044875 12.536260 -9.180672 -2.030353 -2.845935 5.148372 16.313390 -29.134750 -7.542741
-0.887348 7.691277 -13.912940 -8.667981 -0.651491 -4.115081 -14.757190 -6.375153 -1.151958 7.138264 -21.215290 -28.082380
-0.307403 3.806845 -15.022130 -10.683390 -0.429587 3.284894 -14.380710 -8.278332 1.061048 8.175261 -24.990660 -27.318270
1.527261 2.587844 -13.850360 -13.496220 -1.351341 2.415873 -9.730302 -8.398860 5.339882 -4.432041 -17.547990 -24.345860
2.699295 6.245959 -15.088050 -13.784320 0.075515 1.099041 -8.292413 -6.998720 4.575615 3.634194 -16.733480 -31.005980
4.125163 2.321523 -16.061420 -11.282740 -0.282945 7.053605 -14.927580 -6.435056 7.353399 0.258285 -15.107630 -29.953830
4.497531 4.380602 -16.950240 -10.307190 -2.011621 6.614106 -6.497576 -9.778791 4.727227 2.178334 -17.177680 -28.993700
3.625589 6.044829 -15.300430 -10.370850 2.576199 -1.069630 -6.949484 -8.211934 7.176075 4.210131 -17.908760 -29.384160
0.838033 9.812584 -14.628660 -8.073133 6.077776 -4.748003 -8.978693 -11.731770 7.777205 5.297924 -18.944980 -29.398560
0.284685 11.273090 -10.856990 -1.878998 7.081774 -3.262687 -9.411744 -9.505980 4.739640 11.897360 -27.735370 -22.710440
-0.595930 8.434679 -3.482102 4.445682 12.713160 -4.427108 -4.223893 2.510681 -1.535865 20.020640 -25.717760 -9.046148
-3.986559 4.507280 -7.677207 -3.084771 7.202036 3.780368 1.740487 9.696139 7.509445 20.263670 -12.261200 -17.931380
-8.358413 -0.310941 -13.408270 -3.682834 4.487984 5.896943 -5.235466 0.095080 4.509119 16.535330 1.105571 -6.200955
-10.067610 -4.300198 -17.405640 -9.166368 1.547372 0.407926 -7.233021 -5.512696 3.883164 3.917083 -10.374710 -10.896000
-9.993015 -1.825526 -16.428940 -8.222971 -0.570023 4.665461 -0.461808 7.794404 7.917291 7.606359 -1.205265 -4.909577
-11.058080 -1.077308 -10.576030 -3.278338 1.361935 1.942013 1.755303 8.950602 3.015162 0.093397 2.311052 -7.152287
-11.210730 1.485150 -11.799080 -6.136823 2.043164 6.327019 3.121804 9.721400 10.665820 -5.063461 -10.177630 -12.801870
-12.243410 2.457462 -9.958848 -5.309181 3.827704 3.656223 -1.690244 5.371585 10.144480 -1.566425 -9.394904 -10.707180
-14.040490 5.278462 -5.842972 -11.116180 2.040837 6.305405 -3.660186 3.770085 2.703071 1.630530 -8.537479 -1.707535
-22.205410 8.043161 0.433374 -19.433120 -1.291598 7.143388 -5.691415 0.894025 3.839719 -7.812640 -14.572030 10.230110
-24.603250 0.380604 0.226981 -21.929550 -4.303591 -1.968578 -17.974430 -8.481136 4.596007 2.134572 -7.196114 20.277100
-25.917520 11.109740 2.063878 -9.323921 4.833253 1.430466 -13.622370 -7.390615 10.389190 1.301535 -1.291881 12.022360
-29.667800 17.870730 3.874811 -8.280205 6.295024 3.300966 -10.773530 -11.052630 12.217400 -11.619130 -4.814555 12.776870
-29.620390 16.768780 6.897470 -11.082100 7.495321 8.314460 -10.391660 -3.719218 20.554300 -1.115523 -5.219825 9.073954
-28.452980 16.336150 5.017296 -14.028040 7.272642 7.265872 -11.517730 -3.501980 31.915470 -1.053006 -27.172760 9.224375
-31.495530 11.113070 6.228357 -11.855080 -1.154266 -1.138908 -8.045244 -2.982340 20.828270 -0.478632 -12.962080 13.503370
-30.883780 13.079180 6.023295 -6.830062 10.754820 8.351593 -10.390990 -3.917691 2.308525 -9.171599 -14.943140 -3.893437
-33.394950 13.935190 5.791603 -10.305900 10.621370 4.664907 -15.543820 -8.953141 5.970270 -9.420104 -8.393648 0.096714
-33.029520 17.495140 6.741011 -13.561810 10.072040 -3.620160 -16.444940 4.280342 7.160116 -8.022852 -6.854415 3.947646
-31.778850 18.337440 5.876823 -9.076980 10.473950 10.703710 -13.444570 -1.110917 9.303080 -6.123122 -12.704610 11.111040
-32.720180 14.366710 -2.356261 -9.378583 7.145396 6.217837 -4.356569 4.253639 4.032116 -10.941610 -3.418359 8.217035
-27.655050 15.031580 0.914069 -3.385089 12.071500 1.105692 -0.843674 0.460271 7.411916 9.867124 22.941700 20.961190
-22.286360 10.007420 7.553267 -2.002470 7.195829 3.212845 -7.335391 5.709351 13.197120 6.672513 16.867410 20.978800
-22.078200 6.455608 2.842846 -3.857752 12.386510 2.526718 -9.277720 4.408087 7.217746 6.539665 11.421690 11.629510
-21.762500 5.114373 0.276914 -10.902040 3.078973 2.929637 -3.014988 8.817083 7.935910 1.486741 5.867895 5.020594
-23.559000 4.690630 3.892121 -2.160024 0.925887 -0.792519 -13.095700 2.745963 6.214091 4.145269 -4.600000 -2.878897
-22.192110 2.855276 -3.868922 -3.487982 3.715976 -2.865310 -4.601044 2.687503 -0.147416 4.917353 -3.964282 -0.985035
-22.655840 2.093354 -4.649221 -5.015937 4.096937 -4.799545 -8.505907 0.750403 -2.759403 2.772243 3.707248 10.671770
-19.578020 4.025384 -4.525385 -5.280885 6.729521 7.549633 -7.722645 2.474595 2.944232 -6.829562 -3.043285 14.648320
-21.889130 2.159286 -1.480755 -7.558670 -2.166022 1.784060 -0.701568 9.530144 5.317717 11.275320 -0.912040 7.604951
-22.018650 4.505058 -1.109914 -3.037826 -1.068918 1.440442 -6.302939 -6.065534 -3.560908 0.305954 -6.124929 12.927290
-19.389520 7.153450 13.848920 -2.965801 2.763187 -5.251791 0.188105 -13.026540 7.817102 2.321341 -17.282580 13.269730
-20.614170 10.992320 14.680480 -1.469357 -1.679541 -4.002019 -7.291615 -22.798650 3.436307 1.979061 -22.095760 14.549910
-14.723940 19.973890 19.432850 -3.439107 1.811950 3.798103 0.205615 -22.683890 5.846143 7.722796 -18.929880 9.641232
-8.047914 16.150580 22.914230 -4.027524 -22.271580 -3.162927 -2.233072 -22.457990 -11.201810 -0.307493 -3.133875 -14.932560
-6.620889 10.329670 16.398210 -6.726526 -27.646920 -6.611852 -9.011021 -26.901630 -13.608100 4.351575 -0.254071 -22.113550
-6.766598 9.845550 13.342260 -8.437759 -26.145580 -4.067972 -6.969689 -21.798340 -14.742980 5.451872 4.928622 -18.985120
-6.819215 6.835643 15.500730 -9.657037 -27.515800 -7.262508 -5.937237 -16.743400 -10.386120 6.899918 1.221590 -23.472940
-4.935982 6.383379 14.791000 -9.552215 -27.238030 -9.219467 -6.325164 -12.618040 -7.087001 9.704580 0.004984 -21.295840
-3.342432 5.980379 11.147170 -6.525243 -26.466020 -11.109920 -2.212194 -14.804140 -4.292371 10.084370 2.282444 -14.314880
-1.297300 5.368841 12.567290 -8.702707 -27.845550 -11.183080 -4.576798 -7.395667 -2.997904 10.608730 -1.430945 -9.983878
-2.275633 8.269849 9.639168 -7.489218 -24.615530 -11.827080 -0.816061 -16.177570 0.251563 2.765992 -0.153946 -12.841870
-1.297878 5.548487 8.616524 -8.249980 -23.182470 -13.217070 1.343131 -8.339679 -4.913006 14.426160 3.740623 -5.981725
-3.131963 9.869256 9.059936 -4.185079 -18.480600 -14.975060 -1.291541 -5.368351 -2.080251 8.755105 -7.401928 -11.778530
-1.788779 6.688222 7.304264 -5.316897 -23.427650 -9.703302 -0.778346 -8.769103 0.480312 11.417540 -2.492594 -10.070290
-6.563068 9.313649 8.922785 1.919025 -19.214580 -14.818770 -1.582486 -9.614961 -0.703328 15.150580 4.183242 -7.520338
-5.800986 11.473480 6.451395 0.391070 -17.676780 -12.203950 -8.124042 -13.834140 -8.510915 5.800403 -8.954670 -23.788180
-6.049038 13.205120 11.912150 1.628996 -16.313540 -2.060025 -7.218878 -9.477112 -11.595470 8.331553 -12.431250 -16.600790
-7.614255 12.267990 11.513350 0.479172 -13.770190 -1.655443 5.190748 -4.661786 -4.732135 2.940258 -13.915660 -25.602830
-7.670342 13.036580 11.078590 3.555017 -8.930980 -7.074073 2.840961 -8.118832 -7.571983 3.625598 2.432633 -13.633980
