1.971361 9.615506 1.639521 -6.522394 -5.592499 -10.154590 -28.352920 -11.377620 -4.765331 -2.526724 5.409883 -15.445420
1.137785 9.397977 -0.448969 -8.945379 -2.658780 -12.792900 -42.415360 -15.077390 -2.069412 -1.663868 3.127938 -24.579690
0.031095 8.795693 -3.478451 -5.410516 -5.228679 -23.590530 -40.447120 -13.932850 -5.022863 -14.483560 1.402164 -25.090080
-0.065381 10.337770 0.599314 -1.383438 -4.987377 -16.598330 -32.842350 -14.459600 -2.053060 -10.000840 3.704211 -16.638250
-2.528973 10.810560 0.813893 -2.578817 -8.779471 -16.654960 -33.459280 -19.058600 -14.783560 -11.443700 -2.252238 -19.532630
-2.470672 11.516510 1.824489 0.435266 -5.806906 -15.377050 -32.664460 -19.328920 -11.061600 -11.482630 -0.678756 -17.585750
-3.113031 12.299270 2.110979 2.382151 -4.905200 -12.848920 -33.346240 -23.535990 -13.653280 -3.928270 -5.778105 -22.581780
-2.837139 12.929080 0.980787 4.696732 -3.529109 -14.816270 -31.845960 -24.747240 -15.857640 -5.152636 -5.461337 -25.347740
-1.857116 12.986870 3.465363 5.989528 -2.906805 -16.177900 -31.490180 -21.034270 -15.694130 -5.592009 -8.418850 -19.130910
-2.121903 12.634060 4.708997 7.480821 -5.800182 -15.309950 -34.627430 -25.309430 -12.132610 -5.731845 -9.681046 -25.889410
-1.797773 13.798180 4.074490 3.744530 -3.869023 -13.711940 -32.892300 -21.702780 -15.832090 -5.816860 -4.200358 -22.714320
-1.270976 14.213180 2.796247 3.406865 -3.577668 -13.450940 -29.965360 -31.413630 -13.436620 -1.477154 -3.361533 -25.076910
-0.510278 15.132580 2.084445 5.615239 -3.263902 -13.167170 -35.858670 -20.730580 -13.799420 -3.188565 -1.019281 -23.707100
0.219187 13.337290 3.075814 5.325184 -3.465609 -11.707050 -38.479770 -18.058610 -9.928251 -7.501257 -8.545557 -19.670110
0.473910 13.474270 3.273857 5.759534 -4.241061 -12.823680 -30.542860 -18.517950 -6.681498 -7.799999 -1.058877 -18.686380
0.512084 13.346470 -1.804506 -0.948356 -0.074688 -13.681160 -32.675850 -24.955020 -12.731480 -5.838312 -2.439253 -25.577420
2.226777 10.672560 -2.184057 0.307817 2.541528 -8.927156 -28.997020 -23.269830 -12.311450 -8.492032 4.597861 -22.139720
2.641830 9.165833 -2.716658 -1.962083 1.922960 -11.214600 -25.828220 -28.756940 -12.877610 -6.628866 2.686900 -23.462610
2.766068 9.449640 -3.746867 -2.259463 1.813889 -6.666801 -19.983990 -31.182920 -15.141250 -6.388919 1.362568 -23.324310
3.359843 7.099648 -6.267206 -5.122658 2.636406 -7.427024 -19.268900 -28.812540 -24.151830 -1.322222 1.255354 -24.583810
2.700131 9.349373 -7.845398 -6.090973 1.383580 -3.000496 -19.629080 -25.836880 -21.633730 -3.353827 -3.725816 -14.310230
2.916333 11.257170 -7.451619 -11.465780 4.335975 -0.561011 -16.861630 -28.800720 -24.309210 -14.750520 7.054637 -12.746140
2.793831 11.745590 -8.575274 -15.500190 1.019760 -1.485590 -12.084770 -29.283700 -32.816990 -12.471820 4.244544 -11.565660
2.972900 10.766030 -9.391673 -17.220010 -7.468375 -3.702240 -9.987715 -32.675610 -27.773640 -13.603220 1.612936 -14.671610
2.658487 12.675870 -10.150770 -16.400380 -9.054391 0.755682 -13.227500 -28.376130 -21.210640 -12.873850 0.002294 -10.829720
2.256969 16.875880 -13.192560 -22.924420 -9.093238 -1.251060 -15.650550 -26.084960 -17.391590 -23.710400 -6.066241 -10.027920
2.202832 16.711710 -12.839160 -22.241770 -12.159190 0.574090 -17.610890 -26.800740 -13.206690 -22.593290 -8.635104 -8.598014
1.646537 14.171380 -10.992170 -21.573030 -19.192040 -5.768692 -17.755490 -21.918210 -8.031501 -19.691680 -13.728360 -16.132800
0.678660 15.251210 -6.292971 -19.050430 -17.284040 -6.136184 -17.663470 -14.736870 -1.353021 -20.812760 -17.941370 -11.743480
2.001205 11.140930 -6.769813 -19.723560 -18.354580 -4.996158 -11.720210 -16.026650 -11.063640 -28.468030 -10.284730 -12.151790
2.988517 11.988950 -8.590271 -20.450900 -20.941670 -0.210139 -14.201980 -13.104500 -16.854040 -17.131720 -15.210470 -18.231150
3.049594 14.513990 -7.984605 -16.716070 -19.641780 -3.239951 -10.564340 -14.127430 -13.946580 -15.835050 -15.076450 -13.945550
3.599296 14.622750 -7.172436 -16.130100 -18.503250 -6.236521 -10.917500 -11.650720 -14.686480 -22.346990 -17.915780 -4.694381
3.606584 14.891940 -7.328563 -15.963830 -20.057140 -4.866273 -14.187080 -14.076000 -11.698280 -13.864620 -18.535310 -11.062690
3.194655 16.127440 -4.852448 -15.765340 -18.175290 -5.807472 -11.430150 -10.463100 -3.299846 -16.897330 -22.563740 -5.867447
3.072499 15.469070 -10.258830 -17.392870 -18.698980 -7.229428 -5.100433 -13.431110 -9.890438 -19.261840 -18.337330 -3.497443
2.402030 16.175700 -12.748410 -18.718620 -20.415730 -2.735803 -5.739276 -16.014140 0.519202 -23.325850 -18.839890 -6.987827
1.471285 15.895630 -16.106680 -28.358560 -23.477200 -0.377573 -2.641457 -15.925190 -0.912558 -28.252710 -17.383980 -3.463691
1.063867 17.247370 -16.771570 -30.416050 -20.022780 5.349644 -1.014992 -8.687572 1.676056 -26.711330 -9.662771 -1.410621
3.025649 15.299130 -17.584890 -32.064090 -20.607730 3.574970 -2.884200 -10.942600 -1.806769 -19.744920 -5.248128 -2.745034
4.802809 17.837420 -15.506400 -30.558150 -16.701330 7.699872 5.633708 -13.670170 -3.209914 -13.082810 4.887825 2.814061
1.258206 13.320640 -16.236660 -31.920520 -12.799420 8.965473 4.084360 -18.488760 6.033675 -16.317330 -7.715260 5.575088
0.644303 12.819640 -16.225120 -25.057350 -5.243620 15.044180 6.701952 -22.631200 7.224254 -14.681400 -2.715815 -6.764739
1.461568 9.493146 -16.860010 -29.117390 -9.014050 14.544960 -2.608157 -16.850830 8.851207 -5.391788 -1.869680 -9.169318
0.377435 8.768842 -19.876810 -28.608330 -9.406258 13.329830 -5.378230 -23.260800 7.362218 -5.206663 -2.351532 -24.939430
0.618970 6.415111 -19.763360 -27.216650 -2.869452 12.140560 -2.003490 -19.353940 3.621860 -8.776472 -3.451690 -22.177590
-3.755391 5.025645 -20.492090 -29.175990 -5.743405 9.337890 -6.095942 -29.311490 4.681628 -8.139262 1.321753 -29.467060
-3.330274 2.925131 -19.482260 -28.321940 -0.695497 8.742023 -7.827566 -28.047430 10.795990 -5.534803 -1.733835 -31.144740
-0.859047 3.507360 -19.616080 -21.471950 -1.686104 7.578605 -6.397399 -29.018930 5.670881 -10.914540 0.064430 -30.296850
0.393398 3.600830 -19.510720 -19.673760 -3.349067 6.743899 -3.301332 -30.189180 6.861459 -13.965530 -3.792825 -25.895170
-0.580032 5.995348 -19.673380 -19.157370 -3.844370 3.501718 -9.642442 -32.975120 10.356550 -19.321430 -7.411894 -26.130610
-0.553310 8.274303 -15.166070 -11.791000 -2.631139 2.817209 -6.639266 -35.469900 9.281450 -8.991789 -6.080861 -23.625600
-1.739819 9.879939 -15.578690 -10.641760 0.071737 -0.184901 -8.006337 -31.886180 6.593707 -5.821627 -5.423569 -24.259470
-1.458374 14.699230 -14.756530 -9.965699 5.287734 -3.622216 -12.685930 -24.672880 6.315735 -3.825776 -14.065840 -16.066940
-1.215451 15.759000 -10.108090 -2.275577 9.991245 -1.166112 -13.994290 -18.991890 -3.017787 8.990737 -8.575406 -13.752920
-5.195581 4.634772 -11.480160 -6.992635 9.151546 16.749910 1.775236 2.921810 3.802746 12.037750 0.492066 -12.077700
-5.760899 2.085945 -9.789681 -7.722167 4.091685 13.275660 0.534355 -2.470791 -3.633004 4.887800 3.257690 -20.285040
-5.209462 1.502695 -10.436110 -8.137473 0.516987 7.203726 -9.036022 -10.203890 -4.457722 9.717729 -0.439353 -19.731020
-7.830608 2.253850 -14.337370 -10.830740 4.161909 12.746270 -2.636199 -10.015570 -8.281880 6.234523 -0.242591 -15.131780
-7.322551 2.256229 -12.417310 -10.025760 5.374393 15.372890 -0.260474 -9.103135 3.427688 14.109870 -1.902575 -11.787930
-7.405839 2.072009 -12.742250 -11.191110 3.054761 3.340440 -3.906875 -7.693137 1.265230 9.262465 10.212570 -12.792240
-10.141510 -1.130765 -12.076210 -7.071008 6.568201 3.000032 -7.509459 -8.881454 -3.560445 -0.772409 0.434195 -16.073530
-7.510643 2.028163 -7.927307 -2.721647 6.608542 4.923673 0.789367 -0.579211 3.380678 13.681620 10.960020 -5.194889
-9.103528 1.048264 -11.711660 -3.363284 3.424558 2.381389 -2.034162 -8.287991 -2.630465 8.544213 2.904373 -12.872910
-10.313980 0.409272 -11.156370 -0.940299 8.037675 10.984530 3.442012 1.877341 1.847745 3.755599 1.898636 5.521579
-5.928863 0.380382 -16.402780 -3.186028 24.395380 -1.014683 -13.404520 -8.485349 13.297740 9.926689 -21.120620 2.565454
-6.064553 4.606562 -13.853600 -5.302112 20.011610 -3.524342 -4.963727 -0.588940 13.221090 23.600500 -16.280170 -4.203752
0.004373 14.291700 -7.950380 2.472976 12.478220 -6.427346 -1.755489 -7.560406 -0.502753 6.911460 -16.771160 -15.951690
0.700523 12.868240 -15.812880 -6.531183 2.774612 -6.575082 -6.390388 -11.829320 -7.590016 0.222339 -9.158989 -26.872320
1.325531 7.120720 -15.068010 -6.211097 1.001831 0.698435 -3.611552 -13.985660 -2.825659 4.488153 -9.448344 -32.686610
2.673757 4.425061 -15.651760 -5.078711 -0.073941 -2.169483 -1.036901 -16.474180 5.479775 -4.668768 -8.529718 -33.272730
3.005868 6.120087 -15.045710 -6.652040 0.962236 1.688879 -3.246124 -16.802190 8.756166 0.563985 -4.757748 -40.350640
1.853716 6.755000 -14.647700 -5.509398 -2.569880 2.982181 -2.798320 -21.346280 11.182290 -4.312820 -6.842931 -37.382980
3.039531 5.636425 -13.718240 -8.583543 3.480587 -0.964207 1.949625 -17.812600 8.653970 -3.036016 -7.960755 -36.665970
0.944488 5.328485 -14.524640 -5.523315 -0.079917 1.595313 0.813904 -15.732700 4.899304 -3.394347 -2.246146 -35.380950
0.668249 5.609914 -13.222560 -5.394402 -0.938293 -0.626261 -0.842356 -15.208730 7.094465 -0.959123 -6.376308 -33.773240
2.950343 4.940332 -12.531140 -5.111671 3.156362 0.021313 -5.608704 -15.666680 10.870590 3.196253 -17.498500 -28.072550
2.901411 7.743397 -11.616290 -2.852025 4.687095 0.077945 -4.131215 -17.659030 4.200287 7.562972 -13.030860 -29.593830
0.606824 11.911120 -6.461019 3.554823 10.360300 1.880319 -5.391375 -14.555500 1.904974 4.817882 -9.877199 -20.301500
-2.699020 11.310190 -2.515924 7.288183 14.558040 -1.946648 -8.899315 -6.406139 2.971896 20.286530 0.325763 -15.426490
-6.964412 2.302114 -5.905345 3.374637 8.083245 7.342844 1.620126 -0.358226 8.114377 17.570830 -2.825465 -16.245580
-8.701663 -0.227680 -11.057540 -3.270261 7.567025 13.059600 1.740183 -0.797417 6.097036 12.048870 3.248553 -12.745320
-10.151220 -1.519258 -13.944740 -4.563057 3.303533 1.823688 -2.484594 -7.953038 -0.342306 4.723333 -5.488750 -12.500000
-11.515760 -1.253465 -7.141672 -5.662483 0.286144 3.930151 -0.482185 -4.649374 1.629046 6.338606 -7.309554 -10.259240
-11.761460 -1.185147 -6.675982 -1.187871 6.632448 5.572479 3.342987 9.442966 -0.396470 5.801506 -9.001823 -13.825360
-9.591805 0.819858 -7.652739 2.429028 4.084215 6.631866 4.866045 -1.426322 3.080223 4.976788 -11.453730 -17.956200
-11.465790 0.728088 -7.651585 4.992646 12.171180 -3.988478 4.217562 -8.969015 7.053587 19.401420 -13.080820 -6.694767
-8.774540 2.901338 -7.490843 1.536157 7.958486 3.650685 -4.103172 -6.842551 0.130859 7.577274 -5.121421 -9.271395
-6.209267 1.086331 -14.250070 -2.475539 13.502440 6.967965 -10.949050 -12.862670 -5.121993 18.208040 -28.961230 -8.330473
-5.436769 9.753840 -13.488670 -5.450801 15.271490 -4.348583 -12.341530 -10.545100 -0.790945 21.923250 -27.010060 9.380759
-10.112700 6.526934 -6.861335 -0.087712 10.245990 -6.742516 -13.167910 -3.433259 6.660134 10.944480 -25.057070 13.337900
-12.815400 4.481483 0.668533 10.596720 14.861350 -7.110008 -9.542541 2.345719 26.470750 13.193780 -19.466730 13.597210
-13.132940 0.774653 1.030010 11.924670 10.923580 -9.439921 -8.016853 2.586162 27.824840 13.097650 -15.733740 5.403038
-15.940090 -0.242635 -0.250541 7.897592 10.446950 -9.253406 -8.163199 -2.693167 34.155850 20.660750 -19.012900 6.398291
-8.465333 6.734946 4.625550 15.937100 14.676080 -10.832330 -17.476810 -24.592970 11.522600 7.907002 -23.105900 -9.403931
-1.596494 9.366707 -2.658976 8.854188 5.437894 -16.291160 -21.046970 -22.921680 -0.298362 -3.836899 -21.821160 -7.475164
-0.234039 9.419729 -0.121332 6.925614 -0.667856 -17.912560 -25.134170 -22.509590 0.205462 2.018764 -17.567950 -17.794030
0.656797 10.802060 -1.429186 -1.433978 1.007060 -13.154860 -27.593140 -21.132940 -6.363669 -4.768085 -16.138230 -15.613360
1.073931 13.662900 -1.568393 -2.978009 -1.053341 -10.774470 -21.633240 -19.735450 -15.749310 -6.632044 -10.000250 -15.745070
0.361124 13.278490 -0.301686 1.416033 3.948249 -11.255220 -20.174150 -18.378970 -14.226600 -3.850406 -14.112750 -12.508230
-3.574933 13.574190 4.052955 1.858440 4.758066 -12.241970 -13.935570 -5.053820 -10.390170 0.362970 -13.748460 -9.426157
-8.446246 7.264493 4.508646 7.699095 3.212392 3.061589 -6.635760 -6.845331 -3.604389 7.456506 -12.416210 -9.118279
-11.190240 5.023265 -0.763530 8.422035 5.837573 -3.872136 -18.131430 -14.485310 -11.414170 5.777670 -4.222898 2.340719
-13.426180 1.952368 3.381147 13.256290 6.828179 0.603022 -7.944994 1.271368 6.861459 7.022694 -5.552712 -3.094073
-10.358400 2.358536 -1.597619 8.936956 2.235233 -1.605010 -10.121790 -2.759184 1.918260 5.898438 3.388052 -2.746681
-11.533460 0.610147 -4.430981 0.408165 3.518687 -0.181208 -12.060230 -11.427650 -3.318241 2.543152 2.605880 8.251323
-12.352810 3.023359 0.157851 3.544568 4.312069 -2.158403 -12.922540 -13.894630 -9.163828 3.807244 6.477755 5.689513
-11.169770 2.860212 -1.661069 7.554067 3.764472 -1.970655 0.936590 1.885680 -6.688651 1.078839 3.871123 2.691404
-11.409910 2.097841 -2.260582 4.244070 3.025626 1.136717 -1.017621 -0.338768 -1.259001 3.278089 4.396226 1.173416
-13.981090 3.887696 -0.197858 6.817210 7.913662 4.450304 -0.108869 -3.408242 -3.911998 -3.381635 -6.097309 -9.304323
-3.257397 9.990403 -9.210935 -5.558474 -4.089407 3.056664 -7.302646 -3.267173 -9.647213 3.665024 4.732487 3.815077
-0.849677 8.241335 -15.687140 -14.208120 4.114097 9.642594 15.013920 10.071180 -4.792923 4.350700 -6.123503 -6.935966
1.174224 12.557580 -14.300450 -17.925370 4.884320 12.331380 10.422840 2.292210 -18.133530 -0.960712 -11.710800 -4.919939
1.661806 13.600700 -4.907438 -6.121737 0.199485 -3.691775 3.943271 3.545851 -19.936260 1.722405 -8.988422 13.096700
5.412200 20.755030 -4.905900 -20.890380 -11.550330 1.947416 6.945571 -10.309520 -9.773935 -12.813460 -5.684293 -2.356482
4.013654 19.220430 -7.511993 -21.271990 -14.268150 4.755008 1.697243 -6.458953 -4.875702 -16.518340 -6.323310 -7.665324
5.628749 18.831940 -8.340698 -22.869490 -16.844770 4.629433 3.123905 -9.998891 -3.342768 -14.860960 -5.619721 -4.877132
6.633412 18.410810 -10.157700 -26.891440 -16.087990 6.145570 0.619359 -15.005810 1.692407 -16.723330 -4.773586 -5.228641
6.455037 17.797990 -10.546860 -25.074930 -17.465580 6.700809 -3.002504 -7.764019 -0.086817 -18.302060 -3.515044 -1.207290
5.668658 17.722540 -9.407824 -25.389890 -19.485640 10.488380 -0.509351 -7.870342 4.262626 -20.422650 1.583696 -8.017655
5.343835 18.365270 -8.589117 -24.784880 -19.451270 4.101278 -1.202527 -3.734161 -0.713276 -19.830720 -1.046084 -5.227818
4.678918 18.936280 -7.117061 -23.355840 -18.072940 1.405719 -0.554044 -3.705669 -4.251287 -18.516580 0.318453 -3.973255
4.829878 20.301960 -7.300491 -26.075480 -24.562680 1.934489 6.736129 -8.531908 -4.346329 -21.140900 3.258300 1.952990
4.572379 19.795180 -6.770582 -18.434430 -14.153850 -0.144890 -1.539037 2.260243 -1.224254 -15.918470 -0.139642 -2.723631
6.802418 19.121520 -9.503962 -20.839830 -20.648070 -6.220517 8.692093 1.973240 -3.815934 -17.757010 -10.984670 4.122132
0.375005 19.273790 -6.022633 -13.607500 -15.005500 -0.330790 7.810507 -4.618103 6.202298 -25.541780 -0.414986 -0.482870
4.265254 16.289570 -8.585656 -22.455650 -17.057680 -4.876738 1.626260 -5.233805 -2.067368 -12.774530 -11.043760 -4.573370
-2.814582 8.749469 -9.552415 -16.053930 -18.718400 -2.173176 4.073844 -2.979475 2.146156 2.010819 -4.877754 -1.171892
-3.519755 16.278690 -7.622744 -13.271300 -7.469122 -5.250386 6.064862 -14.279620 3.727121 -25.587070 -10.871970 -8.211931
