0.030666 10.791650 1.243510 -3.234782 1.040612 -3.622490 -24.003860 -13.207490 -9.401612 4.759648 -2.158366 -19.130590
1.085038 11.510570 -0.695550 -8.958073 0.040911 -9.159963 -35.039520 -17.247740 -12.582410 1.222644 -2.593605 -19.621990
0.032092 12.014900 -1.238040 -4.874435 1.158734 -13.998290 -33.361110 -20.585140 -18.340110 3.514304 4.043662 -20.025300
-0.291453 11.866800 1.410685 -0.903157 -1.866397 -12.767960 -29.723350 -18.613210 -18.416710 3.342085 -4.506269 -23.424900
-1.708922 11.714030 2.517596 -2.049984 2.640935 -9.548103 -29.127430 -24.301740 -22.407920 -6.881432 -11.047360 -18.563230
-2.473600 13.434410 0.543363 -2.388608 1.664591 -8.641465 -32.847740 -18.996240 -16.447090 -13.567940 -16.106680 -19.861240
-2.364208 14.661970 -0.078576 -1.649369 -0.062530 -10.181820 -24.375310 -20.290860 -19.602580 -8.743355 -12.000430 -16.329480
-1.210064 13.752900 -0.908657 -1.691213 0.241785 -13.525200 -22.306620 -17.257950 -24.476700 -15.216220 -8.240852 -9.730034
-1.026912 13.599760 0.529294 -3.084454 -3.684946 -9.356718 -23.471660 -20.804110 -16.200210 -11.649160 -18.012820 -14.271190
-1.173363 13.376900 1.796345 -2.462223 -0.563048 -9.585208 -24.743140 -15.356250 -17.801200 -12.716590 -9.239023 -10.216120
-1.003038 12.755750 1.372616 -1.936076 2.149760 -10.324380 -28.292570 -15.683730 -18.320280 -11.775880 -11.727660 -12.016940
-0.636734 11.832290 0.147358 0.637312 -3.056963 -11.910630 -27.792230 -21.879760 -18.292920 -13.517580 -14.914530 -20.259230
-0.071599 11.272970 0.454396 2.466813 -1.581435 -11.745610 -31.493720 -19.582260 -15.886300 -14.216210 -10.893040 -13.188120
0.374522 12.171620 2.035107 -0.697037 -1.390571 -12.847540 -28.435210 -15.651810 -14.307870 -15.277140 -6.817765 -16.033270
1.850429 13.314710 0.385706 1.344781 -1.925125 -12.808480 -23.380430 -21.818480 -14.198450 -11.297410 -2.188251 -8.890766
1.561804 13.690710 -2.361918 0.363003 -4.395682 -14.150620 -23.586790 -22.950310 -16.872480 -0.876487 -11.608120 -16.440370
0.619675 13.666980 0.945161 0.118140 -4.267549 -16.400860 -21.986580 -22.144050 -17.934560 -1.675034 -9.154800 -13.385590
1.138131 14.052330 0.270670 -8.451299 -0.797958 -3.730388 -24.735180 -28.619050 -17.970810 3.072382 -5.604963 -13.651420
1.668345 11.882980 -1.854187 -5.904256 5.712115 -9.191209 -28.042760 -21.765490 -13.501560 -4.794486 3.418786 -14.499050
1.331616 8.516258 -6.026519 -7.584204 1.265512 -11.522980 -22.693280 -29.974310 -19.581380 -5.053628 -0.493479 -23.854790
1.358697 7.632341 -5.999622 -11.594230 2.660956 -4.364595 -20.503670 -30.102620 -19.276370 -0.229038 2.882480 -24.926470
2.345723 8.480311 -9.816501 -11.340070 0.902469 -4.659484 -16.158480 -29.684490 -16.239870 -4.056053 0.817130 -17.406480
1.718944 9.307074 -9.487531 -18.745630 -3.556813 -4.448570 -11.591730 -27.924500 -24.462340 -19.646000 4.419131 -8.748736
0.637135 7.806681 -10.916380 -20.577450 -9.607744 -3.171368 -8.098779 -34.376520 -22.182920 -18.109830 4.332735 -11.557430
-0.003185 9.953026 -11.576390 -21.644470 -11.081940 -1.258494 -11.377400 -35.812850 -14.550650 -18.771910 -0.994467 -13.181280
-0.145715 10.625580 -9.639809 -24.050480 -11.498370 0.670980 -11.969700 -29.038460 -17.260930 -19.040790 0.853535 -11.753390
-1.378607 12.166590 -11.371560 -29.617250 -10.016830 -2.023546 -15.630630 -29.677470 -12.819720 -25.916590 -6.297760 -11.069820
-1.778762 13.702210 -9.942296 -28.943870 -16.565610 -1.206253 -10.355730 -28.627990 -13.418120 -24.747600 -11.100070 -9.853835
-1.690393 13.320100 -12.322470 -29.284820 -13.529800 -2.836932 -15.112190 -25.833190 -5.787229 -24.792280 -10.070920 -13.093940
-1.811544 15.326620 -12.855850 -29.735800 -10.877060 -1.247265 -12.035590 -22.324710 -3.873692 -22.897870 -5.579968 -15.429460
-1.062545 16.739660 -9.943951 -32.163510 -13.912200 1.795856 -4.822329 -19.843360 -9.255259 -27.005150 -9.607971 -4.664049
-0.411535 15.697940 -10.621750 -31.238300 -12.266500 3.242473 -6.475397 -21.306500 -6.933436 -25.427550 -6.992188 -5.814719
-1.260663 12.095420 -12.864960 -29.900850 -14.919910 -2.225672 -11.546110 -21.987650 -6.058735 -24.243130 -14.503740 -13.122800
-0.967406 13.909980 -11.625630 -29.220510 -15.240910 -0.400679 -8.218975 -16.048240 -4.348315 -26.057130 -12.839390 -2.962729
-0.980590 15.023950 -11.321900 -30.251880 -17.173580 2.207919 -9.371706 -18.924740 -7.748639 -21.517670 -11.152770 -12.582020
-1.134523 14.107680 -12.753640 -33.252230 -15.303640 -0.089190 -11.412160 -17.919310 -7.295217 -26.042500 -14.889530 -9.910799
-1.118488 13.977200 -14.251180 -31.643570 -14.300600 -0.500765 -9.525935 -15.352420 -9.991813 -26.107490 -10.222520 -9.162674
-1.396780 14.696840 -14.275600 -28.761000 -15.973000 1.129914 -2.802153 -16.057820 -6.658511 -24.836150 -8.495150 -6.278025
-1.833280 13.491930 -14.173390 -29.993840 -21.037570 -2.100197 3.226515 -24.424950 -5.702426 -31.650210 -12.213970 -2.796394
-1.374687 14.770890 -14.784570 -30.263500 -16.224590 0.729079 -1.401788 -21.456520 -0.453536 -29.373170 -13.847350 -3.356919
-1.418872 12.657620 -14.644700 -27.517310 -15.078740 -2.207119 -0.829042 -15.140480 2.922852 -28.628230 -14.433100 -0.820888
-1.897776 15.721310 -17.463500 -34.092980 -14.346650 3.896209 1.369256 -14.779160 4.124454 -35.360240 -9.105354 1.664254
-1.969754 15.489100 -19.882980 -34.118550 -12.897150 8.304412 1.925348 -16.253160 9.779578 -29.252130 -11.170700 -3.013617
-2.335345 12.422530 -20.293060 -31.204210 -11.744620 7.267417 -1.414097 -17.173050 11.524190 -29.916630 -13.440900 -0.172260
-3.619191 11.642860 -20.587680 -34.099170 -15.278950 4.162781 -1.214252 -23.039680 7.537772 -27.867060 -10.343690 -5.570154
-3.452074 11.504100 -21.324240 -32.220080 -11.206730 9.393647 -4.563109 -26.799050 14.782270 -19.800350 -7.591525 -7.786427
-3.429626 10.110830 -21.340380 -30.242580 -6.208225 8.538273 -7.115481 -28.766510 20.341650 -16.128490 -5.884799 -9.367743
-2.990631 8.092453 -17.187500 -24.625450 -7.528925 7.206389 -8.213182 -32.241810 12.305890 -11.701960 -3.598840 -19.865800
-1.737428 6.992859 -18.990000 -24.530910 -4.268884 9.403412 -9.333330 -30.840580 6.836780 -14.295000 -4.366622 -13.848900
-1.954788 8.681970 -18.777310 -23.377110 -3.479400 11.514020 -6.914912 -34.847640 3.970578 -16.169920 -2.593605 -20.418730
-1.960489 10.045770 -19.252350 -22.122570 -2.237448 12.239030 -9.719264 -37.196210 5.291862 -14.373800 -7.527407 -19.628070
-2.433335 8.501520 -17.271910 -17.587950 0.744973 8.140368 -9.798912 -33.050620 11.193190 -13.528140 -13.027940 -21.169890
-1.754888 9.757479 -16.197280 -17.763080 -0.794621 4.674443 -9.342019 -32.980400 7.664293 -14.142280 -14.196190 -24.044670
-1.546793 11.356360 -14.902090 -13.676340 2.359311 2.685405 -10.843760 -26.354740 9.246824 -10.941590 -8.016440 -24.012770
-1.976524 12.121300 -14.176280 -12.434980 5.232952 4.477199 -13.630730 -28.536060 8.154645 -4.798548 -12.678560 -19.012100
-1.370055 12.965310 -13.863040 -9.152569 6.896007 -0.675551 -10.345590 -29.836420 5.689205 2.990334 -14.742280 -10.754620
-3.163449 10.908830 -10.502990 -5.305271 7.204326 0.026032 -10.537470 -10.763800 -1.804227 8.133368 -1.235180 -5.654460
-5.003522 4.976639 -8.638416 -6.173915 5.544608 8.629083 -2.611721 4.109612 9.607237 16.670430 9.924014 -10.671080
-5.983065 0.412194 -15.562920 -10.159920 1.803402 2.415904 -6.221246 -14.699360 -1.633254 3.031764 -3.818905 -10.563980
-8.863613 -1.542199 -16.294930 -8.779849 5.037416 6.239699 -8.313106 -10.165650 -1.422614 5.615872 -1.522623 -12.250110
-8.190511 -2.237757 -13.730620 -9.478020 -0.932096 8.208719 -1.839854 -0.751586 2.626041 9.165062 6.844192 -6.689683
-9.695637 -3.516362 -19.678570 -10.419500 0.205748 4.553362 0.630698 3.566996 1.884700 9.130942 8.068405 -0.613540
-8.830475 -2.118056 -15.144160 -11.278070 -4.001941 7.487608 0.491675 0.975208 8.930865 12.298320 9.988132 -0.361380
-5.280745 3.300110 -11.775420 -6.816294 2.036309 11.039950 8.169066 -0.571565 -0.497989 5.344545 2.560261 -12.020740
-7.927186 2.583702 -8.711658 -1.736156 2.671634 4.358560 2.504610 -3.728950 3.996566 12.204900 5.836240 -8.006687
-8.194075 1.572177 -12.620820 -5.502866 -4.685315 -2.446839 -5.421865 -9.164681 -6.934120 -2.022723 -1.122159 -6.695759
-6.892412 -2.193543 -16.180310 -4.263827 21.228180 -1.292670 -4.014258 -5.262956 4.635324 17.876780 -3.785760 -1.070770
-7.548766 4.291864 -21.299830 -4.576880 13.055050 -9.391870 -9.372431 -9.062542 7.622575 15.810140 -15.197080 2.820240
-7.665285 8.280451 -9.032766 6.094818 22.697030 -5.380107 -5.298771 -0.414526 9.724183 13.841800 -22.011480 -11.457180
1.219730 11.595770 -12.883160 -6.915479 7.204326 -8.618031 -2.257647 -11.277050 1.056504 5.481021 -13.666950 -21.836750
-0.993774 7.262815 -15.128440 -5.837616 -0.180652 -6.442002 -5.317597 -14.733190 1.600200 3.231604 -14.977560 -27.353890
-0.415099 5.840785 -13.856420 -5.630722 -1.858389 0.185682 -2.580585 -14.400600 4.960857 -1.221739 -15.530160 -29.878520
-0.702655 7.729396 -15.006360 -7.691913 -0.163968 1.508778 -4.558041 -13.895010 7.301828 -2.924439 -8.707607 -34.382470
0.461822 6.589184 -16.094650 -8.222708 2.467422 4.213556 -6.561563 -16.564040 10.962030 -2.486579 -12.544890 -32.754060
1.634138 5.156010 -16.507210 -9.044085 4.247932 4.447906 -0.171580 -19.084970 4.599077 3.800254 -12.206370 -33.762700
2.331826 4.153831 -14.375740 -8.517939 2.845814 2.865073 3.063597 -23.505050 14.641390 -2.781465 -13.325710 -27.805040
1.004152 5.356949 -14.492430 -9.619823 5.406465 3.066711 -0.541584 -22.776670 10.555800 -0.183546 -12.318850 -29.206350
1.522251 7.945433 -12.435430 -8.751953 1.438357 5.146070 -2.045492 -18.790680 7.330552 -3.761167 -10.796320 -25.092040
-0.666666 10.931480 -11.161760 -8.739555 1.973578 7.989505 -4.359643 -24.016390 6.664439 3.143057 -15.613840 -21.472940
-1.593116 13.447710 -9.283528 -5.866287 2.743041 1.942812 -8.019855 -10.809130 4.891100 0.582507 -15.972470 -20.371640
-0.646355 13.816160 -8.615657 -1.758628 14.593310 2.178137 -7.625956 -12.740840 0.655057 8.895359 -14.227710 -17.038870
-3.240416 8.671905 -7.890268 -2.166217 11.465400 4.723754 0.914536 -3.563612 -14.650500 10.731290 -4.918686 -6.595503
-5.954559 3.153809 -5.178645 -0.311920 7.372500 8.149644 -5.451552 -1.567425 4.873319 16.124530 3.363363 -16.824690
-7.228072 -0.202485 -10.554300 -6.311070 2.735033 9.212027 4.904926 -3.996428 -0.110221 17.434050 4.611484 -13.216980
-8.171982 -1.198913 -14.738220 -5.029412 5.778183 12.171660 0.674142 -2.261973 -8.883904 1.990322 -4.643741 -16.886970
-8.721082 -4.025001 -11.678180 -3.268876 -0.398878 3.829322 -5.917858 -0.678173 0.958023 4.865254 -5.829375 -20.975460
-7.735481 1.146215 -4.653949 3.111516 -1.731591 0.102684 -2.986793 1.537613 8.984209 11.363300 -3.263581 -6.250682
-7.892622 1.375911 -9.901330 1.132463 3.812815 -3.566832 -9.869872 -0.971824 -4.692998 -4.199840 -1.256914 0.164966
-7.842380 0.428370 -7.759922 -0.990718 3.838842 1.927677 -4.442188 -7.423205 -3.368978 7.852292 7.310947 -12.038970
-8.015911 1.299346 -8.318964 -2.967447 1.968906 3.427022 0.924673 -1.566148 -3.526958 7.564718 1.400166 -6.066119
-6.050055 -0.389046 -16.792320 -2.039911 8.474307 -9.759994 -12.950100 -6.416493 5.393763 14.350340 -19.852670 6.669477
-7.343878 4.190856 -13.618070 0.523404 13.241910 -3.730388 -17.094720 -1.366976 10.777380 17.782550 -23.282430 8.983728
-13.334450 4.053182 2.771255 11.694130 15.099160 0.322386 -7.951067 3.142479 17.153330 13.630590 -19.397870 -1.000894
-15.539040 0.836359 0.002114 11.792540 17.119920 -6.719315 -12.257150 -3.172929 17.136920 12.806860 -9.849771 7.732043
-15.885750 0.163806 -0.170854 9.322984 11.840460 -6.247687 -6.919981 0.380246 13.609390 12.648450 -4.855656 11.860780
-10.065500 7.460878 5.777503 16.662680 12.162120 -5.676950 -14.012320 -16.074410 9.804882 -9.969202 -16.683740 3.565328
-2.164665 13.678490 5.097218 4.529553 -1.867732 -15.755420 -16.298950 -13.976720 -1.724212 -5.541854 -16.565280 -7.506165
-0.533043 13.992660 -4.764847 0.392449 1.759356 -14.311740 -26.457040 -17.325620 -2.819811 -3.579199 -17.654200 -13.628640
-2.199584 14.058800 -5.138507 -1.318494 -3.245157 -19.756440 -28.754530 -25.584870 -5.085553 -3.507712 -20.375400 -19.459460
-1.246766 13.549080 -2.616818 -1.055809 -2.905473 -15.574290 -23.612860 -21.219680 -8.654115 -5.142987 -12.045530 -14.281060
0.006792 14.907490 -0.894587 2.066198 -0.367512 -14.474800 -20.159010 -18.360420 -10.984830 -3.125092 -8.019700 -16.651520
-0.504537 15.755820 -1.985775 1.058074 -0.242049 -7.902778 -23.190720 -23.063300 -15.583330 -1.381773 -15.572000 -19.414650
-2.558762 14.258300 -0.324373 4.046801 3.006647 -10.938570 -20.003330 -16.958560 -12.608390 1.102416 1.298556 -8.781396
-5.686957 10.951970 1.493031 5.021605 6.889333 -7.313975 -12.504060 -3.322946 -1.428769 5.854706 -3.832489 -6.966908
-6.702846 7.243763 -0.141060 9.489584 7.433229 -2.782251 -12.937060 -5.711731 -5.591635 2.252713 -6.009774 -0.196565
-9.644682 3.930605 -2.167018 9.589543 6.403497 -0.152171 -10.906030 -10.658470 -5.091024 -0.146177 -2.920714 -2.897410
-9.076340 -0.368916 -3.298344 6.891399 3.206855 -4.878698 -15.276560 -14.000340 -1.331656 5.283618 12.326800 9.379437
-8.499447 2.084051 -0.627274 3.113066 3.134780 -5.202881 -7.477520 -5.320410 -8.240359 -0.250159 -3.196746 4.422823
-8.994741 2.447466 -3.677798 3.249445 0.387269 0.517189 -8.079228 -15.926950 -8.589145 -4.150287 -5.136578 0.734604
-9.181100 3.717444 0.023632 8.313311 6.940720 4.784294 1.755190 -2.002794 -7.549625 -6.233983 1.046975 2.425291
-9.782580 2.159538 -2.258468 8.077745 4.352707 6.830454 -6.611524 -6.005382 -10.373430 -5.854612 0.930694 -0.251250
-7.914358 1.969382 -9.214424 -4.886059 0.779675 -1.557777 0.258522 4.638821 -10.805650 -8.444407 -6.215711 0.260665
-3.301704 5.418058 -19.376080 -14.269900 8.203361 4.183286 0.868195 0.820084 -10.708530 -6.245356 -10.008980 15.391780
-1.812613 11.124510 -18.619240 -13.828220 8.385549 5.733407 3.154107 2.151088 -8.187699 -0.012139 -16.877720 1.528301
0.718734 11.147880 -9.898434 -7.631472 5.445172 4.035842 12.412160 3.441236 -6.741946 1.470413 -12.521520 1.547289
5.388043 16.498460 -2.630059 -14.789070 -5.296615 1.348151 6.804905 -5.854726 -11.857480 -11.732020 -11.324480 1.835146
4.155508 19.396080 -8.873454 -19.233030 -12.255820 6.409602 -0.351875 -12.082680 -5.952048 -16.260100 -9.046670 -3.918202
5.142890 19.205570 -8.844902 -23.553780 -11.136660 4.185239 5.180075 -14.096740 -2.627636 -12.721470 -6.647147 -1.451288
5.615380 17.992750 -9.565326 -25.037680 -15.982340 7.189301 2.007169 -16.510420 -1.009542 -12.782390 -8.564157 0.438392
6.285631 15.410730 -10.144230 -21.367840 -15.581930 2.704935 0.563358 -10.954040 -1.969730 -17.402270 -3.445066 0.760428
4.908071 19.297230 -11.922740 -21.520490 -16.298670 5.112383 4.742733 -16.219320 0.604449 -15.481860 -1.121072 -0.875574
5.230191 18.856890 -10.914310 -23.508060 -12.997920 5.259339 -3.471925 -13.149390 -0.521241 -13.731230 -8.727712 0.374593
5.821693 16.735350 -6.646803 -17.323720 -17.819580 4.904886 3.054184 -9.312145 -6.543616 -17.498940 -4.623636 4.888408
3.751433 19.531960 -8.920213 -20.162890 -17.510590 0.258916 1.238198 -7.801121 -2.886148 -22.440510 -1.776376 1.695395
4.323695 16.113480 -7.141293 -12.686040 -11.936150 1.875437 -2.654441 -3.767252 -5.989662 -15.439620 -1.579677 2.576435
7.465786 13.862530 -10.002710 -15.439970 -19.746910 -0.870841 1.896385 -1.331866 -6.884196 -11.766950 -4.069942 -6.488411
2.270538 11.544720 -9.349736 -10.664370 -7.450844 -7.526354 1.832666 -8.897204 9.635277 -13.758040 -6.910682 0.111040
1.429250 12.849210 -5.646238 -6.603976 -9.131250 -4.481281 -4.230758 -12.709560 -0.533551 -14.132530 -7.094341 -4.205300
-3.346245 8.003306 -8.109582 -3.307621 -9.088540 -5.031025 -1.671868 -3.562973 4.683196 0.383479 -3.272818 3.173416
-1.316250 10.992950 -8.318136 -4.626472 -4.843479 -3.114245 5.450880 -4.741407 -4.658119 -20.914900 -8.155543 -1.644965
-7.472868 2.677522 -9.323667 -3.037961 -1.140979 -5.144782 -4.886047 2.405798 -2.198151 -3.112906 -3.221198 3.660267
