-0.379474 11.557690 -3.655020 -17.530900 -1.803001 23.462530 -2.826557 -20.066480 4.701056 -3.876092 -9.742455 -3.290668
6.351454 10.405850 -13.778170 -23.350890 2.467513 19.135350 -11.760880 -18.290000 13.400590 -11.896160 -6.615208 -11.327780
3.776298 1.914107 -13.788370 -27.787280 2.396201 19.438340 -19.439020 -18.083660 13.623120 -14.554310 -9.597967 -11.607620
4.422124 2.083050 -17.062330 -28.092370 -0.145674 17.624150 -22.741630 -20.593630 5.221977 -15.325620 -13.421190 -14.294940
3.494938 2.381515 -17.041930 -30.976020 -2.811660 18.028120 -25.606880 -27.942050 5.588957 -19.252160 -14.818870 -14.439610
3.421067 1.587485 -14.590970 -27.015140 -1.874999 17.011490 -24.272710 -26.967580 10.739810 -19.602180 -11.136560 -14.422070
3.611176 3.088041 -14.493680 -21.241990 -3.509699 15.115620 -21.447750 -27.712360 8.632045 -19.067850 -12.326800 -10.907660
5.965262 2.093013 -16.521770 -21.117090 -4.378475 14.770300 -18.436940 -27.475900 5.782297 -18.699860 -10.699510 -12.851180
6.065205 2.520567 -17.799810 -21.965990 -7.475764 15.376270 -20.875870 -27.039870 5.356950 -15.762970 -14.481970 -14.669760
5.843050 3.196770 -17.199630 -23.471890 -3.539869 14.031410 -19.805550 -24.212110 0.594237 -15.142590 -7.321199 -17.769900
5.788733 1.941831 -16.692800 -23.049060 -4.211165 13.796000 -20.771890 -23.180410 3.376134 -16.334550 -10.037870 -15.073080
4.244509 2.290545 -15.733290 -22.547530 -3.986943 12.969480 -20.716010 -24.541200 7.134942 -13.438130 -12.194470 -21.713200
5.050025 2.956785 -15.827430 -22.783660 -4.358590 15.415630 -23.737870 -23.925950 6.959842 -7.597767 -12.444110 -24.491850
5.374297 1.522507 -15.124470 -21.312890 -5.377534 13.019230 -26.005250 -20.721650 6.735131 -3.827283 -17.657860 -25.138470
4.209203 3.185507 -17.703310 -18.890440 -6.517161 14.296520 -28.242080 -23.608150 13.094170 -6.313965 -19.752940 -25.341590
3.934903 1.762925 -16.737520 -18.014870 -5.753982 9.970831 -30.527000 -21.699130 12.809630 -5.002549 -24.214920 -25.440230
3.714921 0.397523 -14.536840 -15.710160 -6.208598 5.910253 -25.549040 -22.342250 17.710970 -5.982579 -19.051960 -28.618540
2.590564 -0.380045 -12.682140 -13.793150 -9.134462 -2.522799 -27.000840 -22.201430 19.451750 -8.415316 -22.541850 -28.451960
1.800799 0.070035 -10.354360 -10.958280 -10.344030 -7.823533 -27.343320 -16.607650 16.918640 -3.773978 -23.018240 -28.866960
0.859490 0.351606 -5.919254 -9.734047 -12.061700 -17.581400 -28.695030 -11.016140 17.251330 -5.400084 -23.496770 -22.168390
-0.305604 1.841765 -3.021098 -9.745756 -20.050060 -20.412220 -24.404630 -8.502410 10.920740 -13.886400 -20.797260 -14.557970
-0.742853 3.711395 2.937618 -9.296263 -26.950210 -21.422900 -18.149040 -5.179132 3.813154 -15.910690 -16.505520 -4.018392
-3.600456 2.189180 1.710570 -10.922500 -30.282700 -25.203520 -25.056450 -20.785660 -9.555712 -19.717130 -12.810330 -14.969330
-3.536906 6.193983 10.313240 -6.258443 -26.500400 -18.699020 -16.516590 -17.334360 -1.227530 -7.940071 -10.183070 -11.496560
-3.469010 6.317441 13.933190 -5.370515 -29.483860 -15.729330 -14.548800 -21.484510 -0.337439 -4.265278 -12.410490 -21.859330
-4.243023 5.759931 11.441440 -6.764530 -25.072780 -6.048700 -14.354490 -28.246280 -6.793513 -3.474703 -12.047840 -23.086810
-5.628100 9.198127 12.729680 -6.172577 -25.848300 -0.152396 -12.040330 -27.445020 -9.236884 -1.265460 -10.733850 -26.237360
-5.508060 8.714258 9.257231 -5.756259 -24.160120 -0.217746 -18.188040 -26.173090 -4.684290 -6.164328 -8.969227 -29.616610
-5.982245 9.321585 12.304450 -3.293479 -23.102780 -2.992128 -19.190130 -23.043350 1.740411 -2.395128 -14.202290 -24.168900
-8.143508 11.259660 12.667700 -7.264111 -25.210600 -3.839443 -17.353610 -29.155990 -4.042258 -6.412225 -14.824590 -24.962390
-7.979471 11.039600 13.518950 -9.778281 -24.066180 -2.522057 -10.549540 -26.952520 -8.678754 -9.500670 -14.510580 -19.148630
-9.152713 11.077720 12.568850 -8.490297 -20.281140 -0.511818 -13.614950 -28.911240 -5.379582 -4.704558 -24.587590 -22.876390
-8.497653 9.383098 11.504990 -7.250451 -19.554980 -2.410666 -18.850250 -29.625900 -5.800551 -6.094326 -26.736320 -29.913250
-7.653028 9.824946 14.768750 -6.803559 -20.202970 -5.441990 -18.281620 -29.376630 -3.098908 -0.344514 -20.442480 -26.238820
-9.114691 11.380520 12.990160 -7.237441 -23.002660 -6.613082 -18.080160 -28.202600 -4.450095 -8.454491 -24.626210 -25.748560
-9.100569 13.034850 15.767490 -4.664726 -24.009260 -3.529033 -16.265090 -28.140850 -6.044232 -11.521100 -24.047540 -23.867150
-9.946280 13.956240 17.585310 -5.929292 -22.901180 -1.259624 -10.834830 -28.439820 -10.320310 -18.301030 -30.092460 -25.881540
-9.318921 15.384450 15.374430 -3.055397 -17.898340 -4.715720 -12.605060 -28.943620 -3.260876 -6.934994 -26.430890 -21.966000
-9.187475 16.546690 14.601640 -6.678664 -21.411850 -5.955874 -13.938580 -27.472890 -8.219117 -9.054326 -25.917310 -22.608240
-8.053342 16.635490 13.879060 -5.163006 -17.109110 -3.914446 -11.333270 -24.139060 -5.119851 -6.647279 -23.157010 -19.885120
-8.188047 16.142960 14.916250 -8.426549 -17.368990 -5.951419 -10.249950 -25.912530 -9.908830 -9.281672 -28.649000 -20.463790
-9.671980 16.535000 14.858190 -3.363082 -13.625770 -3.338925 -6.251989 -30.793900 -8.197229 -15.696830 -27.179800 -17.998590
-9.658944 18.311920 16.573230 -2.766577 -19.690750 -1.831432 -11.175360 -24.777660 -11.550390 -11.044570 -25.488850 -24.943390
-8.342307 17.357610 16.639130 -3.392354 -20.054860 -2.295562 -7.900693 -30.668900 -8.966209 3.751576 -24.092600 -18.833720
-7.795337 15.055230 14.873880 -4.719368 -24.287660 -6.015283 -9.887327 -34.880040 -7.435545 5.864486 -22.983900 -28.495060
-6.840449 13.520020 14.127760 -3.791109 -29.221240 -10.140470 -5.870519 -28.058770 -9.456489 4.571694 -18.809470 -29.450750
-4.960547 11.180820 7.866994 -2.931152 -27.051700 -12.561370 -12.099460 -23.972640 -8.610173 4.925558 -20.171380 -29.919820
-4.688964 10.079660 2.752462 -7.917210 -20.426500 -15.303820 -22.334820 -24.117980 -3.044919 4.159387 -24.784290 -32.430330
-2.386477 11.789010 -1.254274 -9.084201 -16.246500 -8.790408 -27.523330 -28.204110 1.148720 15.825990 -22.154880 -33.977110
-0.652688 12.393310 -3.133289 -12.308060 -11.054410 -7.503469 -26.663560 -28.700380 2.035892 14.886420 -10.004970 -27.563490
0.985505 13.136220 -6.705380 -16.354800 -12.426490 -4.260501 -25.168870 -33.849840 -3.691329 16.816940 -9.525723 -18.497620
1.909976 13.667740 -7.164347 -18.805220 -13.117670 -0.815545 -24.565800 -27.350890 -5.819520 8.722373 -3.636025 -10.490460
3.075613 16.300210 -7.805330 -19.610540 -16.452210 0.450601 -20.660120 -19.528040 -8.105302 1.399118 0.607791 -3.617267
3.649740 15.694620 -10.724670 -22.183250 -18.623810 -0.046203 -20.949960 -20.854940 -7.683603 -8.379351 -0.416504 -6.072971
5.090220 14.422350 -10.798420 -21.723350 -19.501500 3.865854 -19.729510 -18.516680 -9.505370 -9.519295 3.842333 -5.942916
3.780644 14.384660 -13.458850 -26.987820 -23.211110 -0.206606 -20.739400 -24.623290 -16.276620 -15.421310 -4.092380 -12.188490
5.082072 17.092510 -10.350440 -25.834490 -23.540250 4.219335 -14.314200 -20.743490 -10.450910 -14.051450 -2.882824 -4.565646
5.274897 16.858590 -9.311681 -26.880490 -20.460790 -0.525185 -15.197360 -18.157460 -11.779480 -16.894570 -3.686095 -2.173508
4.998425 18.190200 -12.102350 -24.621320 -16.897910 1.842248 -20.148030 -19.662840 -11.210400 -11.742670 -3.136037 -4.006701
5.393850 17.513130 -12.974000 -22.494840 -15.870050 1.635803 -18.110050 -25.612810 -12.299670 -8.721655 4.252194 -5.439500
5.182015 17.627920 -10.621890 -19.123970 -13.615490 1.773928 -19.377290 -25.985580 -7.344347 -2.068237 9.590404 -10.601520
4.343365 15.608410 -11.422930 -18.373290 -10.900820 0.441690 -25.794040 -32.701420 -3.292248 0.343948 6.838683 -12.427410
3.028900 14.432740 -11.354670 -18.403870 -6.605616 -4.430559 -31.484900 -33.842310 -2.718066 6.595977 -0.083894 -20.538320
2.125070 13.905120 -7.697846 -11.889790 -6.712584 -6.980673 -32.340770 -27.136260 6.858430 11.481360 -14.234480 -21.854210
0.501000 12.163720 -2.679030 -7.381851 -15.737030 -10.031310 -32.413560 -23.090800 5.267211 5.434197 -24.476720 -23.405380
-1.487536 10.369890 6.582673 -4.243855 -21.780070 -14.029500 -22.260730 -17.201820 -3.004063 2.571173 -16.665030 -25.163310
-3.380474 11.792910 10.061400 -6.758675 -28.309270 -3.774093 -13.214630 -28.237250 -15.199760 5.619800 -6.844816 -24.849860
-4.794881 11.888640 11.275110 -8.890353 -30.134590 1.218458 -10.607380 -38.217620 -18.606180 7.317834 -4.757599 -24.203240
-5.761719 15.162660 15.498390 -11.831250 -26.970100 1.326136 -9.609185 -36.691910 -12.512710 5.859348 -3.079529 -22.735370
-6.691078 16.420640 17.429970 -10.388450 -28.604800 4.279486 -11.876560 -37.050370 -12.058180 4.265996 1.285886 -23.980400
-8.164691 15.545170 17.896000 -10.592700 -26.001900 -2.037877 -13.337450 -32.147160 -10.637680 1.950144 -7.615898 -23.579270
-8.148396 15.918570 17.554710 -13.836730 -28.077500 -0.842279 -12.508230 -35.584910 -13.823770 -2.919823 -7.518619 -24.486730
-7.629128 16.914030 19.421180 -13.387240 -24.563990 0.678582 -8.907982 -33.267720 -9.026764 -3.386719 -3.495828 -19.192470
-8.296138 19.865760 18.369080 -14.470960 -23.933150 -0.780642 -11.599070 -31.312010 -4.395376 -4.080960 -11.929100 -18.773810
-8.104400 19.246740 17.029840 -13.250630 -22.320400 -3.245357 -10.435810 -30.781850 -6.727121 -4.424549 -8.301862 -19.951610
-8.239648 19.300020 16.068760 -10.555620 -23.659560 -0.582366 -12.192390 -29.541560 -8.883037 -5.667248 -8.037919 -16.451810
-9.125010 21.970610 18.201970 -14.203610 -24.788220 -1.867077 -7.583560 -31.470910 -13.557470 -1.565378 -8.542914 -14.277400
-8.934360 20.069790 17.463700 -13.420410 -19.932120 -5.039497 -9.520154 -31.790210 -9.201135 0.266881 -10.102250 -14.674150
-8.962604 21.881370 17.639440 -12.134380 -22.567250 -4.954097 -12.737630 -30.857910 -7.944064 -0.979029 -7.960668 -16.623510
-8.331986 21.475480 16.312760 -11.934030 -20.772090 -6.356140 -12.189140 -28.928560 -6.183582 -5.765508 -12.033530 -11.481950
-9.635045 19.450340 16.181740 -9.691114 -21.474250 -10.105570 -14.127690 -30.717840 -11.929040 -5.336504 -9.175231 -11.049410
-8.920780 20.524200 16.756820 -13.747610 -20.135080 -7.337125 -18.514270 -33.025240 -16.259110 3.012379 -12.847530 -14.425730
-10.281410 21.228130 16.300210 -14.167180 -19.448020 -6.457877 -16.369720 -38.593400 -14.909390 1.967484 -16.813100 -9.303161
-9.796908 19.793420 16.340220 -14.061800 -23.390080 -5.145689 -13.618840 -33.202210 -15.589360 -4.337207 -14.016310 -14.012910
-12.209120 22.366110 15.852220 -12.182520 -22.175030 -9.789215 -19.639180 -31.877570 -6.290831 -4.271700 -16.312400 -13.323910
-13.158030 23.381500 16.654040 -14.884030 -19.540580 -4.415706 -13.982770 -37.158810 -16.817240 -4.817589 -12.588590 -15.577230
-10.501940 22.407260 15.152400 -4.610085 -15.862510 -4.581308 -15.303940 -35.262600 -11.551850 -11.966160 -10.013550 -5.259761
-9.826783 21.715470 17.741440 -12.509070 -17.691260 -0.138287 -8.950873 -36.176820 -13.445110 -0.171114 -6.946387 -9.802923
-10.618720 23.175730 18.759790 -5.422554 -10.437970 -4.442440 -10.814030 -34.799460 -17.471680 0.265597 -8.451357 4.866275
-12.615400 21.972340 19.320750 -10.202400 -9.857186 -7.555451 -9.487011 -35.548010 -14.837890 0.954701 -13.451950 -2.212233
-11.959800 25.112940 16.392780 -6.531651 -7.875525 -11.878910 -10.166120 -32.178040 -11.983030 -0.756820 -19.034070 -7.274154
-12.553480 22.700100 20.408150 -7.026680 -10.588820 -3.608492 -12.998870 -22.843790 -12.252250 2.326486 -17.471160 -3.877377
-10.849570 21.918200 20.324200 -5.526634 -11.711310 -9.094877 -13.523960 -26.717560 -14.573050 -3.400205 -18.753680 -16.662240
-10.693130 21.595910 22.273830 -8.488997 -16.995280 -12.480420 -12.939090 -22.736850 -5.456189 -9.173779 -21.110560 -16.568710
-12.463320 22.425460 20.838870 -5.042665 -12.761110 -9.809265 -18.256270 -27.961620 -10.164180 -8.993958 -19.577690 -16.860970
-15.210660 24.155600 23.784100 -7.713604 -17.914110 -11.944260 -21.387970 -27.815530 -6.019426 -4.677585 -13.403310 -22.583400
-14.241650 21.608030 19.273680 -8.652271 -15.597150 -6.000431 -10.833530 -31.092870 -13.028520 -14.220360 -18.304480 -18.440630
-12.012490 20.546300 20.675680 -10.424870 -12.223520 -1.740834 -13.554510 -34.097600 -16.696860 -10.981630 -19.326630 -24.106070
-11.158630 20.411140 19.490220 -6.546613 -11.811420 -1.272248 -13.095050 -22.506420 -13.085430 -16.446300 -23.652700 -8.710607
-11.751220 19.962800 20.569770 -7.027981 -11.517940 3.248747 -13.351750 -23.892810 -11.106070 -11.693860 -19.510460 -12.711630
-14.083580 21.969750 18.671140 -4.333623 -5.921977 -3.331499 -12.025380 -28.653690 -5.723945 -10.866030 -16.062760 -5.380318
-21.274580 10.161970 10.192420 -13.017750 2.439399 -0.647715 -8.184034 -21.517640 6.263821 -12.075980 -13.709450 -4.135295
-23.640070 8.059281 11.899620 -12.597530 5.438633 0.773636 -7.027926 -13.959120 7.105759 -7.553453 -8.308299 2.812426
-19.150790 8.905293 17.787730 3.320121 7.274242 5.097097 -7.918240 -5.008186 -6.431640 -6.944627 -6.910623 -4.530575
-17.335530 11.802870 15.806720 -0.684337 4.757052 -2.033421 -8.111899 -4.289762 -6.136159 -0.734343 -12.581440 -5.055911
-17.452310 8.591667 15.505450 2.667023 5.228811 -1.039812 -12.089070 -9.266019 -5.095046 -10.803740 -20.696410 0.202555
-18.888440 4.643178 7.945450 -7.936725 -0.173102 -5.733092 -15.722450 -13.716640 -16.790250 -12.168460 -14.997690 -4.070268
-17.668490 6.723769 7.899946 -7.130109 1.084464 -10.340970 -23.050970 -14.892920 1.024691 2.607137 -3.043764 3.779803
-18.340390 3.762944 2.478652 -6.246084 -1.918884 -3.708001 -15.223360 -12.607370 2.398494 -5.292191 -7.337650 5.846803
-17.344760 5.808881 2.651254 -0.848912 0.443339 -3.920387 -16.534780 -15.485590 -21.390270 -10.539140 1.067007 10.584320
-12.318290 16.402440 6.151166 0.124881 0.808129 -0.180615 -3.891684 -10.652410 6.395146 -6.744254 4.684229 -0.325702
-16.608230 26.291640 8.004292 -6.402853 4.713167 -1.622017 -12.668090 -3.956153 6.739509 -8.416599 4.533303 -1.981348
-21.010600 28.008360 12.471560 -10.270060 0.851328 -13.174760 -19.104990 -5.202477 9.576124 -5.794408 -1.161836 -1.255085
-26.902330 21.018900 10.896960 -7.733769 8.247930 0.486246 -6.029086 -3.124016 14.726980 -1.724006 -5.143141 2.528204
-21.385930 21.332960 15.816130 -5.131783 8.144390 2.935366 -10.156370 -14.175250 5.973447 -12.117720 -17.964710 -3.094854
-14.829350 24.624310 18.838250 -4.685542 -2.103336 0.308763 -9.585140 -24.044930 -14.292160 -15.579300 -20.757210 -12.087660
-14.148220 21.946350 24.736550 -4.378508 -8.755273 3.394298 -14.464320 -33.962800 -15.102730 -18.534800 -19.838060 -11.299290
-11.494850 24.293790 19.782070 -3.883479 -5.614100 3.034133 -15.450810 -36.674590 -16.184700 -20.339450 -22.271480 -13.958110
-11.958170 21.283150 18.755870 -1.535837 -9.964154 -0.426418 -15.215560 -32.493570 -21.102810 -25.270430 -23.527520 -19.389740
-12.586620 20.918400 19.759320 -2.471251 -11.884100 1.276381 -15.266900 -31.937810 -18.331130 -21.467830 -20.054790 -20.490100
-13.800050 23.371970 21.639120 -7.244596 -11.696910 4.289883 -10.955700 -32.968760 -18.015950 -21.342600 -22.722110 -12.452250
-15.017830 23.616290 21.979620 -5.760162 -14.663910 3.996552 -7.275525 -28.478230 -18.761580 -21.346450 -26.543190 -16.481040
-14.864660 23.252410 18.694680 -5.090151 -15.030080 8.949745 -10.965450 -32.833960 -13.499830 -9.823708 -23.277170 -18.073850
-14.702800 22.303730 18.277290 -5.192279 -13.418000 5.371119 -6.953192 -31.772140 -13.462620 -9.237359 -21.157050 -21.783340
-13.763120 21.363290 19.124610 -1.770016 -14.848370 4.632967 -6.595117 -27.772600 -13.159850 -11.002830 -22.542570 -15.645910
-13.197140 23.328650 20.387750 -1.160500 -17.803030 1.943985 -5.380522 -21.943120 -7.408551 -3.533145 -28.663310 -22.265570
-11.929930 19.342470 19.548270 6.714413 -8.705902 -1.607164 -1.304576 -21.471700 -8.517516 8.642737 -21.120570 -20.070700
-13.940190 12.204000 11.049160 2.805578 -2.255561 -1.163828 -0.769738 -13.130750 -3.471725 14.155570 -4.078074 1.374513
-16.055280 7.805868 9.249385 5.250145 -2.413956 3.914123 -9.352489 -15.190390 -14.943680 -0.628376 -17.562720 -10.777610
-16.806480 5.911546 11.002090 1.897485 -1.929855 2.895266 -9.157530 -16.457790 -13.248860 -1.002791 -15.665770 -15.307620
-17.118800 6.161061 9.361576 -3.116544 -6.376594 -3.282487 -5.256398 0.064464 -8.101654 5.415573 1.172155 -6.430988
-16.698390 5.553301 10.160260 2.907056 -4.928403 -1.558152 -7.922139 -14.667760 -17.603000 -0.546172 -0.617501 -3.839383
-16.614740 8.478172 8.845338 3.249217 -6.444477 -3.015891 -10.648970 -13.291910 -9.080753 -3.723243 -11.906210 -8.259797
-16.228550 7.491374 5.727505 0.472247 -7.841240 -0.824456 -5.702854 -14.444100 -15.241350 -14.241550 -22.445290 -16.418930
-4.925241 13.403060 -5.703500 0.414352 0.069634 -6.394013 -5.257048 -8.234319 15.238410 -2.416964 -1.226213 -5.869851
-6.506945 12.366450 -17.496970 -0.013024 7.281099 -11.723710 -1.811470 -11.626880 18.158930 -8.719086 -9.928431 1.159703
-5.528700 11.955790 -10.624250 2.648809 8.410439 -4.937017 -3.367893 5.323121 26.422180 9.368448 -13.911880 5.489516
-3.579816 15.220280 -0.017026 2.948688 12.314790 -3.066388 -12.916990 -0.789513 18.911130 3.515239 -16.150020 -7.785607
-2.895968 15.216810 -1.658321 0.333040 8.471467 7.755632 2.521172 -7.900711 25.051290 -1.114538 -16.733700 -17.780130
-2.070354 12.564410 -5.239827 -2.038020 3.358232 12.778630 -0.746343 -12.389730 24.733200 -7.145000 -21.491090 -20.387080
-1.284934 8.477738 -5.224136 -0.913962 14.653700 19.004650 -1.160956 -11.057560 13.310860 -9.961143 -9.047194 -15.306160
-1.160006 11.092450 -3.330213 -2.704779 4.993617 15.266370 -3.159287 -19.731370 5.005291 -16.914480 -16.562030 -17.964250
-1.119812 14.343070 -3.235282 0.748057 8.637405 16.170860 -3.128744 -14.157180 9.588528 -3.953800 -13.085010 -14.030450
0.154459 12.547950 -7.398930 2.706703 8.106677 13.190030 -0.666410 -18.247830 19.510850 -11.063200 -14.477680 -25.176460
0.128930 13.851410 -8.429054 -1.619100 4.576714 16.127790 -5.477351 -13.456080 20.104730 -20.470460 -12.421220 -27.160900
-0.556547 14.078830 -5.234335 1.546867 1.057037 9.869836 -3.395838 -14.755110 19.823110 -19.369050 -9.185245 -23.445560
-0.607062 17.382740 -2.443663 3.066428 3.871818 2.580400 -1.752332 -21.285700 21.011600 -13.972460 -16.268050 -15.816880
-2.348456 16.612540 1.126859 8.567028 10.678040 1.338760 -2.627049 -10.947610 5.113270 -3.121481 -16.832410 -13.491960
-8.440077 8.014230 -0.558371 8.881218 11.361680 2.525447 -3.614192 -4.805611 3.489949 9.442304 -6.603048 -8.340899
-9.382472 5.016584 -4.735356 7.075439 10.489470 7.724443 -0.394117 -1.648761 5.261375 1.953356 -5.411375 -9.523816
-13.369860 3.690169 -3.528707 -1.462331 -0.177216 4.818619 -1.401406 8.354962 12.363860 5.583193 -0.258425 -6.401762
-14.798390 1.700546 -2.589591 5.023122 4.157753 11.404060 0.377271 7.278831 7.382270 -8.257971 -18.034810 -11.645610
-13.946160 3.165581 -3.432990 4.155359 7.524521 7.561069 -3.448477 7.648587 11.164420 2.978984 -11.435550 -10.347260
-14.552880 9.092429 1.410084 4.266594 5.664913 2.678424 -1.598315 10.757990 13.384540 -0.666267 -9.288961 -4.298230
-13.928240 5.281693 -2.825743 -0.419584 7.296184 5.432755 0.875717 7.300671 9.894952 2.691268 -4.065198 -3.539818
-13.586590 7.055590 -0.823551 3.559504 5.394063 -0.742769 -6.005041 -0.138864 9.733714 3.771485 5.164189 -2.853741
-16.061800 24.272130 3.200445 0.282302 11.555040 -8.185925 -9.070448 -1.550862 10.504880 -3.133683 -5.472889 -0.474024
-25.879010 24.560630 5.952673 2.166791 13.614190 -3.462941 -13.948980 2.216725 21.479260 0.880845 -0.395045 -1.670093
-27.947930 22.136960 5.237941 -0.336971 9.386186 1.427130 -7.081865 -8.796105 14.888210 -8.624038 -2.482977 -2.449693
-27.586720 15.987880 1.269648 -9.015899 4.050785 0.136478 -8.603846 -7.428539 13.233520 -10.997690 -9.072228 2.940289
-28.224400 12.930460 6.668974 -14.372740 -0.871140 9.575021 -4.234812 -2.877011 15.731610 -14.847170 -4.867754 2.579350
-26.754590 14.501620 10.102200 -8.625601 -0.283499 6.270417 -5.981646 3.302645 9.136187 -5.459811 5.619828 7.324171
-23.517310 16.756790 11.885500 -4.022035 5.480461 2.082110 -10.510550 -1.874680 8.637881 -8.528346 -3.141759 -7.126564
-18.669550 20.744260 18.063110 0.111871 5.122528 5.753562 -11.217600 -16.631750 5.304420 -13.522260 -8.844051 -8.009185
-18.751020 21.691210 23.088980 -2.213654 2.903616 3.352712 -14.984210 -24.172950 0.284165 -11.630920 -7.334789 1.222538
-16.083530 21.186980 21.734050 0.128134 0.357627 4.732477 -10.446860 -23.862690 6.616209 -10.784470 -21.074080 -4.443628
-14.949390 20.186750 22.116910 -0.448206 -2.701949 2.330141 -10.325340 -17.730480 6.552735 -12.409930 -16.336710 0.660671
-17.561490 21.446020 21.150340 -2.088759 1.209947 6.248881 -10.132980 -19.780320 4.795901 -16.486120 -17.902480 3.779803
-18.495190 21.296140 21.985110 -0.517809 9.704349 13.944520 -4.572741 -14.173750 5.266482 -7.985669 -6.625222 6.332683
-19.547300 14.258170 8.654690 -1.891658 1.374514 1.204348 -16.053230 -8.315650 -0.125131 -2.533848 -5.103800 12.047070
-18.489760 11.724900 6.399871 4.880663 -4.545099 7.890044 -6.988935 -0.616308 4.528145 0.767172 3.163522 3.750577
-16.490360 5.121415 2.109910 1.105180 -0.329441 -1.443791 -12.911140 -7.903723 -3.694247 -1.495376 -0.968708 6.466392
-18.639130 3.194171 3.753558 0.939303 0.572249 4.050763 -0.218654 -9.929469 -5.779394 -2.451644 -11.384760 7.364357
-17.894990 2.799539 2.699897 -1.741394 -1.342899 0.681552 -8.458277 1.819859 -4.380055 -11.065120 -11.829670 -6.098544
-18.884640 2.645758 2.924281 0.885962 1.342286 2.303407 -8.912531 -0.595975 1.044389 -5.297328 -10.734560 4.471725
-17.341500 3.710962 -1.671658 -0.057908 2.427057 6.113727 0.439008 -0.653961 7.321715 5.313460 6.018245 6.032387
-16.173150 6.357294 2.644193 1.498080 -1.597293 5.375575 -6.450197 -7.577646 7.686506 11.372180 0.923949 -2.447501
-17.814060 3.240522 -0.512082 3.032602 4.443003 7.807615 -1.252587 -3.438797 -2.485330 -0.732416 -3.593822 0.107571
-1.869382 13.210290 -6.121670 -17.264850 -6.777040 10.475060 2.846754 1.325848 -8.976423 -4.019949 -0.428664 0.485316
5.491621 12.472580 -15.492430 -21.145710 -0.267042 8.598492 2.963729 0.250471 -14.160100 -4.237662 -4.551596 4.348246
4.889248 10.478620 -26.678650 -27.681900 1.179776 4.923327 3.467374 -0.921299 -7.123284 1.616189 2.836635 13.905110
0.716637 14.148140 -9.936190 -10.838590 7.275613 8.291052 4.595537 -2.375469 -14.627770 3.303306 5.282927 6.754266
7.371522 23.779600 -7.365978 -10.482770 -8.358940 4.549795 -1.919997 -6.941305 -18.588670 -16.552270 -10.838990 2.418607
6.965776 25.495880 -8.227423 -16.339840 -17.550010 5.260471 -0.982894 -10.826370 -11.403010 -11.502480 -8.652353 -1.762154
6.128756 24.442800 -11.214230 -19.090140 -15.647200 6.528102 -1.149259 -9.762289 -13.434170 -15.891420 -8.542914 -0.547088
6.124954 24.420280 -11.978390 -17.389740 -16.317810 9.018065 -2.014877 -6.799729 -10.021910 -21.032400 -5.152440 0.000897
6.534502 24.300720 -13.130120 -18.827990 -10.782880 7.442995 -2.479530 -10.055980 -10.348770 -15.326260 -8.232478 -3.414147
6.986960 25.339930 -10.898060 -16.495310 -11.407550 4.093091 0.588477 -5.023247 -14.642360 -13.449690 -7.466403 -3.914640
7.001626 25.223840 -6.134223 -19.194870 -8.133347 4.152500 2.839605 -5.383213 -16.248900 -9.372868 -3.299123 -4.155023
6.252598 23.714180 -6.624571 -11.813040 -4.613669 4.558706 0.216105 -3.957659 -19.887330 -5.433479 -7.606599 -8.185271
0.449942 18.672770 0.467046 -2.780237 -0.147046 4.194829 5.267496 1.757355 -17.715360 -18.606730 -6.065149 2.164342
-4.920896 13.287830 0.713397 -0.286233 3.356175 10.818150 10.174620 0.514797 -6.993419 -4.521524 -4.359898 5.449331
-5.283732 16.080150 -3.192916 0.611453 2.470942 4.819362 5.082285 -5.469062 -10.868960 8.324838 16.783360 12.311570
-6.723668 11.769950 -1.604971 -0.659618 2.508655 9.975286 2.499726 -2.555451 6.273305 9.891217 2.262257 8.002942
-9.997881 9.930644 -4.576876 -1.466234 8.142333 7.038273 5.074487 -2.705312 -1.404818 0.126234 -1.068849 9.260386
-9.016377 8.505030 -1.276241 -0.072219 -1.452611 2.258108 9.907523 9.492091 -3.657768 5.517686 9.645481 10.338090
-9.894679 7.538159 -3.613439 -5.067383 1.331315 8.144016 3.362746 2.773993 0.963406 3.973143 1.468285 0.678937
-11.022840 7.980008 -1.500625 -4.068221 1.589822 8.126193 4.459065 -4.719762 -8.076118 -5.887530 -4.402815 3.341414
-12.470920 6.228205 -3.564012 -2.542806 1.581594 8.570272 7.007182 -2.941774 -15.533180 -10.103720 -1.907169 5.214063
-12.063550 7.834025 -0.472070 -3.975199 -2.577152 0.544170 1.480090 -4.059323 -1.682060 -1.861442 2.667111 -1.094343
-12.875040 18.386430 5.918937 0.586734 8.893855 2.731149 -2.693985 -11.349000 -1.415033 -6.472594 3.609864 6.529958
-20.052990 19.007190 4.596958 -7.510649 10.719180 -0.479143 -7.434091 -2.732422 8.278197 -4.594096 5.398088 3.572299
-26.201100 13.688960 8.748053 -10.496430 6.945793 3.975017 -2.984474 -2.361161 15.717750 -2.129891 -3.370652 10.367320
-27.066910 9.310755 9.451016 -13.937560 -5.564729 6.695931 -9.752805 -15.910320 10.356780 -2.976339 3.709289 6.788607
-23.816600 11.758260 15.441900 -2.730149 0.332256 14.644800 0.062087 -11.198390 9.058121 -10.536570 -0.716926 -2.605321
-15.431180 18.434510 21.716010 3.255072 6.888881 1.595702 -16.462000 -16.002940 4.239960 -11.998270 -3.724005 -3.701291
-9.731186 24.063330 19.928780 -5.006237 -1.155704 5.772870 -18.403790 -18.331420 -7.261175 -12.980870 -7.304747 -7.891551
-7.844766 21.193480 18.919840 -3.607669 -5.681298 5.044372 -6.352068 -24.234700 -6.546185 -5.007044 -8.162380 -16.302030
-6.150084 20.545000 18.941030 1.509138 -12.946930 1.608327 -8.819601 -14.050240 -8.688238 -11.020810 -4.289084 -17.939410
-6.539535 19.723240 22.923440 -1.040158 -13.974100 5.334732 -12.633000 -15.469020 -1.408466 -12.115800 -9.809693 -15.708740
-7.829014 20.677980 21.915290 1.508488 -12.909220 4.624056 -12.183300 -17.860760 -2.339413 -8.228429 -6.615208 -17.205840
-9.191820 20.710040 21.978050 1.320494 -11.816220 3.854715 -10.745150 -22.221000 -3.924066 -9.081942 -5.738262 -10.678970
-7.793165 20.984680 22.466830 -2.753567 -13.361780 5.689698 -6.578870 -26.710780 -7.587298 -6.227908 -2.175402 -8.859658
-5.968666 20.603040 17.448010 -1.217093 -10.651220 7.342742 -8.128796 -19.282540 2.210262 -11.358620 -16.345300 -8.368664
-7.371124 21.104240 15.509370 1.366680 -9.283944 5.864211 -2.357355 -24.678260 -6.565883 -6.886827 -9.649467 -5.942916
-8.070724 22.541980 15.044130 3.733837 -7.830269 -0.513303 -5.446158 -24.216630 -0.455632 -17.854690 -11.431970 -10.500690
-9.230928 22.434120 17.081620 2.171995 -7.970837 -2.834695 -5.797734 -25.532230 -11.251990 -14.828540 -10.498520 3.688472
-8.302655 19.497120 15.096690 6.380708 -0.096990 2.512823 -4.355037 -23.379970 -8.389110 -6.359563 -13.519900 -3.797006
-11.092360 22.000930 18.433420 11.653640 -5.119713 -0.568256 -12.007180 -34.087810 0.587671 -0.781225 -12.060710 -2.710534
-9.525325 16.943920 14.981360 9.739223 -3.478157 -3.834987 -12.080620 -25.634650 -9.697980 -4.748229 -2.008740 7.552133
