-15.835320 7.300555 3.826296 8.638507 5.404220 6.414680 7.468606 2.099675 0.469639 3.145229 -2.881730 4.035577
-5.894075 7.944471 -7.091723 -5.600293 -4.041216 7.063661 3.811480 -2.376033 -2.071353 0.464088 -6.974722 -5.914310
0.947455 6.167806 -11.336760 -19.915390 -1.097184 12.045700 -10.890310 -8.629717 3.014865 -4.072359 -16.575810 -8.891426
0.291574 4.087532 -9.221030 -22.544430 2.301296 19.530660 -9.627392 -1.028765 4.779443 3.540487 -18.048770 -6.146897
2.310730 2.651172 -8.618210 -27.365420 0.169013 18.436200 -19.159400 -12.498120 5.377282 -6.153850 -18.280230 -14.502590
3.170862 -0.623884 -8.719400 -28.933380 1.871546 25.506460 -23.584950 -9.170702 4.540166 -7.362166 -16.912780 -14.598530
1.526667 -1.569662 -7.634694 -26.771000 1.343004 23.687490 -26.584650 -12.579620 6.363328 -8.255630 -19.406020 -15.301140
1.941759 -2.434623 -5.478856 -25.356820 5.372112 19.456530 -21.347980 -15.440370 9.013723 -6.322173 -21.705240 -13.698230
1.525469 -4.107755 -6.915258 -22.475820 -0.603219 16.728440 -16.969390 -21.670880 6.568019 -5.871308 -25.436580 -16.323550
0.431136 -2.307937 -9.276562 -23.387260 1.197284 17.066910 -19.910040 -20.347580 9.107599 -8.929672 -25.417010 -18.783160
-0.116929 -1.780660 -9.074182 -24.332410 0.399530 15.308790 -19.820390 -19.637190 6.141697 -10.166540 -25.709730 -18.667840
0.384415 -1.823035 -8.006135 -25.274610 2.430550 13.860470 -17.812520 -20.964480 7.114332 -8.933429 -24.567780 -16.601690
-0.387668 -1.818666 -8.616976 -24.243690 4.063105 13.746480 -17.228380 -22.190290 9.937656 -7.988868 -20.959820 -15.772130
-1.247800 -3.371227 -9.237073 -25.129110 1.865783 11.407910 -19.190710 -21.395190 7.515950 -9.203197 -22.398750 -21.328060
-1.583827 -2.692801 -10.635220 -25.061090 1.412982 11.897450 -20.995790 -20.306830 7.461601 -8.766609 -23.381580 -22.060710
-2.742251 -1.241589 -9.106883 -23.308000 0.826810 12.901690 -21.122440 -19.604430 9.725202 -4.447328 -17.992610 -25.775320
-3.507746 -1.364780 -7.015214 -20.718590 -1.317822 12.651330 -21.695200 -16.180330 14.723190 -6.387548 -18.758450 -28.069210
-3.411310 0.032700 -6.817770 -21.000130 0.686853 9.037876 -21.676700 -9.366479 21.405290 -9.851689 -24.756690 -28.378360
-3.853356 -2.079028 -7.696395 -22.625460 -1.028029 6.532168 -23.883070 -9.833148 16.866800 -14.839750 -24.636710 -29.522880
-4.984227 -3.742986 -10.507500 -21.663750 -9.485535 -3.674589 -26.933280 -9.992966 8.101789 -18.831410 -36.055390 -37.140110
-4.608068 -0.832261 -5.466515 -15.059510 -12.967990 -2.992740 -22.191830 -4.609491 12.403120 -10.466370 -22.367270 -29.396890
-5.724564 2.561181 -2.814600 -12.339980 -16.784690 -10.028720 -13.718540 -1.922948 8.833031 -7.057833 -21.678010 -24.556170
-7.038723 1.594872 -2.697984 -6.969522 -20.203750 -20.323600 -21.605550 2.195566 6.507318 -9.208456 -19.953170 -24.431160
-7.812003 4.943755 -2.451797 -7.275307 -21.099480 -18.583660 -22.087240 4.477769 1.308872 -15.026860 -14.974350 -10.923660
-9.575396 5.524765 3.443748 -2.595087 -25.794610 -18.362670 -19.313090 3.005045 -7.361557 -10.703820 -11.184290 -14.451230
-10.569100 6.532138 3.702276 -2.082882 -27.898080 -16.911550 -16.842740 -3.990196 -6.707252 -12.294620 -15.351310 -15.500780
-11.717340 8.478737 5.391037 -4.519696 -27.837980 -11.153250 -19.425500 -9.180290 -11.314920 -14.097330 -4.482337 -13.522820
-11.973110 10.189000 5.152871 -5.829188 -23.432640 -6.654445 -21.968410 -14.215360 -9.927253 -15.382290 -10.603100 -14.378540
-12.120450 13.835820 8.017038 -3.834786 -19.405180 -6.053718 -27.301840 -24.629910 -5.273003 -7.909967 -4.057721 -5.014973
-12.661930 12.786070 9.068426 -3.471038 -20.866490 -6.257923 -25.503870 -26.525360 -14.354930 -15.207960 2.331942 -5.153556
-11.627490 11.359320 8.334182 -2.202949 -16.900770 -7.627216 -26.827270 -23.774090 -10.112180 -7.025521 -1.475987 -12.486840
-10.799110 12.626620 6.048154 -4.939633 -16.005050 -5.732025 -24.962420 -25.673520 -6.478562 -8.423952 -2.198430 -10.539890
-10.664340 13.476730 6.924311 -6.048620 -15.231990 -9.421703 -22.715490 -26.074670 -12.105450 -14.772120 -3.855198 -12.019720
-8.536767 12.555850 9.502185 -4.149443 -10.485810 -10.128730 -19.789790 -27.867830 -11.400320 -6.903036 2.232383 -11.518690
-9.050092 12.185400 9.889051 -0.988091 -8.982513 -6.572623 -23.503840 -31.906430 -12.685640 -3.000805 0.372241 -6.321337
-8.318739 13.704760 9.312145 -2.944048 -10.691630 -3.096241 -18.863410 -29.308590 -8.777453 -9.240017 0.936410 -11.419840
-9.469975 11.997550 9.678650 -1.541105 -9.826370 -4.705405 -21.290350 -28.978570 -11.557020 -11.681450 -0.440401 -13.192350
-10.001870 15.833960 12.660670 -1.463624 -10.279990 -1.911572 -17.622550 -29.506760 -10.422040 -13.859870 -4.010068 -6.774882
-10.499020 15.760570 14.288340 -1.922597 -14.639240 -0.280729 -23.317420 -27.945340 -12.744930 -20.637120 -10.005750 -7.089844
-10.751790 15.673200 11.979490 -2.764244 -11.751190 -2.465443 -20.687000 -29.686560 -17.713980 -22.191100 -6.532236 -3.411090
-10.376230 17.792790 12.900070 -0.856195 -10.006670 -4.394202 -21.876630 -28.165890 -8.048330 -12.402830 -4.640610 -13.340620
-11.933570 18.162800 13.700950 -1.437009 -13.617550 -5.497049 -25.275480 -37.662280 -11.880290 -12.723700 -6.696466 -12.516880
-11.372930 17.942200 12.711880 -5.422264 -15.371130 -0.851384 -22.146290 -34.044000 -18.448050 -16.768700 -4.104522 -5.769912
-11.805990 18.455930 15.074420 -4.638580 -16.047040 -2.863364 -15.823870 -33.662830 -14.738900 -19.525740 -6.756883 -8.793546
-11.220790 16.960160 12.158420 -3.372265 -14.363440 -1.416445 -21.280390 -35.971410 -10.402980 -14.281430 -7.225748 -5.487900
-12.078530 16.889390 12.155330 -2.885493 -16.717180 -2.689929 -21.254780 -39.321200 -9.915959 -18.431640 -8.578732 -3.431441
-11.478350 16.421520 14.968910 -0.472929 -20.626920 -3.357092 -17.852370 -34.943780 -8.363837 -8.665165 -4.200677 -4.854100
-10.694290 18.493500 14.880670 -1.580142 -21.977910 2.641082 -13.695060 -34.148680 -11.863350 -0.714922 -2.143970 -4.305582
-9.526878 18.171100 11.632730 1.077287 -23.218590 -0.288421 -11.768300 -29.662590 -16.314320 0.383684 -5.934030 -4.514910
-8.435539 16.808570 10.288870 -0.572294 -21.879120 -3.531226 -13.958310 -28.867490 -13.351940 4.941172 -7.274251 -5.953074
-6.931505 14.550940 3.608491 -1.495563 -16.200170 -4.728483 -23.350150 -20.872590 -6.582319 1.807664 -12.896370 -8.164591
-4.803336 13.371010 -2.505477 -1.434643 -13.976500 -2.531880 -27.516720 -20.402720 -1.639384 6.075848 -16.814920 -11.217300
-4.131881 14.186170 -5.348049 -8.542213 -13.972380 1.161295 -24.583900 -26.464620 -4.298956 13.210030 -17.210610 -16.925370
-3.516730 12.620940 -8.169642 -16.442930 -13.606030 2.373937 -22.877720 -25.886880 -11.482200 4.820941 -12.805320 -10.999250
-1.653309 12.339610 -8.997672 -17.365020 -14.059650 8.304976 -22.497770 -20.080690 -7.458256 2.062403 -4.256839 -8.585186
-0.310998 12.687780 -8.380044 -22.534970 -13.626610 8.228049 -17.141580 -18.193240 -9.549633 -6.916562 -1.720205 -6.183723
1.282284 11.692200 -8.200494 -22.649120 -14.477050 8.535056 -11.105180 -14.784310 -7.795643 -14.872070 5.175763 -0.997029
1.812380 14.133750 -10.591410 -25.988500 -14.171620 10.466610 -13.182060 -15.705670 -7.530956 -11.888090 -3.019581 1.217395
1.745294 14.264360 -9.138350 -26.202020 -18.153800 12.646430 -12.088480 -15.999730 -4.847386 -10.538510 -8.488533 0.211455
2.343673 15.423760 -9.395645 -27.321650 -20.491080 15.595520 -8.156003 -14.291280 -7.680593 -17.602800 -3.261246 3.887302
2.221482 16.134950 -12.931120 -27.975810 -15.379360 10.636550 -9.930492 -11.293090 -2.204755 -21.981450 -11.778240 5.777073
2.333491 14.595930 -10.701240 -27.587810 -18.204840 10.905790 -9.894917 -7.181765 -8.356778 -22.887680 -8.321751 3.887302
1.823161 15.532970 -10.263780 -28.792610 -20.209520 12.819170 -10.650530 -7.482223 -7.570483 -23.392650 -11.184290 6.532981
2.246040 15.392750 -9.345050 -28.239600 -20.014400 14.741630 -9.449516 -6.324340 -8.600996 -20.752090 -6.071030 3.459923
2.168173 15.373520 -9.609748 -26.824230 -18.902980 12.120530 -11.323620 -6.288381 -9.712680 -23.420450 -2.911513 0.185289
1.926784 16.760080 -9.685023 -28.269760 -19.360720 12.217740 -15.816760 -6.362697 -12.075100 -25.500440 -5.831067 2.461737
1.217594 14.356980 -8.620061 -26.708310 -21.331640 6.863652 -15.786160 -11.422540 -15.840000 -20.353820 -7.207027 -6.509345
1.115169 14.210630 -7.659991 -23.843870 -18.854400 5.092942 -20.030990 -11.966720 -14.051420 -20.624340 -5.853191 -1.018349
-0.121122 14.656650 -9.215477 -21.382800 -12.426270 4.676839 -22.034580 -16.275420 -14.188350 -9.852441 -5.174997 -4.214485
-1.044747 13.380180 -9.624556 -16.379060 -5.895231 2.557862 -29.765780 -18.854080 -14.782660 -1.397982 -2.348194 -10.819960
-3.325057 13.862900 -5.738000 -8.342300 -4.250328 -7.803448 -32.067490 -19.643590 -6.767953 7.797398 -12.676830 -22.207040
-4.918938 13.245630 -3.696309 -2.285162 -5.273659 -9.458768 -34.100250 -18.112530 -2.789889 2.163096 -23.624090 -16.169470
-7.483164 11.208170 0.844279 3.731758 -13.287420 -7.555185 -23.291100 -21.602160 -11.926870 -10.896940 -25.532740 -7.447447
-10.132450 11.325680 7.035373 0.654984 -15.260810 2.078120 -14.081400 -32.160550 -22.057660 -11.446250 -17.751800 -18.772500
-11.392100 11.849900 9.794031 -3.349789 -17.725690 3.026414 -11.357060 -39.739120 -18.347110 -11.009660 -10.913690 -24.526130
-12.251030 15.855800 11.643220 -6.522970 -14.329690 5.066367 -13.158580 -41.071210 -13.034320 -8.841002 -8.207726 -8.607475
-11.916200 15.582770 10.319730 -6.373922 -12.617270 5.729334 -9.386192 -36.190360 -10.653550 -13.680280 -12.595990 -3.768693
-12.337880 17.951810 10.502980 -9.667171 -12.722650 7.058765 -4.184392 -34.069570 -10.774960 -15.534080 -13.126120 -8.770287
-13.796400 19.312150 12.118930 -6.703957 -11.799760 1.017932 -9.762577 -31.264760 -8.883328 -16.831070 -11.351080 -13.244680
-14.653530 18.715850 11.791910 -7.698792 -8.383992 0.383637 -10.104100 -30.172410 -15.073470 -23.994550 -9.079932 -5.027571
-14.044970 18.771770 11.158240 -6.640671 -12.331600 -1.227625 -8.995577 -33.705990 -15.268280 -20.687470 -15.394710 -6.572338
-13.776630 20.831510 12.576750 -4.638580 -9.066487 4.206888 -7.414617 -39.962870 -14.426220 -11.350060 -13.363530 -4.786262
-15.694560 19.332250 12.772350 -1.279680 -10.129340 2.394917 -9.566915 -41.100770 -17.281310 -14.382130 -12.686190 -1.114291
-15.884430 20.288950 14.448150 -6.923980 -11.037410 0.038866 -10.685400 -35.308960 -20.237330 -14.793160 -4.912909 -4.446103
-10.892550 17.604950 16.480590 -10.323100 -10.042890 0.266149 -11.616750 -29.671380 -21.627110 -10.441570 -4.549561 -2.385768
-10.371440 19.091110 11.917170 -5.831554 -15.469100 -11.500820 -14.156110 -33.470250 -14.636560 -11.851270 -12.251360 -5.455919
-10.378030 16.995540 11.511170 -0.879262 -6.230304 -7.336294 -8.309688 -25.967590 -11.499140 -10.349140 -7.197667 -7.318555
-11.383710 16.425020 9.127659 -4.435118 -9.376039 -9.006300 -8.764338 -15.753610 -16.840870 -3.603460 2.367681 5.921471
-11.059060 17.447680 11.461810 1.328657 0.052931 -7.105514 -17.667380 -18.226000 -4.879149 4.013143 -1.091365 1.104978
-12.454090 10.423150 8.793856 -0.338668 -8.443268 -10.846240 -12.915960 -16.464800 -13.078080 -10.996130 -7.890327 -5.853256
-13.970700 9.451599 8.591475 4.479954 -4.077440 0.078728 -10.989920 -4.687003 -3.521836 -7.877655 -0.795240 -2.839313
-13.857490 10.649440 5.770499 6.969408 3.834234 -0.661865 -5.984496 -7.573319 -13.078080 -10.579080 8.725008 7.858728
-12.757170 8.239780 3.991038 5.001030 -1.830722 -3.109529 -9.017633 -8.708028 -7.591658 -8.611813 -1.258999 8.016694
-13.682590 10.323550 7.258114 -0.663971 -5.632607 -5.695660 -6.065607 -7.444665 -4.983612 6.052553 1.289548 3.166282
-16.460650 8.228422 1.684032 0.599387 -3.754716 -8.432847 -13.396220 -5.070567 -13.826970 -10.723360 -3.147221 -3.729928
-17.502870 7.792010 -0.769206 4.320852 -4.070854 -8.523761 -13.273850 -15.164680 -7.857756 -3.728199 -0.596973 7.200701
-14.443290 12.596040 4.416159 2.797843 -2.955316 -12.152600 -18.053720 -18.100540 -12.284730 -0.658564 -2.213747 -6.868886
-13.696970 19.117320 12.978430 1.559326 -2.288463 -9.596537 -13.113760 -22.401250 -16.894510 -4.744899 -7.629090 -12.677750
-13.462160 21.307240 14.649290 0.398291 -5.899348 -5.488657 -18.005340 -24.744180 -9.662566 -11.788150 -5.250730 -3.195947
-14.279170 24.520700 15.852470 -2.661330 -5.775856 -3.901872 -16.972240 -25.937230 -18.150890 -10.292030 -9.464555 -7.432910
-13.980280 23.969840 15.089220 -4.659873 -10.570610 -10.287480 -19.764890 -23.961870 -13.428170 -16.244950 -15.542780 -14.965830
-13.365730 22.098810 18.097770 -4.065455 -6.473994 -1.110137 -10.664760 -22.676940 -9.608923 -12.505030 -8.334515 -21.222420
-14.821250 22.628710 18.827700 -5.010608 -7.695734 -2.124169 -16.020250 -26.648410 -18.325940 -11.484570 -9.068871 -17.353720
-16.037770 20.838070 17.922540 -4.747408 -12.252560 -0.419896 -20.141270 -33.944110 -13.572160 -17.874070 -13.538830 -23.559930
-18.289930 21.133380 18.923330 -2.158589 -15.879090 -8.333542 -18.576680 -26.955270 -7.507664 -18.490250 -11.322990 -26.369380
-18.821820 20.316470 18.203900 -3.926462 -13.260250 -6.185892 -12.555230 -33.662040 -16.797810 -18.186670 -21.506120 -28.693320
-16.501380 20.076640 17.441270 3.830532 -2.595545 -3.888585 -10.148920 -26.801840 -18.378170 -15.273330 -18.704850 -24.263500
-18.034170 19.434910 18.850530 0.213164 -2.639178 4.727890 -5.430946 -22.784010 -1.393049 -6.978932 -15.401520 -5.425877
-17.465740 23.916110 13.549160 -2.617562 0.610289 6.730079 -4.612718 -16.425650 -0.826973 -3.486235 -13.435010 0.491529
-14.297740 15.708150 7.618449 -0.718976 1.149534 0.054252 -11.313650 -5.352646 -1.997241 3.782451 -12.299020 -7.070462
-14.121040 10.319180 9.501568 -4.181381 -7.261045 -3.038197 -6.659712 -5.294312 -2.068530 4.058981 -5.576638 -17.409930
-15.204590 6.080436 2.742206 1.603686 -3.330729 -5.656497 -12.920230 -5.965549 -10.229350 -1.954799 -4.346187 -9.755875
-16.927250 6.588491 1.712414 3.230791 -5.868063 0.842399 -6.969927 -7.775489 -9.690093 -6.957891 -1.441099 17.166090
-14.851200 10.268940 9.061639 9.827341 1.425331 -3.950126 -5.518461 -8.185423 -9.699975 -6.053908 4.095928 1.832782
-15.767630 9.830785 11.431580 9.213998 5.652849 -1.387073 -7.411771 -5.422966 -3.185860 1.922635 4.711153 2.036296
-15.422020 7.793321 3.775701 -2.197034 0.299091 -3.638923 -7.312160 -1.700002 -11.166690 -8.890597 -5.073736 -7.929096
-19.392650 9.435436 3.005053 1.400224 11.273350 -3.717248 6.328778 3.007442 -1.141774 -4.517963 -11.508500 -3.036043
-26.856520 14.639180 3.453004 -18.196020 5.058444 -5.310328 -4.175855 -10.203930 14.394980 8.327915 1.796705 2.231088
-26.771460 16.718580 4.627177 -9.702658 8.191830 -3.957819 1.600840 1.251041 12.974140 8.483463 2.232383 3.887302
-29.300950 20.752880 -2.098249 -14.056980 11.396840 -8.618171 -8.533100 -6.172513 3.492007 4.717994 -5.677899 19.809830
-32.517460 18.968790 1.548289 -10.406500 11.716270 -6.687314 -8.894544 -0.822600 10.013890 9.434788 -5.071183 2.248532
-31.965200 15.746160 1.590246 -10.221370 6.018383 2.727100 -5.826542 -8.608941 8.758919 10.030680 5.321273 12.344750
-32.701350 14.598120 3.328984 -7.979735 10.792560 8.858148 3.273584 -0.625225 10.944170 8.443637 -1.690423 18.973490
-31.270990 16.261200 5.933390 -6.984309 8.487385 4.329970 -1.747494 -7.782681 7.782048 -0.507524 -2.637512 13.372980
-32.317400 16.518510 5.465078 -13.474990 5.013164 3.213136 -8.261306 0.140304 11.669060 -2.105088 -2.141418 9.068182
-31.251820 14.396730 5.602055 -8.197984 8.955006 1.851536 -7.989511 -3.955835 9.217709 0.693278 -5.519625 13.881770
-32.668400 15.582770 6.810163 -9.790194 7.310925 5.075459 -8.720225 -4.910748 7.976152 -8.405918 0.011445 20.853570
-31.998150 13.080940 5.465078 -13.802060 5.497250 -3.901872 -12.553800 -7.586104 0.455522 -11.189250 -10.088290 7.309241
-33.442880 11.022950 3.564683 -7.998662 7.312572 1.464106 -3.053814 -9.740454 5.097067 -3.281844 -5.966365 4.989184
-31.853190 13.879060 8.332331 -9.901979 2.283184 16.184350 -2.153763 2.213146 13.760440 -4.025770 -10.026170 16.775540
-29.351860 14.534340 7.639427 -8.958601 9.435798 16.052880 0.991081 -10.064880 7.797576 1.586741 -5.167338 14.300420
-30.781020 13.344800 10.535680 -8.769334 6.539516 15.538870 -3.573211 -5.068170 9.961655 -7.093151 -11.845470 13.595880
-32.185630 9.106052 9.905093 -9.526402 5.009871 6.689518 -3.006143 3.380618 12.166670 5.126778 -0.422531 17.769850
-28.324010 9.125274 10.464110 -13.197590 9.961871 7.134294 -1.144851 2.703788 5.490215 8.028090 -7.482729 17.631270
-23.762200 8.607608 8.986980 -3.039273 11.806830 10.640050 3.437941 8.303017 6.896936 5.534811 -2.534549 9.455828
-24.569020 3.412163 8.703155 -0.424430 4.603996 6.062217 -13.283810 -5.533240 5.658203 7.602775 0.785795 9.607009
-21.108120 6.616450 10.171030 2.850483 12.122970 11.517710 -0.650356 0.416790 -8.834626 -2.298959 -3.696925 1.446106
-21.977240 7.729541 6.044452 -3.476953 6.881999 4.502705 -5.990188 0.916222 -2.309218 1.038189 -3.319110 10.283450
-23.403410 6.976851 4.778962 -3.417216 1.755464 0.017886 -10.519620 -3.959831 8.763860 16.546420 1.070007 -7.086937
-22.071880 2.256261 2.985926 -2.632940 7.141330 11.382040 2.362148 4.701515 9.426635 11.858180 4.540115 11.074250
-24.357580 -1.505009 0.359925 -0.886951 11.554910 7.627323 -7.212550 3.197626 10.810770 5.812092 19.709710 10.038260
-20.542690 3.779116 3.791126 8.757391 11.059300 9.842808 -4.271907 -4.392938 7.247734 1.565701 0.380750 -12.503310
-19.570550 4.245671 1.768562 0.963726 11.737680 10.354020 1.181764 -3.103205 -0.042795 -8.589270 -10.734150 -4.791107
-18.694240 7.171685 3.140796 2.607393 12.505790 11.312810 1.691912 8.927906 7.136919 3.159506 7.169501 3.041266
-14.863180 -1.780223 -1.158541 2.818544 13.025280 -5.473272 -4.935740 -0.400680 11.729760 1.702463 -20.391400 15.017570
-9.076447 0.953140 -8.576870 -5.808487 9.380639 -13.749870 -9.486514 0.849098 14.465560 6.052553 -26.088400 21.666650
-5.863527 7.391857 -3.927688 -4.631482 10.760450 -9.003503 -11.174910 11.266840 16.278140 8.155084 -20.278220 17.182570
-5.634118 8.432431 0.425328 8.138132 17.434740 -8.060802 -7.179821 9.241949 12.087620 4.355800 -14.334450 5.913718
-6.809314 7.621202 -1.711383 1.682350 18.680360 -3.830540 -4.121780 7.794795 16.954320 1.079518 -20.627960 -1.315867
-9.632298 4.942008 -6.332799 -2.434801 26.054430 15.314390 -2.153051 0.532658 19.654130 -8.428461 -12.815530 -0.611322
-6.552352 4.953803 -5.783042 0.996257 23.700690 16.055680 -2.864554 -4.965886 16.136260 -8.415687 -14.017900 -11.287070
-3.609572 7.795942 -1.728659 5.460003 16.684740 13.216390 0.182814 -8.009623 9.673676 -14.741310 -18.452970 -15.516280
-1.437078 8.854427 0.006377 3.254450 10.471480 9.372157 6.377161 -12.514900 4.016440 -7.460605 -25.741220 -13.677880
-2.518832 10.588720 -1.823062 1.363553 8.922897 14.012930 -1.445105 -17.887180 6.157931 -7.950545 -19.055430 -5.086687
-1.365799 7.693283 -7.009044 1.840861 6.938805 5.748916 0.485914 -16.524730 5.557975 -6.232751 -24.988140 -14.461890
-1.190299 10.442370 -3.261933 -9.106466 1.813917 10.195970 -1.048798 -3.915880 16.947970 0.511429 -30.934470 -16.043480
-0.251101 11.138710 -5.402963 -7.829505 2.748334 9.204317 -0.039887 -12.155310 7.089628 -0.858447 -30.828100 -15.325370
0.600047 11.575560 -5.836105 -9.573719 3.088347 5.165672 -1.071566 -9.213853 8.278954 -5.959978 -31.543740 -13.434630
0.479653 13.066960 -7.724161 -5.243643 3.909152 0.440283 -0.644664 -7.189755 12.564760 -4.696055 -27.674540 -10.462360
-0.820729 14.232470 -5.313496 -2.578526 4.440988 -1.893389 0.768381 -8.209395 6.418383 1.204257 -22.201330 -9.805300
-1.608385 14.733540 0.089674 2.444150 5.712125 -2.402503 -0.860250 0.177862 1.241818 2.967889 -20.512230 -6.260283
-4.378660 12.636230 4.483413 8.686416 12.544490 -2.808116 -4.824746 0.885856 5.771842 10.048710 -9.633039 6.008691
-11.332800 8.841759 5.286145 9.489026 10.052430 9.772875 4.687341 -1.318036 4.844379 6.398967 -7.084492 -0.261472
-10.521780 8.657845 1.245336 3.045665 4.416290 3.897783 1.830655 2.299448 13.955250 11.649280 -0.916924 -8.093845
-12.194130 6.154701 1.808668 7.069365 1.479667 6.788823 7.835742 1.001724 1.041362 -4.196347 -8.651062 -0.632642
-13.683190 5.601650 -0.402084 7.184108 1.471434 -1.536031 1.605109 7.451985 5.541740 1.663388 -9.658567 -13.278600
-13.687380 6.491074 -2.672687 -2.346673 -3.563716 0.576653 -0.537227 1.465996 -3.468193 -3.434386 -4.718896 -5.573182
-13.843710 5.838422 -3.183573 -0.624934 -5.421848 -1.748628 0.941276 -3.416449 -2.099586 3.157252 4.666904 -5.159370
-17.118930 1.054926 -7.580397 -1.098102 -1.283244 -3.593467 -4.711617 7.900275 9.747787 2.173616 0.099091 -4.444165
-28.742100 9.710214 4.138504 -20.264350 4.365246 -1.900383 -1.400281 3.332672 21.216130 -5.396398 -8.881664 9.539171
-27.731620 12.987020 7.277241 -10.908640 8.287330 0.582248 0.183525 9.973916 17.474520 -7.329103 -6.237813 14.359540
-29.693880 16.279550 2.421978 -8.312136 4.083686 -13.009280 -6.965659 -2.093953 0.199305 -10.558040 -2.315008 11.883460
-31.209890 18.830310 2.133216 -5.717994 13.152890 1.183674 -4.427015 5.923325 13.464690 -3.941608 0.455633 -2.714298
-33.675290 14.258690 -2.833727 -6.272783 11.815060 7.753902 2.310920 8.663407 10.815000 -1.834569 4.795395 16.587530
-33.813050 13.197140 -0.726015 -10.618240 9.466259 2.866967 -6.911584 -7.352770 3.367781 -1.579830 1.863077 14.539800
-34.334160 14.692480 -1.479387 -13.005960 8.884204 2.176026 -1.854931 -1.876601 -1.237061 -8.782390 -0.532301 4.228430
-31.958610 16.958850 1.915411 -7.226808 9.505776 7.271362 -2.352983 0.833915 3.650113 -8.171469 -3.393141 -2.165779
-32.286850 15.860170 -2.205609 -13.110060 8.270041 6.125156 -6.455511 -5.328673 13.521870 9.999120 4.401413 7.763755
-31.847200 15.532100 2.585485 -8.127009 8.503851 2.742486 2.803992 6.107914 8.107436 -3.218723 -6.722846 7.806396
-31.211690 15.415020 7.192711 -5.774774 8.417407 3.654415 -10.442770 -5.394198 5.430219 -2.153931 1.441014 14.954580
-31.574070 14.141610 7.139031 -6.093571 10.068900 8.042727 -1.571753 -1.535389 4.065142 -0.193422 -1.068390 26.369760
-32.027500 13.029390 4.972086 -11.483540 11.954200 9.942113 3.218798 3.251165 4.814734 4.465510 3.923188 13.032820
-30.915190 13.164380 9.533652 -9.225349 8.534312 5.241899 -5.501385 -8.918988 6.160754 2.690607 -12.659810 14.465170
-23.917330 16.905120 14.256880 -10.059900 6.239021 0.387134 -16.357500 -7.420693 17.936130 11.774020 -10.948580 17.649680
-21.340530 10.349760 6.273981 -10.479240 3.942083 9.558879 -1.711208 8.104842 17.063730 13.812680 1.891158 20.306990
-23.241090 6.818274 3.949081 0.740746 11.153970 15.940990 -6.323883 6.978923 -2.281691 2.642515 0.062501 10.416220
-21.495660 6.930544 3.729425 -0.210321 7.187434 16.710950 9.186175 9.602339 0.739266 9.210858 -3.658633 6.748125
-22.116800 6.347351 6.481297 4.293053 19.935030 13.686340 4.585596 6.237367 -5.644270 -3.267566 -1.162843 -0.487275
-21.256070 6.095726 1.179316 0.230316 7.020309 4.986643 -4.687425 -1.671234 -6.127764 -3.631263 1.152548 5.219833
-19.238710 5.835801 5.142998 0.607668 4.057342 4.373329 -7.222511 0.947386 -0.073145 -0.256543 -6.313546 0.277355
-19.635830 5.744062 5.994474 -1.506801 4.229406 1.157798 -2.977683 3.534842 4.139254 9.651202 2.579564 2.648775
-18.049140 5.667614 3.403026 8.737872 9.709126 4.254442 2.840990 -2.176260 2.944282 0.902930 -4.521480 -3.857851
-1.951001 6.809974 -18.149810 -11.512520 5.850435 6.794418 -8.828374 -8.911797 -10.786250 5.405562 3.600684 -2.711390
-1.813835 7.005246 -17.145310 -16.361900 10.213790 12.102350 -3.561116 -3.712911 -16.986270 12.785460 -10.409940 2.772822
0.333502 8.941797 -14.806220 -7.614805 18.639190 12.063190 -9.178433 -1.739956 -11.623360 19.710740 1.960935 16.753250
-1.661095 9.538532 -8.180132 -8.332246 8.446221 13.440870 -8.306130 -5.265545 -7.722236 12.653210 5.047272 12.966920
-3.437665 11.182830 -6.785686 -0.797049 8.690734 14.054190 -3.492811 -3.430033 -6.385392 -0.137064 -0.810557 7.935288
4.434706 17.482190 -2.796706 -12.622100 -3.370247 11.119090 -9.989547 -9.142734 -11.916990 -9.461692 -14.460390 8.527417
3.997452 19.217360 -4.638486 -22.814140 -10.587900 11.410710 -12.375930 -15.889460 -15.741180 -7.364421 -13.813680 0.954765
4.148994 20.248320 -3.294635 -25.387580 -15.597530 11.767370 -12.537440 -18.798950 -15.506140 -12.269070 -5.731507 -4.838594
3.630877 18.689210 -5.804020 -24.457800 -14.459760 11.865980 -7.198320 -14.033170 -18.979540 -22.088150 -6.944939 -0.155838
2.875566 19.183280 -5.907062 -24.046150 -13.371390 12.560410 -7.945398 -14.061140 -22.088720 -21.160870 -15.030510 -5.541201
4.064538 19.080190 -6.504329 -20.350110 -13.218260 11.784850 -5.044600 -10.954270 -24.536540 -15.634780 -13.750710 -7.066586
4.919280 19.632800 -5.289433 -20.926200 -8.925707 6.223063 0.786880 -6.324340 -18.630150 -24.059180 -13.390760 -6.163372
3.549417 18.272450 -6.631433 -16.044880 -6.092817 8.184690 0.627503 -4.046931 -24.850640 -21.933350 -5.949347 -5.215579
-0.131904 17.604510 0.569092 -6.847090 -7.284920 5.774791 8.357985 5.566930 -13.094320 -9.563136 -17.443760 -9.164716
-5.287909 11.697000 0.205055 -3.606483 0.022470 8.617578 2.966214 4.560076 -4.739394 -9.744234 -10.655010 -1.532948
-8.780551 12.464550 -0.862375 -5.546471 -0.364469 3.834843 1.765908 -2.742016 -10.173590 -7.688292 -7.739711 10.319310
-10.004860 12.818390 -6.056378 -8.777615 2.728575 3.978206 9.502083 6.982919 -1.579389 -3.881493 -1.940597 15.174570
-10.573290 7.951460 -2.514732 -6.811603 -1.292300 9.079137 12.527390 -0.985614 -4.125321 -2.319248 6.538959 19.224490
-10.951250 8.402725 1.278655 -0.226882 -1.551632 6.512587 6.610534 -4.644651 -13.601100 -1.007984 3.633020 6.238371
-12.126440 7.325892 -2.606667 0.785106 0.524668 2.336873 0.542834 2.484038 -2.875295 3.564533 -0.733122 -6.043202
-10.837440 10.234430 -2.764622 -0.599502 -1.138348 -2.301100 1.699027 -1.882194 -1.505277 2.445637 2.067302 2.283420
-13.275280 6.720420 -5.942231 -4.649817 0.560069 0.340978 1.839905 -3.454006 -2.081940 -2.259884 -1.243682 6.155996
-17.735880 11.473340 3.412898 -9.886601 4.340549 2.722904 -4.461167 0.292931 -2.601432 1.683677 -1.298142 5.825529
-24.117990 15.576220 6.565827 -12.893580 4.219527 6.484613 -3.094370 1.594650 8.223899 0.501660 -2.503064 9.904527
-27.525580 15.317170 3.193859 -17.029070 2.397619 2.526392 -5.197573 3.255160 12.844970 1.604024 -0.055779 5.748000
-30.111370 16.237610 3.314176 -9.496238 6.883645 -4.697013 -12.135440 -7.276057 3.090389 -5.248364 1.845208 5.484401
-31.728610 13.173550 -0.814865 -13.353740 7.450881 6.213273 -4.680310 -12.028250 0.560691 -6.487490 -0.315313 0.935383
-30.503100 14.200150 6.000644 -10.713460 3.239830 6.362930 1.006735 -1.260502 0.397644 -11.728040 -7.789917 3.724491
-29.584260 12.771650 4.861024 -11.358150 6.131995 5.052381 0.717864 0.867477 20.124920 3.466846 7.366918 13.147180
-23.121890 19.560720 12.392880 -4.134656 12.187180 7.217514 -3.724761 -3.698528 7.536419 -7.352398 -14.169370 -2.943977
-16.699040 23.895140 20.484990 -2.091754 2.410791 -5.593557 -18.231600 -12.690700 -4.208610 -22.047570 -9.421157 -12.385080
-14.789500 24.118370 21.123600 -1.991798 -4.516245 3.443217 -14.383790 -25.954810 -15.937400 -26.955230 -11.465100 -20.355070
-13.670010 21.712640 22.285430 -2.544812 -10.039600 0.839602 -17.663820 -27.115080 -17.594700 -26.093330 -8.051153 -17.700670
-11.573590 23.734810 21.636330 -4.897048 -8.994039 8.293087 -19.032040 -30.773320 -13.655450 -21.030870 -8.143905 -19.940290
-10.731420 21.705210 18.987500 1.607826 -9.787676 3.020120 -17.978300 -23.436070 -17.081560 -26.822230 -12.811280 -22.255500
-9.647872 20.808360 18.659870 -1.546429 -7.548368 0.078728 -9.603201 -25.974780 -24.281740 -29.534180 -11.584230 -18.254030
-8.968031 22.314180 17.811480 -0.736720 -8.304957 -1.961225 -8.090545 -25.226030 -22.390110 -24.689640 -12.394320 -22.303950
-9.185460 18.873560 13.650970 0.956629 1.187405 0.420702 -16.334730 -24.655480 -22.133190 -29.050250 -5.272854 -3.785168
-10.198330 19.231340 17.086490 -2.430069 -7.148256 3.456504 -15.360680 -22.914260 -17.997720 -26.580260 -10.142750 -9.923532
-11.272900 22.434310 16.910640 -2.358503 -9.387565 4.506901 -16.430790 -19.883310 -15.723540 -22.139250 -5.127345 -7.078215
-10.212710 20.793950 17.113640 -1.716177 -13.813490 -5.333405 -14.326160 -13.062270 -8.543118 -3.910048 -5.119686 -13.175880
