-6.104162 4.625703 -14.917330 -3.330309 4.322798 22.730610 -4.665385 -22.252240 13.049080 -4.572419 -6.991547 -23.857100
6.025331 -1.348238 -21.861300 -17.695420 2.479385 20.608110 -12.606450 -15.505140 3.428149 -12.742030 -6.471957 -25.597470
4.801122 3.211752 -21.416380 -14.611160 3.736895 25.608630 -10.178440 -16.089400 6.695923 -15.176820 -4.548441 -25.993590
-0.296818 0.106462 -21.755270 -20.021840 -3.269552 23.925940 -15.534200 -25.464170 0.402546 -11.650960 -8.565457 -34.191940
-1.836679 -0.049171 -21.200860 -12.753890 -4.516719 22.487960 -16.514140 -26.407330 0.541257 -20.513600 -12.181940 -34.507720
0.135983 1.592092 -21.150960 -13.629570 -6.276643 22.313550 -13.873890 -30.705840 3.794471 -20.559470 -6.384556 -30.023960
1.487754 0.427055 -24.936190 -13.678540 -7.282947 18.835790 -18.452930 -33.262940 -0.691822 -24.721900 -11.248060 -29.528420
1.399241 3.434646 -25.121910 -6.934966 -5.087106 15.813690 -15.219600 -35.283580 2.704702 -26.355680 -6.485033 -27.132630
2.260287 3.748857 -24.411580 -6.308663 -5.527456 16.732590 -15.537210 -32.193050 5.242898 -18.144440 -15.443320 -21.189280
3.244991 2.271574 -23.397700 -9.705502 -3.504504 18.135420 -20.003360 -32.545130 4.212905 -21.041490 -14.569300 -21.944130
2.539493 1.872918 -20.275690 -10.750860 -5.120354 14.947870 -16.348560 -28.404450 4.620610 -24.005580 -10.186170 -23.694040
2.094326 0.869406 -21.726850 -10.911420 -4.858064 16.219030 -20.122270 -31.068540 7.346565 -25.902600 -12.450340 -24.432190
1.888013 1.539068 -20.682480 -10.796410 -3.503765 13.225190 -19.260510 -22.991290 3.211268 -23.154460 -7.158779 -25.486110
0.023389 2.151289 -21.193930 -10.039150 -5.054596 13.019770 -20.714600 -27.537920 6.889813 -17.915780 -12.906620 -28.562780
0.236861 3.102269 -19.580600 -8.823553 -9.555628 12.452440 -16.411780 -24.659100 5.503461 -17.576320 -12.524660 -22.303660
-0.990602 0.296952 -17.220890 -10.488950 -10.255310 8.851283 -22.151380 -18.901450 8.255472 -18.614460 -19.403900 -25.328620
-0.933329 0.138374 -15.642910 -10.753700 -9.195811 1.994343 -22.852840 -15.153820 13.218440 -15.605200 -24.778040 -29.751130
-0.833101 -0.023151 -13.379530 -10.820890 -7.384168 0.304752 -21.031460 -10.784750 17.425010 -15.735050 -24.208900 -24.766260
-0.467336 -2.153896 -8.172249 -10.478130 -12.816140 -2.656685 -18.437870 -6.598543 10.461830 -16.696270 -17.709550 -24.359810
-2.223922 0.959741 -7.302519 -10.700750 -15.949570 -6.816209 -17.823720 -9.660233 6.727344 -8.792018 -18.371600 -24.922960
-1.796978 1.768345 -2.095234 -9.920152 -19.756090 -9.524655 -20.238930 -4.306260 5.502695 -7.006504 -10.318990 -20.402610
-3.236611 3.906454 -2.278189 -10.088110 -24.526060 -10.728950 -23.911800 -9.251248 0.239310 -7.969835 -5.658506 -22.208210
-4.164042 4.203973 0.297733 -8.627122 -22.614680 -6.847919 -26.566350 -15.213770 -5.236357 -4.291535 -3.716409 -21.275180
-4.224569 4.775445 6.697690 -12.572260 -20.277720 -3.863733 -21.651630 -13.396480 -6.896301 -9.874618 -16.797000 -23.625640
-5.880928 5.396012 8.969380 -4.854502 -20.888740 1.626921 -22.889720 -24.380620 -7.999098 -13.312260 -5.915892 -22.413420
-6.391178 7.266551 9.643681 -4.556724 -19.598720 0.787295 -23.683000 -24.045240 -3.440001 -9.012208 -9.583992 -30.708020
-8.704223 9.634918 8.999180 -5.962489 -18.716540 0.047625 -23.211090 -19.322580 -8.362354 -14.643280 -9.358262 -27.141380
-10.449090 11.870730 11.264630 -5.860003 -16.016070 3.137970 -27.307690 -22.382750 -12.894630 -12.398330 -6.880059 -25.755760
-11.665490 13.204160 9.428154 -7.922246 -19.032770 1.461477 -31.840820 -27.668430 -11.525900 -15.545210 -14.138490 -28.234280
-10.692500 12.736280 9.807231 -7.771934 -17.051190 1.258809 -28.679000 -21.681630 -15.417500 -12.029940 -10.891570 -27.920880
-10.564290 14.244000 10.812790 -5.415897 -19.528530 0.984449 -29.397760 -18.764870 -11.427810 -10.790660 -6.968836 -27.206600
-11.173470 15.857770 12.281280 -3.990774 -14.709800 0.399193 -28.946930 -18.931040 -13.772110 -17.600320 -11.838530 -21.233030
-11.329010 17.814230 10.057410 -7.495222 -15.154580 4.229897 -26.421840 -23.389650 -17.819280 -15.579090 -16.359310 -28.722660
-11.048510 19.979340 13.086560 -4.278873 -17.674030 -2.085216 -19.439630 -19.462950 -19.776570 -14.351810 -3.944203 -22.947150
-10.259700 18.501570 11.494710 -7.265198 -10.500610 -0.841633 -21.340790 -26.320830 -21.543810 -11.627670 -7.725855 -28.619260
-10.336500 18.452960 10.489150 -3.967999 -13.724920 -0.362537 -20.117760 -26.279860 -21.313900 -15.194460 -9.993470 -29.541150
-10.703570 19.516860 10.848130 0.674043 -7.169904 2.858785 -20.676970 -25.750990 -21.117710 -12.326350 -13.366330 -28.800610
-11.109680 19.354850 10.312440 0.131437 -8.325454 7.047261 -17.223870 -25.857220 -16.424500 -13.330610 -12.674000 -24.596040
-13.279550 20.716260 11.604900 3.532830 -4.804868 3.668768 -24.553800 -28.550140 -18.775700 -22.136090 -14.987040 -16.239400
-12.287030 19.773630 13.035280 4.335067 -4.633456 7.711792 -16.019660 -29.363550 -18.753480 -22.048570 -14.303660 -18.686900
-13.002950 23.071380 14.312500 1.554283 -8.114145 4.227139 -16.001590 -24.104430 -12.612610 -25.574430 -12.848810 -15.250700
-12.896210 21.617660 13.228630 0.112078 -11.085030 4.771724 -18.765270 -29.663270 -11.715190 -21.588430 -15.759200 -21.955260
-12.254490 19.842860 14.948680 -2.380606 -17.389580 4.240237 -15.239920 -30.587470 -9.994708 -24.572290 -18.002730 -19.113240
-11.159800 21.036370 15.329840 0.998581 -22.532670 4.671769 -12.778050 -34.726630 -7.026583 -18.830420 -14.857660 -14.689140
-11.101220 21.444840 16.724170 2.800056 -28.371000 -3.797556 -13.211570 -28.178330 -6.613513 -12.068750 -22.012170 -18.107040
-9.099926 16.678160 8.674158 -1.944472 -28.554970 -7.420767 -11.278800 -29.234560 -11.538930 -11.135060 -25.826860 -18.297940
-7.429249 15.216590 1.392690 -2.561095 -22.988530 -7.315297 -14.239670 -25.804860 -3.410879 -6.279595 -31.777030 -19.938880
-5.993521 13.337700 -3.897063 -6.121911 -15.922980 -7.426281 -23.609240 -18.881720 5.167794 -6.833599 -35.918610 -23.740180
-3.924537 13.216440 -10.323350 -10.116580 -9.689358 -7.404222 -26.357860 -17.519710 10.578320 -3.364197 -30.415770 -28.052130
-1.616048 13.075040 -13.869490 -13.795830 -8.264869 -0.646548 -21.705820 -21.767380 1.293826 2.651501 -15.919550 -29.590460
0.160714 13.770720 -15.713590 -17.797330 -13.845350 6.163517 -16.430590 -27.722300 -4.202533 2.098910 -7.894464 -25.728720
1.110273 14.710410 -16.138410 -20.046900 -17.045280 7.545659 -12.046490 -23.848720 -6.455642 -7.760937 -3.748066 -18.982790
2.165266 14.859170 -15.953380 -21.721970 -15.511440 2.202526 -10.045230 -22.190020 -7.974574 -6.700214 -6.983977 -14.751180
2.638418 15.947620 -13.247170 -20.872480 -17.306830 1.878532 -14.982520 -21.165660 0.396415 -7.763760 -3.568446 -18.441120
4.430150 15.986890 -13.802960 -22.012920 -16.816240 1.535237 -6.161626 -19.454610 -2.587039 -9.503400 -2.952508 -16.462920
5.120028 18.159370 -17.231290 -23.749490 -16.922630 6.996938 -8.413513 -17.360360 -2.852200 -12.073690 -4.002011 -17.054710
4.849283 19.497220 -18.660970 -25.996200 -18.006510 4.992315 -6.365590 -15.581020 -3.203961 -18.970860 -10.285950 -13.453860
4.495883 16.925110 -17.848760 -26.267220 -21.061630 1.963322 -6.568802 -13.160500 -7.033480 -25.276610 -14.007730 -14.372560
4.918271 19.833040 -17.818270 -25.925600 -19.357120 4.195430 -2.846263 -10.406120 -5.362041 -24.353510 -10.884690 -6.459765
5.412250 17.890820 -17.649870 -26.991460 -20.399630 4.959916 -4.758712 -14.080140 -7.969210 -27.604840 -8.762971 -9.566660
5.017848 17.745990 -15.039990 -27.605230 -23.460650 8.674810 -2.761216 -17.713200 -11.515170 -24.604050 -2.000730 -10.558540
3.656315 17.562860 -14.414890 -25.273110 -18.935240 4.427051 -10.179950 -19.438670 -9.088100 -17.897430 -3.522337 -12.489020
2.469203 18.854070 -12.052420 -20.675480 -15.303090 2.119115 -13.282320 -24.466370 -6.321528 -2.678221 3.399566 -12.988540
3.093999 16.271160 -16.558380 -20.300260 -8.253786 6.281395 -22.160410 -30.122340 -10.465260 2.271815 8.793668 -17.900230
2.389802 12.799120 -14.105810 -14.439780 -8.137050 4.829629 -26.517420 -27.597860 -7.487933 2.789826 3.233710 -23.130090
0.955376 13.797730 -13.293600 -4.087566 -11.919190 -4.034002 -31.128070 -22.082270 1.115264 1.077709 -17.899500 -30.000100
-1.296491 11.034630 -4.219313 1.041853 -20.503800 -5.355481 -24.573360 -23.177190 -3.225419 -5.912612 -25.187520 -23.620860
-4.048195 11.928660 4.814086 1.324259 -26.395340 -2.804206 -14.985530 -29.165510 -8.594563 -7.282447 -19.749380 -31.011070
-6.013697 12.095580 9.975633 -0.515932 -22.073840 -0.255688 -14.911020 -35.892880 -4.807194 -5.418597 -22.605400 -32.801560
-7.765728 13.831110 13.339510 -3.638906 -20.547390 6.954888 -11.489540 -39.497100 -5.941411 -5.453178 -21.173950 -27.340230
-7.555510 12.406360 11.176620 -3.037655 -18.845100 8.350817 -9.191739 -38.805090 -12.006410 -10.302290 -15.193500 -25.078070
-8.141256 13.978400 13.146850 -7.019801 -15.067400 5.235655 -13.729380 -34.288810 -10.878330 -14.231840 -20.050810 -21.057240
-7.882877 15.708520 14.153800 -5.254766 -13.306730 5.199809 -16.649610 -30.479720 -0.253462 -14.459790 -16.417800 -24.419460
-8.857819 16.373280 12.371370 -3.619547 -13.862340 4.004480 -15.785580 -31.592100 -10.249910 -18.063990 -14.307100 -18.050570
-8.962602 19.261070 13.539790 -5.907260 -15.931840 3.563298 -10.982260 -31.734750 -15.229740 -15.835970 -10.648630 -18.411690
-9.297778 19.407870 13.190510 -7.310747 -15.645910 2.001236 -14.121510 -34.017930 -11.237750 -17.794390 -10.506870 -21.359500
-8.420462 19.195290 13.475340 -7.443409 -17.601630 2.163922 -9.206792 -29.179930 -8.382279 -12.718030 -16.541680 -20.199780
-9.306239 18.444620 12.390080 -7.328967 -16.398050 -2.606363 -12.002840 -33.862380 -7.826666 -11.005910 -16.285670 -22.628980
-10.355380 19.760870 14.633360 -6.441325 -18.159450 -3.067537 -13.599180 -32.756070 -6.205041 -7.198464 -15.756450 -24.713770
-10.240180 18.156920 12.707480 -4.163861 -20.424010 -2.866247 -13.042980 -30.818140 -4.680744 -14.777370 -20.223550 -18.673380
-11.281500 20.419730 11.321460 -9.431067 -22.008090 1.034082 -10.693250 -29.154130 -8.353924 -17.640540 -16.922940 -20.704070
-11.867900 21.721250 15.080350 -13.773050 -22.763920 -6.952010 -18.775050 -27.006770 -1.214481 -12.449850 -17.307650 -17.009370
-9.545094 19.536990 15.855830 -13.132520 -20.600590 -11.779510 -24.827000 -27.307250 -9.486609 -8.482200 -11.619000 -17.535930
-8.868232 25.342540 15.606350 -9.658244 -12.912930 -7.895727 -23.196040 -23.995160 -5.398060 -4.245663 -19.708770 -21.610050
-8.898820 21.738430 12.974980 -3.441905 -11.050310 -8.287966 -17.359350 -19.507720 -13.251750 -9.852740 -7.775405 -7.258363
-9.537934 24.374370 7.974216 -1.546485 -14.211080 -6.892037 -16.241680 -27.786040 -12.196470 -1.301329 -5.624096 -14.758340
-9.729278 18.016010 11.843990 -4.667181 -8.140743 -11.060520 -20.555790 -20.132200 -19.796500 -3.530751 -6.170526 -0.997644
-11.611470 9.903470 7.338725 -2.558818 -7.497950 -5.477496 -13.584120 -20.420540 -19.703000 -6.101044 -12.005760 -5.911724
-11.722770 11.014500 4.796068 -1.828321 -6.964506 -5.775983 -14.550510 -11.705150 -7.392904 -1.942844 -9.244021 4.649014
-16.346900 16.231390 3.064926 5.699837 -0.526228 -4.817790 -6.486012 -16.762440 -6.048703 -7.468761 -11.793110 -11.540090
-13.593900 18.418100 2.221532 2.552382 -4.335702 -10.044420 -10.056520 -22.558030 -11.007070 -3.775642 0.431365 -6.295910
-12.691850 17.750410 7.916697 2.559783 -6.555925 -13.007930 -18.357340 -21.397090 -12.079980 -13.417420 -6.066608 2.745583
-13.842510 12.877180 7.310312 6.574383 0.265072 -3.681056 -17.174950 -23.443530 -9.681266 -2.326765 -1.678653 0.415810
-10.852610 22.539180 11.899430 -0.382701 -9.956820 -8.951118 -11.714580 -21.566300 -11.299060 -12.604410 -0.655989 -2.789716
-11.185180 22.509720 18.439380 2.080377 -10.343230 -10.227100 -13.684980 -25.181900 -6.415024 0.952793 -13.006400 -12.841390
-11.382380 24.822610 19.379100 -3.038794 -10.625470 -7.776470 -15.976000 -20.365140 -7.697917 -3.419951 -12.585230 -13.516700
-9.407768 24.528040 13.668690 -4.509466 -15.134630 -4.358685 -18.939880 -25.068080 -14.467210 -5.740413 -14.708320 -20.506810
-11.378480 24.693000 19.774810 -8.427274 -20.061240 -6.670067 -28.650390 -27.103900 -9.664406 -10.423680 -11.820640 -24.691490
-12.573400 22.967290 17.077610 -7.389320 -25.955720 -5.360996 -25.578890 -31.372810 -9.675901 -15.130240 -16.854810 -24.163340
-14.132130 23.631070 19.501760 -5.084526 -19.629750 -0.590711 -18.048760 -23.453390 -8.770826 -19.714000 -15.813570 -18.413280
-10.859770 21.281350 19.088040 -4.851086 -15.479670 -2.742854 -16.943890 -25.136370 -7.103985 -11.415240 -18.547780 -20.403410
-10.149060 21.435510 15.551600 -2.659026 -13.892640 -1.722619 -16.356840 -20.324930 -6.845721 -21.356950 -22.932290 -4.614400
-14.283780 24.304660 17.388080 1.504748 -10.702310 -6.415698 -17.776310 -22.980670 -10.724290 -14.567060 -21.774740 -4.962793
-17.585430 22.945200 11.313840 -0.037096 -5.488297 -2.596023 -16.815940 -28.627530 -4.809493 -7.770817 -10.394690 -13.069670
-21.778720 18.642960 8.633270 -1.510615 3.049772 -4.815722 -10.036950 -21.227120 -8.668133 -6.745381 -0.434389 -11.079540
-16.832420 13.249330 11.722020 6.165009 4.600603 2.709196 -6.858567 -8.258001 -5.556697 0.133433 -5.893182 -17.010160
-13.729920 11.953700 7.588902 7.747847 6.142568 -3.151637 -11.614480 -16.149350 -10.967990 -6.221725 -5.563534 -9.279515
-15.401900 7.776653 5.649164 2.215886 2.514110 -3.161288 -7.637546 -7.533364 -15.171490 -6.848419 -8.516595 -4.384525
-17.748790 5.489293 5.577091 3.855660 -1.180843 0.024877 -6.714813 -15.124990 -15.931730 -1.641494 -2.247793 -4.217488
-17.507330 6.333245 5.600654 4.575339 3.024651 2.844308 -4.980740 -9.472814 -11.810990 -3.795403 -8.870330 -4.957225
-17.049800 6.918954 2.444681 0.826063 0.136514 1.362900 -7.785815 -8.098658 3.314727 6.839343 2.344557 10.384760
-14.814200 6.364175 1.995610 1.752422 2.509677 1.015469 -9.526662 -15.757050 -9.181597 9.754741 9.181812 11.238240
-14.874730 7.912157 1.464764 -1.035764 -2.149466 -1.100828 -13.866360 -11.842490 -10.475980 -7.819513 4.045096 -3.748193
-15.153930 6.829110 4.870913 5.129902 -0.603068 2.768480 -3.489767 0.598514 -7.343857 2.280990 -6.238657 -1.248200
-24.089810 11.084710 -2.256706 -9.359896 -4.694041 0.845200 -4.651838 -12.151320 6.151805 -3.652138 -3.184431 -2.395190
-23.362180 14.987800 1.431499 -8.466560 -0.767091 1.780645 -1.779025 -0.997966 5.346357 -8.152620 -3.068814 7.445696
-23.191670 17.246190 1.346259 -15.561430 -0.955496 -0.999494 -5.594891 0.465727 -2.813116 -14.769610 -2.257428 3.896550
-27.447440 21.508170 3.982473 -7.303346 5.402986 1.045801 -9.300871 -8.124456 4.280345 -9.931077 8.471591 8.574391
-33.271050 14.383930 5.229893 -1.818642 3.622375 0.100705 -6.738145 1.367920 8.176538 -4.232254 7.002975 10.591570
-27.287330 16.694360 9.641602 -8.838357 3.171681 10.550520 -12.040470 -5.143198 5.989336 -6.398159 3.787710 5.097628
-19.592580 20.945540 18.152470 -0.502268 6.777234 1.299480 -15.649360 -6.962759 -3.287495 -15.654600 -6.487785 -3.775237
-16.398970 25.587520 20.293870 -0.009197 0.246601 0.297169 -17.472240 -12.867610 -13.453310 -15.709650 -19.781720 -8.744995
-12.590970 25.468710 18.536400 -1.871593 -11.189950 9.971473 -14.133550 -17.295110 -7.457279 -17.373070 -16.310450 -15.378760
-11.266530 24.597270 17.711720 0.372279 -8.931305 0.867949 -14.540720 -14.597630 -11.809460 -12.836590 -18.353020 -16.695180
-9.161104 24.064580 15.695750 2.006929 -6.868456 -0.421820 -13.295860 -11.038180 -11.312850 -14.473900 -16.766030 -12.804800
-8.885153 25.008190 13.868970 0.856809 -2.781177 0.624609 -15.172940 -8.318705 -15.397570 -16.668740 -10.143500 -7.131892
-9.679164 26.617550 16.129570 -0.060440 -4.741327 -1.465493 -14.229130 -9.864346 -7.060302 -12.379980 -20.114810 -15.433650
-8.506371 24.096000 20.135170 0.496970 -9.396776 -2.942765 -10.319190 -12.553470 -4.580350 -10.030590 -15.285720 -11.069200
-12.109360 22.449830 19.356230 0.569279 0.005739 -0.840255 -16.972490 -18.783840 -1.280389 -4.268246 -21.539380 -4.501451
-16.217390 16.898110 18.936270 3.491266 5.804917 3.231032 -13.532190 -17.959040 1.628727 -4.587239 -14.481900 6.870610
-15.585430 6.559575 4.812007 4.022485 1.774529 -2.525709 -11.647590 -8.793703 -6.693981 -3.922435 -8.533800 -2.765059
-16.734800 9.614298 2.841084 0.891540 2.258471 0.779023 -6.155605 -2.205189 -0.859655 0.762950 -4.416996 -5.315958
-16.462100 7.070660 2.702481 4.807071 3.569178 -2.430579 -12.158630 -0.032794 -1.845965 -6.852654 -4.449341 -8.892147
-16.888390 7.570943 1.457140 1.173946 6.610256 2.026742 -3.385904 -3.007223 -1.229809 3.412285 -9.139415 -15.438420
-16.775800 6.585596 1.475852 1.577627 5.804917 2.751246 -6.638797 -5.309371 -2.717320 0.720606 -2.767383 1.386217
-17.639450 7.979908 6.822432 8.006339 7.805704 2.437593 -7.193490 0.672116 -1.133247 -9.852740 -5.328859 7.366950
-16.995780 5.351335 -0.404980 2.217594 1.149467 -3.081323 -10.193500 -15.190240 -9.235242 1.124993 -4.598680 -1.780334
-14.357320 2.718833 -2.304524 5.033679 7.990414 -1.413102 -12.051760 -5.582533 -3.900586 -9.940957 -13.018790 -7.975033
-8.861723 -2.872163 -14.381630 5.645747 7.130401 -13.219560 -17.213340 -7.512877 12.883540 -3.480644 -16.016580 2.950005
-5.408426 3.507307 -15.593010 0.952463 7.927612 -7.919165 -10.233390 6.617181 28.679060 0.357152 -19.614490 -3.161176
-4.649560 7.381434 -3.859641 7.114712 8.882197 -0.816817 -3.944360 7.211308 25.990660 18.644910 -15.412350 -5.690598
-9.705197 9.452283 -3.847859 9.707605 19.864360 10.156220 5.176085 1.627424 18.046530 -5.036088 -1.933286 6.101443
-1.655749 13.371090 -9.253345 1.276432 9.144486 10.390600 -4.550232 -15.134090 13.503530 -11.804810 -17.326230 -16.649840
3.382316 10.948710 -15.021280 1.296360 0.369249 10.438160 2.253599 -13.416970 6.863757 -13.394830 -11.528840 -22.390360
2.818047 7.527247 -21.358170 2.244924 -3.107007 10.622910 -3.716311 -26.891440 6.023056 -15.900900 -2.814180 -40.888550
1.894521 6.574304 -22.857150 3.897794 -4.500464 7.286464 -7.703777 -24.500510 7.183330 -16.701210 -8.396160 -32.313960
1.206596 6.539446 -23.951420 2.678211 -3.871709 2.600279 -1.615703 -26.408090 7.963488 -16.617230 -4.148598 -36.272750
0.652740 6.936138 -23.191180 1.994403 -6.081588 3.000101 -2.208028 -27.895310 9.663282 -12.708150 -7.886205 -36.601260
0.491335 9.325125 -21.932680 -1.664913 -6.456921 1.535237 -6.236889 -29.428050 12.083460 -8.837891 -13.499150 -33.334480
0.852545 11.421010 -17.760750 -0.575716 -9.529768 -0.552797 -6.545470 -27.254890 10.295530 -4.370578 -13.548020 -33.388570
0.762080 13.311190 -14.118280 5.429958 -5.992188 0.841754 -7.884410 -22.269690 7.136582 1.182158 -6.291649 -23.515870
-1.751420 7.199780 -5.962929 5.423695 4.786791 -1.348304 -11.600930 -6.713878 9.910818 8.751888 2.765047 -21.184510
-6.805105 1.190981 -9.718356 4.729637 9.781369 3.672904 -7.438849 -9.151090 6.367153 11.950290 -7.180801 -10.976140
-8.804450 -1.881416 -17.396220 -5.730187 4.694436 4.274704 -7.590129 -11.124680 8.654748 7.492149 -4.358499 -15.252290
-8.282486 0.335738 -16.885480 -6.833619 1.729459 -0.658956 -9.702026 -10.329480 5.531816 1.954939 -7.997694 -14.921400
-9.830156 -0.418860 -14.005320 -5.625993 1.495246 1.924719 -7.666898 -10.189110 8.130555 2.871691 -6.653641 -6.315000
-12.193970 -4.511462 -16.059410 -7.618774 -4.051987 1.973662 -0.607171 -0.155717 5.085027 6.240878 3.367221 -1.336491
-12.897510 -2.156842 -14.342820 -7.701902 0.074451 8.749260 -2.751431 -5.631095 -0.889543 2.050214 -6.837390 -16.458140
-11.056320 -1.659504 -11.130020 0.723008 8.013318 6.663983 0.021280 -1.187661 7.335070 11.321480 -0.053815 -10.124250
-13.422080 0.202198 -8.213136 -0.378146 4.882102 7.027959 1.966092 -1.666453 6.879084 10.248760 3.745730 -2.259969
-15.422080 2.759092 -5.007267 1.460907 10.666500 6.116642 -0.892420 2.504577 0.565781 -0.209555 -2.273944 0.075372
-12.843490 1.091808 -6.066188 2.165212 4.531890 8.585196 7.147240 -2.105789 9.344475 12.924200 0.679116 -2.449278
-3.224896 11.740620 -9.801517 -5.847476 -1.879789 5.328717 8.520801 3.749740 12.248230 9.598773 -7.072754 -13.528630
3.823577 20.173760 -19.107270 -10.785590 -3.471995 4.129252 17.482440 -0.916017 11.074920 4.645913 -7.760953 -12.654460
2.897448 19.863970 -9.245029 -5.600941 -5.178722 -2.508476 9.396116 -1.111024 3.057229 -3.470764 -5.827803 -10.206170
7.205934 24.570260 -9.908241 -15.411120 -14.140150 -4.408318 3.833383 -9.871175 3.215866 -13.559270 -10.627300 -13.238300
8.548594 25.520260 -8.128589 -18.996990 -20.793430 -5.210029 8.964856 -6.593991 6.415434 -14.070930 -8.069954 -13.946220
9.380352 26.048530 -9.228397 -22.610180 -19.655610 -2.310633 3.651997 -7.422582 5.544845 -12.357400 -8.086472 -10.493320
6.995065 26.049510 -8.098096 -18.486270 -25.843420 -9.916204 6.343424 -2.687017 -1.211416 -13.934720 -5.847761 -8.494439
6.142480 26.139850 -4.811145 -20.521750 -26.192150 -8.784986 0.062675 -5.382214 7.768832 -16.123910 -9.094683 -9.786195
6.755560 24.768610 -3.131979 -18.596720 -17.999860 -9.492946 -5.308136 -2.583063 0.817148 -11.639660 -7.711403 -10.109130
6.352046 25.522220 -5.213784 -23.702230 -24.616200 -9.558434 -2.021374 -0.045693 6.053710 -16.053340 -1.556841 -4.964384
3.249547 27.662790 -2.082760 -15.062670 -23.994100 -19.567070 -1.817410 10.228990 7.147311 -14.962980 -5.677087 -13.512720
4.037049 23.320290 -1.960097 -13.639820 -15.736790 -15.592980 -6.876630 1.198711 6.515827 2.152546 -2.708198 -11.947340
4.575935 23.389510 -6.886020 -21.426470 -17.450160 -9.583940 -0.011836 -4.609773 11.330890 -8.609232 1.998393 -12.221760
-2.264273 15.643230 -6.634457 -18.911580 -22.151420 -11.744350 0.445767 7.583870 15.235510 7.242318 1.250321 -6.630780
-10.387270 9.140526 -4.933115 -6.562031 -14.878250 -12.495050 -0.866078 6.893378 14.464550 12.800700 -2.508620 4.256874
-7.776141 19.294950 1.546539 -4.890372 -10.833090 -11.340400 -5.278784 -5.955854 8.139751 -16.696970 -4.237375 -12.455610
-6.943731 21.458100 6.231987 -5.354405 -12.157830 -11.593390 -7.769257 -9.004644 2.208098 -9.804749 -3.194066 -11.498730
-6.795342 19.573320 3.485584 -5.919786 -9.919877 -8.824278 -3.925544 0.710814 10.477160 -2.251957 -3.867813 -5.274596
