1.886730 7.419460 -8.287998 -17.047990 6.579311 14.780440 -11.244300 -9.665679 8.523836 -3.798557 -12.941500 1.207179
2.868405 2.875939 -9.398988 -25.804820 9.866522 17.677600 -17.514070 -9.451623 10.950210 -2.822367 -24.516300 5.871415
2.387672 2.328758 -10.311560 -26.594670 4.750484 12.117240 -25.986020 -20.018150 6.777021 -5.563208 -28.502880 -1.299088
6.053797 1.993545 -15.048130 -20.553150 -1.725856 15.815230 -22.272280 -24.625570 1.644187 -10.785070 -21.148690 0.721764
5.337483 4.437064 -17.273450 -21.150010 0.019225 10.003450 -18.889310 -29.071050 3.370364 -12.602290 -24.818930 4.384373
5.078504 4.818167 -18.650330 -22.102830 -1.667008 8.695709 -21.941510 -30.506910 -1.542829 -13.601750 -28.414920 6.202113
5.561896 4.984244 -17.562720 -17.922840 -1.860906 11.676090 -20.019450 -26.827060 2.459367 -12.311680 -23.514810 0.160824
4.759432 3.466824 -16.484460 -19.496170 -1.964268 8.994854 -25.349060 -25.880250 2.261837 -16.835200 -23.532570 -6.651117
4.251046 4.447553 -17.082380 -18.857760 -3.962095 9.270136 -24.051300 -25.598850 -1.689503 -9.824651 -28.045310 -5.540236
4.923222 5.619708 -17.464510 -15.121270 -1.896366 6.373559 -16.957570 -25.625300 0.927771 -6.296101 -22.553680 -4.473349
4.598302 6.287950 -16.540580 -15.894510 -0.424401 9.286432 -22.314000 -21.716970 5.361880 -5.306395 -24.350870 -7.381439
5.508186 4.393359 -15.812390 -15.946910 0.161819 11.649900 -22.215660 -22.389600 10.741630 -12.983000 -16.350270 -7.754666
4.945025 3.660872 -16.038870 -16.757220 -0.316513 7.635901 -28.276100 -18.961500 8.318935 -14.179210 -24.224980 -10.829940
3.582592 4.686617 -16.425010 -11.048000 -0.815215 3.025938 -28.676900 -18.522160 13.179060 -13.494370 -21.360120 -16.059510
3.016242 3.934899 -16.163800 -8.562757 -3.698786 -0.765162 -22.878700 -16.979670 6.780707 -12.504670 -21.146270 -11.816900
2.819481 3.978167 -13.389330 -9.650411 -0.359517 -5.687074 -25.001900 -9.437192 4.858473 -9.012160 -21.491660 -11.712040
2.388204 2.532858 -14.939230 -9.707285 -1.963513 -6.837673 -27.340400 -9.300099 8.262182 -14.410490 -18.058690 -13.188820
1.677739 4.544140 -11.361090 -11.026910 -5.302028 -9.582351 -23.481390 -8.204965 3.431539 -9.948552 -19.957560 -8.681500
0.401455 3.576085 -8.217852 -8.994751 -14.835470 -13.571330 -21.688960 -11.184920 1.692832 -7.247510 -25.214360 -8.699099
-0.731247 7.040979 -2.641529 -8.103284 -17.547020 -7.764788 -16.546340 -16.153110 -0.562549 -4.217567 -17.556730 -3.641838
-2.649927 6.072924 -0.467651 -8.630495 -18.142290 -10.393070 -17.830690 -25.884250 -1.537670 -0.737076 -22.009760 -21.239230
-3.109921 5.100061 3.478598 -3.523252 -19.210620 -7.908540 -18.381980 -27.676070 -8.780686 2.485852 -17.491370 -21.269290
-3.563533 5.282746 4.355764 -3.796124 -21.965180 -7.352155 -15.679180 -31.857790 -5.734448 -0.617680 -22.405190 -25.009630
-4.413857 8.341188 8.137670 -5.060793 -26.261860 -5.524116 -4.535722 -29.204930 -12.014140 -12.630820 -21.784610 -12.773060
-5.396064 6.212778 9.211247 -2.176147 -14.806800 0.729395 -11.130310 -34.053670 -12.296430 -9.993607 -19.914790 -17.231990
-5.379047 9.144040 8.966068 -5.874297 -21.436290 2.694784 -11.588480 -31.604450 -17.017990 -7.119854 -16.788470 -16.387280
-5.283326 9.169389 7.435535 -4.166770 -20.146910 0.727067 -15.630010 -35.476700 -13.486030 -6.534141 -19.065820 -18.967600
-6.851560 10.206930 12.398580 -4.547640 -17.937830 0.311524 -10.489630 -32.900010 -21.528010 -14.404480 -25.112670 -12.855920
-7.385472 11.165370 12.615030 -4.201918 -11.459980 2.134325 -13.499360 -35.663500 -20.362730 -13.016790 -27.952510 -13.138230
-7.801859 13.354100 14.493620 -4.929789 -10.095150 2.986944 -13.541080 -30.181420 -12.362760 -24.191160 -26.716180 -10.102550
-8.903186 12.810410 12.546890 -8.500770 -9.669635 0.270784 -19.555330 -38.042980 -13.264920 -24.188910 -24.719670 -17.280380
-9.204708 13.333120 14.112160 -7.581823 -12.713910 -2.982554 -17.348690 -32.526410 -14.360180 -21.406020 -21.044590 -21.891820
-9.923149 15.440990 14.847700 -4.643497 -9.350495 -2.250408 -15.880330 -29.753300 -14.398500 -24.638700 -20.838000 -14.909040
-8.830331 17.261280 14.315920 -8.128845 -7.314190 2.069724 -16.037520 -32.835870 -11.095030 -17.613890 -22.160670 -17.703470
-9.649812 15.444050 15.850460 -7.301922 -10.009140 -3.326512 -14.185490 -29.604990 -15.565990 -19.807320 -23.073390 -15.968590
-9.540264 16.128890 16.678860 -7.035440 -9.146790 -1.414666 -17.031320 -31.611660 -11.765010 -16.428200 -22.815950 -16.617520
-10.866540 15.627170 17.931470 -4.757886 -6.288870 -0.905423 -11.951280 -34.761580 -13.776430 -23.163910 -30.173370 -14.818850
-12.218860 15.419130 17.293480 -7.762034 -6.816997 -3.717611 -19.669310 -36.419510 -14.928440 -14.975180 -29.067780 -18.217480
-11.637620 18.267790 17.840620 -6.551045 -9.645492 0.887115 -11.209280 -31.833740 -11.755430 -16.744330 -33.226260 -14.130320
-12.170470 15.730750 20.692580 -8.334618 -13.647180 -5.150477 -13.542570 -27.831610 -14.174440 -19.597060 -30.793150 -16.555930
-13.222870 15.630660 18.179990 -6.774071 -14.351100 -3.160062 -15.907140 -33.443570 -13.813280 -19.231370 -27.704760 -21.147570
-13.629160 16.239900 18.560120 -7.110847 -15.084440 -2.612407 -15.956310 -33.749020 -14.228980 -18.264940 -28.586810 -22.438830
-13.127150 14.436660 18.719120 -7.645728 -20.387590 -2.367388 -15.033280 -34.063290 -16.950920 -21.553950 -28.537580 -21.443810
-11.653050 14.882880 18.036360 -4.547640 -23.406210 -3.186252 -10.155130 -30.790710 -17.693860 -7.761136 -25.343480 -23.257150
-9.714689 14.007040 15.491710 -4.246651 -27.349800 -3.216515 -7.561099 -27.510920 -18.850300 -4.410553 -22.180840 -26.999680
-7.790692 8.772552 10.087750 -5.018616 -25.310480 -11.927200 -11.772490 -26.639470 -21.423350 -9.030933 -21.261670 -28.989000
-4.412794 7.884476 5.367880 -4.275408 -21.792400 -9.670814 -18.739570 -19.367960 -9.791185 -7.714580 -18.767230 -31.218830
-3.159909 7.076817 -0.484353 -6.272421 -17.244480 -10.565340 -25.183680 -21.138940 -0.185915 -5.503134 -25.074750 -33.215480
-1.088606 7.534840 -5.652489 -8.553810 -12.071100 -6.210285 -32.265480 -23.169670 4.305684 5.487260 -28.209140 -31.724040
0.656712 7.592093 -7.690750 -13.352400 -8.921204 -4.403780 -32.655860 -25.400820 4.174489 5.171875 -18.362120 -28.974340
1.108729 9.829327 -9.541285 -17.547080 -9.480264 2.285061 -30.495410 -24.219100 -2.930699 2.486603 -7.127060 -22.036280
1.689438 10.064020 -9.932770 -19.569660 -9.084168 2.290881 -23.293650 -20.273890 -5.124905 3.666291 -2.072011 -16.696710
2.251535 10.782520 -11.285600 -21.721960 -13.621530 2.641240 -20.053720 -17.136010 -9.217759 -3.287184 -0.984175 -14.335630
3.142806 9.509847 -15.740910 -21.867660 -14.407680 1.790367 -22.863800 -16.458560 -9.693158 -11.291190 -1.243222 -17.323650
3.395404 10.897460 -13.967870 -20.402330 -16.473410 5.725219 -19.169430 -16.554770 -3.809266 -10.440400 -3.371281 -12.231190
3.668742 10.001090 -13.580390 -22.129670 -15.285130 4.673559 -19.829480 -22.218040 -1.577471 -8.094543 -5.354081 -15.992790
2.928497 10.546960 -13.457470 -24.326070 -15.113110 3.859933 -22.737900 -19.333490 -4.003848 -10.213620 -6.683210 -14.692730
3.042831 11.973910 -13.446110 -22.614070 -12.158620 2.391566 -16.344450 -18.442790 -6.135405 -6.051302 -6.295850 -6.459737
3.523032 10.986190 -14.186330 -19.790130 -10.783980 2.846102 -17.806850 -19.783250 -5.901759 -6.902089 -2.163202 -8.129359
3.479426 8.668972 -12.636420 -21.530250 -8.901587 4.467533 -24.125800 -24.001840 -4.146836 -2.957532 -2.844310 -10.686220
2.163259 9.765081 -12.927700 -17.782250 -7.471873 -3.751949 -25.661950 -25.855390 -0.860318 0.720451 -4.907003 -20.035960
1.393766 8.410241 -7.683402 -15.753280 -6.307732 -6.653182 -30.215290 -22.018410 7.334970 4.343616 -19.152980 -19.208110
0.314242 5.958855 -4.234859 -7.220763 -12.160880 -7.255544 -36.846390 -15.110890 9.794515 2.117904 -18.836630 -31.867760
-1.713985 4.891154 -1.149076 -3.652339 -15.303990 -11.412720 -29.409220 -17.147230 6.314889 3.912591 -26.980070 -26.734980
-3.853888 4.430508 3.194671 -1.741596 -21.410640 -12.466710 -22.001850 -22.840970 -0.902331 2.459570 -20.608810 -30.134350
-5.452434 5.209322 9.065610 -3.665759 -25.835590 -8.708198 -18.112300 -27.663250 -4.687833 3.172189 -15.960490 -33.155360
-7.045661 6.665557 11.513390 -5.428883 -23.600110 -5.463589 -13.585030 -31.473770 -5.425623 2.836529 -14.186700 -30.365320
-8.469781 8.558836 16.304070 -7.137688 -23.855870 -6.967458 -13.654320 -31.105790 -2.261456 0.115964 -17.099160 -30.358720
-8.789916 10.438570 17.811220 -6.645623 -21.728270 -2.707854 -11.484180 -30.243150 -5.060045 -2.673686 -16.257460 -22.730670
-10.040670 11.237050 16.722950 -6.563826 -19.320020 -3.588409 -14.325550 -29.341220 -8.200626 -6.190972 -18.634080 -21.014120
-10.148090 13.041610 19.558880 -7.868754 -19.884360 -3.516824 -11.029000 -29.128770 -11.359630 -10.253420 -16.301850 -17.755530
-10.970770 13.708540 21.655260 -6.799633 -17.596820 -3.601213 -9.974844 -26.894410 -14.561390 -13.428290 -12.983460 -16.863900
-11.014370 15.742980 18.733150 -7.224597 -15.151590 -5.184814 -18.236710 -25.016000 -1.276753 -13.730910 -24.266940 -19.043130
-10.884620 15.080860 21.548370 -8.420250 -14.591770 -8.432333 -24.918460 -26.807820 -0.868426 -2.319254 -20.978410 -34.456150
-11.052130 14.529750 19.540840 -8.154408 -15.254950 -8.832162 -23.272050 -26.953730 -6.390425 -4.581010 -14.569220 -28.883410
-10.658610 16.731580 19.393200 -11.026910 -13.061720 -4.369442 -22.226090 -27.421930 -8.886822 -2.977056 -9.404415 -19.370890
-11.666870 19.397990 19.691820 -15.060560 -14.434840 -3.047737 -15.904910 -24.641610 -9.682839 -9.442435 -12.475050 -18.650100
-13.221280 18.211850 18.640960 -16.392330 -15.273060 -6.118913 -18.936990 -25.699860 -4.297195 -9.728534 -15.690140 -21.760570
-14.294420 20.951690 21.245740 -18.092190 -24.499430 -10.677660 -19.608970 -22.077740 -5.524388 -8.636703 -14.140700 -24.500010
-11.113820 20.682910 20.382600 -13.351120 -17.261830 -3.295666 -25.004880 -32.630640 -14.502430 0.667136 -6.833313 -17.932250
-10.684130 17.978030 19.993790 -9.550080 -12.404580 -5.644007 -18.514590 -22.481000 -21.407870 -3.624345 -6.173993 -3.843483
-10.147560 15.493870 18.202040 -6.554240 -9.733764 -6.963966 -16.109780 -21.692120 -14.498740 5.881490 -0.928492 1.788650
-12.892100 18.944340 15.412880 -2.830528 -17.617190 -7.591354 -9.792323 -33.755440 -4.094506 9.388265 2.207511 -3.396930
-11.870550 13.660900 12.276990 -7.939688 -16.153520 -11.326580 -19.291600 -20.582550 -18.433860 8.385041 -1.337641 -8.946939
-14.286440 7.589908 8.843813 1.346266 -8.118451 -9.845411 -18.350690 -16.177160 -12.229360 -4.072641 0.340113 -4.166115
-15.729180 6.329906 3.205360 -3.012656 -8.430046 -5.075400 -13.305660 -16.641350 -9.494154 5.016436 -4.156493 1.207179
-16.180660 7.435194 5.621076 -1.781856 -1.010622 -1.061979 -8.119836 -12.611160 -12.348020 -2.494968 -5.880245 -5.747746
-14.849600 7.893654 5.462077 -3.402473 -8.445135 -2.727642 -8.887914 -9.614369 -14.933600 -1.358834 -7.566069 -9.444086
-15.725990 5.904224 1.582634 -2.086680 -7.617486 -1.039281 -12.594200 -12.789940 -10.907080 2.086365 0.756525 -4.540075
-12.754370 11.032510 6.761460 -0.625825 -6.058003 -6.386047 -13.510530 -13.267760 -6.377895 0.280414 -0.991438 -3.025170
-10.145970 20.261160 15.847120 -8.942349 -11.845520 -15.370850 -14.684630 -25.967630 -4.592753 4.520081 -17.132250 -12.128530
-9.494531 23.751840 18.618910 -8.916148 -14.797740 -12.485330 -13.000970 -22.184370 -12.028140 -1.854437 -17.133860 -15.294730
-11.690800 20.885260 21.596470 -12.609190 -14.846030 -7.270094 -17.694360 -24.093240 -14.344700 -5.495625 -22.892620 -24.807980
-12.841590 19.609520 22.045410 -16.260680 -16.655990 -12.027880 -19.874930 -29.826260 -17.123390 -9.606134 -19.215930 -23.202150
-12.486880 20.549610 20.682560 -14.843290 -15.801180 -8.243768 -19.190280 -27.670460 -16.180690 -4.886633 -11.466300 -22.380910
-14.081710 18.415950 23.285330 -11.343880 -17.765060 -3.226409 -22.381050 -27.775490 -15.121550 -2.697715 -14.112450 -26.256160
-16.484840 19.016450 24.316820 -8.769807 -13.915770 0.878385 -18.395390 -25.210020 -15.582950 -11.635860 -20.337650 -22.075870
-13.254250 16.134580 21.792880 -9.462531 -14.088540 -5.635277 -15.712700 -28.076930 -12.366450 -9.027179 -28.738530 -26.107310
-12.545910 17.015220 23.984130 -3.744362 -14.590270 -8.320008 -15.752930 -27.183820 -10.353560 -6.642272 -32.699280 -20.882870
-15.377140 19.742380 20.260340 -4.028097 -6.365071 -3.335824 -11.848480 -33.713750 -5.374029 -4.070388 -27.632940 -9.732255
-15.736620 15.284090 19.082550 -7.852139 -3.506397 0.057193 -11.334440 -19.967640 -2.999982 -9.684230 -19.053720 3.791903
-15.883400 11.460820 14.611870 -8.264962 -2.343010 1.701904 -12.194890 -19.947600 -1.561993 -6.173701 -13.129530 6.790916
-15.271310 8.945185 10.684330 2.833323 1.786186 -1.799945 -6.283453 -11.416610 -14.505370 -2.938008 -12.266840 -13.740960
-14.714000 8.715299 10.874060 4.341467 6.148511 5.051854 -9.832552 -9.308919 -13.250910 -0.704036 -6.399953 -5.181674
-16.366790 8.242415 11.047750 3.255092 1.983856 6.506253 -3.298305 -13.297420 -11.286670 8.702679 -0.470923 -15.919460
-17.219240 10.301770 10.761150 -0.251984 -0.623581 1.710052 -2.743293 -2.701232 -4.514626 8.040372 -4.791602 -18.497590
-16.000920 7.959648 9.208575 -0.276906 -7.219127 -7.304431 -11.718850 -5.611436 -8.788057 3.052042 -2.311690 -9.439687
-16.255110 6.916858 6.225673 -4.352093 -6.760411 -8.574922 -8.519147 -10.329490 -10.509810 -6.664800 -5.373449 -3.093363
-15.173990 9.619982 4.050460 -0.309498 -2.619145 -3.417303 -11.725550 -15.447610 -13.415270 -4.820552 -0.124719 -5.483775
-16.663520 10.485770 5.683206 -1.675775 -1.004586 -1.623020 -4.853085 -8.718059 -17.379140 0.263894 -0.240927 -2.106401
-15.688230 9.527765 4.930967 2.023653 -3.186503 -3.944588 -4.616925 -8.925701 -12.850690 -4.925681 -1.749211 -3.218750
-15.610590 17.586000 5.335145 4.398982 -3.067298 -4.852497 -11.631690 -8.077494 4.643254 0.315707 3.466432 -1.470669
-20.414200 24.051210 9.139765 -3.071448 3.907745 -10.457670 -12.702970 -4.371994 8.211326 6.932021 2.063865 6.873041
-26.286170 22.621640 10.215350 -3.272747 17.116950 -3.711209 -12.479480 -10.206830 3.074806 0.698674 -2.153518 9.764266
-28.796200 16.462360 12.862880 -7.296810 14.150380 14.814200 -0.683414 -2.378143 11.645990 -1.114035 -12.922130 10.140430
-21.714950 22.289920 22.756900 -5.287654 9.631883 0.827751 -17.240670 -13.156320 8.372741 -12.634580 -12.691330 1.631000
-16.118970 23.021970 24.098370 -4.388518 -1.151707 -3.330004 -13.852480 -14.973790 -10.135390 -14.001240 -21.314130 -10.457440
-15.922220 24.795940 20.802140 -5.028841 -3.917582 3.401905 -8.718058 -24.473250 -14.761870 -10.827870 -26.254580 -19.192710
-15.763740 24.553810 23.959410 -5.990603 -5.354840 5.808444 -10.998450 -26.275490 -16.572810 -9.024926 -22.627120 -25.636560
-14.532660 23.513650 24.473150 -10.727200 -9.066815 6.420701 -10.934380 -24.211090 -15.400160 -12.328950 -27.346450 -24.357760
-12.464550 20.363860 25.130520 -7.124268 -8.060357 1.137371 -16.679690 -21.891740 -9.598078 -5.797493 -26.510400 -21.520800
-10.922370 21.368190 19.962390 -6.951087 -12.131460 1.229326 -12.629220 -25.545930 -16.133520 -4.750717 -24.977100 -18.042240
-9.802434 21.805670 20.841560 -5.817422 -15.414900 1.154249 -7.625167 -23.258660 -18.436080 -6.145167 -18.783370 -14.737460
-9.218002 24.006200 18.526720 -2.983260 -17.094340 1.059384 -6.953938 -24.668860 -17.321650 -0.008688 -19.738050 -18.478520
-9.279690 22.088880 18.938250 -0.292244 -15.337190 1.939939 -7.188607 -31.974840 -9.755070 4.921070 -27.796760 -15.017560
-8.850007 21.998850 19.872200 -0.868023 -15.004470 1.023883 -8.066942 -24.473250 -12.491750 4.899293 -28.333410 -15.163480
-10.189570 20.076720 20.699260 1.718829 -8.089782 -1.936132 -2.255329 -20.388540 -9.213336 6.205886 -26.198090 -14.613530
-11.708880 16.568120 15.235840 -4.366791 -3.283830 -0.557391 -8.075137 -18.432370 -1.571574 10.880330 -16.834470 -12.172530
-15.536670 9.271657 10.727080 -2.513562 -3.781778 0.217241 -13.594720 -22.166730 -14.685950 -6.456797 -23.086300 -3.140291
-15.644620 6.558481 8.431618 4.970926 -0.630371 -4.752976 -12.445950 -17.010940 -12.919240 -2.684199 -17.885990 -10.050490
-14.796430 8.576318 6.398034 2.252431 -5.477818 -11.339390 -18.513840 -15.983950 -11.404590 -0.825684 -15.100220 -8.141091
-14.141800 7.981063 6.078699 2.934931 -7.194984 -3.911997 -18.936250 -20.443860 -13.968060 5.847699 -9.566623 -14.822510
-15.471260 9.502417 7.915205 4.218771 -1.991428 -3.087895 -7.055255 -12.709770 -11.241700 -2.823869 -16.284900 -12.785530
-15.420210 9.138795 4.955017 1.596772 -3.603724 -7.896318 -11.109450 -12.623990 -4.163052 -7.175422 -12.735710 -10.963390
-16.277980 7.336858 5.860911 10.474380 1.852579 -3.151914 -10.508250 -14.871180 -10.887920 -3.256396 -5.353274 -7.604349
-15.814260 6.848242 2.835253 8.282454 -0.419120 -2.629867 -9.211982 -10.901110 -14.733860 -3.940480 -0.846985 -3.690966
-16.152480 8.119169 1.901969 1.739918 -3.676907 3.148156 -12.232890 -13.642960 -10.843700 -4.028337 -8.840322 -14.395020
-7.631156 10.162790 -3.995693 1.084897 -0.989497 -1.719630 -5.747810 2.635746 5.422318 7.495207 -3.881305 -6.321886
-6.926010 9.615174 -12.552250 -1.700058 10.406720 -10.387830 -14.058100 -1.189209 19.928990 10.365960 -34.440790 11.532880
-5.936357 10.867750 -8.395556 -2.411954 13.924040 -9.217442 -11.949790 2.481817 26.774000 12.497050 -33.991290 13.407810
-6.805294 9.557048 -4.397199 0.247110 9.090931 3.035249 -7.829293 3.587374 15.062230 7.851892 -16.252620 0.944673
-4.025123 16.040170 2.117753 -3.184559 11.891510 9.077497 -1.128169 -1.540357 11.559760 -10.298480 -17.609190 -12.217260
-2.835520 15.937030 -1.379558 -4.381489 4.708989 11.045800 -0.386911 -12.207900 19.776420 -1.136563 -18.231380 -19.991960
-1.646449 12.035970 -5.601048 -4.060050 0.547351 15.651100 -3.599278 -17.022160 13.287410 -0.909035 -19.298240 -17.575150
0.813588 9.764644 -8.768336 -4.894641 0.981170 16.670170 -2.881115 -17.924080 16.187710 -1.089255 -26.234410 -17.215860
1.300703 11.289930 -8.302028 -4.248568 -0.461370 10.473700 2.140817 -13.456960 15.650400 -10.159560 -18.420220 -21.513470
2.368527 10.882610 -12.129360 -3.691321 -2.172500 13.631010 2.426890 -18.096450 5.695028 -10.527510 -12.263620 -24.227980
1.206577 11.113370 -12.178130 -2.512923 1.722810 11.419430 -2.047478 -19.700670 17.860080 -9.537802 -16.249390 -21.204030
-0.298374 11.532930 -8.597980 -5.412268 2.867336 13.503550 -0.745993 -25.898690 18.087830 -5.497878 -15.904000 -19.314430
-0.631803 16.964960 -7.052082 -7.432926 2.991823 10.134980 -2.238939 -22.327870 11.333480 -4.758977 -12.673570 -15.481710
-1.241760 17.003420 -3.587506 0.120579 4.879498 4.181775 -3.293835 -13.665410 2.550761 -9.525786 -9.650551 -6.302821
-5.665679 9.620856 0.432230 10.178500 12.781030 4.621179 -6.863794 -0.835655 5.319131 5.062242 3.443836 -3.982068
-11.322280 4.566429 -4.484715 3.662802 9.167131 5.265445 -10.144700 -4.818546 3.634229 7.477185 -9.142140 -2.588883
-12.542720 2.597978 -7.744195 2.746413 7.869449 9.025700 3.013937 -2.261895 4.987457 11.757400 -4.894898 -4.782050
-12.120480 2.094065 -6.858344 -0.405994 9.799375 14.780440 11.975340 3.045419 10.262540 9.632312 -15.948380 -14.315830
-12.086450 5.322080 -5.647813 -0.280741 2.124187 4.906355 2.716689 -0.494928 7.881864 8.901671 -13.871970 -4.202778
-13.850380 3.233005 -3.868093 0.096295 -0.936684 6.411388 7.459996 -1.289422 -1.321713 10.543920 -3.328510 -5.211737
-15.466480 3.526262 -7.158304 2.853133 1.886530 4.578694 3.793934 2.227676 5.243215 15.451900 -0.750144 -10.637830
-16.178000 2.266261 -7.957975 -0.279463 0.038841 8.633436 6.913179 6.439855 -0.536752 -1.552570 -10.015310 -7.006012
-13.469090 2.792463 -3.566128 5.645757 0.540561 -0.297240 3.408033 0.041415 3.995385 -0.639457 -6.470162 -6.955418
-16.173750 1.165781 -7.479642 -0.560003 -0.643951 0.205601 -2.887074 -3.304919 1.343469 -0.934566 -10.928840 -3.375666
-5.469450 3.614545 -10.300200 2.955380 10.283740 2.297283 -7.949235 -7.315870 4.590923 9.211799 -11.034560 -0.237334
-8.647929 5.358792 -12.804110 0.262447 10.070980 -3.329422 -14.820210 -9.023510 6.454929 16.011340 -17.053160 2.933995
-9.049958 7.491135 -7.914551 -4.212781 7.046326 -3.249107 -9.769229 -0.398724 9.846846 24.571770 -7.469229 10.060500
-13.038350 3.579144 -1.952088 3.154123 14.781870 -6.694503 -17.143070 -1.367188 17.117130 15.952010 -2.879818 11.509410
-18.358320 1.354148 0.202416 12.097550 10.855630 -10.375610 -22.613480 -1.439342 18.883850 7.917222 -5.743055 7.984656
-17.063430 -2.832745 -4.548181 9.674294 10.670780 -2.295803 -12.849730 -1.594072 19.248690 5.210172 -12.211160 7.462578
-17.287840 -0.893138 0.868475 11.792090 10.230180 -3.140274 -13.944860 -5.961783 11.174280 11.463790 -5.029667 4.690874
-15.983370 -0.564481 -1.979478 11.678340 9.543611 -10.732370 -16.771330 -2.268309 14.886810 0.057392 -1.742755 10.375070
-15.729180 -3.845378 -6.052659 10.742780 12.150290 -7.556434 -16.605940 4.072408 14.959780 -1.825903 -16.750540 -4.559140
-18.105720 0.983096 2.254706 9.416120 15.196830 -4.739008 -12.305150 0.487165 7.633477 0.976513 -9.268032 -4.298834
-16.064730 5.681331 2.099715 2.526581 5.958385 -11.910320 -18.231490 -2.527261 1.857932 1.275377 -20.704030 1.246041
-13.281900 5.773985 -0.055456 5.284058 9.639428 -4.099398 -8.750092 0.564129 3.238431 5.763597 -3.027499 -0.992587
-16.958130 -1.862942 -5.796791 6.529556 9.625093 4.799851 -2.969023 14.496230 17.518090 7.433632 1.536894 0.178422
-18.643360 2.453753 0.487679 9.053782 9.784286 5.253223 -4.622885 6.411796 10.041430 6.277223 2.048532 3.609323
-16.164710 4.600956 -1.974134 8.418571 10.269410 -1.828463 -6.140416 1.723401 7.066683 3.908836 5.784136 7.231603
-18.933180 3.285013 -1.364192 8.146977 8.491884 7.360036 1.060591 6.758935 16.526750 10.980200 -7.935675 -9.816580
-21.053410 -2.634326 -2.920779 7.980186 5.480808 2.528334 -1.851548 5.151509 9.498219 9.940938 -2.887081 -3.291342
-20.012700 -0.156280 -0.633999 15.284460 14.901080 7.372258 -6.182880 -4.004009 -3.238787 -3.155773 0.314289 -1.920888
-19.403810 3.455461 0.275903 2.790507 -0.334620 0.129942 -6.022708 1.356218 10.401110 8.230353 4.621249 1.320833
-18.748120 3.207219 0.534443 9.693464 5.384236 8.644494 1.671477 3.271501 16.036610 4.982645 2.227686 5.061168
-20.093540 2.783285 -1.879269 10.265410 5.341232 4.441343 -2.977962 -0.009093 12.236370 18.344430 12.876860 3.840298
-18.885850 4.242142 -4.072520 2.877417 7.443176 4.674723 -5.546664 0.141628 13.712690 11.707090 7.017233 13.596990
-17.699440 3.791111 0.572523 8.738093 8.531116 9.068767 6.339542 -3.451632 6.184431 -0.636453 -2.747470 -1.619520
-14.717190 7.447431 1.269981 -2.237495 4.265363 8.832478 6.039313 -5.265098 17.525460 7.733998 -0.032721 -5.423648
-20.652970 5.878002 3.286864 -4.169326 -4.291042 9.725837 7.857817 -6.692942 24.447860 18.094370 7.707218 3.285957
-8.069347 17.852160 12.809440 -1.882825 -12.735790 -3.075091 -1.681692 -19.041670 -10.784000 1.731933 0.563652 -16.005250
-5.685355 13.028060 14.063390 -4.102227 -23.111970 -5.679508 -3.375038 -15.806770 -13.957740 6.073725 8.719196 -20.244930
-5.852335 9.539566 11.888840 -5.618040 -28.298170 -10.064820 -10.235590 -21.083620 -17.588470 4.499056 8.275347 -16.348420
-5.282794 7.797504 10.642910 -7.308312 -31.427690 -10.408780 -12.159130 -16.644560 -14.890120 3.340394 4.585741 -18.477790
-5.159420 6.172570 11.140610 -7.691739 -32.326260 -7.392313 -8.738173 -13.699880 -17.218470 5.146345 7.193966 -17.364710
-4.761645 4.326491 10.890090 -8.595987 -27.923950 -7.554106 -10.889680 -9.554241 -15.016890 1.352721 4.642231 -16.593320
-4.767494 4.153859 10.188620 -8.295636 -24.857800 -9.238393 -8.200294 -13.456960 -8.222737 8.032863 -0.365205 -17.408700
-4.502134 3.793296 8.394206 -9.426105 -25.315010 -11.218910 -11.940110 -11.878400 -6.238592 4.460759 -2.678068 -16.091040
-3.736895 3.748281 10.528000 -8.090503 -29.094130 -13.581800 -8.124306 -7.604485 -6.758214 7.230134 -0.801793 -11.944490
-2.783405 2.559955 12.773360 -10.551460 -27.835680 -18.382660 -5.595833 -7.833774 -2.325579 10.085860 -4.993352 -12.146130
-1.667720 4.219416 11.204080 -8.825404 -24.879680 -15.032710 -1.921576 -5.633082 -4.562534 14.313520 0.729894 -9.482948
-2.895080 9.559233 12.375190 -2.886764 -21.973470 -15.644970 -2.043009 -5.120790 -6.426540 13.579120 1.053501 -9.560674
-5.037641 7.669450 9.416343 -10.623040 -25.221450 -8.586561 2.305458 -7.603683 2.992993 11.730370 0.399024 -2.477429
-5.815111 4.607949 5.883625 -11.756060 -23.240220 -11.582660 0.368502 -6.909403 4.239349 11.788190 -10.491440 0.029571
-10.580440 1.540766 3.870083 -1.726259 -18.892990 -14.774890 -3.378763 2.003999 -3.786417 24.345740 18.445160 6.705859
-12.039120 1.675813 5.834857 -3.284889 -24.519800 -20.462700 -1.420203 -1.147520 -8.630328 14.066470 4.795561 -8.441726
