1.826970 11.895910 -11.201150 -17.019690 -1.680233 5.239091 -11.397530 -16.426330 0.381070 4.065706 -11.029810 -15.995000
2.801094 6.048093 -13.569800 -20.376010 1.223477 10.682490 -13.408020 -18.400940 9.276860 -0.377947 -21.476410 -8.718179
3.233810 4.600338 -10.485040 -19.598200 3.313304 17.939180 -14.672210 -9.026422 7.237201 -3.244142 -15.464320 -10.217380
4.275610 2.143412 -12.686950 -29.307390 7.399139 15.759130 -17.037360 -14.410620 11.246020 -1.672910 -17.925370 -16.390090
0.374499 0.542938 -12.953440 -29.395860 0.806763 13.201210 -17.379100 -20.158050 10.024280 -14.828770 -20.359850 -17.375130
-0.396084 2.759274 -13.737290 -23.322120 1.988105 10.176520 -18.933940 -23.675270 13.720990 -18.031150 -22.050540 -13.241050
0.550354 2.012566 -13.623400 -22.453230 2.338364 7.393403 -19.498220 -25.857650 12.915390 -21.027310 -21.297310 -13.309600
1.675211 2.208644 -15.459810 -23.490530 0.168009 8.749865 -20.306170 -26.982470 8.376125 -22.105150 -21.802030 -17.108120
4.109496 1.901672 -14.649170 -21.234420 -1.166572 11.114750 -17.491250 -25.134180 8.178319 -16.919080 -20.340150 -14.256750
4.495557 2.023310 -16.013640 -20.300650 -0.714675 9.557659 -18.380230 -26.480220 9.203625 -17.134640 -21.184200 -15.979660
3.593723 2.108494 -15.025090 -20.973620 -0.074358 10.864400 -18.439540 -26.199950 8.791586 -15.046670 -22.038540 -13.840910
3.586545 1.981485 -15.802230 -20.902190 0.691052 9.651248 -21.933240 -22.531020 8.530810 -14.557950 -20.467820 -18.941990
3.662937 1.329553 -15.102500 -18.412810 0.337666 10.763790 -18.227570 -20.984660 13.171380 -12.238060 -17.671730 -20.964380
2.511933 0.370650 -18.232670 -18.564830 -0.215869 8.861588 -26.453330 -21.938340 14.039940 -15.142390 -24.333350 -22.745020
1.499869 -0.843807 -18.994930 -18.797450 -2.335405 3.212879 -23.265540 -22.397230 12.992740 -23.181430 -26.814960 -22.192970
0.765174 -0.772052 -18.366660 -16.777900 -1.735743 2.251833 -22.478730 -17.604970 12.467760 -15.766530 -27.148300 -21.295430
0.368859 -1.282776 -18.842330 -17.919380 -2.245495 0.832198 -22.098820 -22.012330 13.533450 -13.631860 -27.388240 -25.969840
-0.955437 -1.557516 -16.642650 -19.287600 -6.719116 -0.806203 -22.166930 -18.946530 16.026900 -16.285600 -27.812400 -27.965170
-1.086687 -0.328861 -13.470050 -14.995550 -4.805983 -5.677533 -19.981460 -12.224500 19.090500 -9.527514 -24.887770 -26.654490
-0.931340 -1.551377 -12.123450 -11.962290 -9.913667 -10.431290 -18.942160 -11.965160 18.942660 -14.372730 -23.431020 -22.803650
-1.823433 -1.423600 -7.982397 -12.301720 -11.715780 -15.260510 -19.818820 -13.777580 19.588090 -14.286350 -22.522700 -22.637670
-2.341769 0.010726 -6.873998 -12.088750 -13.997940 -17.270340 -20.859290 -8.195324 13.074190 -16.150970 -18.291270 -16.975520
-2.107980 -0.051819 -1.939426 -12.388210 -14.264540 -19.752800 -20.868100 -7.998760 9.693690 -14.352500 -18.754000 -10.882190
-4.599174 4.329819 -1.544154 -12.435390 -16.594390 -18.075790 -18.708460 -18.916640 3.679432 -10.618580 -15.241530 -16.327850
-4.065969 3.598459 4.521149 -10.988550 -18.627140 -11.732770 -15.008660 -16.356080 1.730804 -9.973435 -18.289560 -16.143840
-7.266736 5.436836 6.132012 -9.630820 -25.462670 -11.457270 -14.718010 -27.110280 -8.331973 -12.029500 -21.466980 -23.778760
-7.141638 5.882329 6.898736 -7.405509 -17.028310 -3.644302 -15.075600 -31.430940 -8.334710 -10.786680 -20.049650 -21.993610
-9.194989 5.912642 8.582549 -6.815762 -18.481720 -6.643844 -17.971560 -33.469820 -14.665870 -26.747250 -29.485090 -26.088910
-9.260102 10.027600 12.929050 -4.067542 -16.520900 -2.601950 -17.575800 -34.096130 -15.046420 -16.782110 -18.861120 -18.628070
-8.247525 8.753666 9.092458 -5.269315 -16.428640 -8.057045 -15.915260 -35.500480 -11.324390 -15.458350 -23.228790 -16.770760
-7.828652 10.415150 9.811540 -3.481727 -12.955760 -2.422960 -13.952920 -34.046800 -9.160841 -11.006920 -16.770260 -20.342870
-9.059637 12.173330 11.895090 -3.533493 -8.898072 -7.566285 -12.844920 -31.861430 -7.753613 -15.096480 -20.751460 -10.885800
-9.544649 12.976450 10.697370 -0.760373 -7.490781 -6.271826 -13.738010 -32.087150 -8.516774 -18.100420 -22.971720 -8.980675
-10.262420 11.798060 10.983960 -2.236706 -6.863755 -6.017380 -16.051490 -33.265030 -15.143610 -21.266230 -21.225330 -9.610304
-10.559280 15.291010 12.633530 -4.944299 -7.449344 -7.300140 -13.333450 -33.425720 -15.571400 -18.996150 -25.104570 -7.876569
-10.269090 15.845480 11.450690 -7.940868 -10.195910 -2.732390 -11.995270 -32.113300 -16.715110 -25.958130 -21.338450 -18.689410
-10.253200 16.262200 12.781660 -5.855785 -10.041890 -2.954665 -15.655730 -29.164100 -12.747360 -17.037360 -23.942600 -20.056920
-10.743850 13.967970 12.563560 -5.214927 -8.494648 -3.052934 -14.713310 -31.833780 -14.572100 -21.984530 -21.572380 -11.535270
-11.620560 14.347080 12.696060 -4.209081 -9.262403 -4.179517 -11.103350 -33.040820 -19.827990 -22.346400 -21.718910 -14.577880
-11.020700 15.035080 14.032240 -3.616058 -7.784749 -3.905183 -11.534930 -29.695500 -15.975910 -23.829690 -19.556070 -11.227680
-10.097340 14.624880 15.129470 -4.288369 -2.905358 -1.594109 -8.320721 -26.340460 -15.704860 -19.151800 -17.786550 -8.534162
-9.900460 14.182080 14.579370 -4.561619 -4.369722 -1.256017 -8.890869 -30.296400 -15.724710 -22.410990 -16.512330 -8.889568
-10.085540 16.361580 12.368530 -6.686673 -7.479053 0.599394 -15.243530 -33.881630 -12.440040 -17.577450 -26.241690 -16.169090
-10.250120 16.828560 14.199730 -7.311805 -12.016000 0.650868 -11.744550 -30.737360 -16.145650 -17.924540 -18.421520 -17.087380
-11.014550 16.966700 15.641610 -5.534701 -9.677555 -3.062878 -9.952485 -33.866680 -12.140930 -17.529980 -17.106160 -13.296070
-11.097100 17.888380 15.912570 -2.513887 -13.681300 -0.521925 -7.376541 -31.826310 -8.964404 -13.677780 -24.316210 -15.847960
-11.250900 15.456780 18.406290 -4.433840 -18.048590 -2.551646 -10.849690 -34.126770 -8.116371 -15.031110 -32.312900 -21.365790
-12.024050 14.015160 15.990740 -3.883410 -22.812270 -5.279778 -11.041110 -35.982540 -12.585830 -3.689286 -31.669360 -32.012660
-10.331640 10.703700 11.471530 -3.981701 -24.699600 -11.189370 -13.921800 -30.309100 -10.509890 -0.708692 -29.341130 -30.345670
-6.999621 10.954270 6.644154 -0.992340 -21.430000 -7.338746 -16.255240 -16.869540 -0.606591 -1.912603 -27.626460 -26.883610
-5.441022 9.281657 0.640635 -5.519629 -15.228540 -9.732881 -22.436450 -19.179720 2.919009 1.790960 -34.199820 -26.342380
-3.376904 8.617447 -6.319426 -8.039159 -11.686070 -6.835117 -26.759240 -25.315040 5.870355 5.825268 -34.006150 -27.939010
-2.318698 8.721434 -8.813138 -16.570180 -7.729239 -4.911854 -26.792130 -28.113270 0.674014 7.247859 -30.395990 -22.232660
-0.081288 11.027560 -11.656710 -15.537460 -7.056866 0.529787 -25.486240 -20.014550 -0.729107 2.892146 -14.766800 -14.100700
-0.723698 13.077750 -13.240780 -19.319050 -12.467120 2.906959 -24.293690 -21.397220 -1.640794 -3.642592 -14.351200 -14.705970
0.584705 14.216610 -12.089210 -20.971000 -10.414820 1.955856 -19.817050 -19.178970 0.457044 -4.663620 -7.335670 -11.261050
0.848744 15.960210 -12.960140 -22.183910 -11.652450 0.674266 -18.817090 -16.240980 -2.500463 -10.683950 -4.860055 -5.820802
2.242254 15.233460 -10.585540 -20.583070 -13.080070 1.899117 -14.959930 -16.561610 -3.553830 -4.004466 -2.684359 -5.957913
3.237911 13.545110 -11.241340 -21.364160 -12.213810 2.825068 -14.366880 -21.524280 -3.408727 -3.345311 -2.323600 -8.524239
3.445554 10.981130 -12.925900 -22.536450 -12.628170 1.096588 -20.226900 -22.229070 -8.831621 -4.437158 -7.203706 -9.262114
2.961568 12.782670 -14.798050 -23.205480 -9.455515 1.988612 -15.917610 -26.948090 -10.269650 -0.567055 -3.566120 -11.210540
3.697801 13.418100 -16.048620 -23.083600 -6.443131 5.146671 -16.914050 -27.377090 -10.972580 0.903008 0.562475 -9.083508
2.745210 11.192560 -15.470980 -19.418650 -8.573613 2.607473 -21.402430 -23.134160 -10.763820 -3.252702 -2.178782 -8.195893
2.326336 11.177210 -12.244780 -18.374140 -7.018557 -4.214613 -20.252150 -22.154330 -5.710531 0.099882 -7.031467 -10.167770
2.294549 10.678760 -11.034400 -15.478490 -3.174307 -6.497025 -24.892610 -21.757470 1.808832 6.978594 -12.804470 -17.325520
0.053551 8.816212 -7.777689 -10.824730 -10.880790 -11.656140 -28.862510 -19.965230 5.794382 2.464123 -29.183460 -19.636560
-1.816768 8.495426 -1.592540 -7.021518 -15.076080 -13.836190 -26.303590 -17.083290 8.165999 1.717807 -33.039560 -17.735050
-3.152343 8.707621 2.689945 -5.951455 -18.568510 -12.042790 -23.444630 -12.746930 -0.264366 -1.030876 -25.742970 -21.295430
-4.990874 9.733673 6.917346 -3.332324 -22.841980 -8.426723 -13.783810 -25.182760 -1.283511 2.315482 -17.747130 -23.409830
-5.083160 10.051010 11.087430 -4.963957 -23.110150 -5.593303 -9.411695 -28.273960 -6.789224 7.411286 -15.414620 -23.603770
-7.153943 11.369830 15.166690 -6.368865 -25.735530 -6.098101 -10.308900 -33.079680 -1.096657 2.379297 -17.780550 -28.103180
-7.970157 12.176780 17.376050 -7.541806 -23.395510 -5.092014 -9.876152 -32.547540 -8.043135 6.068851 -13.752220 -22.997590
-8.480803 12.583520 15.873120 -6.269918 -20.365930 -3.183374 -13.002280 -32.445150 1.354357 -1.083795 -16.544890 -22.370670
-8.708440 12.656040 15.071410 -8.326824 -16.907900 -7.415957 -12.678160 -33.546050 -3.938491 -2.153852 -12.921870 -22.892050
-9.407246 13.347880 17.556190 -7.601436 -20.423780 -10.965340 -10.170330 -25.132680 -6.114356 -8.706489 -15.950190 -15.277870
-8.683318 14.688200 14.564480 -10.204840 -15.807870 -3.994678 -12.452680 -33.216450 -2.147287 -7.349268 -16.929640 -11.963750
-7.962979 13.355170 14.643390 -8.139416 -12.301370 -3.896409 -14.558300 -30.948120 -5.562690 -0.449543 -14.182390 -12.543760
-8.727409 15.354330 16.764900 -10.225150 -16.819560 -3.601017 -11.998210 -25.008610 -9.277198 -4.527431 -11.568810 -10.119060
-8.766375 14.337480 14.973900 -6.874082 -16.463820 -3.348911 -13.343430 -23.626690 -7.764564 -8.303370 -10.657910 -13.257280
-8.881732 13.184420 16.732150 -9.629510 -16.621750 -6.156594 -13.445600 -26.096070 -5.689313 -9.426345 -10.705900 -21.971960
-11.162720 16.640150 17.409550 -9.963699 -15.460740 -11.294650 -9.852665 -24.951810 -6.896682 -4.899422 -16.342660 -16.803230
-11.304740 18.437090 18.889400 -9.503041 -16.351240 -12.895620 -9.388795 -23.051200 -2.515521 -4.621596 -19.618630 -21.437950
-11.336010 16.648600 18.418940 -7.684000 -16.936830 -10.424860 -9.601940 -23.377810 -6.674921 -7.051208 -17.071030 -13.981630
-10.270110 16.934460 17.246520 -10.067230 -14.805570 -4.700109 -10.280720 -25.651370 2.704776 -2.847248 -24.074560 -10.626910
-11.530320 16.944820 16.756710 -13.006140 -17.323050 -5.945433 -7.420579 -29.897290 -3.275259 -1.107920 -19.183320 -8.900393
-11.926640 18.884500 16.916010 -13.897310 -24.183600 -11.722830 -14.784360 -29.486230 1.630875 -4.543774 -20.995680 -11.979080
-11.360620 18.382600 18.229860 -9.567914 -13.101180 -7.633553 -17.680900 -36.910060 -10.111540 -2.298601 -8.475361 -1.997023
-10.671040 20.674150 15.646830 -13.350160 -16.248820 -10.969430 -12.852550 -30.725400 -6.809757 -3.792011 -15.324650 1.381145
-10.622340 14.457970 11.136560 -8.873323 -11.689200 -13.343680 -18.275130 -24.955550 -8.125954 2.636110 -8.867826 -2.385805
-10.878690 15.149810 10.629630 -0.483847 -8.550159 -9.421696 -14.975190 -33.306140 -11.082090 3.093705 -10.198610 4.847714
-15.346840 15.523540 12.874710 -8.497196 -22.204010 -17.322400 -10.921330 -27.821040 1.018292 -12.020940 -14.415470 5.726308
-14.697250 11.923150 9.993917 -1.464793 -9.691628 -10.781080 -16.607550 -18.731280 -10.717960 0.595610 -11.095790 -7.297454
-14.353230 8.390288 3.237818 -6.371486 -13.484280 -6.043702 -14.023970 -15.439780 -2.455973 17.056580 9.052745 5.452086
-15.388880 7.848483 7.750320 3.406516 -5.117932 -5.490354 -7.925550 -11.487580 -10.696060 -1.692366 -4.005715 -7.570775
-14.651110 4.849752 1.303144 -2.835626 -8.692451 -12.752310 -15.271720 -15.294780 -14.509810 -5.991269 -6.454766 -5.284084
-16.831610 7.644347 3.414983 -0.078232 -5.412681 -6.811720 -6.815199 -9.400864 -17.238030 -11.792920 -8.331400 1.970182
-15.663170 7.818170 3.298858 3.195518 -2.841248 -5.430106 -8.173926 -7.986802 -9.321687 1.494457 5.985005 -2.585158
-14.832090 7.469757 4.393114 7.607479 2.701133 -1.869613 -12.307650 -14.854570 -14.726780 -6.003720 -0.630345 -1.923957
-10.760250 16.928320 13.501490 1.887590 -3.099251 -10.736040 -11.886640 -24.927900 -7.146506 -6.318901 -10.655340 1.257565
-10.626440 18.722570 21.345140 -2.466707 -10.596980 -13.399830 -12.594190 -23.758980 -10.856910 -7.825540 -18.699160 1.230503
-9.756392 20.863320 14.309150 -1.164677 -10.044230 -15.758290 -18.231090 -28.905510 -12.435250 -12.838070 -19.984530 -14.652750
-12.125050 19.220640 16.121750 -7.517561 -17.347290 -15.069820 -19.534030 -34.240380 -8.505138 -5.110321 -17.427510 -23.383670
-15.359660 19.100530 18.654170 -15.434580 -21.150880 -12.028160 -29.885960 -40.046850 -8.199874 0.767597 -19.829430 -33.258380
-17.065910 18.720270 21.864730 -12.192290 -13.079290 -5.591548 -20.442400 -29.568440 -6.617426 -5.228611 -22.856040 -20.803810
-14.685970 17.101000 21.126290 -10.038400 -14.684380 -3.614471 -18.319170 -32.283710 -10.165610 -14.618650 -36.136440 -19.614010
-11.226290 18.064500 21.381620 -6.944851 -12.242730 -2.681501 -12.283580 -29.776960 -11.876740 -2.767091 -36.839960 -17.132480
-12.338330 18.963550 20.917120 -8.107963 -6.563532 -1.231449 -16.577600 -29.637200 -0.156223 -1.858905 -30.197190 -9.824089
-14.612660 18.280920 20.521850 -7.440238 -2.060983 0.057745 -12.611810 -23.519810 -4.002145 -5.963253 -23.718090 -6.268218
-17.407880 16.873840 24.670340 -5.317150 -1.387047 -1.360135 -15.679810 -16.910640 -4.539438 -5.201373 -15.214110 4.562667
-16.320960 10.765870 16.761180 -5.902965 2.613568 0.065934 -10.064050 -7.542105 -11.260730 -1.043328 -6.802671 8.832058
-14.281460 9.953542 13.176930 3.716461 0.864618 7.226696 -3.966805 -10.764100 -8.136220 -0.939824 -8.685305 8.180780
-15.190470 9.082509 9.987217 5.089260 2.190599 5.800627 -4.978511 -2.935191 -8.289536 -17.294960 -16.415490 -2.237870
-15.924140 8.571017 10.341550 1.883659 -2.826393 -4.114005 -12.684620 -2.788703 3.105864 -0.442539 -11.046090 -14.198120
-15.348890 7.688858 7.121309 2.626740 -6.525223 -4.454436 -7.727672 -1.991237 -4.734506 -0.924260 4.608807 -0.242540
-15.781610 7.289027 5.719619 7.101607 -2.489425 -4.752168 -9.138071 -11.057080 -10.538640 -10.122080 -6.839519 -2.736702
-14.589070 8.110176 9.355228 4.810769 -3.295490 -10.022420 -6.744151 -10.887420 -8.357982 -11.357120 -12.545690 4.949646
-15.362730 7.129402 6.804942 5.281911 3.456379 -5.590963 -11.412210 -14.598960 -11.224460 2.682025 -7.820682 0.645977
-15.188930 8.602483 6.737203 2.633292 0.562051 -1.351361 -10.083430 -13.749930 -15.319520 2.273458 -0.938833 -0.337255
-15.000260 6.490900 4.211482 1.972776 -3.275944 -1.787137 -6.434709 -7.213253 -5.039086 -6.700230 -18.633180 -4.605744
-15.874400 6.522365 5.083909 8.342042 1.928686 0.597054 -6.595595 -0.633229 -3.073347 -2.857365 2.920693 4.663696
-22.347720 9.166160 7.774140 -11.045560 5.759645 7.277001 -5.310853 -0.044286 14.122080 -0.823869 -4.156532 8.918654
-23.977070 13.017120 7.929718 -9.722559 6.899551 5.594146 -3.763642 -2.002448 8.020896 -3.827809 -7.888377 9.517614
-28.197590 14.544690 12.015680 -8.408733 10.302850 -0.028240 -8.910246 -3.296928 -7.921988 -12.312770 -4.556709 13.858270
-27.687970 16.807070 15.034190 -4.270677 8.226314 1.179649 -6.626129 0.076791 12.350720 0.884331 -15.717970 12.541280
-29.103530 10.155380 7.426509 -9.419822 10.991640 9.174527 0.018363 8.932618 19.732510 4.132633 -0.957685 16.462480
-28.120170 10.792730 10.553700 -12.912430 8.456171 10.050760 -8.037702 -4.352991 12.634770 5.350552 -12.735060 7.204764
-22.448210 14.907300 15.836650 -1.080147 9.463165 6.052149 -10.231390 -8.035382 5.064758 -3.295505 -13.700800 -4.850199
-13.572400 21.890140 21.100980 -5.528803 -0.783476 0.218017 -9.133373 -21.419650 -6.311478 -7.064438 -16.935640 -3.300482
-13.035600 20.301940 20.708690 -5.546496 -9.599372 1.733581 -15.360380 -22.396480 -3.870731 -15.544730 -28.898110 -10.327430
-13.971270 20.351830 22.760230 -4.922019 -13.425640 5.460781 -10.698790 -22.826980 -13.318870 -15.771200 -31.713060 -10.895720
-12.314240 19.827670 21.449360 -6.945506 -9.679900 9.319591 -11.427470 -27.010120 -11.095100 -8.435667 -32.037830 -16.225020
-11.454960 19.367210 22.962710 -7.014310 -15.968150 6.661650 -9.019461 -19.036970 -11.522190 -9.916625 -32.588830 -15.303130
-10.537740 19.216030 22.982060 -4.555721 -18.485630 5.179428 -9.051168 -20.232790 -12.711080 -6.200611 -30.735330 -9.187243
-10.435200 17.653550 24.253480 2.175911 -10.760390 -3.763629 -13.571840 -22.442820 -1.662012 6.427612 -34.192100 -8.942789
-11.807180 16.178160 24.196160 2.225712 -8.642414 -3.531410 -12.186690 -26.966030 -0.587426 10.911730 -24.488450 -2.737604
-14.806460 10.644230 14.369450 2.244060 -2.333060 3.404153 -6.844558 -18.966710 -4.789947 7.417512 -12.981850 -0.291251
-14.168660 6.505481 9.202628 5.646244 -1.165008 2.945565 -9.705283 -19.906180 -12.152570 4.353648 -9.214018 -2.788118
-15.263270 7.431385 7.414599 -0.031053 -4.737964 -4.915364 -12.159090 -10.335850 1.318766 1.460215 -13.189230 -7.070138
-15.820060 4.967169 5.663790 -0.268262 -7.850422 0.616942 -7.081191 -10.664700 -1.872138 -10.648930 -10.294580 -2.540055
-14.952060 6.828569 3.612991 2.454403 -0.732657 -0.271573 -10.194990 -15.816460 -8.617388 0.184708 -7.638159 -2.774588
-15.187900 9.471212 9.162431 5.447695 -1.849890 -1.400495 -7.005445 -18.115430 -6.995243 6.060291 -8.920955 -0.721527
-16.054870 7.108297 5.302016 5.123334 1.508063 1.026396 -10.013550 -15.917360 -10.144390 -2.944526 -11.010960 -12.053050
-15.157650 2.573557 -0.239235 4.985072 4.489174 -7.208890 -9.906097 -3.577199 1.084684 -8.087801 -13.885890 -7.966774
-12.803860 -0.775122 -12.328900 0.050201 13.538050 -18.103870 -16.201220 0.938532 17.274650 2.523268 -15.467750 15.967250
-10.080930 5.564997 -4.183767 3.668626 16.226760 -7.925435 -16.795440 3.872039 19.550450 -0.464330 -16.204690 25.856400
-8.296744 8.109409 -0.903233 9.066119 13.038470 -2.329371 -11.014690 4.252460 18.505290 4.882061 -16.960490 9.967736
-6.580235 9.878334 4.339517 12.601980 17.278320 0.449651 -3.206999 6.173254 14.768200 3.932630 -10.900420 0.940044
-3.184130 12.745830 0.200700 6.429951 19.304820 10.719340 -1.891136 -7.706531 13.177540 -15.851350 -20.587790 -12.725070
-2.464304 12.444620 -3.961194 -1.742629 12.495100 13.357390 -9.168604 -13.873990 17.947470 -21.163500 -12.833610 -4.706774
-2.192062 12.076640 -6.749685 1.833858 7.689197 11.005960 -4.607415 -8.421782 20.891970 -19.671650 -12.091520 -8.812894
-1.413788 12.403560 -5.351717 -0.551996 1.913050 9.884052 -6.793474 -18.444290 22.197210 -13.343920 -18.977660 -13.531500
-1.603486 13.868200 -10.252050 -2.040779 4.498556 15.199930 -4.987319 -16.186420 18.763330 -18.349450 -13.437730 -16.014840
-0.581168 12.588890 -9.800946 -3.083975 3.473579 15.064230 -2.717293 -15.254420 14.836640 -14.054440 -14.886770 -20.596340
0.057652 15.853160 -13.737290 -5.479658 6.073158 11.191380 -7.002509 -22.042970 18.233570 -16.371210 -4.902901 -24.894600
-0.503238 18.160050 -14.888120 -5.304699 6.966788 4.941944 -2.382015 -27.135690 16.757210 -11.267620 -9.570493 -14.261260
0.705189 17.546100 -12.453210 -4.142899 11.137840 -0.838959 -10.717580 -24.474980 15.197350 -3.034022 -14.397470 -20.354590
0.032530 16.297500 -5.548981 -0.710572 8.215367 2.214982 -13.803190 -16.224540 7.407629 -9.022447 -6.462478 -8.550398
-2.971361 14.927250 1.719259 9.456663 10.311450 4.268100 -8.613722 -8.509974 2.615113 2.154390 -5.883206 -4.174566
-11.102220 6.820895 -0.615153 6.735309 8.540608 6.311275 -4.078956 -5.016673 -0.230828 3.133395 8.638000 -1.436851
-10.779740 7.691160 -2.191030 3.097227 0.605051 -2.025790 -7.095283 2.764407 4.970304 -0.608301 6.567704 -1.932075
-12.563920 5.223491 -5.179763 1.337815 0.831000 4.805655 5.265374 3.823459 13.997510 6.757579 -1.458977 -6.122988
-15.146890 1.420878 -4.443559 3.952359 8.318569 8.746355 0.774647 2.259171 17.725710 12.212920 -4.902901 -5.391428
-13.242220 4.247320 -3.658971 6.467957 7.359266 6.450489 1.065299 0.611923 4.109951 9.052558 -5.290225 -12.371470
-13.067390 3.610738 -3.123009 8.011784 6.222487 0.047801 -2.358528 -4.493500 0.232544 4.453261 -5.215673 -6.858157
-12.999710 4.987122 -0.248168 5.152822 4.081060 -0.374521 -8.168055 2.720311 6.253647 14.844870 -8.642459 -15.175940
-12.207080 2.744310 -6.355157 3.242042 10.648420 6.576250 -2.349133 -7.796217 0.533702 8.171610 -6.737546 1.192617
-8.324943 -0.688018 -24.112620 -10.318860 11.716390 -0.472205 -15.486040 1.298027 0.680859 10.815230 -16.399210 -4.808705
-7.307752 1.216741 -20.704050 -8.400215 18.541760 0.887767 -21.039550 -17.486880 1.611710 15.411420 -17.439500 -5.583564
-9.500557 3.197477 -12.168110 -4.455464 2.337583 -5.426597 -17.736100 -1.317091 9.441129 20.859760 -6.463335 4.995650
-10.275240 2.794960 -3.958216 -0.680429 6.101304 -10.932000 -17.729640 4.015538 17.480670 13.047950 -15.219250 -1.896896
-14.995640 -2.199854 -4.310313 9.962535 11.477940 -11.653220 -15.880030 1.716566 24.888470 24.252810 -9.883265 6.917913
-17.304320 -1.292369 0.811845 13.546880 15.777990 -5.830201 -13.018720 -1.803642 20.642150 15.789630 -4.398180 -4.013099
-17.399170 -2.444281 -3.213080 9.897663 11.033080 -0.617854 -11.312970 -0.283451 25.026730 21.189720 -0.101631 8.333226
-16.354290 -0.247898 -4.552240 10.251510 9.366219 -2.556910 -23.162200 -8.214008 15.839360 10.328070 -6.995477 9.560011
-17.445820 -1.445855 -3.458729 9.506464 7.320956 -2.067320 -14.140820 -0.416486 4.773867 14.940590 4.200060 9.701632
-16.953120 -0.519951 -1.489069 4.215780 4.976253 -0.731331 -16.710890 -0.317083 10.943500 11.794240 -10.784730 -3.047908
-17.022330 2.552836 -0.000286 9.410139 15.903090 4.712065 -13.425050 -1.622027 2.404987 8.211299 -10.368280 3.902368
-17.919550 0.306570 -6.356646 1.198242 9.718823 0.998904 -9.722311 3.990127 13.482800 12.831610 -5.214817 3.170808
-19.829860 -3.256221 -3.445330 1.327986 6.061431 -5.879335 -8.054729 2.017764 4.715689 5.278177 -2.750341 1.538102
-19.786800 0.925502 -0.057604 6.279238 10.006540 3.529913 -4.444180 1.266637 8.569139 13.714110 -2.961998 -1.381826
-16.241500 2.335654 -4.166646 6.983003 7.912800 -0.964135 -5.650828 2.625392 5.517179 5.617482 -10.777880 -7.518456
-17.380200 3.837129 -0.038994 11.081090 10.514720 -3.731457 -5.909773 1.348102 -3.510026 0.613509 -5.148834 -1.739037
-14.792610 4.573478 0.018324 7.627138 3.798038 -5.858863 -9.279580 2.886231 0.129192 1.220523 0.772418 -2.641085
-16.263030 3.426554 -2.261003 4.866467 6.228742 0.098690 -2.429577 -1.744599 2.045651 1.780843 -3.864325 -5.883044
-17.143330 4.001359 -0.170007 7.248389 2.809807 -3.277549 -7.899715 3.138102 7.549994 3.024444 6.830776 0.449330
-17.393530 3.863222 -2.795476 4.386151 5.102128 -4.412906 -8.266701 -2.528611 -2.912501 -6.893229 -6.232826 -2.570725
-17.653980 1.845650 -0.723835 6.469923 6.158378 -5.506147 -7.884449 -5.651207 -3.858411 3.507720 1.660177 8.368406
-17.696530 2.484535 -2.336187 2.335798 -0.448853 -2.591421 -5.430637 -4.332811 -4.503162 -0.120355 -1.608080 4.729546
-16.437350 3.142606 -2.615334 5.241284 3.119411 -3.759534 -8.308977 -3.098122 -0.766068 1.112350 -6.268816 0.535927
-18.763450 2.376327 0.632447 4.456921 2.817625 -0.906811 -4.923903 0.124624 0.491951 -2.339847 -5.506166 3.291682
-18.942380 1.957695 -0.109711 6.114109 3.022464 -2.064396 -6.515152 -3.849249 -0.152116 -4.231707 -3.011699 6.215218
-20.149790 5.734599 -2.534195 -0.717780 1.146858 -1.513973 2.774570 -1.380620 -1.189742 -4.179566 -7.431644 -3.672125
-18.039010 0.430510 5.265541 -0.236153 -0.882768 5.209844 1.064125 -12.767110 7.648555 8.534262 -8.980082 -8.673979
-15.187390 4.706243 6.550360 0.379149 0.800508 2.054125 8.594079 -13.811960 13.107040 6.742014 -12.174640 -6.912280
-11.535960 12.054760 15.215080 0.295274 -5.126532 0.406951 -3.896931 -14.467420 0.076490 -4.459726 -18.989650 -7.488688
-1.744990 14.238870 18.248470 -2.840213 -21.041430 -6.064759 -4.397206 -21.051930 -10.715230 -1.102473 5.858182 -17.407600
-4.842192 11.851390 15.471890 -5.226067 -22.881850 -6.249599 -11.948890 -21.462250 -10.229270 -1.613765 14.684360 -19.595970
-5.889632 10.716370 15.005160 -5.540598 -27.899630 -9.268443 -13.009910 -19.998110 -12.306570 -2.340625 10.851400 -21.020300
-5.910140 10.534490 12.341730 -7.746252 -30.693880 -8.718020 -8.257305 -20.625920 -15.005360 -4.291630 11.351840 -19.301900
-6.406431 9.127020 11.117950 -7.418614 -31.931510 -8.074593 -8.899090 -17.707360 -13.642620 -6.663653 10.322690 -20.356400
-6.783776 9.482724 11.332330 -7.860924 -30.212270 -7.544642 -5.801733 -15.202110 -13.796620 -3.035578 7.798228 -15.597190
-7.108313 7.715718 10.229140 -7.902862 -28.712730 -8.158823 -8.001884 -14.236480 -12.863030 -4.917321 7.936190 -18.592890
-7.910171 7.571441 9.593433 -7.707590 -27.547800 -7.889754 -7.616696 -15.926330 -9.101978 -2.406774 6.159815 -20.699170
-7.893252 5.705820 9.367883 -7.215479 -26.979410 -11.346710 -6.967865 -17.940540 -6.152001 -0.088448 1.999514 -18.989800
-6.268003 4.984820 9.938087 -6.495333 -29.424190 -14.014600 -8.792810 -10.244670 -3.844722 0.043850 0.106598 -16.326050
-3.191308 5.471754 13.067510 -4.486917 -28.961350 -14.169020 -4.291514 -6.116084 -9.339482 6.695321 3.116068 -7.103514
-4.291556 10.093210 11.424640 -2.937194 -28.209230 -14.451540 4.386371 -3.637738 -3.127419 10.069700 9.948216 -9.425385
-3.397412 5.484416 8.281071 -11.675280 -25.006080 -16.744490 -3.677914 -0.767760 -4.891929 6.777812 0.009767 -10.268800
-9.501582 1.609665 8.696442 -9.487970 -25.981800 -16.681900 -5.055431 2.200874 -2.644197 18.792800 19.316820 2.180360
-14.567030 -1.908231 8.301914 -2.907051 -23.415840 -20.393890 -6.697764 -7.039111 -6.490803 19.251950 11.395540 -4.679712
-12.457280 -0.231782 5.462060 -4.882703 -20.727910 -9.099982 -9.340647 -6.575729 -4.230751 11.171660 14.049390 -3.875988
