3.172515 1.296064 -9.677553 -16.299620 3.519959 22.400870 -7.324000 -18.756320 2.409084 -14.075250 -8.293132 -6.961620
0.994721 -7.768448 -11.237780 -19.840760 -0.018167 25.728220 -11.837470 -13.085130 6.489807 -19.999820 2.950551 -24.789260
0.233596 -13.907430 -12.754530 -26.745430 -4.350659 22.431410 -20.253920 -19.038470 0.236548 -27.674700 -6.987856 -31.853830
-0.830355 -11.707410 -11.181890 -22.581310 -1.052725 25.459170 -17.823820 -19.010810 1.951474 -26.338900 -5.015414 -24.692000
-2.063704 -10.147600 -12.026430 -19.862780 -0.798979 25.780200 -14.987710 -24.781580 3.243592 -28.400660 -5.217702 -21.198380
-1.789884 -7.077358 -14.094310 -16.301040 -3.124098 22.167570 -17.262970 -23.870840 4.688987 -24.777780 -9.203152 -19.952260
-0.708529 -7.031950 -14.226260 -17.498710 -0.119816 20.621520 -15.220350 -24.412310 4.706758 -25.053090 -8.000938 -18.615240
0.249839 -6.229088 -14.786700 -18.340480 -0.744767 15.137250 -18.384670 -24.565820 3.921121 -25.952080 -9.084740 -20.716040
0.016629 -7.581829 -15.370430 -18.854780 -4.276869 15.109310 -21.323020 -25.343100 0.250617 -26.245850 -16.344620 -18.549070
1.206468 -6.936146 -13.682130 -17.539200 -2.210766 18.669950 -19.347820 -21.092990 2.260990 -21.442510 -10.529260 -19.190870
2.286082 -8.418123 -14.067140 -19.185090 -0.591917 15.471930 -21.522310 -22.749880 3.473137 -24.728560 -13.643610 -18.963650
2.358018 -9.030873 -13.409670 -19.472790 1.790426 12.257020 -25.342320 -22.330120 5.579031 -23.245110 -15.514090 -24.031860
1.122349 -8.073825 -11.292890 -18.954230 0.221272 10.858490 -21.226700 -21.565990 6.466112 -18.440240 -20.328970 -18.301120
0.217933 -8.742961 -10.667250 -22.270890 -4.517814 4.953104 -23.970940 -23.614980 6.375035 -23.367380 -27.998360 -22.749060
0.731344 -7.805373 -9.217249 -20.135550 -2.329733 6.211256 -21.503790 -14.123110 6.637901 -20.100560 -22.883610 -17.734260
-0.504905 -7.107796 -8.111120 -20.264840 -5.234626 1.457442 -18.742520 -15.147950 7.445012 -25.689840 -21.513640 -17.732670
-0.688225 -8.131208 -5.668323 -17.459640 -10.231220 -1.598907 -19.078880 -10.803790 6.728238 -23.445820 -25.636690 -15.652610
-1.847317 -6.773478 -2.925124 -13.633650 -13.128580 -8.988603 -21.559360 0.152037 6.288400 -18.367950 -26.568640 -19.975380
-3.585954 -8.711025 -4.723650 -12.024690 -14.126250 -13.608540 -30.061010 -2.830509 3.279875 -19.336920 -20.927610 -23.692230
-2.443686 -7.374751 -0.112841 -11.044400 -16.439320 -13.462970 -27.576080 -2.668693 -0.400255 -14.323640 -12.639850 -6.809342
-3.465288 -7.044924 4.907042 -12.029660 -22.336450 -16.808510 -27.166370 -11.177210 -5.997459 -13.220860 -9.629107 -9.901136
-4.612198 -3.415826 11.880700 -16.642720 -26.178770 -10.413770 -19.147780 -15.229550 -8.844562 -15.144960 -10.847220 -19.478680
-5.943007 -1.119010 15.133880 -13.169790 -23.591620 -1.538469 -23.407130 -22.015480 -13.628730 -9.257301 -8.489389 -21.602590
-6.225528 -0.412950 13.908210 -16.431750 -21.841000 -2.106457 -26.059490 -23.171710 -17.147440 -10.492360 -8.961393 -22.639840
-8.716590 3.899753 16.709630 -17.559090 -25.126890 -3.647304 -19.653800 -19.898720 -19.145960 -19.449970 -13.440780 -15.779370
-9.509043 3.867818 17.370200 -13.286290 -20.539150 -2.568516 -26.343990 -23.005740 -14.038950 -17.278240 -13.100890 -12.630170
-9.188812 7.622660 20.159190 -13.443980 -19.716170 0.026423 -23.888700 -20.997560 -10.574300 -19.720660 -12.034080 -10.821180
-8.661478 7.609686 18.113050 -16.403340 -16.075640 1.053871 -25.551240 -24.835520 -12.569120 -14.840430 -9.705308 -10.168220
-8.202599 8.754850 19.142330 -20.370680 -19.070140 0.333813 -26.268420 -25.234530 -10.805320 -17.448190 -11.469980 -9.750453
-8.973586 8.866124 18.615270 -18.795110 -19.381860 -3.356161 -23.730150 -26.656990 -11.811620 -21.183350 -11.133930 -10.982230
-9.900627 9.416501 19.102750 -14.844100 -19.567840 -0.143193 -21.743840 -29.122970 -17.604310 -22.667570 -6.779538 -4.002969
-10.389670 8.441490 19.139230 -15.685870 -18.389470 0.121954 -26.407710 -33.034930 -16.766840 -23.151290 -7.872110 -13.132450
-9.242764 8.197488 18.259760 -16.710920 -17.515290 0.377354 -24.512530 -26.618270 -18.215190 -22.491460 -6.743356 -6.211393
-10.078150 8.294789 19.744690 -15.691560 -16.759330 -0.692335 -26.274350 -34.290050 -15.404380 -18.009580 -3.305563 -9.916284
-10.054940 10.194420 20.749910 -15.833630 -21.851550 1.011629 -21.996480 -26.811900 -15.083010 -21.247950 -7.855664 -5.056954
-9.224200 8.684993 19.769530 -18.378840 -21.514220 -2.415796 -24.139860 -28.822160 -13.881230 -22.886740 -12.014890 -7.923919
-10.298590 10.055200 22.635370 -17.228060 -21.377940 -2.898001 -22.159480 -25.012550 -16.243330 -21.740130 -10.043000 -7.364239
-10.626950 11.421410 23.535800 -18.237480 -22.087220 -1.797118 -18.927740 -30.295800 -13.414740 -24.802390 -8.648916 -10.800450
-10.094390 10.943390 24.794070 -17.155600 -24.420620 -2.624405 -19.962010 -27.224040 -12.845310 -24.966960 -14.652860 -12.246690
-10.374010 10.916440 23.437220 -17.221670 -26.375290 -0.711182 -21.527500 -27.653480 -15.349580 -24.580140 -12.155240 -13.527890
-9.955739 11.309640 24.371020 -13.522120 -22.893630 -2.027822 -23.370820 -27.275910 -11.107430 -21.376380 -13.992270 -8.355239
-10.454070 9.894526 23.651460 -14.129480 -26.914400 -4.917804 -24.813320 -27.679070 -12.155940 -28.593680 -18.118060 -13.343730
-10.007950 11.173420 23.941770 -11.491210 -22.821350 -1.771773 -24.945200 -27.041480 -13.672420 -17.415890 -13.609620 -11.651930
-10.889160 11.068630 23.396850 -9.435437 -27.369180 -3.354212 -16.716940 -30.278510 -17.045250 -16.810670 -12.189220 -9.535989
-10.286410 7.827742 21.440750 -8.943870 -30.272570 -4.374511 -16.776950 -28.900990 -21.384400 -12.469520 -13.938550 -15.717180
-9.241024 7.007914 20.016370 -4.855762 -33.233180 -10.108330 -13.488160 -25.637690 -18.668360 -7.681568 -12.946290 -20.689730
-6.997096 4.345345 16.203530 -2.598956 -30.684440 -13.653390 -13.020660 -21.987820 -15.072650 -6.229648 -7.201656 -22.771390
-4.002485 1.707225 9.315255 -3.933007 -24.982320 -14.874490 -20.959240 -18.062730 -9.713132 -0.977972 -16.176320 -23.022520
-2.744772 2.171778 3.661968 -7.015249 -20.859910 -10.129780 -30.796710 -13.907350 -3.951544 3.806906 -21.585460 -25.514770
-0.729413 2.941208 -2.821885 -12.821000 -17.046950 -4.541528 -36.069580 -15.519300 -6.007085 7.370570 -17.898780 -25.258850
-0.399322 3.528511 -8.232988 -18.952100 -16.477720 -4.007333 -32.047320 -20.725790 -12.190740 -0.372749 -6.632619 -21.510910
1.462883 5.137728 -10.158040 -22.082640 -14.693970 1.768081 -26.512170 -19.626260 -13.813850 1.545970 -2.640591 -13.887460
2.852285 6.210540 -10.461550 -26.970610 -14.288130 2.561574 -18.927740 -18.805420 -14.947510 -4.176350 -3.681632 -10.265490
2.921901 6.978474 -9.159031 -30.625400 -21.783030 3.754740 -14.363890 -18.517750 -16.355140 -13.906830 -3.992464 -9.017766
4.180774 8.933486 -8.879588 -27.702280 -21.362130 2.817624 -11.752270 -10.852890 -8.339562 -16.210830 -3.536358 -3.865043
4.084473 7.030368 -10.956780 -31.135440 -23.409400 0.473535 -12.884340 -14.435680 -12.401770 -22.493000 -5.822372 -8.526651
4.578741 10.816150 -12.293450 -30.963530 -21.826700 7.754703 -14.312020 -9.175249 -6.507642 -26.415030 -1.554597 -2.101492
3.507828 8.233415 -12.763850 -30.861240 -24.605090 5.602976 -14.161620 -9.642720 -11.103730 -28.953590 -2.676224 -3.177003
4.120441 8.756846 -12.109480 -33.430610 -20.044460 6.616127 -14.369810 -9.297648 -8.292172 -28.958200 1.155728 -5.778479
4.793387 8.418037 -10.693640 -33.442680 -24.410080 12.758070 -13.031780 -13.147370 -7.935266 -28.034600 0.804329 -1.010834
4.325225 7.181061 -10.775140 -33.422080 -24.930370 11.664330 -14.812860 -15.137580 -11.745720 -25.258420 -0.068961 -6.667429
4.552635 9.067214 -10.116120 -33.787910 -20.978120 10.205370 -14.020860 -16.147890 -8.432120 -23.956460 -0.169831 -1.130424
3.569901 9.025299 -10.355200 -32.451730 -21.945670 7.293293 -17.131090 -15.845700 -11.025980 -20.965720 -0.853443 -3.721535
2.986295 8.112162 -9.874716 -32.092290 -18.695170 4.645064 -17.911980 -21.217460 -9.640566 -18.189540 2.570645 -9.823801
1.499431 4.924663 -9.266151 -28.763560 -17.287900 2.346467 -20.739940 -27.115480 -13.294780 -9.203470 1.071305 -11.239740
1.527277 3.365343 -8.203491 -23.295930 -12.124150 2.089767 -28.594060 -26.382460 -7.710904 -4.677754 4.210875 -18.031640
-0.101717 2.047032 -6.906410 -17.765800 -10.154420 -3.054621 -39.156850 -23.034790 -3.427292 -0.704199 -3.743579 -27.970350
-2.555650 2.309497 -1.217417 -8.145428 -11.701740 -11.065590 -39.687320 -13.143910 3.690835 0.983812 -20.035680 -23.276850
-4.872094 1.761115 5.637475 -2.897306 -20.010580 -15.041510 -32.045100 -11.343180 -3.649432 -4.599314 -23.388500 -18.156020
-7.432191 2.802990 13.970310 -4.097810 -26.347430 -16.025420 -19.830880 -18.239060 -10.115950 -6.831026 -14.799230 -22.914090
-8.963143 6.350255 16.287360 -9.471665 -29.415710 -2.838213 -15.749340 -31.344150 -15.159280 -1.669326 -11.009490 -23.001790
-10.410560 7.888119 18.517470 -10.919370 -27.028850 -5.118614 -20.013870 -32.115200 -8.666109 -7.330123 -15.933460 -21.231070
-11.316140 10.108590 16.654510 -15.224850 -24.497420 -1.842609 -23.438240 -35.996730 -14.764610 -11.376740 -14.319000 -17.194520
-10.914110 11.235790 17.523890 -15.163760 -22.383130 2.089117 -21.139280 -31.111100 -11.111880 -16.553820 -10.198140 -7.335537
-11.165880 10.563660 16.438720 -16.676820 -23.643570 3.358968 -22.162440 -32.652520 -14.443250 -16.411550 -8.405514 -6.370049
-11.130500 11.053160 15.566240 -16.281150 -20.466870 2.033228 -21.675680 -36.018860 -12.894930 -10.184750 -5.701767 -12.040200
-12.029110 13.748170 20.281840 -18.573480 -24.134500 2.142407 -15.518180 -32.748640 -11.063010 -14.819660 -3.265544 -9.425966
-12.798360 12.161400 20.981220 -17.074620 -24.630700 -4.320571 -21.191880 -33.855770 -11.402880 -18.001890 -4.757758 -11.058760
-11.845790 13.478720 22.145570 -17.113690 -23.087890 -2.316366 -18.175740 -31.174030 -8.609833 -16.706850 -8.726213 -11.654320
-11.920050 12.979730 22.107530 -15.564400 -21.539070 -0.110700 -17.129610 -32.642830 -11.918250 -16.221600 -10.254610 -8.646241
-12.179940 13.409860 20.442520 -15.605600 -19.744030 2.128110 -21.110380 -34.598460 -16.629850 -17.806560 -10.615880 -6.219366
-12.873770 13.374930 23.057640 -13.236560 -21.223580 -3.091663 -20.900710 -30.850400 -14.976380 -24.944650 -14.676980 -8.750683
-11.939770 13.775110 21.443860 -14.506680 -15.626880 5.567233 -19.665660 -37.203440 -16.080420 -19.271550 -5.885964 -9.899542
-11.942090 12.346030 22.099770 -15.001800 -18.804340 3.825576 -18.892170 -31.817840 -19.012680 -21.642460 -15.474620 -7.453532
-12.932950 12.939820 18.973120 -15.326430 -20.873460 3.013236 -17.820850 -33.494100 -18.115970 -22.902120 -19.344940 -8.181436
-12.778050 11.974280 19.695010 -21.711840 -24.310690 4.395514 -18.208340 -37.030560 -20.640970 -16.822210 -11.776430 -7.094763
-11.459430 10.632020 22.084250 -18.332670 -27.421140 -0.735877 -19.374490 -23.629500 -20.894950 -16.133930 -6.092089 1.253399
-9.713827 9.787745 19.836280 -23.008950 -24.657800 -11.278100 -22.721070 -27.945300 -25.973830 -14.139080 -15.878640 -6.770277
-12.767610 15.462170 23.216770 -14.187020 -13.861210 -3.812371 -17.484490 -31.118020 -30.982360 -17.871930 -18.744110 -8.710819
-8.827974 18.399680 19.108180 -13.809820 -13.233250 -9.114678 -20.332450 -18.065490 -12.625400 -2.116899 -18.873490 -14.719010
-11.238400 14.902310 20.312890 -5.990913 -6.613283 -1.656746 -20.156860 -21.861270 -11.754600 -3.842592 -9.683379 4.141093
-10.879300 17.204620 20.975790 -7.713530 -16.297010 -4.440798 -17.717870 -22.947660 -9.419906 -4.524718 -12.438660 0.248048
-10.906570 12.293130 15.337250 -0.391875 -5.413828 -3.372408 -16.976990 -20.687750 -15.568020 -10.191670 -17.896040 -9.498517
-15.865480 12.193840 13.562010 0.532301 -11.563200 -7.407464 -11.859700 -22.919990 -7.073360 -0.475029 -13.018660 -9.385305
-15.421690 16.702140 15.478530 -9.461720 -13.255830 -5.370765 -14.037900 -28.982590 -15.334770 -1.996162 -11.775880 4.962276
-12.544260 18.792880 22.682720 -9.897880 -5.075753 -2.740732 -12.838400 -19.783930 -12.132240 1.828972 -11.691450 -3.239987
-12.984000 16.441170 24.707910 -14.049210 -12.455450 -3.332766 -12.117520 -25.177820 -18.940860 -6.371149 -13.580570 -12.443610
-12.547160 18.111270 28.274680 -18.967010 -13.207650 -7.626471 -18.858830 -18.849680 -17.911600 -5.619811 -14.042700 -17.987790
-14.356000 17.551410 28.862290 -20.339430 -17.681690 -4.984741 -27.264910 -32.014240 -21.893840 -5.571362 -12.448530 -18.333010
-13.068700 14.106440 26.777340 -17.866670 -15.125420 0.896602 -30.276610 -24.576890 -22.950490 -13.552310 -15.336470 -10.484730
-14.268980 12.623460 26.868930 -16.973040 -14.070530 5.383319 -21.669750 -31.503890 -25.331100 -27.721610 -15.864390 -13.383590
-14.612990 12.348520 25.613770 -15.325010 -13.678990 5.046035 -21.320050 -30.322080 -22.079700 -28.785940 -15.986640 -11.845660
-14.263180 14.206730 27.062990 -13.925610 -14.227900 5.200705 -22.304690 -31.602090 -15.367350 -20.051350 -14.334900 -15.265930
-12.670730 14.648830 27.392890 -9.668434 -13.022420 -1.642448 -22.902580 -31.440960 -12.167790 -20.066730 -19.455680 -11.575390
-12.672470 16.864310 26.313150 -10.196230 -7.179503 -3.681097 -21.234850 -36.304450 -11.755340 -11.259840 -26.313720 -3.504679
-14.858390 17.823850 18.014470 -12.715870 -9.866039 -4.831371 -17.754920 -21.270020 -6.713492 -20.223610 -21.934110 -1.961971
-19.343920 17.510990 17.443160 -6.542861 3.270731 -4.471342 -11.219570 -16.723240 -0.587594 -12.687930 -11.391590 -6.094993
-15.400800 12.939320 15.431950 -1.995152 -1.243975 -4.716343 -14.436490 -15.425250 -5.745700 -12.575650 -8.976195 -10.342820
-14.263760 10.857560 15.324060 0.955674 -8.659056 -6.599023 -23.381200 -16.894050 -12.873450 -17.445120 -16.052420 -16.849300
-13.167320 9.460911 10.001440 -0.276797 -4.184256 -2.330663 -20.716970 -22.782380 -12.482480 -9.284986 -6.315208 -18.817750
-15.674620 7.546316 9.119645 0.420064 -4.073572 2.145006 -16.855480 -8.178070 -8.995618 -10.185520 -8.491034 -5.265040
-16.540170 7.055816 7.766675 -4.658993 -2.110624 1.275478 -14.117170 -10.893690 -12.609110 -12.261880 -4.365243 -3.016753
-16.151490 5.202097 5.584691 -3.003860 -2.261214 0.949892 -13.478530 -10.035510 -7.812348 -5.416019 -4.608098 0.510348
-16.003560 4.651221 4.758782 -0.573726 -3.673001 -8.553839 -15.021050 -14.381740 -5.175539 -7.328586 -7.493849 -3.951945
-18.139580 6.507435 6.475028 -1.183213 -4.176727 -8.022243 -6.206746 -3.732949 -3.988567 -3.315041 1.790002 -2.994429
-17.380770 9.208924 9.363381 -5.068159 -7.966339 -0.566260 -8.880599 -8.239616 -4.304748 0.863845 -5.928175 4.219224
-23.119960 14.697230 7.467050 -10.017930 -1.553438 -4.991240 -3.111329 -9.632347 4.854112 -7.128639 0.602590 10.272860
-26.216670 16.737070 4.741705 -11.766120 7.241053 -5.199848 -5.237669 -8.074342 -1.312513 -11.472860 -10.541320 -5.078480
-30.687130 18.573820 2.790262 -11.800220 9.797328 -6.694554 -3.914448 -3.886468 0.095859 -13.616140 -4.605906 4.401798
-29.663780 13.637890 0.553941 -16.382020 7.600965 -6.809582 -15.161080 -7.822627 -4.001155 -11.812770 -4.051670 3.765581
-29.788510 10.250800 3.184587 -16.669720 15.823960 2.399106 -9.584439 1.246721 7.434646 -7.796922 7.927704 9.967505
-30.087280 10.393510 5.604873 -17.264290 12.233880 10.166380 -2.883878 3.542583 12.478720 -6.778732 -1.226770 -4.506044
-31.055510 7.386142 7.955299 -15.137480 16.110840 13.463830 3.435869 0.944524 7.487959 0.270926 0.852571 -0.111519
-28.527320 10.012780 7.969272 -20.870770 6.541559 -2.239031 -10.832830 1.356673 14.471320 -0.842623 -7.412714 5.829700
-28.003460 9.160523 11.251950 -24.374970 5.147843 8.885480 -8.243438 -1.051216 6.803026 -15.622530 -13.576730 18.269430
-27.977940 5.797383 9.357947 -21.534960 3.033551 6.798740 -6.023747 -2.728855 10.467610 -9.854066 -9.175741 12.781050
-27.894400 6.444064 9.503103 -23.600680 -1.484920 1.998785 -15.147000 -8.511385 7.795254 -8.009942 -18.307190 6.308856
-26.272370 12.392430 20.577580 -15.209930 1.169993 2.300976 -7.198050 -5.743212 16.985210 7.095259 -3.737000 17.369310
-25.624370 11.723300 17.021670 -12.416810 8.118243 7.592235 -1.686608 -6.180255 17.543530 11.151870 -11.240280 18.866580
-23.168110 8.518832 13.031850 -3.251774 8.904326 7.128226 7.201045 7.792002 12.972610 10.016790 -3.489760 14.153940
-24.270930 5.529429 7.345958 -4.869969 6.025033 12.901040 8.003423 5.534174 6.686031 0.399353 4.720705 19.856780
-22.837440 3.980588 7.266783 -1.500743 6.236613 7.908722 -1.424335 8.114944 10.758610 6.442356 6.437135 10.923430
-24.369550 4.680161 8.944217 -4.727897 8.284646 7.306291 -3.542524 6.056967 7.309506 -1.644717 -11.188750 6.732204
-22.181320 3.806943 8.207574 -1.605876 6.053646 6.135221 -6.018561 -1.298091 -5.438405 -9.960960 -8.165400 5.393596
-20.499530 1.388875 3.321203 -1.810459 9.009740 -1.828312 -14.414270 3.319220 4.392799 -5.576745 -0.848509 3.087108
-22.431930 1.829975 3.996524 -6.513026 3.766175 -0.156191 -8.126378 -4.473572 -1.572417 1.073019 1.013743 2.268317
-22.316490 0.940788 4.830971 1.086380 6.985802 1.014229 -4.922051 -1.348572 3.642705 -6.268099 5.242596 3.701002
-20.657910 2.564477 2.496070 1.050862 8.536885 10.893590 1.020585 3.397362 2.680836 -4.563169 -4.127871 2.332098
-19.323040 2.075973 3.012263 -0.180898 4.501057 6.770146 -1.894056 0.755046 0.936291 1.428309 0.845444 13.421260
-16.760620 4.115813 1.407795 -8.516234 0.039810 3.599420 -3.707741 1.923723 -4.482460 -1.532439 3.436809 2.116040
-2.009752 -3.030612 -21.539130 -14.224670 16.100300 1.016828 -11.601130 -1.334050 -5.257731 1.933559 -0.475181 8.643248
-3.408436 -1.500233 -16.398160 -12.703080 7.823838 1.325518 -11.102510 0.161718 -2.727549 19.002850 6.457966 16.610320
-4.844828 -4.492131 -12.360210 -6.724712 8.551191 5.677711 -8.104893 4.066759 7.661229 21.439130 -0.002629 10.672290
-10.548050 -0.986281 3.547862 6.149098 12.117930 -3.393204 -17.917170 -3.523417 3.048108 8.680990 -2.151044 6.057718
-8.413184 0.285126 6.641917 10.319610 13.233050 -3.930648 -25.097820 -14.719200 -2.423216 1.296806 -11.317030 -1.918919
-2.277770 8.304270 2.983543 5.452237 -1.694993 -7.599176 -17.771220 -19.530140 -23.825730 -7.899202 -11.875650 -15.586430
-2.925771 10.160480 3.786941 2.786976 -10.248540 -5.391561 -23.047050 -23.162720 -14.194450 -7.969953 -2.812179 -24.526960
-1.979585 8.343689 2.733597 -0.065820 -8.893225 -4.373861 -26.750000 -25.946800 -14.933440 -10.107070 -9.700922 -32.391190
-1.311280 6.163636 2.388174 -1.051797 -8.072506 -2.798571 -33.758030 -24.549920 -20.158930 -4.602390 -13.749960 -29.154290
-2.064284 6.727486 0.731698 1.413144 -8.394016 -4.737139 -28.182870 -24.397780 -21.235570 -4.813103 -12.182100 -25.498830
-0.794968 5.465061 0.856671 -5.973865 -5.644232 -4.654605 -30.610750 -26.653540 -24.327020 -5.777461 -18.279780 -31.644950
-0.006576 7.982925 1.481537 -7.343434 -1.982622 -1.446837 -24.848890 -28.028290 -18.364030 2.244246 -8.017933 -19.258630
0.251580 10.668950 -1.298921 0.091879 3.905471 2.480340 -14.086050 -17.886390 -10.021170 7.103718 -9.291413 -13.245660
-5.147654 11.033200 1.440397 8.839222 9.281555 -1.218732 -11.915260 -16.860160 -9.142230 0.247086 -5.691351 -13.807730
-8.447991 8.829699 3.613066 6.426137 7.581388 0.349410 -2.630495 -13.278760 -10.640940 2.494948 -1.407678 -15.664570
-8.967204 8.796765 2.309775 4.238236 2.870161 0.248679 -12.109370 -6.826831 1.191753 3.031728 -12.413440 -12.735410
-12.402130 3.255068 0.583438 3.250129 5.714064 -0.826209 -10.073420 -7.643522 -12.381780 -4.644686 -19.296700 -17.007960
-12.000680 4.290456 1.244010 7.015734 6.267485 1.687496 -2.031860 -7.740335 -12.593560 -1.274047 -13.189150 -13.989510
-11.959500 5.712556 3.266867 2.033286 1.752778 -3.039673 -3.807761 -5.642941 -6.292906 -4.282475 -12.223760 -15.070600
-13.692330 5.708564 2.354020 3.885899 5.869173 0.845262 -3.226907 -10.422760 -15.650950 -2.463729 -3.155903 -9.667538
-14.198200 4.888736 2.828297 2.352237 -2.054905 0.072564 -5.648860 -10.826610 -14.505450 -3.373487 -7.856761 -12.366280
-13.742220 5.196608 -3.131601 3.276412 5.485919 0.569716 -6.163033 -12.715160 -12.448420 -2.490645 -13.131040 -12.030630
-12.890600 6.211039 -4.210562 -0.723612 -6.168287 -4.390758 -11.032130 -15.663130 -24.050830 -4.164045 -13.436940 -1.743520
-0.575100 8.291296 -17.019140 -18.052790 -4.188774 6.026042 4.102665 -1.554646 -8.297356 -1.137160 -8.537631 -3.311741
0.492912 11.176410 -22.007200 -25.539240 3.812105 1.684897 8.865812 1.131236 -15.359950 5.351878 -17.943730 -1.990673
-0.398742 14.743140 -17.933540 -25.066860 2.745170 4.631417 3.604790 -1.494484 -13.076340 8.233417 -8.986063 2.632667
3.858224 17.453110 -1.990542 -19.842180 -7.093667 3.656609 -3.468436 -6.943698 -12.013030 -7.506230 -11.816440 -1.997051
4.796868 18.385710 -3.202238 -31.075060 -19.506850 15.350410 -9.218442 -12.058910 -9.710170 -18.485610 -5.490708 -3.166639
6.308097 15.761060 -5.161444 -30.605510 -23.442540 15.779970 -9.809668 -9.730543 -7.074841 -22.232300 -7.211524 3.426743
6.418321 14.563000 -6.925040 -31.060140 -22.805540 15.435540 -12.475370 -8.048063 -3.542064 -20.988020 -10.283660 1.140187
4.659378 16.045980 -6.905634 -32.113600 -23.609690 13.820610 -12.161240 -10.415840 -0.046311 -23.976450 -9.090221 -2.885204
5.112457 15.639310 -3.855824 -32.572490 -22.865770 8.073790 -11.557420 -7.169827 3.652331 -22.387650 -5.446852 0.211373
6.745512 13.837980 -3.542227 -36.232970 -21.096330 11.670180 -14.443900 -7.089611 6.902248 -23.397380 -4.776397 3.054420
6.962479 13.888880 -5.757589 -32.505010 -22.517160 10.883190 -9.337725 -4.956256 1.697493 -19.445350 -6.498857 1.705448
4.380338 15.593400 -4.282751 -29.807780 -20.968330 8.365582 -4.630143 3.719613 0.543843 -18.530210 -3.069835 0.211373
4.320004 16.808420 -6.814039 -25.007900 -15.495120 8.612534 -3.914448 2.940265 -2.659426 -17.135200 -3.347775 -2.568690
4.369895 15.125860 -10.809300 -30.077010 -20.127280 7.556491 0.142636 4.276982 0.622332 -12.439530 -1.167016 1.653626
2.752504 15.956660 -10.780580 -26.575650 -15.003440 4.489095 0.178940 -2.812530 -3.177013 -18.893190 -11.583460 0.619573
3.621533 11.871000 -11.348780 -29.143600 -20.740190 3.204298 -3.238021 5.099896 1.424260 -21.627850 -3.291310 6.274574
-4.456144 10.738800 -8.860959 -18.539380 -15.529000 -5.898461 4.394574 6.760247 -2.672754 -8.269873 -7.806326 6.726623
-0.159149 13.431310 -8.737538 -22.950700 -10.890060 3.975046 3.432905 6.556939 -5.652400 -23.627310 -5.591578 2.534604
-1.760298 11.493760 -7.882908 -24.844510 -16.161480 0.310417 -1.573253 -8.103386 -5.608713 -15.805550 -9.597859 1.107499
