-1.934141 -3.884089 -8.514538 -24.001540 7.463290 15.161050 -5.626866 -11.772050 -2.627115 0.573818 -16.586600 -12.381870
1.662846 -7.540842 -15.457430 -28.605580 9.776472 15.008360 -13.259920 -10.280010 -7.743484 -3.369244 -16.784130 -20.158960
-1.583677 -10.385520 -11.809890 -31.894000 4.480969 17.929620 -21.052600 -11.402590 -8.388732 -11.645030 -14.396550 -25.722990
-4.534808 -10.816380 -9.966213 -30.675780 3.967561 18.943980 -21.644870 -10.902580 -10.365390 -12.460710 -16.052790 -24.769800
-4.720610 -9.301679 -10.918120 -24.809350 -1.521360 17.124930 -22.446600 -17.852090 -11.325210 -14.081230 -19.083180 -27.762870
-1.753902 -7.622530 -10.177050 -21.378720 2.152142 15.716710 -18.101360 -14.788090 -4.279807 -8.686192 -16.319690 -20.713130
-0.925026 -7.048043 -13.103830 -18.582530 -1.448117 14.812030 -19.634760 -17.892060 -2.404431 -13.021240 -16.489480 -20.247710
-2.191148 -7.406830 -10.244990 -21.827440 -3.444864 15.185900 -19.424580 -19.084800 -3.762670 -13.976850 -19.420770 -21.489540
-1.551412 -8.321419 -12.207370 -22.380050 -0.185218 14.850200 -19.905620 -17.065220 -5.065908 -13.454980 -21.207160 -19.857340
-1.003464 -10.411680 -13.886280 -21.676780 -0.161752 10.574040 -20.549890 -16.355620 -8.270682 -12.913000 -23.713660 -18.254730
-1.946936 -10.957870 -14.173650 -22.150830 -0.620406 10.600700 -24.818570 -16.051880 -10.266120 -13.356010 -25.677760 -22.243580
-1.822326 -10.755520 -12.198000 -19.147480 1.678555 11.058190 -23.991550 -10.483390 -4.048403 -7.942422 -25.516560 -24.434990
-3.633614 -12.006470 -10.355880 -18.414990 -1.410429 5.236259 -24.104950 -10.636140 -2.890714 -9.415271 -31.405570 -24.848450
-3.939575 -11.680250 -7.771131 -18.546160 -3.230114 0.289313 -21.951110 -6.324335 -0.154113 -7.980306 -36.314830 -27.397760
-3.259229 -13.111660 -7.773473 -18.690320 -6.551626 -2.551970 -18.585290 -1.496529 -4.362978 -7.694241 -34.264850 -24.406850
-4.038595 -13.177330 -6.163278 -18.294200 -8.679214 -9.033778 -19.075000 1.151836 -1.920160 -11.549160 -30.811650 -25.409110
-5.397061 -11.350290 -1.376421 -17.338980 -14.042980 -14.119490 -20.130250 4.682102 -0.134662 -7.361013 -23.431560 -22.800630
-5.708029 -10.117490 2.749022 -14.156410 -16.708150 -17.709720 -23.910660 7.867778 -1.704854 -2.224210 -20.467240 -18.486360
-6.010096 -10.780080 4.249893 -15.523980 -21.340210 -20.766110 -23.899820 7.661735 -4.000781 -10.305170 -20.185800 -14.885000
-6.314944 -9.253627 7.058754 -14.933050 -22.633690 -20.527980 -27.171030 0.963555 -7.795802 -7.925413 -12.960310 -12.023250
-7.525993 -7.593165 10.402530 -15.290860 -27.736480 -19.776600 -29.141410 -8.301283 -7.795802 -4.508092 -17.675340 -24.041010
-7.800801 -4.054940 13.968850 -14.762920 -25.551300 -11.887790 -20.403990 -10.204520 -10.229900 -7.468481 -14.748680 -18.591710
-8.338736 -0.728144 15.259660 -16.990920 -24.472570 -10.947360 -17.709160 -13.142410 -15.441510 -5.965479 -14.953480 -13.726880
-8.691981 1.453414 13.884510 -12.340110 -21.751930 -5.859831 -22.503660 -22.864630 -10.527040 -4.715297 -11.016680 -16.439260
-9.276089 2.752418 11.693340 -16.357130 -21.941790 -6.055552 -19.727940 -22.406360 -12.154240 -13.139530 -15.464820 -10.885330
-9.908593 1.680326 13.736930 -18.411090 -20.071620 -10.222040 -30.136710 -27.608950 -8.699283 -14.938650 -18.618750 -13.851710
-10.439850 1.312996 16.965130 -14.276540 -16.280790 -14.495170 -32.451620 -21.099940 -7.579154 -12.800890 -15.193950 -8.435596
-8.783214 2.924871 11.915890 -19.994910 -18.541350 -6.736636 -24.846730 -23.485420 -14.363640 -10.348460 -7.414836 -10.820390
-9.817918 5.030614 16.027280 -18.710450 -18.182250 -16.875330 -23.536520 -22.172780 -9.886484 -15.571860 -9.207170 -5.587555
-9.793441 4.571451 13.809550 -17.391580 -11.910420 -9.488238 -22.066680 -26.035210 -16.887620 -13.996950 -0.734375 -4.356555
-10.196750 7.298132 16.325580 -18.209140 -14.936110 -7.987309 -19.565420 -27.755490 -12.451380 -16.317950 -10.054780 -9.345496
-11.292650 5.889676 15.760210 -15.800620 -15.708360 -10.011780 -24.479810 -34.085990 -17.765610 -19.028610 -7.882574 -8.509917
-11.909020 8.775996 17.995900 -15.635680 -13.618460 -9.731829 -22.401820 -34.782270 -16.127680 -13.226120 -7.102350 -6.345204
-11.889550 8.962331 20.208160 -14.554470 -13.772770 -7.472254 -21.267110 -37.183740 -16.948660 -20.474400 -3.400746 -2.341929
-10.835380 7.055203 15.594660 -17.833150 -16.020530 -7.479526 -26.837340 -32.249360 -13.557420 -18.643580 -13.406900 -11.085200
-11.124650 9.678839 18.777570 -14.215500 -16.658380 -6.260362 -22.516660 -30.492670 -12.664000 -13.538480 -12.351190 -6.462821
-12.686720 10.895090 19.666230 -11.390080 -12.759460 -1.177683 -20.176470 -37.915550 -24.059120 -15.026020 -10.181630 -5.024008
-12.583800 9.213269 17.510190 -12.660250 -14.789630 -3.879598 -22.305030 -32.442970 -20.298310 -20.912780 -12.145730 -12.428050
-12.473100 11.793120 20.064480 -13.528460 -21.771840 -4.013513 -22.742730 -28.598310 -16.763530 -15.305120 -15.933880 -13.513290
-12.920920 14.471220 21.824610 -16.661030 -21.564910 -3.153675 -19.964120 -31.781330 -19.219770 -16.126980 -16.620950 -14.115800
-12.901450 13.419950 21.060110 -14.668110 -19.261690 -1.733336 -20.526780 -36.654420 -17.518780 -13.686150 -15.066450 -21.552310
-12.698960 12.162060 22.693740 -10.173160 -18.982230 -1.765451 -17.647770 -36.477690 -23.906190 -13.255500 -16.676450 -9.432085
-12.860280 10.908970 20.440870 -4.921687 -18.758230 -0.362685 -19.155170 -40.468890 -24.381750 -5.416543 -19.460410 -13.907990
-11.719330 8.029056 20.921120 -2.313809 -24.711500 -4.666723 -14.202500 -34.538930 -32.606980 -6.416998 -20.558400 -10.458880
-9.145360 6.023154 18.050560 -3.955421 -28.614680 -12.644010 -10.008940 -30.493560 -26.996940 -7.183189 -13.177660 -23.845460
-7.255078 4.923832 11.064720 -2.404721 -26.581670 -15.202310 -19.039600 -18.376090 -23.218020 -2.255909 -14.610600 -19.774360
-6.199235 3.526588 4.903498 -4.556090 -17.649640 -12.954860 -25.927260 -15.955970 -14.642000 7.878532 -18.399410 -18.788700
-4.746756 1.860254 -3.052211 -7.934124 -14.406350 -7.846123 -33.294520 -17.038580 -8.914588 9.103974 -19.437950 -22.454280
-3.159653 2.169388 -7.442376 -13.780420 -12.223300 -0.379652 -34.966600 -18.551040 -9.693312 8.228769 -15.318820 -18.171750
-1.327782 3.904063 -10.317610 -20.920910 -6.703799 1.179448 -31.240350 -18.283720 -11.246740 -0.176910 -7.609727 -8.298497
-0.790404 5.158753 -11.816140 -23.782700 -13.902190 2.581608 -25.991550 -15.251690 -19.473980 -8.148852 -7.913624 -4.451081
0.300486 6.278897 -11.516280 -26.097710 -14.685810 3.623836 -21.193440 -13.439930 -16.024380 -12.036250 -5.121070 -2.049693
0.657069 6.811206 -11.093820 -26.812670 -16.552430 3.671099 -20.061630 -14.304070 -12.441310 -11.996820 -4.476939 -6.280985
1.305706 8.044005 -10.423030 -28.993910 -14.695760 3.755932 -16.975330 -15.094490 -8.013791 -15.556400 -3.106097 -7.744330
0.247638 6.410239 -12.994500 -31.316060 -19.622920 2.483445 -22.435040 -15.619370 -15.676940 -21.791850 -8.899309 -10.111080
0.791692 8.395318 -12.998410 -30.688770 -16.408070 5.855536 -21.391350 -11.220520 -11.658570 -20.799890 -6.435757 -5.782379
0.943560 9.078190 -11.860650 -30.058880 -20.274990 8.867089 -21.340070 -7.481551 -12.095890 -23.041250 -5.008100 -4.137197
0.441784 9.944193 -11.820830 -30.167970 -21.624650 7.095303 -22.338250 -4.911340 -15.782920 -26.527380 -4.470333 -1.747355
0.228724 9.855029 -12.209710 -29.272490 -18.944540 6.373014 -25.292380 -6.366964 -14.338150 -24.295300 -6.263329 -1.831778
-0.253025 9.248507 -11.064140 -29.941990 -15.972890 6.624482 -24.739840 -11.691230 -17.278660 -16.039610 -6.852625 -3.414905
-0.496125 8.540008 -10.207510 -30.296550 -16.315630 1.431522 -26.853950 -17.475530 -15.088040 -17.434380 -8.520759 -6.908751
-0.537847 7.933486 -7.417387 -25.748350 -12.576000 0.302038 -26.147560 -21.333520 -9.822093 -10.097960 -0.417264 -10.851410
-0.834907 6.983659 -7.734429 -19.629310 -9.517591 3.311773 -30.924720 -22.434780 -8.604038 -1.563940 3.022063 -11.386100
-2.560526 5.215881 -8.063184 -17.225340 -6.919261 -0.614153 -38.152570 -21.751820 -10.663200 2.666733 -2.550493 -18.163810
-3.955151 3.987887 -4.631171 -11.409560 -7.067879 -5.448393 -39.501790 -19.489780 -6.986224 5.666552 -17.598050 -22.060300
-6.081857 2.227584 -1.564616 -6.993833 -11.700640 -13.482640 -38.338920 -18.501310 -9.321725 -0.776874 -31.228510 -24.025140
-7.934311 2.129345 5.119023 -2.444333 -19.453680 -13.724410 -24.018280 -20.564410 -17.514760 -6.546887 -22.182280 -22.681570
-10.113310 3.583717 13.127830 -1.707295 -25.291750 -12.279830 -17.965570 -28.334540 -17.607320 -1.186643 -20.532640 -30.749460
-12.167140 5.510066 18.533150 -4.578169 -24.890690 -8.032755 -15.101730 -38.414670 -20.018610 -8.305802 -17.903260 -27.195000
-11.415030 8.632909 17.645280 -9.179619 -20.570100 0.056023 -11.206480 -41.166060 -19.109100 -11.623390 -15.116660 -13.955610
-12.341260 11.047790 15.723510 -15.587620 -21.636020 1.558164 -15.381980 -45.905940 -18.083540 -11.733950 -16.027690 -15.330210
-11.160250 11.458360 18.577670 -15.462290 -19.241780 2.502835 -11.522840 -43.277110 -16.129020 -12.657860 -5.888741 -6.423856
-11.761050 11.236790 18.462870 -17.722110 -16.954900 1.432734 -17.466480 -40.144730 -15.163160 -12.262010 -6.987397 -7.514871
-12.027510 12.219180 18.544090 -19.120860 -16.701040 2.173200 -19.048270 -42.343700 -16.337620 -11.940380 -6.995325 -5.885564
-12.591040 12.732270 20.486160 -18.122770 -14.240670 1.503023 -18.336820 -41.471570 -17.298780 -15.713350 -3.913408 0.768763
-15.210060 14.045690 22.953770 -20.405960 -11.218520 1.538774 -18.096310 -46.099550 -23.682840 -13.415550 3.194492 3.137681
-14.301630 13.387380 22.089330 -22.360570 -8.491486 -1.966020 -18.009630 -39.043460 -21.874540 -11.335770 -1.278087 -0.732104
-13.577340 16.920270 14.765360 -22.553440 -13.375980 -11.837490 -12.104990 -32.198740 -19.185560 -13.710120 -7.246371 -6.340154
-14.312200 15.209620 14.085200 -22.209920 -13.066650 -11.106120 -11.424610 -32.935880 -19.561840 -9.549799 -2.679980 -7.171403
-13.868840 18.708330 15.076930 -18.980590 -9.718830 -8.286040 -8.902406 -38.814330 -23.089910 0.489544 -3.059852 -4.581685
-13.803200 17.760640 14.638070 -16.263620 -7.618264 -10.923120 -9.272935 -22.875290 -16.078040 0.983587 -2.038492 9.328038
-12.140440 16.131150 14.030540 -11.575150 -8.851297 -9.041656 -8.900239 -13.977240 -17.284690 -5.986354 -4.187576 -3.230183
-11.240910 9.773341 6.921318 -9.060784 -2.831903 -11.539970 -19.275790 -14.575830 -15.154440 -0.601369 -6.087596 4.113245
-14.584230 5.977772 3.914891 -7.268517 -8.948007 -9.965117 -18.810640 -19.805950 -8.681843 -0.695693 -1.870027 -1.002693
-14.786170 7.930816 8.425312 -2.455372 -14.397110 -14.085550 -16.871320 -13.193030 -10.125940 -1.889436 -7.463724 -7.600017
-15.775250 8.317902 6.277864 -4.789865 -17.722170 -13.908010 -8.509485 -3.999244 -9.680568 -0.694920 -0.530235 -4.096789
-15.122720 6.860859 6.619113 -1.207279 -8.322246 -7.598897 -15.759010 -18.600780 -16.949330 -15.474440 -8.997086 -7.159858
-14.706620 5.919575 2.064962 2.790905 -3.648237 -3.444529 -16.075370 -11.158360 -21.531120 -6.488901 -4.838974 -20.421610
-15.236760 6.907310 4.249893 1.922694 -1.418251 -1.692738 -12.942120 -15.603380 -16.903720 -6.572401 -3.158288 -15.714080
-15.260680 7.824034 5.012041 0.942792 -2.949944 -1.543069 -10.755780 -19.655860 -19.859650 -14.429920 -5.269055 -7.058838
-18.947790 13.233610 9.446716 -9.643270 -9.410216 -16.082750 -7.584245 -22.554680 -8.472573 -1.883251 -12.168190 -5.690018
-20.302920 15.213890 13.318370 -12.188810 -7.877101 -18.808300 -16.054420 -27.841640 -7.409458 2.894039 -11.640330 -2.014336
-15.637850 16.600990 17.327460 -13.258320 -4.798072 -10.851010 -3.123444 -18.684260 -15.659500 -4.364287 -21.548720 -4.158844
-14.415680 19.051640 22.625020 -7.811392 -6.107193 -4.404348 -13.590720 -21.607060 -24.413270 -3.313577 -12.066450 -7.955029
-15.127170 19.028140 20.900810 -18.289010 -10.066550 -10.521980 -13.786460 -21.139020 -27.458410 -9.150854 -13.558190 -15.748720
-15.758010 19.308450 24.565530 -23.152810 -16.346210 -6.994769 -24.094120 -18.926720 -21.515690 -15.942970 -15.873100 -18.705720
-16.394410 16.612730 22.704670 -20.809220 -16.849660 -7.238965 -26.678430 -20.853040 -24.728520 -14.480950 -11.166650 -20.970010
-16.883940 12.281120 25.151200 -17.592230 -17.347430 -3.533603 -28.670480 -24.846020 -25.767490 -19.597650 -11.816070 -18.275660
-17.567630 14.580140 27.987390 -14.877860 -17.621200 -1.460660 -24.008170 -25.490790 -26.741390 -22.337690 -16.321020 -10.979130
-15.232310 13.270990 27.643800 -16.237640 -15.448100 -0.889253 -22.838070 -27.940220 -24.625220 -22.896680 -20.189760 -12.673380
-12.774060 14.413020 23.870540 -15.901270 -10.548670 -1.936328 -23.717810 -32.099270 -20.728250 -18.573230 -21.283130 -12.994480
-15.172230 19.595160 19.664660 -16.098030 -0.518009 -0.537198 -23.198490 -42.694510 -24.990770 -11.931870 -20.998400 -4.948243
-18.653510 21.619750 19.534260 -17.204560 -1.037817 -5.639266 -17.751780 -31.652550 -8.137877 -12.827180 -12.814960 4.971192
-20.928750 18.715810 14.239040 -10.988770 0.184550 -2.691943 -15.249800 -21.981840 -9.023918 -17.272790 -3.989382 -4.989373
-16.536820 9.849156 14.356170 2.653238 1.042127 -0.230589 -6.083347 -11.614850 -7.882998 -11.522100 -1.058752 -17.192580
-14.351140 8.507974 13.522180 4.711747 0.833777 3.475985 -5.748209 -14.123780 -24.148330 -7.224939 -12.256720 -21.932580
-13.251350 10.856650 10.233850 4.022763 -0.134019 0.790430 -8.854735 -4.746150 -12.629790 -3.237035 -7.633510 -14.825830
-14.481320 7.859272 9.967570 2.383748 -1.787308 -4.017754 -11.421000 -4.596947 -14.336140 -10.074770 -0.542126 -8.083469
-15.852580 4.685708 4.195230 1.836328 -2.354049 -5.663505 -14.967390 -13.094450 -22.285700 -20.013600 -10.469010 -12.683480
-16.191360 9.414020 9.623198 -2.415111 -7.762616 -8.020030 -15.216580 -11.175230 -17.940670 -10.110330 -12.137140 -17.866530
-16.665320 8.653197 8.363622 1.504499 -5.320725 -2.179313 -14.714590 -12.521620 -11.297040 -7.583681 6.979999 -7.268094
-14.327220 7.408118 8.671292 -0.789733 -0.537208 -4.232865 -10.344080 -5.516148 -12.480220 -10.520100 -0.316846 -1.201125
-16.244760 5.601899 6.286454 -0.000096 -1.052750 -2.472591 -8.768062 -4.487708 -16.037130 -15.773650 0.939044 -2.151434
-20.400830 9.136386 12.892790 -11.942050 3.395843 -9.399770 -10.684990 -7.076570 1.652177 -12.180830 -4.638798 11.204120
-24.769950 15.332420 14.090670 -14.937600 4.758295 -8.194543 -7.741702 -8.790636 11.349000 -9.282290 -0.945782 16.537980
-25.790190 20.454750 4.589580 -17.963020 7.739193 -10.809810 -10.765890 -7.116535 3.253893 -2.773919 3.958200 10.629030
-28.518800 15.230970 12.810010 -14.992150 6.674688 -10.511680 -15.907080 -1.846448 2.319559 0.196521 -8.218843 8.206717
-25.435830 13.660210 15.832060 -13.007670 8.261135 3.618382 -4.082632 -3.779879 0.276499 -6.977531 -8.064913 -2.984849
-18.341990 18.886660 22.731220 -14.245370 0.633961 -2.369580 -15.132070 -13.360890 -8.414220 -14.926280 -14.171930 -8.331690
-16.296500 18.103410 30.626020 -7.812691 -3.467619 2.112605 -12.071770 -19.490670 -13.150280 -22.929150 -21.583730 -12.290950
-12.598270 18.207530 24.428870 -6.941883 -3.233670 4.112228 -5.256337 -14.890220 -18.050000 -12.681830 -28.412180 -22.908860
-13.639650 19.630930 24.350790 -6.758111 -2.368982 3.506282 -10.703770 -16.076750 -17.434940 -11.331910 -24.776640 -17.199800
-11.120200 17.673610 25.482300 -7.975034 -6.589314 3.572936 -11.631180 -20.042190 -14.039010 -8.606557 -23.744050 -20.309050
-13.052200 19.803380 27.393920 -8.678304 -12.187030 4.295224 -6.833074 -21.843290 -16.794390 -4.532833 -20.405140 -13.836550
-11.744360 18.493170 26.078900 -7.943215 -4.965179 1.766610 -14.567970 -26.761690 -17.622080 1.362430 -22.634820 -9.904714
-10.179510 18.036670 25.403430 -5.769117 -5.502765 0.625613 -8.804175 -22.437440 -11.843020 -5.006001 -31.128090 -12.661840
-12.910350 18.484620 24.759970 -3.030066 -5.767291 -2.432598 -8.092730 -19.866340 -3.456144 -5.940738 -34.212650 -3.380991
-14.512470 15.540640 25.492450 -1.287801 -2.753683 -3.191849 -11.074300 -21.679880 3.248528 -0.946194 -25.917570 4.044695
-15.002010 8.741292 11.768300 -0.003993 -1.938771 0.009366 -7.609525 -12.307580 -2.554004 1.071726 -14.119080 -1.530883
-15.161660 9.037613 6.969733 2.914935 1.240522 -4.070471 -12.831610 -19.022630 -3.859256 6.700253 -14.292170 -6.014725
-15.401980 7.219647 3.922699 1.386313 -1.677089 -8.930767 -10.414860 -13.961250 -7.141164 5.773247 -2.201672 -11.519590
-14.732760 7.824034 4.237398 -1.158576 -3.678102 -2.810103 -11.433270 -16.820990 -18.659700 -17.360930 -14.689880 -12.688530
-14.543620 5.416098 3.203500 4.587068 4.584789 -3.302737 -17.444090 -17.463990 -21.011970 -10.451290 -12.302300 -10.929350
-16.310410 6.195073 6.141989 5.979321 1.298832 -4.294065 -17.348020 -24.973910 -17.361160 -9.106785 -16.189550 -16.675210
-17.830200 5.904626 4.994081 6.807271 2.507688 -11.257000 -19.182620 -13.413290 -7.809887 -5.851826 -9.448307 -6.231196
-17.246650 3.145910 3.005934 6.856623 1.987880 -15.393790 -7.378395 -3.998356 2.173339 1.025337 -6.123932 -8.740099
-12.399670 -4.084839 -12.478340 -3.062535 10.026780 -2.249603 -8.321692 -4.060524 3.914568 19.549990 6.191186 -4.462626
-10.236250 -9.081708 -13.967490 -1.525471 11.972330 -12.127740 -12.839550 -9.118351 -3.334741 24.140180 -8.142208 -0.954348
-7.365780 -7.659370 -20.323940 -3.576188 10.834580 -4.084408 -8.055894 -5.851856 -9.066175 18.911370 -14.461300 8.195171
-9.748381 -0.603743 -14.136170 -8.598432 14.473950 -0.006995 -10.222730 -5.150244 -5.063226 20.364120 -5.762558 -0.026408
-11.227010 -0.132834 -7.810175 -6.010684 12.130900 -8.801701 -11.189140 -8.798629 -5.208775 10.055720 -5.188456 15.020510
-13.625740 -2.931593 -5.357399 2.458426 16.208300 -3.663275 -14.651030 -1.614649 1.884252 17.955760 -7.722037 7.920975
-16.809400 -3.131809 -1.044543 9.071630 17.986030 -4.130460 -15.994470 -5.927346 -2.224003 11.077050 -10.749120 4.170970
-17.383500 -7.497595 -6.678665 2.404528 17.409340 4.035879 -6.045789 -2.175051 -0.301675 13.790030 -6.197925 4.785749
-18.043810 -3.952430 -7.273704 -0.792980 13.961250 6.198502 -3.961289 0.963555 0.264426 16.149680 -14.633720 0.569610
-18.847660 -0.138707 -4.059560 -2.537842 11.383540 1.970814 -8.440146 -4.224825 -1.152168 12.297850 -14.267730 -10.427130
-20.105430 -2.655027 -7.583717 3.369495 11.279010 -3.324551 -7.467236 -0.701665 4.025910 16.890360 -0.885663 -7.394369
-19.290470 0.916300 -3.147480 1.476576 4.938201 8.924655 -0.456065 -10.145010 -0.702775 11.854070 1.750318 4.080052
-16.801060 -2.450006 -8.891708 -0.222831 7.432713 7.097726 3.318570 -3.073826 -4.957920 -2.612330 0.373530 0.469311
-16.301510 -2.267408 -11.757580 -3.418391 6.457094 6.283940 -2.794807 6.767401 -8.269341 -4.852144 5.891253 7.744190
-17.539260 2.584770 -0.037975 8.728113 10.341790 -0.922580 -1.931682 -6.820792 -5.330178 -4.520463 -0.840739 -5.500967
-17.559840 3.248955 -0.921162 3.266245 1.076971 -2.825252 4.495886 -8.628111 -6.310793 1.366296 5.419551 -4.592509
-19.265990 1.758277 -1.091396 -1.552096 3.347488 1.586038 -1.730166 0.452888 -5.051823 -8.419455 -2.942917 2.399514
-20.156610 -0.484147 -1.139811 -2.802786 1.526381 0.226900 -0.751477 -3.219477 -2.521809 -2.148441 -2.761900 -1.281220
-22.128670 0.099951 -6.766125 -0.526737 4.160266 9.110074 -0.107926 -5.778142 -4.605784 -7.323129 -3.982775 -6.218930
-18.741410 1.388811 0.513333 7.672234 8.191448 3.442052 -3.978624 -14.549190 -5.937194 -2.456928 5.097155 0.337264
-18.580640 0.380788 -4.547616 -1.120263 1.822907 1.641179 -2.868479 -13.328910 -3.503095 2.117024 -5.285571 -4.916494
-19.043470 2.471581 -6.874669 3.285726 -2.967010 11.377530 1.581487 2.594138 -4.203343 -2.308483 -8.155421 -2.956707
-21.037780 6.794121 -15.421510 4.925390 -10.332500 12.284630 0.443174 10.224840 -2.929616 -3.886481 -9.652447 -2.069897
-14.282720 2.474251 -8.507510 -7.920487 -9.155645 4.684242 -2.603403 1.203347 -2.179063 -1.261639 -8.907898 -0.346785
-0.551198 7.872086 -16.663910 -26.179530 -4.329463 -2.477438 1.520815 8.907763 -9.333798 -3.016688 -7.696932 2.222729
-2.277930 3.565564 -20.548840 -22.591750 1.135280 -6.160380 1.346746 12.102320 -8.893796 9.797489 -18.682170 -4.230280
2.852756 6.728450 -19.763260 -25.650290 2.329915 6.495416 7.832097 11.461990 -3.656023 8.412005 -18.844690 -0.180824
3.527539 18.083660 -2.387674 -22.907990 -5.942220 -3.383934 -2.970321 -3.910432 -9.944838 -1.127884 -18.314850 -0.669327
7.464976 20.693410 -2.860112 -27.223070 -21.865710 -3.663882 -2.755081 -0.768273 -8.738185 -9.045706 -12.823550 -3.969793
6.952631 19.795910 -5.864197 -27.769190 -22.863370 0.204480 -4.573060 -11.662810 -0.785275 -17.354740 -7.737892 -3.260489
7.150115 21.259890 -5.045824 -32.921310 -23.573750 6.286364 -7.134264 -6.326111 1.962057 -18.113200 -9.128554 -3.823314
7.937269 19.897350 -7.250277 -28.842600 -22.770220 0.043904 -7.062758 -5.248825 1.058576 -15.328320 -17.274330 -10.195510
6.522617 21.811950 -5.112980 -30.593310 -20.100780 1.286095 -4.912531 -0.618182 0.307353 -15.439650 -9.091558 -10.187570
5.068469 20.411510 -5.181699 -33.484310 -21.557800 3.044551 -10.227790 -4.024999 -1.333266 -17.108880 -9.942471 0.555900
5.679278 19.108230 -1.991763 -30.310830 -26.230390 1.130366 -9.335773 2.747782 -3.047666 -19.606150 -6.972863 4.296524
5.541317 19.381060 -0.178536 -31.150470 -23.944230 -0.683231 -8.869181 -1.530278 -0.272833 -12.714300 -10.652010 3.815236
3.800678 20.194210 -1.620840 -25.071700 -20.985370 -0.203322 -9.039639 -2.188373 1.058576 -6.802026 -8.942251 0.008949
5.200866 19.272680 -7.661025 -28.865980 -22.317250 -5.715010 -5.949725 -2.592466 -6.041829 -3.206109 -9.211796 -3.382434
-0.939490 14.309980 -6.600576 -20.746230 -21.067860 -8.254531 0.801424 1.129633 -0.985154 -6.525239 -2.222152 -1.973928
-1.820657 17.319630 -1.636458 -16.410380 -19.758740 -5.375680 -3.222397 -8.553509 -4.350904 -16.052760 -8.445445 -11.086650
-0.735331 15.576950 -4.789692 -18.648110 -17.881460 -9.434915 1.143785 0.836554 -0.251370 -11.747860 -8.097945 1.241392
-7.016985 9.771739 -2.289282 -11.449170 -16.877400 -8.007305 -5.003539 2.989350 -3.825719 -5.609830 -3.756174 -1.607370
