3.704823 3.077970 -13.585550 -18.927970 -1.010526 14.652750 -10.055390 -18.580950 -0.313923 -3.709122 -13.702350 -11.926690
3.599201 1.233220 -12.781990 -19.357150 4.337655 21.970390 -7.941765 -11.171920 3.087639 -1.875181 -10.943910 -11.277820
4.130834 3.753483 -17.861500 -23.523500 -1.066898 22.078830 -11.695900 -18.845920 3.409799 -11.966790 -8.612637 -17.390480
3.860323 2.576688 -18.707120 -27.299400 -1.179644 22.106770 -16.840930 -16.966360 5.299479 -16.514840 -10.947730 -20.776570
2.623952 -0.273984 -16.936830 -27.244400 -3.870449 21.720260 -21.037350 -19.893430 3.299894 -18.876120 -6.757548 -22.120200
0.766168 -0.640079 -18.667230 -29.174180 -3.688877 19.959370 -21.195060 -25.931740 0.572873 -22.155520 -7.434904 -29.352820
-1.565157 2.954539 -18.696240 -26.697460 -3.752460 22.059530 -22.553350 -21.426480 1.355947 -19.648550 -7.201267 -22.696150
-1.122129 3.008277 -18.823880 -27.087910 -2.415906 19.841620 -24.761240 -21.515290 2.411723 -20.997640 -8.266956 -24.020110
-0.354605 2.976790 -19.467160 -25.935150 -0.326845 23.022800 -23.890890 -19.370040 4.824140 -19.411050 -5.297795 -22.686320
0.332529 1.488059 -21.396270 -25.245670 -0.912202 19.134470 -19.914430 -19.998980 1.169109 -21.539400 -7.710557 -21.350070
0.787880 0.602629 -20.283050 -25.065160 -2.491288 17.571820 -18.546060 -19.466860 -2.970192 -23.830120 -7.427901 -21.876050
1.324208 1.501073 -21.433990 -28.139180 -2.139943 23.330810 -20.031820 -22.355340 -0.736371 -23.711750 -11.006300 -17.756700
2.189139 0.415803 -19.316310 -26.215590 -4.805840 21.194060 -14.588570 -22.543150 3.335613 -24.482660 -7.848065 -14.090420
1.335943 1.944838 -21.089500 -28.366170 -4.554785 21.013780 -19.427680 -23.687480 -0.715764 -24.091130 -11.954220 -15.564300
2.124592 3.707721 -20.232280 -27.567450 -2.967833 21.357040 -14.180670 -22.276720 3.060850 -22.540970 -8.195656 -9.255013
1.548362 2.795002 -23.277520 -28.345250 -10.434570 18.868380 -19.250400 -25.463670 -1.554477 -23.034930 -13.439430 -17.918920
1.857602 2.844122 -21.818360 -28.115170 -6.331831 18.677450 -17.849420 -24.483130 5.117449 -20.631910 -8.820172 -14.065840
2.088211 5.568425 -20.548480 -30.518290 -6.444576 20.145640 -15.339160 -21.161510 8.126101 -18.410240 -5.260235 -14.296870
1.997845 7.778850 -19.319220 -33.311100 -15.921720 17.537230 -13.603790 -19.072310 3.965506 -27.450950 -6.731447 -10.669910
2.731922 12.030930 -14.267990 -33.655060 -18.610560 16.785510 -10.115860 -7.163854 6.680849 -29.693110 -8.640011 0.693525
3.562233 11.472130 -15.628520 -32.177710 -16.864320 14.005470 -11.369810 -14.153580 6.976906 -22.015140 -2.401208 -10.766590
3.694848 13.427720 -15.907010 -35.091360 -21.264000 8.948972 -16.122950 -13.767050 3.694178 -23.946970 -11.581160 -7.181412
5.260996 14.288790 -12.771840 -31.773310 -16.495280 6.852133 -18.724520 -8.432662 10.479440 -15.364550 -11.664560 -3.467607
4.621393 15.329140 -14.640030 -38.722400 -21.828380 5.778435 -28.139490 -14.080060 5.296731 -30.030760 -10.335950 -3.771561
5.595468 15.670050 -10.141430 -34.097420 -23.008270 5.926784 -18.245470 -12.937190 3.130228 -20.483950 -6.098654 2.637680
6.588906 17.307820 -9.938363 -35.113830 -20.285350 5.391930 -16.789350 -14.723560 3.616558 -22.240500 -0.805857 4.752246
6.658735 19.073640 -8.485003 -38.698380 -18.079610 4.865060 -15.659310 -15.289180 4.980068 -22.408190 -1.864543 2.299317
6.464507 18.624000 -7.751070 -34.563790 -19.271950 2.615881 -13.715850 -9.553698 1.408839 -26.082140 1.612634 7.423924
6.322503 19.645040 -8.463970 -38.186300 -15.518590 -0.080339 -18.256140 -9.308380 6.553771 -28.066310 -12.878580 7.059344
6.036149 17.963180 -4.259811 -30.451670 -19.103490 -0.432917 -15.742910 -3.786916 5.508986 -23.637390 -12.617570 3.917398
5.926418 18.426680 -6.255645 -30.371870 -19.012370 -2.773233 -13.064270 -7.299252 2.513385 -21.370190 -14.240290 -1.647163
6.244460 20.090900 -5.555798 -31.790360 -17.723670 1.326645 -11.408350 -8.201904 2.985977 -26.854560 -5.651752 -1.648802
6.950370 20.684120 -5.945246 -31.049740 -18.632190 0.623485 -13.153200 -4.813319 8.118545 -26.512360 -11.158450 1.641434
6.095414 20.452380 -6.179496 -27.170800 -20.010040 -0.439569 -8.976345 -2.340489 8.270351 -31.520230 -3.975551 -3.180859
4.902466 22.209800 -10.900020 -27.897470 -20.300420 7.456837 -7.467459 -12.100780 6.341517 -29.104310 -2.648850 0.870490
4.337385 20.236580 -11.910990 -25.973110 -20.122130 9.473182 -5.981696 -10.736610 3.817134 -32.196290 -2.925140 6.473557
5.378941 18.296530 -11.446840 -24.776200 -22.319350 12.356330 -8.568441 -15.803110 2.678243 -25.412150 -2.764714 7.822095
6.137663 15.144000 -11.082780 -26.358910 -10.285120 10.484350 -11.365660 -20.476510 -3.002477 -10.618460 2.609570 5.911530
5.864218 15.207810 -6.051130 -17.579980 -8.474643 5.292144 -13.472760 -23.713690 -13.576720 -0.257489 15.294710 2.668813
3.971814 16.133540 -6.170068 -11.850280 -2.441471 -5.145482 -19.125310 -20.696350 -5.563952 9.110254 -4.915191 -12.173300
0.743283 14.590660 -4.533223 -12.528140 -5.031330 -20.265070 -21.034980 -7.951491 -7.280532 17.528780 -6.578660 -13.207230
-1.396747 13.781220 3.070814 -4.905845 -8.241287 -7.673396 -16.175120 -10.927330 -8.598706 -2.646847 -17.822510 0.374005
-3.700493 11.829830 9.666782 -7.084309 -14.396380 -13.957260 -12.044510 -17.471560 -10.524110 4.754170 -10.892350 -4.079611
-2.697666 16.773370 4.575667 -3.730621 -10.575500 -4.199509 -4.248701 -18.596960 -7.949580 -12.416740 -9.055719 1.340757
-4.216284 15.363990 6.825331 -0.457501 -6.164024 -2.630872 -12.459530 -20.330200 -19.616000 -10.962180 -8.965957 -6.451432
-4.220391 19.752510 1.687075 1.985911 -5.212902 -9.512786 -5.736835 -15.403470 -10.562570 -9.846792 -14.461830 -13.659470
-5.873971 20.307110 3.645922 -3.661672 -2.536517 -12.136500 -8.394135 -19.410800 -17.764100 -14.969990 -15.742060 -13.520200
-10.063080 20.244560 11.732240 -2.305942 0.936949 -2.595614 -13.934030 -19.329270 -20.262380 -23.562270 0.676814 -12.412530
-9.621813 20.453640 13.692530 -0.259952 0.307018 -2.211770 -12.795100 -17.598220 -24.199730 -19.612890 -8.371997 -24.094660
-12.008880 23.674180 17.800240 -2.023176 -12.946430 -4.095067 -17.427880 -19.219350 -15.969220 -18.047550 2.020066 -16.128790
-11.557640 23.672920 15.684740 -1.716393 -10.484390 -2.035481 -19.516610 -20.162770 -15.459530 -24.120730 2.350468 -16.472890
-12.299930 25.749840 17.720460 -1.677658 -11.573820 -0.259289 -18.538350 -26.002350 -10.658050 -19.599230 -0.351952 -14.960490
-11.040680 22.262700 17.135930 -3.972328 -10.958310 -0.774185 -18.741710 -22.770270 -19.278730 -22.304990 -7.419625 -17.277420
-11.255440 22.325680 13.642490 -4.082335 -13.849040 -6.294352 -17.885590 -27.351960 -15.474640 -15.894170 -19.202050 -21.347610
-12.348050 22.641810 10.989600 -2.612725 -2.272353 -5.563252 -16.549820 -26.998180 -10.755590 -9.783055 -9.116198 -12.901640
-15.986160 20.689160 10.204900 -0.813090 4.510050 -6.081475 -15.487970 -23.162630 -13.694180 -13.667940 -3.137769 -11.054160
-19.120220 21.999880 6.423553 -0.134450 4.880404 -3.991289 -6.514697 -14.166690 -11.827170 -15.970050 -5.276150 -5.453547
-19.644810 20.899920 2.661059 2.078876 13.829220 -0.400985 -7.200069 -6.194231 -6.391675 -6.010464 -3.524192 4.334413
-15.193990 14.103230 1.854604 -1.366228 7.147760 0.087301 -0.500499 -2.357960 -16.121710 5.563775 4.284497 3.910844
-15.262650 4.374417 2.853971 8.388829 4.494973 -3.993284 2.097512 1.037176 -8.155652 3.310236 5.926321 7.722143
-14.896490 7.577750 4.756249 6.204168 8.051687 0.914861 -10.854600 -6.062473 -6.114164 -0.672535 11.523420 4.048483
-13.695320 4.647309 -0.594499 6.985068 7.845862 1.496281 -4.760358 1.966762 -9.863989 -8.182815 10.158520 5.244635
-15.432810 3.596465 -3.031997 6.283187 10.222680 4.775252 -9.553219 -3.258428 -8.104820 -1.230988 -4.547229 -6.185984
-14.817860 2.907937 -0.112221 3.458621 2.802486 2.311866 3.889202 -1.279145 -10.918390 -8.473423 -2.292984 -7.505028
-14.378940 8.311199 4.480662 1.199588 1.949688 1.582097 -3.523013 -2.616381 -6.340157 -5.640944 1.694121 2.745826
-13.153130 4.863523 0.384562 4.330162 3.594324 -0.814100 -6.216477 2.336558 2.740064 -3.286489 -2.755801 -1.822490
-14.515070 3.504101 1.528975 5.230366 5.699117 0.666726 -7.351254 -3.588915 -1.845039 1.011929 -3.249812 -7.404256
-22.730160 13.646030 1.220027 -7.690126 3.690681 -2.760594 8.289575 2.227366 17.182970 3.055290 8.776436 6.149122
-25.846030 13.678360 1.739292 -5.941622 8.697350 -1.583783 9.545893 -3.420032 4.161275 0.990684 4.818615 -0.815592
-26.843570 15.693980 -2.527962 -9.606741 10.454730 -7.340775 3.184265 3.158408 2.026368 -1.778818 4.302322 8.824896
-26.814240 15.275820 -1.102885 -6.048531 9.876584 -7.174465 -7.427736 6.203403 2.947510 5.512179 -9.720343 -5.675572
-27.219120 13.567520 3.160743 -9.922045 4.154772 1.520895 -5.858969 -5.986039 3.266235 -0.160367 -7.689548 -0.927015
-24.948820 14.807710 10.121500 -9.649350 6.603044 5.560236 5.441961 -10.568450 2.420653 1.143196 0.250283 -0.224071
-26.114780 11.473390 6.538865 -6.473843 3.983688 8.128730 7.463097 -0.155926 2.306626 -1.193808 -3.672523 1.467746
-22.385130 12.757240 9.207712 -0.690687 12.117720 7.541323 -3.811747 -9.217387 2.044228 -11.343840 -10.783490 -0.471494
-16.779500 19.345270 11.431270 -3.254178 12.115750 3.156056 -2.008791 -11.154450 0.043268 -12.776390 -16.294000 -3.556090
-12.112160 21.669480 16.649300 -0.751888 4.688344 -8.252820 -16.494090 -18.277390 -10.251400 -11.610930 -14.130790 -15.583150
-10.567720 21.499860 18.652380 -0.357565 -8.229488 -0.077678 -10.317440 -17.963650 -5.043964 -18.681120 -14.637540 -13.906900
-11.209090 22.140950 18.582760 0.165360 -9.628314 4.667483 -11.054990 -23.276920 -3.870040 -13.738510 -10.904440 -15.529070
-11.549430 21.536810 17.105470 2.133105 -7.119080 4.577011 -11.164670 -18.294140 -7.253056 -12.097300 -11.960580 -7.795054
-12.746480 21.950340 18.869230 0.636379 -7.086306 3.374255 -10.650640 -17.660820 -1.305817 -12.699000 -14.738120 -8.879783
-14.202900 16.294340 17.611680 1.421928 3.351135 3.811319 -12.104980 -21.108370 -0.501449 -4.530867 -16.736450 4.582655
-15.328950 15.270790 15.023330 2.212899 6.085203 3.420157 -8.931878 -17.331790 3.103438 3.222219 0.721377 10.807560
-15.681030 7.788926 10.560270 11.413270 8.481036 7.352395 -5.073993 -9.960619 -1.599126 -3.483768 -3.031454 5.972976
-14.657080 4.231254 3.390641 2.848155 3.351791 4.073423 -12.984230 -9.824493 -3.154970 -7.713138 -8.179104 -8.051489
-15.232720 3.071252 -0.740995 1.122892 1.692734 -2.987441 -12.067630 -7.306531 -7.329989 -10.028900 -11.508590 -11.298300
-15.017950 4.191369 1.461529 2.715681 4.622139 -3.193665 -14.261300 -8.768973 -10.693770 -0.698333 -2.504976 -3.322595
-14.524460 3.367235 3.428353 6.497780 8.688172 7.186084 -3.882299 -14.981990 -8.387139 1.121192 0.930822 -5.701789
-15.107730 2.220249 -1.468401 4.905766 4.854184 2.628521 -12.332060 -12.100780 3.762182 5.399881 1.093159 3.131707
-15.784300 0.666864 -3.871088 -2.667728 -1.422832 -5.124194 -9.116858 -9.223939 -8.556118 -8.742785 -12.166210 -2.115793
-10.636960 0.956129 -6.217933 -4.399964 -5.170950 2.688392 -5.429130 -6.488321 5.108519 -7.081843 -2.151019 9.862107
-6.125705 4.158622 -2.031179 0.375304 -6.031615 -15.637660 -1.727765 4.745329 5.806417 6.735312 0.851246 24.338000
-5.464390 7.311575 2.009803 0.051478 -4.068408 -10.027020 -0.364729 10.840410 9.816579 6.264117 10.832690 14.388640
-7.139095 9.607226 5.548926 10.274460 9.156851 1.441731 1.685459 12.338520 20.816020 2.626586 -0.791851 5.049646
-10.969090 9.421240 2.949701 12.046980 16.746170 10.679260 7.023178 10.547780 16.083920 -6.668315 -11.240570 3.328335
-5.610502 9.828899 4.832398 5.159869 9.971631 9.525736 1.571032 0.818065 12.403470 -26.510840 -19.214150 -8.072790
-5.537153 7.524011 3.426903 -2.652234 2.375104 3.472046 -7.945915 -9.102372 7.613668 -22.724590 -19.580840 -8.221900
-3.556729 7.886747 -1.226899 7.133037 9.125387 7.986369 -1.821440 -7.594798 15.575610 -15.447250 -10.191440 -3.904285
-2.937664 9.400249 -6.164991 1.125991 1.144740 7.919845 0.634871 -8.437030 12.547720 -13.271110 -19.159400 -6.425215
-2.736394 12.323970 -7.619078 1.597785 3.585802 6.130347 1.768462 -0.918813 13.048480 -13.790860 -21.014490 -3.972285
-3.425288 11.886510 -1.525694 1.900694 -0.433691 -3.818991 10.714460 3.609734 5.348250 -19.245640 -14.581520 -0.777906
-3.705188 13.239210 3.133909 5.403900 -0.357653 -10.506660 5.533265 -1.064402 3.498410 -3.080104 -11.987320 -3.414354
-4.062544 13.220320 8.003830 6.940135 0.245402 -2.898299 -0.868086 4.021023 -1.970743 0.329038 -5.861834 8.588943
-9.544943 6.729265 3.017147 8.426790 6.928169 0.896234 -4.814903 -3.869174 -1.938458 5.604748 6.148499 13.448100
-11.765950 2.468791 1.084409 6.304879 3.998108 5.369312 -2.184877 4.236495 -2.001653 4.698021 -1.968948 -3.667512
-12.813960 -1.094340 -3.144408 6.127472 5.453307 4.195162 -3.499890 8.469496 5.778940 -4.432986 -2.743705 -5.496149
-13.483490 0.541333 -7.232530 4.014083 2.497026 1.939331 0.193174 6.799590 4.497859 -9.529627 -6.327834 -7.090471
-12.355090 3.336587 0.349751 5.678919 1.336145 -1.189295 5.074374 7.176666 7.325168 -0.173266 -0.905805 0.364993
-12.514700 1.864230 -2.645449 3.681736 4.548069 7.595872 6.387609 6.552089 1.560645 4.538680 3.633879 0.668946
-24.049270 10.936840 1.128648 -3.652376 13.477220 -1.325670 6.020614 2.362036 15.010970 -0.139121 4.499036 -5.020146
-29.518760 9.855768 -1.259535 -7.972893 16.784840 5.913479 8.553408 6.268190 17.402780 -0.174024 6.908615 2.183798
-28.535880 13.867280 -6.508025 -5.715409 15.403060 1.013982 10.698460 3.413917 6.015923 1.853402 16.217800 -0.340409
-30.831410 18.329280 -2.805000 -5.623219 11.101050 -9.752938 4.988406 -3.540871 -6.622476 -7.502959 1.138358 6.285123
-30.106140 11.101420 -10.290820 -12.369330 4.547413 -1.862519 3.455805 -0.296419 0.587298 -7.409631 2.233968 -0.165083
-31.504470 13.541910 -1.375571 -9.592022 4.661469 1.448384 -9.271600 -6.015157 8.756681 -3.316839 2.494979 -2.287022
-30.083250 15.993740 1.901018 -6.898380 6.793793 -0.220040 -5.610551 -5.763288 4.824140 -4.825269 2.054444 -3.000617
-29.489420 15.712030 1.159108 -3.591174 11.748020 -0.949809 -4.980318 -6.063929 5.317339 -1.779576 4.568427 0.596030
-31.149460 15.462650 2.882255 -7.516593 9.340389 -1.660951 -5.851262 -2.051495 0.320779 -2.282639 2.670685 9.152609
-30.904760 12.213980 1.539128 -12.521950 5.054766 -9.721672 -5.598101 -2.974530 10.285740 -0.420624 -1.726398 2.541824
-30.970480 12.054440 -0.646715 -15.932960 6.051773 -6.959592 -7.196512 -6.001326 7.732503 4.273111 0.399251 10.025140
-29.179590 15.063810 1.127923 -21.134320 12.913490 3.590459 -7.930500 -12.710070 6.118272 1.758556 -3.861597 11.776770
-30.415960 7.869114 2.353562 -15.971700 12.318960 9.276936 -8.440379 -10.108390 0.283686 -3.228063 -9.593657 12.038940
-27.735500 9.654248 4.708384 -13.199810 13.605040 16.726300 1.135857 -4.926151 8.780724 -3.806244 -0.308662 22.215240
-22.441460 4.776618 1.404961 -5.582935 11.795870 17.964310 6.002828 -1.412359 7.562150 9.006303 -2.846200 14.264930
-19.435910 5.807730 -2.849239 -6.122128 12.304540 10.453750 3.542366 5.229412 3.131601 -0.076902 1.732954 10.906690
-18.599730 4.294648 -0.165162 -2.276504 8.907107 7.329111 2.248104 8.667498 0.111272 -7.198693 -7.734111 13.630800
-21.428660 0.757548 -5.548545 -3.347143 8.024157 16.143550 5.255203 -0.588325 0.760399 5.673038 -8.603724 3.959182
-19.300360 1.134559 -4.411385 -1.759777 8.729468 8.338281 -4.109374 -9.225395 -14.527400 -4.189422 0.054207 2.985875
-22.022490 -0.655613 -3.301057 -2.309041 9.311547 8.772683 -2.082309 -6.127260 -5.447178 -0.027582 6.736093 0.800851
-21.023770 -1.763555 -10.137800 -4.338762 4.323234 11.337850 4.465484 -5.469198 1.347704 -0.911547 -9.434504 2.377149
-15.289640 -0.770228 -8.683716 -8.466378 3.650696 3.378247 -4.402850 -1.369411 -12.791590 -4.193215 -8.298150 -1.693043
-16.117010 2.817673 -4.459975 -4.367426 2.765123 2.317853 0.951470 -5.005497 -4.928564 2.930852 2.774452 3.157105
-14.056790 1.948197 -12.733400 -8.346300 5.042967 4.567032 8.034042 4.988462 1.936383 4.714714 -0.238635 3.855952
-1.677234 5.196871 -23.439970 -15.863240 11.867980 7.302501 -4.032299 -4.327052 -14.374910 2.927817 -10.358230 13.454660
3.278812 11.931430 -15.301440 -18.882260 9.626185 11.808180 -1.182906 -0.187956 -8.612445 6.923486 -4.388712 8.220266
5.851309 16.324990 -8.636576 -10.179250 7.101220 8.495277 -7.459159 -14.585250 -17.787460 1.009653 0.558404 8.964993
6.575410 19.737400 -11.115410 -14.116290 -15.097760 10.161040 -13.594900 -21.714750 -12.279150 -4.706142 -7.608062 4.062411
6.595361 19.430500 -11.285840 -20.311580 -23.536600 13.102730 -10.016260 -17.599680 -12.198780 -8.682842 -2.124281 5.207767
6.909882 18.379660 -10.998650 -22.786760 -20.270920 15.027280 -8.569035 -18.946370 -8.908502 -14.117140 -3.821491 1.683217
6.307833 18.734000 -9.865115 -26.430960 -20.740260 18.078070 -10.140170 -22.201750 -4.616708 -19.615920 -1.921839 -5.272485
4.576210 20.985980 -12.091570 -21.157560 -21.912280 13.966220 -7.190583 -17.424240 -8.462699 -18.297940 -6.600941 -8.276792
4.821489 22.785810 -12.718900 -16.791330 -20.188330 11.988460 -5.507390 -12.023620 -9.903830 -19.543840 -10.844600 -4.005056
5.374834 24.733420 -11.586810 -16.135160 -20.236840 11.240060 -3.183291 -13.146110 -16.402650 -18.238760 -11.539780 -6.158129
5.543830 24.286300 -8.933194 -12.946480 -15.568410 10.792350 -2.250687 -10.451980 -22.389730 -12.802190 -9.889682 -1.195739
3.397344 19.707170 -5.882152 -7.959723 -5.168984 15.073180 1.046331 -4.970555 -14.102200 -17.271330 -6.861316 0.110196
-2.219430 12.836170 -4.935726 -9.610615 -7.654619 15.852840 2.507786 -7.639202 -10.574940 -5.369305 5.533531 9.037090
-3.494529 10.293660 -4.599945 -1.914717 -4.008758 9.194446 -1.725394 -4.023499 -10.998760 0.589296 8.475955 5.805024
-5.656858 7.440044 -7.984593 -7.315170 -3.007818 6.091098 -2.576180 -4.040241 2.193974 6.351376 8.727417 2.727801
-7.719432 6.285081 -9.063736 -5.379188 -1.178333 -8.059900 -5.481303 -1.131372 -7.770297 0.068781 1.853911 8.407063
-6.703695 6.441259 -8.545921 -4.861687 2.160757 7.285205 3.186044 -8.156043 -8.130923 2.865598 1.313426 13.546420
-8.698789 5.621743 -10.746270 -7.999233 -3.821942 5.672662 0.295149 -10.953540 -15.722620 -6.490005 1.519052 10.481480
-9.425824 5.830401 -12.235890 -8.834362 -3.060913 0.073331 -5.435059 -11.260000 -19.504040 -16.145320 -1.145808 4.730945
-9.940441 5.765747 -7.459527 -2.093674 2.343640 7.372352 -0.211765 -5.702140 -13.058790 -8.146394 10.003830 14.442710
-9.512082 5.985320 -6.726319 -2.004583 -0.533326 2.575967 0.466492 -3.992197 -6.543481 -2.693891 -0.236725 8.398050
-17.936660 8.905265 -3.424346 -9.500607 10.619260 9.064724 -1.316305 -7.395340 -0.473286 -5.708474 -1.219018 1.543939
-23.245370 14.827440 4.370427 -5.947045 19.420590 15.379850 -2.011756 -3.824042 6.614219 -3.196954 -2.713785 4.922657
-26.783130 15.513030 -1.278391 -13.034800 15.680990 2.021821 -3.407994 3.638852 8.011388 2.464210 9.238617 13.328490
-27.086510 13.854690 -2.818779 -17.766690 6.384109 9.467195 -0.202279 3.113276 10.737030 -1.172562 -1.307507 6.531726
-27.126410 14.473520 -3.615082 -11.394760 9.112933 7.287201 -3.460167 -3.767262 7.591687 -6.157664 -9.149302 11.897200
-28.409140 11.527130 0.168443 -9.497508 7.954019 11.666480 -0.504056 -6.586594 7.327228 -1.985961 -6.737176 1.811025
-26.581870 9.259604 0.490446 -12.745840 15.454840 18.318890 -1.487055 -5.095034 7.329289 -10.114640 3.255095 17.493720
-25.164760 11.662310 10.462360 -4.548707 13.430020 12.542600 0.561947 -7.801534 3.607628 -14.186180 -12.014690 1.118732
-17.089330 21.313460 17.816190 -2.398906 3.034531 7.343081 -8.956186 -18.740370 -7.757246 -14.005600 -7.855704 2.409920
-11.684390 21.566620 16.526730 -3.684138 3.783762 0.821727 -21.856710 -18.414250 -1.816189 -9.127481 -13.648880 -12.546070
-13.031660 21.122430 19.296390 -2.899364 -2.881308 9.821102 -12.663480 -22.883100 -11.438380 -14.568600 -10.915900 -17.383110
-13.774540 20.560690 21.049990 -1.554480 -7.569405 9.525070 -17.559500 -18.550370 -9.556254 -15.709030 -18.541250 -19.654160
-14.000460 21.695090 24.087260 -2.304393 -6.369195 4.324884 -16.377890 -20.518010 -5.778954 -12.708860 -25.501970 -18.167980
-13.502860 22.411320 22.232120 -2.335381 -8.743396 3.352968 -13.955370 -22.189370 -5.609975 -12.551040 -22.596470 -21.629450
-13.409560 22.019200 18.514590 -4.754003 -10.184170 8.893757 -10.386810 -25.264210 -13.622740 -8.584962 -18.401190 -21.777730
-13.579730 20.731570 18.996140 -6.522649 -8.360587 11.314570 -11.075740 -22.870730 -12.494840 -19.345800 -22.769630 -14.618850
-11.697300 20.343640 21.998600 -5.572089 -13.291870 6.074467 -11.282060 -17.753270 -16.486460 -12.210350 -20.551670 -18.250730
-9.104849 19.376760 17.940930 -0.717801 -2.883929 2.856033 -12.107950 -25.725730 -15.906710 -3.766030 -9.555460 -10.416760
-9.610077 18.782700 15.457740 -2.711886 -5.600955 0.852993 -16.326310 -35.366630 -18.765620 -5.028618 -22.729520 -5.864007
-7.888429 15.322430 13.546760 2.716456 -2.285463 1.158339 -17.266030 -28.018750 -15.776200 -9.051603 -9.204686 -2.380421
-10.257310 12.336150 9.114157 1.076410 -1.439875 8.904401 -4.375577 -23.311130 -17.676180 -15.261360 -11.903290 -11.487560
-8.119625 14.560430 11.819270 -0.694560 -12.948390 -1.501958 -13.022170 -30.345270 -8.788293 4.979524 1.942400 -5.436342
-11.387470 7.502180 2.991764 -3.152692 -10.269390 -6.118729 -22.465010 -32.189880 -16.590180 6.212521 -0.991111 -2.316517
