6.053954 2.546017 -19.313770 -16.243300 1.255368 15.248350 -14.456010 -13.584920 -0.955334 -8.038978 -19.707240 -11.545620
4.020463 -3.686179 -18.297920 -19.423530 4.473794 19.354070 -9.549747 -14.928680 -0.232519 -2.570030 -17.278250 -16.020850
2.650291 -2.024600 -17.029990 -20.647190 3.342555 17.548110 -10.270950 -18.601670 -1.659438 -5.592058 -16.391190 -19.663280
3.528738 -1.297457 -22.928290 -17.664830 -2.072444 14.763320 -15.685940 -25.851110 -1.400251 -14.573000 -15.516430 -26.020790
3.252783 1.182159 -22.471080 -17.598400 -2.069726 17.829330 -12.737530 -32.553950 -1.688545 -15.054300 -12.392260 -18.452290
2.773862 1.458548 -23.983510 -17.389100 -6.259726 16.760200 -17.763740 -30.002880 -4.679602 -20.332020 -9.623192 -24.488340
3.661273 2.290961 -23.512670 -14.636750 -6.659906 13.136930 -15.062450 -31.767160 1.919296 -21.072380 -6.046963 -24.923260
5.690282 2.368869 -25.835810 -12.750190 -8.433879 17.306110 -15.097600 -32.439040 0.672560 -18.463100 -4.108956 -25.128110
4.136992 1.568918 -25.560270 -16.249010 -7.469099 10.732420 -17.646380 -35.235880 2.999015 -21.578930 -9.198442 -23.190680
3.127930 3.673832 -22.491520 -16.484030 -2.735560 13.689550 -16.074720 -27.174920 6.512605 -18.855640 -3.260823 -23.864330
2.220031 2.789481 -22.489250 -18.548470 -3.616772 14.635360 -17.829390 -23.676680 -1.186802 -16.240590 -5.530707 -25.304600
1.473479 3.160472 -24.561830 -17.144080 -4.639982 16.020790 -16.354410 -26.982610 2.362133 -22.138890 -6.212219 -23.285230
1.075232 2.893822 -23.766260 -16.823340 -5.799078 13.957860 -12.263960 -27.841220 -4.771773 -20.523970 -9.655288 -21.945810
1.088678 4.052244 -24.291590 -16.205440 -3.580762 16.472280 -8.304310 -26.989800 -2.645600 -16.732720 -8.062817 -16.399040
1.433142 4.258608 -23.930520 -19.714980 -4.168463 19.123430 -7.996699 -28.035920 -1.434901 -16.792610 -5.648162 -17.761310
1.091879 4.339762 -22.361320 -21.558690 -5.618351 16.578050 -7.888647 -28.327170 -0.628231 -20.437380 -9.481153 -14.529370
1.658516 5.325209 -22.421880 -22.713060 -7.028832 17.540890 -10.832410 -28.529850 -1.058594 -21.961380 -7.995895 -13.614630
2.471656 6.414533 -20.574120 -23.100940 -5.605442 18.688960 -11.403680 -26.924360 2.853481 -13.399690 -7.890049 -9.598739
2.481900 7.404617 -18.113220 -27.547700 -6.388137 15.143090 -9.546127 -23.026340 2.478560 -19.712180 -5.306041 -8.149015
1.893494 7.738510 -19.269110 -29.088520 -13.053270 13.643630 -10.508250 -26.394520 0.576231 -21.726140 -4.868999 -11.952960
2.889111 10.156450 -16.597760 -29.839290 -7.703499 13.987280 -9.743619 -21.834200 3.398192 -15.614250 1.436009 -13.356200
4.352122 11.665920 -16.304820 -30.152880 -11.284060 10.838200 -6.333531 -25.142530 4.257532 -19.063460 0.246436 -6.481046
3.909697 15.127740 -11.175600 -34.104600 -16.940930 7.403263 -9.133050 -21.432830 6.423206 -23.582800 -4.951627 -7.145239
5.177427 15.341980 -11.454920 -33.678860 -14.456960 8.845966 -13.189380 -21.639500 4.073189 -21.746340 1.348601 -1.778900
5.592321 17.292010 -10.428470 -35.729000 -15.308280 3.875449 -12.574160 -18.995070 2.163930 -26.041980 -1.819268 -4.426220
6.226186 16.654370 -9.674531 -32.208750 -13.903230 4.289788 -16.063340 -17.518050 3.139004 -26.771510 1.469470 -2.638491
5.798487 19.528160 -7.459641 -35.804730 -15.939460 3.487426 -14.191310 -13.775630 2.116112 -31.565770 1.337675 -5.927945
4.935406 15.506610 -7.522470 -32.858080 -15.475420 -3.400505 -16.709590 -12.932190 4.357326 -30.199080 -2.226263 -12.604550
5.567350 19.069990 -6.627733 -31.780150 -17.837770 2.842440 -8.658967 -13.678280 1.088370 -24.333250 -3.996282 -6.098917
6.153195 20.068880 -5.572519 -34.191040 -17.436910 5.129301 -10.300940 -14.052520 -1.147993 -22.471540 -3.329110 -8.244350
7.321043 20.521960 -2.263052 -30.891510 -14.579940 2.252149 -12.868330 -1.660251 12.110790 -26.041980 -8.693113 -0.013231
7.588035 19.903790 -3.172929 -27.727710 -17.549010 -0.392292 -5.994384 -2.676050 11.333220 -26.760690 -3.054593 -1.897084
8.518985 18.602540 -5.044155 -29.491410 -16.652180 2.836248 -6.084341 -8.521882 6.413504 -20.873220 1.322651 -1.646534
9.285385 20.214960 -0.037565 -30.688640 -19.708900 1.056088 -3.244497 1.196434 3.552734 -24.470350 -5.676160 6.753194
9.626648 18.700390 -4.222844 -25.642560 -21.763470 5.225791 -5.088095 -2.195680 6.200055 -18.989860 -3.892484 0.311381
9.133001 19.698350 -6.225026 -26.371890 -19.611060 3.063799 -2.639097 -1.813459 4.499394 -15.412210 -6.206073 0.210530
8.033662 18.839970 -7.031954 -22.420180 -13.226530 2.397658 -3.405798 -0.646048 4.187537 -13.872330 -4.257141 3.779686
8.098329 20.549780 -9.626085 -21.720130 -17.507570 0.573122 -1.654742 -1.878892 -1.370451 -15.688580 -6.496296 6.390763
3.412849 15.627650 -5.212959 -20.888640 -14.408720 8.057536 0.621062 -7.854791 -5.468947 0.955670 9.950809 20.234050
5.879801 16.600110 -5.782199 -21.752990 -13.391630 -2.043455 -6.144829 -14.319840 -15.814980 0.392106 3.122716 8.441649
-0.635563 13.036270 -9.910706 -20.133580 -10.886590 -2.580600 -11.180340 -8.280899 -10.555680 11.115690 20.372880 12.348810
-4.323505 7.075362 -12.284560 -14.270300 -14.576540 -2.925280 -9.367765 -10.004490 -6.403132 4.330557 16.763200 5.156135
-1.595965 13.731420 -1.269153 -5.427511 -9.730217 -5.773537 -5.649033 -15.511980 1.807720 -0.224855 -14.664880 -13.696570
-3.046171 17.423250 5.820614 -1.272208 -8.615285 -14.460720 -9.045678 -10.102640 -10.196700 0.587658 -8.366014 -5.211750
-3.580795 15.697210 0.248569 -6.891189 -5.140038 -8.374635 -10.518590 -15.529540 -8.052510 -2.919280 -6.516782 8.215524
-5.776273 15.742190 5.957625 -2.100840 -3.200965 3.477622 -5.215275 -12.005760 -13.987500 -12.310800 -16.979830 -5.943703
-3.690280 19.722930 12.603050 -3.439508 -4.906316 -4.845273 -9.250924 -18.955970 -18.347960 -6.727123 -12.672240 -2.461215
-2.370049 21.590410 9.563823 2.999532 -0.955473 -4.998006 -12.644470 -13.632000 -16.856580 -6.183042 -16.527770 -9.762620
-8.737511 20.880430 18.885890 -3.995263 -2.721293 1.669082 -19.877200 -18.011180 -20.546890 -16.789730 -19.600720 -23.907670
-12.080990 21.043660 20.142460 -7.101918 -10.483700 0.715019 -18.058940 -18.621620 -25.576110 -18.874410 -5.912436 -19.715290
-13.066360 22.630580 21.604160 -6.392581 -15.384370 -0.606943 -20.965480 -21.941920 -23.986330 -20.577360 -5.502709 -20.382630
-15.159400 22.659330 23.771360 -6.273286 -12.493430 -1.888659 -20.469680 -23.515490 -26.831860 -24.104510 -15.472040 -15.129750
-12.508690 23.543220 18.753420 -7.373367 -7.172191 -5.119263 -17.902810 -17.051240 -24.154040 -16.936210 -13.124990 -15.579630
-14.095270 24.633010 19.580790 -2.380860 -5.412486 -7.833879 -16.101600 -19.900750 -15.796270 -10.911640 -7.440033 -9.522313
-14.186190 25.009100 17.835220 -4.763891 -3.057607 -5.233296 -15.685420 -21.612370 -5.793972 -12.351930 -12.830670 -2.309152
-18.592510 26.014020 17.201640 -5.879686 2.225584 -5.203885 -17.895570 -22.818880 -4.904832 -25.985700 -17.425070 -0.314995
-19.055430 23.798280 14.141210 -1.592945 1.126278 -1.655432 -19.190120 -18.461230 -4.598519 -14.839260 -3.677378 1.813893
-22.324630 15.601210 11.117120 0.782228 4.142915 2.755754 -5.267491 -6.488688 -6.796072 -15.482200 -7.655139 -5.060474
-18.157130 9.696419 8.778847 -0.031403 -0.755043 1.467847 -3.762524 -3.489168 -4.787713 -7.407584 -0.269819 -8.063923
-18.002180 6.866679 8.067296 1.318695 1.000585 -2.428899 -8.437177 -4.129130 0.442479 -3.526139 6.216152 2.856275
-19.358910 4.838746 2.830588 -2.507298 -0.854919 -4.697185 -18.020160 -4.178603 -3.408611 -5.147557 -0.926064 -5.165264
-17.044980 6.391346 4.034168 -5.428939 -8.439314 -6.100673 -14.553720 -1.453580 -4.362201 -4.608528 5.476595 3.277010
-17.000810 5.772254 0.589962 2.950243 4.639573 1.808915 -9.923016 -1.418470 -3.860457 0.108521 0.644554 4.447819
-17.206330 4.229856 -0.904294 2.255192 0.187316 -1.426849 -10.195990 -3.766857 2.520834 -0.645543 -2.086273 -7.030995
-17.078920 7.678687 -1.458395 0.311479 0.976805 -1.311268 -9.429804 -1.672221 3.205533 1.074011 -0.682960 -7.321728
-17.118620 6.862505 4.411896 0.260761 0.713869 0.348667 -6.586858 -4.789040 -2.882612 0.218203 -6.408888 -7.158634
-18.758980 9.676941 4.307434 -8.154852 5.768094 6.644759 2.261999 -5.388306 8.996374 -12.648510 -4.306991 4.492729
-20.028630 12.143570 4.610978 -10.802190 3.160470 3.730972 -2.297365 -9.765897 4.774521 -17.069700 -7.513101 8.142250
-18.990120 19.856490 0.031319 -7.707677 2.116876 -3.935069 -10.427080 -9.558429 6.983856 -6.582804 -1.281843 5.674569
-27.594040 20.184350 0.957848 -9.149925 12.738970 1.582396 -9.086003 -7.184507 8.971426 -4.042078 5.012239 8.035096
-29.898360 16.585730 1.132708 -14.886770 11.906680 6.864571 -12.065950 -13.082210 5.832064 -9.073741 -9.547393 2.820032
-31.306310 12.839650 5.255158 -17.856270 8.854712 1.436887 -13.979860 -1.631525 11.306890 -7.041737 -3.991501 10.509870
-27.053010 13.767590 8.560082 -14.143860 4.684415 0.770746 -5.871339 -3.039121 6.641506 -12.351210 -8.248560 7.384296
-17.312620 21.924300 17.245540 -5.110344 3.138049 -4.409263 -11.075910 -13.992670 -1.519449 -15.981540 -15.428330 -5.498543
-11.128270 23.968000 19.581540 -4.681742 2.860165 -4.959823 -17.073030 -13.675890 -4.913841 -11.797030 -16.685510 -4.643679
-10.516820 24.458180 18.266690 -3.736673 -3.887861 -10.920010 -10.103960 -13.158010 -6.295715 -5.395063 -18.288910 -18.970730
-9.647331 23.368850 19.437720 -4.043124 -11.391410 -1.043986 -10.506180 -14.666950 -3.382276 -11.136770 -16.241640 -13.527960
-8.893096 23.895660 18.739800 -6.686174 -12.055880 -4.153333 -8.163688 -13.506720 -11.026240 -7.588704 -17.564370 -11.470770
-7.699637 24.810620 15.204000 -5.563949 -7.648466 -3.814328 -5.164609 -13.511510 -8.746912 -9.451855 -22.448310 -2.626673
-9.255487 24.121970 19.477080 -4.021694 -2.637044 -5.576945 -1.924613 -20.650030 -9.408743 -4.475755 -11.310580 -0.661667
-12.550950 24.260620 22.415630 -4.548875 -4.464691 -7.581560 -6.698012 -23.635980 1.119555 -2.445916 -15.649590 3.414104
-14.082470 19.171080 17.964660 -1.001474 0.059585 -2.999066 -3.926411 -17.166150 -0.350331 -4.263607 -10.642050 10.665080
-13.889100 12.376370 9.292829 2.106610 1.847825 -0.333469 -10.633880 -3.572156 -7.694914 0.068833 -1.411590 -4.664164
-16.496920 9.613409 1.715574 -0.751455 -1.785048 -5.979932 -8.572629 -10.567840 0.469506 8.682480 -2.610723 2.259052
-14.128560 8.405831 3.327160 1.235118 10.136780 1.337817 -12.737530 -0.531142 -0.625459 -7.691891 -7.431155 0.578476
-17.545030 8.788416 10.181510 6.221196 1.611386 -0.366493 -6.281315 -2.671263 4.254066 -5.111477 -16.957300 -5.472542
-17.876050 3.668731 1.785215 2.368058 -2.355763 -3.251900 -12.301700 -9.883995 -5.748232 -7.517266 3.384259 14.220840
-15.996870 6.337553 0.452950 1.956599 -0.078338 -2.992358 -7.142626 -2.759836 -11.759450 -2.867326 7.305341 7.671090
-19.783410 10.552950 -5.402958 11.008690 2.182101 5.239207 -8.955204 -18.616830 3.028814 -3.187713 -2.541070 1.260792
-17.033460 14.865720 -7.289323 4.728230 -6.401725 -0.467110 -4.539048 -8.525074 8.831437 -4.624403 -8.396061 1.072485
-4.470767 6.635273 -14.294310 -2.630878 8.073376 -13.681580 -7.600165 1.647280 16.503120 -1.548977 -21.113970 12.502450
-7.068973 6.710399 -9.204453 1.827304 9.564708 -13.127410 1.319520 17.057420 16.714490 -4.979426 -24.378810 6.797316
-11.312670 8.637238 -1.162420 10.840100 18.547360 -11.304420 -2.906900 8.635786 12.652030 0.749295 -18.169400 9.892160
-7.501154 13.347440 3.394530 6.464785 17.499010 6.054469 1.590942 -0.495234 18.584250 -15.995250 -15.685100 -1.707202
-3.695403 13.716110 -7.377131 2.675223 3.611606 6.666947 6.518404 -13.997460 11.284020 -11.491070 -17.224990 -17.474520
-0.702151 9.114889 -16.440320 3.103111 4.396339 9.390850 -7.470917 -17.743070 7.181366 -10.293950 -11.243660 -24.121970
0.235841 7.622575 -17.328240 -0.441433 6.514780 0.289329 -7.217073 -18.445270 4.314359 -16.319970 -14.096040 -27.921980
-0.336558 7.527972 -14.014230 -4.263855 0.729495 5.262942 -8.725659 -20.038790 3.061386 -17.046610 -12.007120 -29.432370
-2.341236 7.883660 -17.562900 -3.800249 -2.123401 2.728406 -8.975368 -23.582520 -2.624810 -4.374010 -20.663960 -31.399740
-1.336656 9.810035 -15.447930 -6.622598 -0.919464 3.896089 -9.626779 -23.296850 0.424460 2.217013 -22.558940 -28.992730
-0.330796 10.671200 -15.082310 -7.799112 -1.727977 -1.113644 -14.428090 -25.563050 -1.023250 -1.951625 -22.242090 -27.543790
0.317795 13.217590 -8.865332 1.148683 6.861965 1.235652 -14.035700 -18.673490 2.614391 8.485485 -18.626250 -18.543690
-4.336951 6.013862 -8.776010 3.669581 9.172681 8.332042 -9.894064 -2.686424 3.610255 10.736130 -2.106076 -12.618730
-7.522283 2.556220 -7.995575 -0.580729 11.392350 11.438810 -12.591730 -3.438099 4.718387 12.972350 -2.956942 -15.020230
-10.481600 0.966984 -7.785894 -0.472149 7.775109 5.664897 -4.504926 -4.038163 6.818225 15.723050 5.753160 -13.374320
-10.196680 -0.652395 -12.946910 -3.440937 10.640910 10.330470 -7.722176 -4.707649 4.111998 5.008853 -7.263850 -17.261790
-10.710180 1.055558 -12.449580 0.247903 8.273805 5.777899 -7.338049 -4.959005 2.185414 14.491300 -0.885775 -10.817610
-13.439000 0.877946 -9.937199 1.640862 7.578076 -1.108484 -17.827330 -12.435860 3.579069 13.100070 1.113008 -1.471622
-14.110640 1.107033 -10.100700 -3.909543 4.071576 1.631931 -14.825660 -4.384476 2.397477 10.447490 1.279630 -10.381120
-10.732580 2.314147 -8.952383 1.066534 3.188326 2.868239 -4.446506 -2.206054 4.344851 1.497586 -9.461350 -11.926960
-13.780900 -0.904205 -9.950068 0.868663 0.005910 5.770675 5.543355 3.709998 3.747472 5.203683 -0.040372 -4.259975
-15.291290 0.463363 -5.405986 5.092542 10.252280 9.156591 5.789961 1.583443 1.908208 -2.349222 -6.340600 -2.716493
-16.349650 1.823047 -4.761806 3.268838 10.594710 10.565760 1.642124 1.994391 3.955377 -2.046875 -8.980604 -10.637970
2.552330 17.439010 -15.762070 -20.524320 -7.882867 0.846080 7.294412 8.054075 5.660889 0.831556 -14.910710 -14.200820
2.867982 22.911140 -14.400290 -14.458170 -4.561849 -0.341209 12.915160 4.225479 10.043520 -3.506656 -20.372370 -6.367589
6.543118 26.704530 -5.858653 -12.872340 -11.999490 -11.120210 3.629446 -6.633119 2.396091 -10.704540 -4.729692 -12.514730
10.653000 23.816360 -7.533067 -23.582410 -20.437920 0.448769 -0.124442 -3.316810 -0.278258 -6.682384 -12.155980 -8.011134
10.246430 23.815430 -9.940984 -25.588980 -22.955180 0.953406 2.586671 -9.858460 3.917954 -9.708742 -14.149990 -0.041596
8.559961 25.816470 -9.360389 -29.156380 -21.337470 1.954424 2.597528 -11.383360 4.837586 -6.877214 -10.018580 -2.780312
5.010317 24.102950 -4.557424 -31.835150 -22.780570 4.799584 -0.481168 -7.872345 4.728089 -13.157950 -11.637680 1.601949
7.920334 21.403520 -4.711845 -24.478190 -22.196260 -5.101203 -2.686661 -1.451985 0.439014 -15.846610 -7.037818 0.788844
8.917231 21.478650 -7.769241 -24.161730 -24.827670 -2.288550 -2.280304 -5.499222 0.838191 -10.956380 -8.501907 1.061455
7.962592 22.001290 -7.138687 -26.041870 -24.670040 2.900231 1.437912 -4.330215 2.502815 -7.825386 -5.181074 -0.716820
9.192546 21.529200 -9.701025 -26.258310 -22.415720 -5.817396 -7.114708 -3.114927 3.817466 -10.997510 -8.850858 -3.755723
5.760071 20.796030 -2.886795 -24.128870 -21.874900 -6.730179 1.413096 3.207286 6.676850 -5.375580 -6.686136 2.030563
7.379948 20.330430 -6.135704 -28.957080 -23.367590 -1.213746 -3.845760 -10.254250 5.784245 -10.975140 -11.083870 -4.701195
3.063263 15.024320 -8.028881 -25.936150 -25.977930 -7.734293 -2.598255 6.869110 7.886856 -6.959475 -2.395617 -0.686092
0.274898 19.051900 -4.213760 -15.850410 -18.034120 -0.891769 4.979833 -3.315214 0.967785 -12.502750 -7.197611 -4.624770
1.239781 21.159130 -4.906386 -20.257880 -16.414380 -3.759117 1.611104 0.210160 0.501385 -12.728610 -6.344014 5.116740
2.440923 17.536860 -8.841108 -24.491040 -18.574260 -9.573276 2.048481 4.480027 6.441225 -13.393190 -5.527976 -2.213817
