3.950691 6.388668 -20.527360 -13.032590 -0.602542 24.460730 -16.571730 -28.399520 8.668296 -18.659150 -8.477301 -17.172200
2.781730 4.739185 -20.757480 -10.018570 -5.135492 20.304140 -16.032170 -28.939570 4.069752 -16.700900 -9.461927 -16.540590
2.488546 6.337821 -24.498250 -9.748620 -7.685617 13.109840 -12.322940 -34.941270 5.795833 -23.650270 -11.252490 -14.565130
4.626397 6.718158 -28.834580 -10.454600 -6.611562 15.563330 -16.144760 -32.617810 6.262197 -17.764160 -19.426910 -18.411520
3.720422 5.490707 -26.256640 -13.396530 -6.950610 17.797830 -11.826450 -34.864670 9.783280 -21.439220 -12.914550 -18.872910
3.784595 5.415961 -26.089970 -12.761220 -5.077975 19.684490 -12.831740 -28.198350 7.089246 -20.323130 -15.363570 -12.091690
1.770057 4.146307 -26.187830 -17.077660 -6.960297 22.224950 -17.452740 -29.664540 1.195757 -28.220320 -14.296330 -17.028100
1.219551 5.688502 -25.314750 -17.751840 -7.390767 24.117400 -12.796670 -27.523670 3.214369 -30.813430 -8.906890 -12.522470
0.161951 6.250872 -24.969960 -18.165250 -5.666466 23.933830 -13.076600 -31.092040 3.388202 -28.629210 -12.219370 -10.076660
0.122314 6.210195 -22.446290 -21.744610 -9.493469 25.674270 -12.254650 -31.520680 -5.585278 -26.830290 -3.405463 -13.415390
0.626263 5.368165 -22.453940 -20.674690 -8.091264 21.649730 -16.085700 -30.507110 -5.113554 -25.232150 -5.294551 -16.568210
1.810323 5.862908 -21.538050 -20.708610 -7.485216 21.808840 -14.730340 -29.786790 -3.414275 -24.459910 -1.745856 -11.617610
1.970127 6.800530 -21.830100 -21.812450 -10.510010 21.106730 -14.137260 -34.506440 2.433267 -22.385420 -1.116772 -13.812570
2.264569 6.159347 -20.794180 -24.287980 -12.326940 19.413950 -13.448200 -32.625540 1.387203 -24.951710 -5.210714 -15.743230
2.662821 7.991371 -21.059460 -28.099130 -12.773760 17.176240 -12.402310 -28.143420 -1.757114 -21.705040 -5.711289 -13.101080
2.363975 11.860840 -19.688690 -32.747010 -18.507910 18.095420 -13.445740 -21.959130 1.066339 -32.444900 -6.805455 -5.710645
2.443877 12.318980 -17.352330 -32.125120 -16.371900 17.386870 -12.107610 -17.196920 6.081471 -30.285060 -3.796499 -0.729439
2.790538 12.454230 -17.820980 -34.698870 -20.798300 13.219340 -13.427280 -19.474730 2.688274 -32.144940 -10.690110 -2.299504
4.893157 13.296260 -17.250650 -32.175300 -21.096170 12.152660 -12.872340 -15.196870 10.484740 -25.932860 -7.149371 -4.054722
4.482322 17.797760 -14.841660 -31.109610 -23.330260 9.355193 -14.311980 -9.154937 10.955700 -26.947340 -3.896859 -3.844932
4.068341 20.075200 -17.126800 -33.312350 -23.395040 6.906205 -20.259420 -11.879960 3.713661 -27.468400 -2.415329 -0.957147
5.193261 22.237230 -13.408200 -29.922380 -24.250530 5.159964 -18.010140 -7.054304 6.946043 -27.413130 -2.967307 2.207621
5.507207 21.610280 -14.180360 -30.451690 -21.969830 6.997671 -21.854720 -13.845190 5.579882 -27.887040 -8.031190 1.965728
5.936287 22.250960 -8.167449 -26.227120 -23.905430 2.984731 -15.312960 -3.772985 4.731390 -29.079550 -4.364388 0.518102
5.499657 22.545870 -7.443454 -24.073140 -21.450960 1.126411 -14.895220 -4.461590 5.577584 -26.973350 -9.217760 -1.077347
5.502173 24.282810 -4.425913 -25.906990 -23.361740 3.054941 -16.176130 -5.859690 7.966071 -29.071420 -11.592740 -0.691363
5.849464 20.503850 -3.338009 -24.536020 -20.559150 1.172144 -12.161130 -6.662032 8.020441 -24.376180 -4.401717 -7.606220
6.580536 22.262650 -3.991669 -25.034940 -16.868370 1.290020 -11.834450 -7.168814 7.152806 -19.123310 -7.086339 -5.063356
6.979417 20.883680 -3.942740 -22.548820 -20.129890 -1.593757 -10.802700 -4.063901 11.055250 -25.107780 -4.911471 -3.205110
7.980394 22.780280 -5.825740 -23.591890 -21.638050 -1.694242 -8.557110 1.927738 5.702407 -21.955400 -5.827559 3.104267
8.766831 22.060280 -6.599429 -24.332500 -22.685460 -0.073607 -9.120047 0.426733 6.976675 -19.291570 -5.599914 -3.647088
10.107550 23.715350 -7.785956 -27.047580 -23.887870 0.509333 -1.175565 -3.348989 -1.251695 -12.698250 -12.246300 3.407380
8.388713 23.478410 -7.852469 -24.695030 -22.161750 -3.071395 -0.640929 -1.037133 -6.164212 -17.475580 -7.540406 7.683064
8.489376 20.013170 -9.279819 -23.205330 -22.340360 5.682999 -1.016835 -6.093352 -0.501991 -12.707190 -7.452898 0.470321
7.984798 19.557070 -9.040525 -23.562910 -18.442520 0.702572 -5.357292 -13.562780 -10.221350 -13.726550 0.724584 5.577699
5.813603 18.432840 -10.671240 -22.483800 -18.025970 4.062363 -6.337971 -14.950050 -10.195310 -4.022307 13.715660 16.933980
3.936849 18.319450 -8.797409 -8.798127 -8.307407 3.452370 -13.630310 -22.192010 -10.457210 4.903191 9.039143 6.808068
4.445831 15.414040 -15.161230 -8.410863 -7.325984 -3.014068 -20.634710 -31.358970 0.650517 13.834380 10.302210 -10.062480
-1.829937 10.079160 -10.517570 -8.190377 -8.796000 -6.883367 -31.489240 -27.505100 10.706050 20.539880 7.568627 -12.026740
-1.853845 15.301670 -2.906822 1.807814 -5.679180 -16.538260 -23.997570 -18.845700 -1.017365 -2.968806 -13.702740 -5.319435
-1.112707 19.728940 2.518939 -4.742457 -12.103530 -13.535960 -19.630660 -15.587590 0.099151 2.058900 -3.830156 11.937840
-3.770235 16.042010 9.489786 -0.013315 -20.826150 -1.462354 -4.084994 -27.172410 -16.039020 -2.875324 -9.037234 -5.406785
-4.995190 14.378290 17.560010 1.698278 -24.892910 -2.118725 -8.528810 -25.365790 -18.311110 3.287172 -9.591049 -8.279638
-5.167576 18.968260 15.468290 -4.106440 -20.048150 -3.895884 -12.306940 -22.651600 -11.654900 -13.698100 -9.839500 -16.833990
-6.949328 18.810640 16.530200 -4.495117 -13.771530 -3.494590 -15.183150 -20.752130 -15.870550 -15.673420 -2.406150 -21.552400
-6.063486 20.776900 13.729020 -7.685803 -13.424610 -7.664699 -21.599400 -18.543950 -20.633740 -15.564490 -4.901680 -31.435670
-6.356040 20.342660 17.527130 -6.836367 -18.376530 5.200544 -19.493460 -27.043970 -17.527710 -21.788760 -5.281088 -22.362440
-9.685501 22.816880 17.446090 -8.622163 -23.568200 1.813699 -19.043110 -24.954170 -13.248500 -21.586350 -5.181953 -29.171290
-10.725480 23.434680 15.459120 -8.831342 -21.779720 0.985346 -22.599760 -24.962680 -16.015280 -29.962340 -2.223177 -28.438140
-12.695350 25.265180 13.528720 -5.986931 -16.493600 0.319314 -21.062300 -24.179680 -12.591450 -26.932710 -0.933799 -23.150090
-12.804200 25.870770 14.617390 -5.245617 -13.207860 -3.132588 -18.517090 -26.366200 -10.480180 -17.767410 -1.423359 -18.819160
-14.478360 24.862980 16.407880 -3.112133 -5.921357 0.222694 -22.063900 -19.758680 -5.456626 -14.426450 -4.596929 -7.838408
-18.328130 24.457220 13.092180 -4.653415 -0.684277 -2.153508 -10.698730 -13.198360 -6.789093 -11.425270 -3.095205 -15.371440
-20.437040 15.580310 7.921766 -0.901619 6.118478 0.227847 -6.686192 -2.571407 -1.353545 -5.102634 0.397803 -15.748460
-15.936730 10.288140 11.399540 3.168891 2.509434 -2.248839 -10.841460 -7.916221 4.176196 1.215936 -1.135131 -5.247016
-16.034250 10.279500 3.566325 -5.660442 -8.214169 -2.007934 -11.528680 -12.040120 -9.676106 -6.628422 4.376087 2.797422
-15.598880 8.240014 6.336927 -3.425901 -6.041840 -2.128387 -11.355180 -9.260936 -9.401956 -3.196414 7.990261 7.737565
-17.632290 9.731871 4.551785 -6.145228 -2.361353 2.033993 -5.114891 -8.867889 -10.301750 -4.291373 5.025977 -4.117435
-18.009150 5.944772 4.143534 2.859363 2.282998 -5.238255 -14.511930 -12.979400 -13.573190 -14.471160 -2.969755 -14.431490
-16.834530 5.507995 3.286512 4.052955 2.968359 0.109327 -8.378693 -2.181456 -9.962510 -1.340593 4.462984 -4.249580
-14.806780 7.435103 5.090767 -1.181467 -0.383977 -0.293900 -1.395818 1.355963 -8.025838 -7.633964 1.905647 4.984911
-16.365810 4.772745 2.246008 -0.781483 -1.382958 4.258179 -5.056444 -0.526482 0.387853 -2.290045 1.397729 -2.790756
-19.166160 8.711368 1.612989 -0.522836 2.085624 -1.872022 -3.327644 -1.421669 -4.978010 -3.709346 3.633792 -5.099193
-21.954550 17.287250 -0.016192 -6.094347 4.333027 -2.139337 -7.428776 -0.979878 2.054969 -7.752645 6.779825 -2.937087
-25.394110 17.368610 2.434078 -5.569280 3.188741 -9.635741 -14.823860 -3.232932 -2.554297 -4.623031 5.560209 -4.834156
-29.828990 18.818770 -2.781442 -1.632333 11.372510 -0.959932 -0.631085 -0.684320 -1.767069 1.406964 12.083590 1.428934
-31.123150 19.115720 -1.027645 -6.539559 0.331051 -1.667832 -1.908921 3.539383 -2.915748 -4.373474 -7.623631 -15.148210
-29.768590 16.397430 -0.854865 -7.129642 6.751771 3.525801 -6.235842 -9.363066 -6.567016 -12.860010 -0.336536 -2.112859
-25.923850 19.525040 5.609108 -9.444038 0.367377 2.939641 -4.782051 -11.421920 0.018744 -4.272676 4.064605 -0.637609
-26.595160 17.166750 7.077742 -6.087280 -1.071760 4.864951 -0.227494 -7.804807 -7.106894 -9.745030 7.152502 5.385080
-20.423830 15.550310 15.553920 1.944205 5.998600 0.094512 -11.188450 -7.405571 -0.619156 -11.081420 -11.261670 -14.368770
-13.656690 25.146190 15.846730 5.558196 -8.307407 -1.290371 -14.600530 -9.342175 -14.254740 -23.145470 -12.588380 -12.225330
-9.154498 25.756870 15.686940 -2.086731 -10.632310 1.972800 -8.275334 -15.115630 -12.965160 -24.596470 -10.641150 -22.515490
-7.496689 26.135170 15.752690 -2.823805 -11.866810 -0.110322 -9.817719 -14.738830 -6.731659 -21.731860 -8.741051 -18.137530
-6.773167 25.110600 14.225960 -0.435207 -12.991720 4.876545 -15.175770 -17.733100 -1.817611 -15.347450 -21.302540 -12.273110
-6.670615 23.258240 14.226720 -1.095958 -12.246420 -0.123849 -2.882217 -23.968460 0.181090 -22.639850 -11.980710 -10.987500
-8.851248 24.374840 16.870410 3.216946 -13.864160 -2.773807 -1.817251 -19.488660 3.221261 -14.341090 -18.862700 -6.256397
-11.108010 25.420260 21.267140 3.122957 -10.806670 -0.972814 -11.624040 -27.111280 3.924252 -1.816132 -11.057890 1.495380
-12.964000 16.162010 18.809990 7.683907 0.967371 2.532550 -18.488170 -21.077090 3.424194 7.033767 -3.874217 9.757073
-13.696330 11.303050 7.379725 10.768590 5.034130 -1.212431 -12.404150 -17.449920 -8.973881 -4.047507 -6.539257 -1.187841
-14.864660 8.448996 6.256653 9.456275 0.091901 -5.863707 -6.231536 -5.624481 -14.434700 -10.349010 -4.696065 0.406114
-17.147850 7.550018 7.317799 9.942475 -1.330284 -5.059830 -8.925018 -5.313448 -10.854650 -6.844650 -12.243240 -6.264609
-16.022300 7.491543 5.456970 5.458553 -0.904053 -4.760309 -7.097781 -7.520854 -6.849591 -3.637812 -7.509809 -5.402306
-16.018520 8.003066 1.501370 0.371122 -1.716557 -1.026277 -1.627145 -3.472010 -10.481710 -7.553488 -5.752902 -10.111010
-16.644530 5.922908 0.346953 1.191584 1.675739 0.166011 -0.234261 -3.483616 -2.931829 -9.363787 -8.047100 -6.298953
-17.676330 7.067478 0.468511 4.168145 -0.618889 3.457524 -7.882201 -8.989362 -8.597115 -11.197660 -21.026550 -7.642056
-17.492620 9.458313 -12.097060 11.613080 -2.341979 5.131622 -15.118550 -14.416960 10.377530 -6.963332 -6.925397 -0.096336
-7.955339 -0.220958 -13.781280 9.269711 12.251010 -2.894903 -20.335710 -1.138489 22.218880 5.089342 -8.658438 7.729352
-7.672851 5.675790 -8.882271 5.050089 14.193870 -1.989254 -10.995890 15.763290 29.551280 1.957289 -22.706350 13.208530
-8.966383 5.960026 -1.169080 4.409832 9.633074 -0.368619 -11.592660 2.867026 18.227600 -7.072259 -15.019650 5.971895
-5.023501 13.574900 -1.547515 4.103837 10.369290 7.759035 -4.096683 -13.199910 13.754650 -15.205190 -15.700140 -14.903330
1.784528 16.357260 -18.462410 5.086130 -1.764992 13.918870 -1.601920 -17.316840 12.851020 -5.128646 -16.034270 -17.792610
3.805357 7.690865 -20.270480 0.758386 -2.521796 11.122050 -8.900409 -22.511560 12.896970 -10.354700 -20.433570 -20.964090
2.330001 4.963421 -21.749820 -2.045037 -6.410555 6.503623 -4.367385 -27.614200 2.298489 -11.040770 -14.747340 -31.992630
0.063174 4.697491 -22.906530 -1.866246 -10.726760 5.840811 -8.258722 -27.480340 2.904225 -10.123020 -17.721410 -31.747750
-1.047275 7.224596 -21.578570 -3.981356 -11.689410 6.511352 -8.386691 -26.120930 5.212304 -5.570044 -21.573020 -28.415740
-1.042871 10.088310 -20.752890 -5.336780 -9.923940 5.550951 -8.603252 -27.943800 6.772976 -0.409838 -26.387840 -24.999380
-0.226235 11.618300 -19.299550 -6.492918 -8.878945 2.346396 -10.504320 -29.401480 6.982036 -0.717922 -25.102750 -23.535330
0.672820 14.462180 -12.826400 -4.037891 1.927603 4.147388 -15.050260 -24.896920 5.559206 6.702109 -24.021430 -13.649810
-2.725217 8.446454 -9.024470 0.855908 10.627210 -1.471372 -9.033298 -12.789070 12.201630 14.725300 -9.051310 -10.107280
-7.214830 2.463774 -6.040569 2.837456 5.588110 -0.554773 -2.672423 -4.306073 14.050240 20.826830 -3.744483 -17.418570
-9.405529 -2.849757 -14.562620 -0.332737 -2.008986 -1.239485 -13.456810 -10.960780 12.657280 13.891280 -3.503375 -20.905860
-8.950654 -4.347715 -14.038920 -3.996197 -4.074151 3.092301 -7.596119 -8.425325 2.182089 15.198400 -10.273370 -27.834150
-10.351140 -3.101451 -16.765950 -6.028625 2.542128 1.503872 -12.288490 -11.147250 5.325641 9.299283 -11.447700 -13.873040
-9.730170 -1.529256 -13.670430 -0.124972 -3.655185 0.626565 -7.506910 -12.982500 1.864288 13.066200 -10.859010 -5.164892
-10.792180 -0.004857 -11.676570 -6.574893 -3.921580 6.478501 -5.122889 -10.053990 3.836953 11.711120 -5.457330 -12.716580
-11.543380 -0.382143 -10.949520 -1.721375 1.956059 3.328053 -6.085111 -6.501099 14.785390 7.880795 -10.270920 -14.664420
-11.822090 1.076662 -10.982390 -5.170002 2.171597 6.140976 0.878077 -2.620925 11.916760 5.385232 -5.622556 -14.332190
-12.237330 -0.521973 -6.691171 -0.177973 6.610703 10.678880 -1.480105 -4.964504 5.448932 -0.874809 -6.903367 -16.640630
-7.828251 6.654090 -13.176550 -5.943116 -3.678797 0.975684 0.894688 -0.188369 15.201980 8.495337 -6.583317 -11.084550
-0.324382 17.970130 -17.186430 -15.664290 -9.857946 8.900436 8.270081 7.209881 9.548950 1.503698 -4.404165 -14.480010
0.479042 20.074700 -9.688069 -16.256490 -3.799886 4.233702 8.829326 5.961881 6.877889 -0.851235 -15.154890 -12.073780
6.340830 26.589750 -7.189635 -11.714620 -17.579760 -5.649210 5.472009 -8.262845 3.606451 -17.793420 -12.258540 0.816735
8.600107 27.457200 -9.306577 -22.304310 -22.093940 2.379247 2.299876 -10.217250 2.948641 -16.714720 -5.522809 -2.647412
8.351593 24.658060 -9.361622 -20.367280 -21.082860 -1.403094 3.418982 -7.535554 3.346084 -14.464650 -7.466360 1.788041
9.198428 22.960780 -7.885343 -18.168080 -23.450740 -5.749695 -1.985825 -1.478923 0.773809 -11.078980 -13.260910 -5.744241
7.134188 25.758400 -1.578096 -20.240080 -24.045890 -7.168073 -0.127826 1.926190 0.030996 -9.710890 -12.044970 -9.133730
7.611084 24.893990 -3.065077 -17.026070 -25.483210 -9.493388 -1.097431 1.929285 3.284055 -12.219460 -9.539033 -4.790107
6.238279 28.974480 -6.200353 -23.084490 -18.870570 -3.528085 -0.530188 -9.520130 3.954118 -11.485420 -11.321030 2.161332
5.616050 27.690080 -6.218701 -17.281890 -19.911320 -8.164545 -0.786739 -6.489493 -0.427709 -9.167881 -9.788709 -7.669680
4.784314 26.269920 -9.884550 -18.558870 -22.512310 -15.896700 4.945371 -8.652797 0.834306 -12.612900 -13.322110 -7.619658
5.259951 26.235340 -11.477030 -24.499270 -22.153880 -5.843094 2.904033 0.799663 10.222080 -17.143110 -5.367985 -5.831591
2.978654 19.863680 -6.172830 -13.089830 -15.024790 -8.469863 -2.754864 6.426883 10.853850 -16.718790 -9.043966 -10.273020
0.463943 21.779090 -1.885431 -10.593110 -18.134350 -11.602280 -0.030005 8.666010 10.944980 -7.158425 -9.640617 -9.570481
-0.279712 21.067230 -4.383865 -11.940760 -18.923240 -14.513750 3.699528 6.601742 11.241340 -13.012020 -7.149982 -15.278110
