5.153268 6.740337 -20.499550 -21.086170 1.434704 27.191970 -11.548320 -14.982470 7.964622 -8.090769 -9.924096 -14.970260
2.360933 1.876087 -21.256860 -20.368360 -3.599209 24.292800 -19.138100 -17.446200 7.138334 -15.031430 -15.425220 -15.277540
-0.481884 3.120032 -20.784530 -17.156920 -6.033036 22.700380 -19.295660 -23.071750 5.995555 -13.619710 -10.801420 -20.311060
-1.161624 2.006830 -23.543160 -20.214600 -9.894833 20.415050 -24.924120 -30.051320 5.682994 -18.541530 -16.256330 -22.538350
2.467179 -0.148143 -21.520310 -17.602270 -4.823974 18.956140 -22.465500 -23.843890 8.723417 -19.830730 -9.706614 -23.278410
2.282862 -1.062514 -23.588380 -19.080120 -6.829226 17.254820 -20.437990 -27.233730 5.610260 -22.097350 -18.644320 -19.879000
3.419872 1.270823 -22.392480 -20.741210 -2.244209 21.415250 -18.189450 -21.549690 4.485827 -21.159250 -16.821910 -11.376210
2.155485 3.292964 -22.373090 -20.416960 -5.750398 22.389350 -14.050710 -26.736990 6.635747 -28.492150 -8.898296 -14.132530
1.940644 3.882773 -23.329970 -21.984040 -3.390463 22.422910 -11.028040 -33.165780 -3.611920 -23.339000 -10.841460 -12.782180
2.055109 2.812178 -22.450620 -20.247260 -5.336601 20.414300 -13.876190 -30.579160 -3.773770 -22.040660 -13.648400 -16.938750
3.067088 1.860214 -21.443500 -21.348280 -4.102600 21.595010 -16.943180 -30.294140 -2.091053 -15.302980 -13.873890 -18.734700
3.304821 3.347684 -21.507390 -18.780570 -4.510855 18.887520 -13.819290 -31.811760 2.892226 -17.240440 -12.965760 -15.652560
3.580122 2.099145 -22.108210 -23.059560 -3.455119 14.426500 -12.595450 -32.597220 -1.072118 -17.658290 -14.479510 -14.990220
4.671932 3.479264 -20.722800 -25.630470 -3.024696 15.778010 -15.269630 -28.244990 4.882917 -19.866390 -17.981400 -5.000191
3.804940 4.729892 -23.398160 -25.964280 -9.119886 14.867310 -14.854930 -30.701310 5.511315 -23.925090 -18.469350 -8.465901
4.508748 6.294639 -19.755880 -28.413290 -8.053067 17.014650 -13.674320 -23.353070 2.978066 -23.189970 -11.066340 -6.153764
3.465657 8.437081 -17.038160 -27.236590 -11.022610 18.911380 -10.860090 -23.568500 5.645644 -23.493520 -6.680351 -6.123107
3.819615 8.638000 -16.249980 -30.163610 -10.531230 15.032140 -11.416480 -21.546730 2.196337 -25.407210 -8.865027 -5.691765
4.624385 9.059053 -17.257820 -30.785030 -11.597130 8.012810 -12.004050 -19.900300 3.812872 -27.186490 -7.797333 -8.545040
4.420111 8.655544 -14.779140 -29.778810 -17.887210 9.758880 -15.453450 -14.396890 1.858876 -24.514830 -5.918856 -11.999340
5.876446 12.579110 -14.583170 -30.524510 -15.182750 9.506777 -16.178340 -12.595740 3.998311 -23.644390 -0.630288 -5.544181
6.071915 13.587880 -12.578270 -30.543630 -19.288390 9.830482 -17.303160 -15.908590 6.548597 -28.284600 -3.021357 -1.883120
7.430809 12.620880 -11.294780 -28.974160 -16.915520 6.635944 -17.943260 -17.274450 3.428887 -30.926090 1.027626 2.448840
5.718544 13.829320 -12.029120 -33.810840 -17.732030 6.160828 -19.483310 -27.476550 0.309833 -29.437560 -2.830983 -9.138225
5.486094 16.142190 -7.249076 -31.249500 -22.231150 5.080816 -15.815630 -16.013710 3.817459 -28.802110 -8.962370 -6.257144
5.841226 17.896990 -8.450728 -30.150070 -19.865670 7.203547 -12.259540 -10.880460 7.164545 -25.772940 -9.088670 -2.870573
4.856835 18.317630 -6.628150 -31.418390 -22.133240 1.739343 -12.639770 -6.768820 7.057737 -33.636150 -13.352670 -3.353961
5.095156 20.170600 -8.384687 -33.554310 -16.685530 10.987320 -15.971000 -7.999203 7.858469 -27.004540 -12.532650 1.042878
4.352020 19.307190 -7.218209 -33.785350 -17.789300 8.381268 -9.684389 -7.358101 1.361531 -23.734910 -0.048078 -2.370786
4.092568 19.551130 -7.401257 -29.131110 -18.330560 4.476666 -5.137526 -2.801541 3.995690 -20.448810 -7.618049 -1.502398
4.570969 20.049880 -8.592859 -30.597810 -18.702790 5.076341 -9.547070 -2.772669 7.840777 -20.184570 -6.477655 -3.211369
5.686259 20.435840 -6.355374 -28.567850 -15.839470 1.038230 -7.605448 -1.181020 7.338845 -14.110700 -9.279659 -4.432673
6.134137 18.343530 -6.202476 -21.497260 -21.955900 -2.864134 -5.063668 0.771897 2.482687 -17.556800 -6.166527 1.099202
5.995019 16.988890 -2.536504 -17.760810 -17.130740 -8.987683 -0.594492 -0.071307 -2.663098 -9.415628 -2.708996 3.960320
6.037869 19.643030 -5.161618 -18.971770 -21.229910 -2.104098 4.505480 7.238437 -6.320125 -10.209260 -2.901218 1.844248
7.548208 17.837260 -6.338864 -26.749020 -18.687090 3.422013 -2.651549 -3.116170 0.040519 -11.287260 -6.152973 7.595003
2.932079 12.632160 -5.946209 -17.956000 -16.703080 -2.816399 -4.071795 2.031151 5.268867 -10.250410 1.567942 5.659310
2.144332 17.597910 -3.011709 -11.271800 -11.889000 -6.955947 -1.199573 -3.311609 -5.791982 -12.498740 -8.526791 -3.705451
4.150094 16.315120 -6.282873 -15.876650 -15.146730 -5.048772 -4.475000 4.143973 1.953889 -6.269429 -2.681272 -0.053658
-0.593413 14.207770 -8.333003 -22.440540 -21.662180 -3.014053 2.194025 2.362807 -8.185005 -3.694684 6.733291 11.044310
-5.453732 8.079520 -8.727094 -11.610390 -10.863740 -2.908140 1.492109 -1.147706 -3.447449 3.979264 7.738143 5.057570
-3.681007 12.135500 -2.960743 -4.535823 -5.129703 -0.229740 -1.034352 -12.588340 -11.905590 -7.022835 -1.580925 -4.366368
2.237664 14.246610 -3.315352 -9.437035 -12.479220 -6.697133 -17.910980 -20.049100 -5.997735 4.878047 8.487932 0.446842
0.636929 17.562410 0.770552 -5.423331 -3.988067 -12.749820 -25.707560 -17.163400 7.359814 17.298270 10.166180 -12.305920
0.228380 16.648040 4.016591 -0.190699 -9.617736 -12.934800 -20.059400 -9.402816 6.171821 11.424630 -1.156434 -7.544754
0.114503 17.223220 -4.461731 1.103916 -16.443540 -19.739320 -14.856030 -21.488990 0.678091 -8.607364 -12.878280 -10.548460
-2.418380 19.424150 6.816139 3.529027 -17.117800 -13.400960 -12.190610 -20.305240 -1.454137 -4.942740 -9.514392 -8.744670
-6.777405 15.090390 13.539360 -2.585536 -31.590530 -10.784470 -15.555760 -29.712270 -1.982280 -9.714614 -5.152433 -23.779620
-10.130320 16.945450 15.618920 -7.189584 -31.822370 -1.920615 -15.262520 -32.816350 -12.938290 -13.423120 -3.520395 -30.983390
-10.882260 17.452130 19.273410 -5.615333 -31.022490 -0.924140 -16.616020 -31.822130 -12.150660 -18.039560 -4.740880 -23.299080
-10.786580 19.023140 18.456510 -8.551120 -29.034780 -2.444212 -19.149040 -27.492840 -10.759540 -24.204870 -12.023140 -25.172040
-7.212368 18.268340 20.901450 -7.118679 -19.166470 0.165568 -14.454460 -32.115280 -5.746114 -13.219230 -6.699450 -20.042980
-7.954917 21.136350 16.735150 -0.992962 -15.174440 -4.299178 -13.430310 -29.790740 -7.204075 -19.593920 -5.313850 -12.072070
-11.634200 22.993070 21.352250 -3.324861 -9.876359 -5.053993 -11.986000 -31.697760 -10.047920 -6.137766 -16.235380 -6.180857
-17.343320 18.985550 22.300510 -3.347965 -5.121390 -3.037175 -14.149190 -25.230480 -5.978077 -11.675850 -20.511090 -15.018030
-19.288030 19.878620 17.891580 -3.093822 0.093559 6.960395 -3.610598 -21.211370 2.030555 -12.227190 -13.042770 -2.989637
-23.245550 18.437510 10.413200 -3.398953 -3.852290 -1.572297 -10.647270 -22.672730 3.017382 -8.072482 -6.507844 -1.267120
-20.941010 12.896150 8.992608 -1.918710 1.527069 -5.458997 -15.349500 -21.338710 0.256756 -9.859077 -7.237301 -1.905934
-14.922550 6.662225 5.931051 -3.032477 -0.415374 1.502903 0.432943 -9.611581 -5.442071 7.918185 -4.671262 -3.313322
-15.729670 5.082023 7.079584 -2.312273 3.338354 -0.260321 -1.377377 -4.982471 3.433474 15.644250 -0.658013 -8.291225
-16.174610 4.664311 7.053741 0.348657 2.106200 -3.046871 -10.681190 -0.351141 -4.391684 0.399673 1.021465 1.551220
-15.405060 3.729890 5.672631 1.021857 2.882069 1.441743 -8.206152 -10.679840 -2.343985 -0.099550 -6.424671 2.155099
-15.527740 2.389454 2.820682 -3.434007 6.314366 4.766061 -7.258593 -7.808205 0.336698 2.386506 -6.762291 4.584875
-15.865850 2.241167 3.896713 0.675299 -0.171530 1.015108 -15.029460 -9.311018 -10.412250 -0.853869 1.527280 3.793487
-16.848480 4.489290 8.285542 2.496522 0.090788 -1.261271 -14.872440 -17.518750 -17.145730 -0.054748 12.681700 7.224262
-20.469060 8.709011 1.759007 -6.882860 4.094827 3.554031 -8.110412 -16.779930 1.136120 -10.717630 -2.753355 4.472940
-25.415080 13.384460 1.344100 -12.377600 0.907298 4.469953 -5.864608 -6.814719 14.764950 0.239666 7.244034 14.707520
-25.850630 13.888630 1.589599 -11.224000 -3.158626 -4.450588 -12.062590 -10.733880 5.152230 -6.984433 -3.532717 10.078250
-29.349120 16.503510 3.824212 0.161436 17.255970 6.379366 0.673663 5.100444 5.217757 -11.987630 3.375567 -5.106422
-29.282210 16.430830 0.085021 -6.678908 15.739330 0.002224 -4.034593 6.969707 9.041220 -13.913200 -3.556128 1.893442
-30.919920 11.067830 4.965566 -2.895447 14.579220 9.151746 -10.216710 -8.326416 -1.346674 -10.845640 -5.313850 0.443277
-27.769520 11.526890 10.306960 -3.548730 0.795535 0.824167 -10.017020 -8.202045 9.163754 -10.937070 -6.385241 -5.826515
-18.734490 17.989730 17.152930 1.853597 4.415334 0.542976 -8.861566 -10.318570 10.858920 -20.859350 -27.693530 -0.409426
-11.955880 23.379460 20.015650 1.103916 -1.167229 8.846686 -13.291350 -30.029110 -3.487420 -19.397340 -12.346590 -6.245024
-12.445430 24.072860 18.346690 -3.296977 -12.855140 3.677845 -10.680640 -25.792360 -8.403208 -20.183660 -10.596870 -14.896110
-10.859370 23.209450 16.217590 -3.014153 -10.737200 5.937815 -16.373660 -28.339000 -3.758699 -9.889251 -14.262640 -23.020320
-8.013617 21.100840 17.292910 -0.966671 -11.454880 1.243343 -16.038290 -22.406220 -7.342991 -8.777429 -15.307540 -15.189140
-7.162474 22.636770 15.179610 5.542252 -9.605729 -2.630678 -15.594600 -26.917620 -6.762427 -11.016620 -4.448235 -10.957700
-7.792907 22.746620 15.241340 5.049104 -12.211360 -0.206618 -17.195380 -18.788370 -5.957108 1.762935 -10.269110 -25.008050
-8.378728 18.544030 15.748850 6.010704 -11.205500 3.601021 -9.529563 -22.935540 -13.360930 -4.205793 -5.830138 -11.895960
-9.295027 18.797580 15.672760 11.472780 -10.933940 2.691812 -8.790444 -28.630680 -10.005980 -2.139413 -8.444850 -5.924903
-8.929329 20.442950 13.084970 8.020741 -12.000760 -1.784122 -1.002621 -22.418810 -4.425757 -3.595937 -16.742430 -6.930893
-11.569050 16.602500 13.584580 7.040818 -1.071169 -1.499948 -7.353240 -28.975660 -3.077880 -6.171596 -17.787940 7.128725
-16.511540 9.816782 9.579795 4.726446 5.841455 1.622988 -4.305949 -10.616170 -0.618021 6.740532 -9.823056 4.539246
-16.638920 4.957127 2.468944 7.898052 8.641973 1.570777 -7.973639 -3.880162 0.590941 5.879236 -2.906763 -4.658682
-14.981250 2.985946 3.890970 4.995726 3.241370 7.727144 -1.590742 -8.746908 -9.236048 -0.421393 -9.195254 -10.245460
-14.927830 4.330560 0.017545 1.586707 -1.570865 -0.382642 -1.351117 -4.549395 -12.602140 -2.196102 3.679303 -8.152198
-17.929720 3.695220 0.091482 0.069817 -1.214335 1.188894 -1.904225 -3.454488 -0.624573 -8.933779 -3.702759 -8.138652
-15.932770 2.138827 -0.180577 6.310257 0.898061 -4.387936 -2.640060 -11.654810 -5.666827 -2.890990 -1.791629 -3.226341
-17.326290 1.989287 1.553707 7.933106 3.776166 -3.090877 -11.050470 -10.941160 -6.171380 -4.651070 -7.880506 -8.800281
-17.568720 6.078682 -1.000342 7.776956 4.601912 4.993550 -4.063588 -7.656443 -3.572604 -6.434008 0.316035 -3.745377
-18.789670 9.766239 -7.405563 10.147890 -4.813813 0.512395 -10.301510 -18.803910 -1.661856 -7.140783 -3.322012 -7.465615
-5.613394 -1.976049 -17.937600 4.381481 14.138640 -4.701944 -14.330280 0.076754 12.430900 4.237104 -14.199800 3.389950
-4.805689 3.314267 -13.581800 6.971507 17.674380 1.084473 -14.691360 9.411223 21.118380 15.254750 -22.604580 2.160803
-6.918871 5.873168 -6.124232 10.606780 19.691640 0.831625 -8.038196 15.349190 21.727780 20.166510 -15.834300 -7.649559
-8.453276 12.162230 -7.177293 10.283330 11.943110 12.608830 -9.532845 12.995770 16.558400 6.452519 -2.585777 5.078245
-10.614000 3.382354 -7.653934 -0.886206 18.786460 29.140170 -3.056943 8.853036 20.176770 5.546421 6.911342 6.286004
-9.307940 2.236989 -12.126750 -6.890030 7.434758 18.043200 -8.020689 -8.294583 19.663040 -0.623459 11.750780 -5.376636
-8.809582 3.179347 -13.856730 -4.601948 -0.205705 26.084360 -4.664840 -15.244540 9.969073 -15.383440 -12.995950 -30.269720
-5.477211 8.039420 -9.216656 4.634827 4.780178 27.026390 -6.479537 -19.979510 9.761354 -21.215930 -10.940650 -19.649430
-1.024854 11.155130 -15.910450 0.931035 -0.383970 21.276520 -4.218415 -18.008090 11.469630 -11.188510 3.641721 -23.028160
1.236837 13.526480 -17.432970 -6.661381 2.117284 26.410310 -6.488837 -19.795920 10.214800 -12.904700 0.359778 -17.866310
1.387695 13.985130 -15.591010 -2.975116 3.540634 17.785880 -6.179184 -14.627870 13.094030 -12.592920 -2.390475 -24.548910
0.188464 15.221130 -13.370040 -2.852426 0.609881 17.054180 -8.078680 -13.031780 15.409730 -13.542900 -11.150130 -15.778040
-0.581673 16.506430 -10.621450 -3.384612 5.285416 11.057430 -0.298516 -8.922359 10.970320 -11.215020 -9.002417 -13.287670
-1.839016 18.428320 -7.279943 -0.020208 4.579745 6.527048 -5.087740 -5.875276 12.035120 -6.181654 -7.868800 -15.040840
-1.799101 15.566160 -1.019723 4.820455 8.996656 5.922152 -3.908215 0.842966 12.268390 5.636939 -2.456397 -9.978807
-8.658137 5.170578 -3.468969 7.625586 8.487723 8.748979 -5.857496 -3.304947 4.897988 8.566443 10.527210 5.727754
-13.213810 -0.306038 -7.900868 1.742858 8.067461 10.285460 -6.987783 -8.247204 -0.943687 4.008522 4.326819 -3.177146
-13.233760 4.442089 -8.041563 3.660480 12.627540 11.845060 0.039038 -8.962336 1.569904 3.019220 6.317426 -1.105278
-13.030080 2.731978 -5.283650 8.778390 15.731940 6.578512 2.069289 0.470594 8.811877 7.384218 -1.376381 -8.468753
-13.467970 1.442920 -2.563064 12.757840 16.213160 19.204510 4.252724 7.702606 11.645890 0.249723 -6.066719 -0.194112
-14.394840 1.250355 -4.483984 3.391997 8.235566 9.155475 -1.361512 1.651376 -3.828812 -4.288997 1.120656 4.425172
-13.874760 0.808834 -3.820707 6.112679 7.261111 7.763691 -1.120792 -2.669767 -3.545083 4.236190 11.207380 10.369140
-13.946370 4.115020 0.040516 12.612840 10.008980 9.455313 1.954947 -4.188868 0.788830 -5.302985 -3.533333 -2.933313
-12.411380 0.285441 -9.544705 0.276159 2.279847 1.920588 -4.127051 -4.869946 4.232240 3.800970 -4.513541 -6.841773
-6.478038 0.476753 -24.741940 -9.621865 11.823960 0.001478 -7.275005 -17.825230 4.193580 16.823730 -15.331570 4.093644
-4.425316 2.521033 -23.510140 -6.106091 15.453000 1.453676 -8.086340 -13.444130 5.407784 19.568540 -6.801105 5.495328
-6.740425 5.893218 -13.511450 1.569977 12.458510 -0.392339 -4.911030 -7.497278 14.610300 26.283360 -7.309385 1.334480
-13.289530 0.978425 -6.613076 13.748120 11.186640 -5.708116 -9.146600 -6.705895 16.981050 9.941591 -1.111459 4.190607
-15.608160 -0.655245 -6.492480 15.110450 10.450490 1.487240 -10.517060 -7.243354 25.796310 20.708710 0.506409 5.897439
-15.516590 0.501398 -6.549189 11.308660 2.788780 -9.738023 -13.973030 -4.055613 24.393390 1.345087 -6.819588 -0.485713
-16.229790 1.864391 -6.023017 14.393430 2.675171 -4.472964 -12.552780 -10.697600 16.733360 7.270842 -8.253243 -5.792293
-16.624830 -0.365771 -6.327379 15.087350 7.269424 2.118242 -13.437970 -19.587150 13.911140 0.874209 -12.276970 -12.633170
-16.867260 -1.638955 -4.067641 18.399170 11.662320 -5.302366 -20.335680 -13.378240 16.965980 5.858206 5.132057 6.529837
-15.796000 0.457539 -1.194157 15.889610 10.956650 -3.362372 -12.282520 -4.667103 9.494662 2.888472 -3.831523 3.759265
-13.153350 0.343086 -5.229813 11.401880 16.170680 -0.826432 -12.302760 3.146787 10.230520 19.845580 1.294395 6.005096
-15.068710 -1.143967 -3.130152 17.963380 18.014290 4.234260 -2.361045 4.102517 0.252169 0.554194 0.560625 4.747431
-14.219910 1.848935 -3.490504 15.651400 22.402570 9.995318 -3.125329 7.189577 7.748385 9.321677 4.582500 -0.807259
-15.090430 0.023536 -1.075714 11.217050 14.459140 4.968191 -2.535019 7.832159 4.000277 3.161855 0.998669 5.238662
-14.276850 -0.220825 -2.424522 12.483780 10.746980 0.574302 -4.076718 3.688688 12.363410 20.995810 3.455660 9.436584
-16.041950 1.824708 -0.453353 14.586230 8.279902 3.360106 1.488826 -5.052800 1.391017 7.431763 3.263438 12.813890
-17.258790 -2.499441 -1.091507 5.432310 8.349175 8.252978 6.222248 2.976517 10.345190 16.244050 2.438486 15.739890
-16.124710 -3.301447 -4.283709 3.713062 10.081950 1.424588 4.131817 3.651673 9.756112 3.124368 -3.706455 6.765827
-15.753150 1.520197 -1.829439 10.500030 8.406442 4.191000 -1.533298 0.248504 12.762460 6.876767 -4.859171 3.372839
-17.458950 0.155951 -0.345678 6.683106 3.369758 3.621159 3.695240 13.231920 12.943970 10.573390 -3.946733 7.154392
-15.330510 1.907833 -1.316906 3.890723 5.288187 4.433405 2.689142 0.765975 -0.296942 1.855282 3.269599 3.643052
-17.547590 1.342669 -0.924252 7.801653 7.594550 5.573087 3.088517 2.253982 4.886849 5.350755 -2.988088 -6.439662
-18.856590 -0.462262 -7.295017 2.616025 1.139135 -1.914648 -0.174327 -4.950638 -8.134549 -1.898031 1.522967 1.964025
-21.111240 2.471743 -9.223834 6.558824 7.572382 -4.731779 6.760037 -11.459370 12.463660 -2.221703 7.716579 7.163661
-17.979030 0.168064 -4.781885 3.871602 0.827863 7.057357 8.652421 -2.365503 5.332428 -3.178089 -7.083894 -1.022574
-16.796240 5.350611 0.883969 -5.275944 -12.989070 22.332670 10.145430 -16.876910 6.827740 7.994988 -3.158746 8.568910
-14.754080 10.759560 6.949656 1.115069 -11.099280 17.214540 3.188087 -13.230180 9.389820 13.536730 -8.147275 0.904563
-8.135124 16.229490 16.521960 2.208122 -7.705773 1.859427 -8.998339 -17.419550 -0.773973 -6.213655 -8.918012 -11.115270
-4.835039 16.570340 11.739750 -0.758736 -31.798360 2.007108 -12.214680 -23.558870 -4.591539 -1.673107 0.528588 -24.908950
-6.863107 11.801750 11.278190 -4.902299 -36.854430 -3.858372 -15.213280 -23.771340 -14.678670 -2.432913 6.852197 -23.845930
-2.908521 6.628808 15.947690 -6.463803 -37.591510 -6.729950 -15.113710 -17.062720 -10.885350 -3.591365 8.807070 -20.345280
-4.410641 6.484280 13.727430 -7.943249 -38.128150 -5.992290 -12.765600 -18.464850 -9.031606 -3.053741 8.396133 -17.590390
-5.215999 7.725718 12.677960 -7.518615 -34.743890 -4.166414 -10.689390 -16.215820 -10.541330 -2.331422 7.699329 -19.802000
-5.843496 7.477180 10.407460 -6.259851 -34.271900 -4.857831 -10.605690 -13.869060 -12.268610 -5.054288 9.977652 -22.503420
-6.675855 6.573670 9.964554 -8.007780 -33.353790 -4.052297 -11.380370 -14.982470 -11.655280 -3.537420 8.166945 -20.894980
-6.378249 5.798398 8.615746 -4.512720 -32.413510 -4.850372 -8.501034 -12.774150 -9.405761 -1.486584 7.938374 -18.984240
-2.530496 3.016021 10.629980 -7.984676 -31.370700 -7.001445 -5.964178 -15.864170 -9.620687 1.714476 0.575411 -18.468760
-2.390205 5.269575 8.220220 -6.028812 -32.687840 -6.144447 -9.726515 -8.463372 -8.481184 4.109098 -2.165600 -17.285960
-3.459122 8.792554 6.590740 -6.553032 -30.450740 -10.514470 -2.114307 -8.276075 -1.159268 -0.752379 7.245266 -12.213940
-2.342658 6.824297 7.259042 -8.334421 -26.921460 -6.500224 -1.706725 -7.021264 -4.206244 6.384859 1.719502 -10.028720
-5.750751 7.509762 11.091550 -4.948506 -23.286890 -9.509789 -0.191286 -9.032664 -6.853509 4.095383 8.018467 -10.647570
-4.853823 8.050281 11.022640 -4.010011 -26.033830 -6.655364 -1.492813 -10.203080 -9.763535 5.977068 4.287389 -12.350830
