3.748045 1.961734 -18.727290 -27.523990 4.354520 17.769090 -15.218440 -20.861620 12.376460 -4.879428 -23.163720 -0.089483
2.705123 -2.653986 -16.505230 -31.887000 -3.369941 14.813500 -20.693920 -26.470060 8.108970 -8.873452 -29.942740 -9.437425
3.477452 -2.823251 -13.544750 -33.883020 1.451729 15.980700 -18.741120 -21.181100 6.897305 -10.115490 -20.588570 -2.030289
1.118236 -2.219974 -14.787800 -30.520920 -3.290620 15.463500 -22.664220 -25.672070 8.811084 -11.678850 -19.601760 -8.114069
1.519403 -0.748311 -14.293760 -30.521750 -3.775825 19.929220 -26.194680 -23.029700 9.946465 -7.618696 -20.907360 -6.891721
3.545239 -3.757463 -16.307000 -25.767830 -6.029707 21.766100 -24.741420 -23.253480 7.105421 -12.157860 -17.633120 -5.952418
3.931960 -3.715146 -18.721990 -26.506480 -7.951118 24.637370 -24.085730 -22.295750 4.384360 -13.093840 -23.781410 -8.612824
5.092676 -1.608017 -19.045810 -24.100470 -6.035614 22.280490 -16.632820 -23.108510 10.244200 -16.854720 -21.611420 -6.442043
4.243114 -0.415568 -20.713300 -24.808410 -5.623823 21.205340 -17.037770 -24.455390 12.589760 -21.405750 -23.306020 -5.850271
4.255338 -1.090819 -20.211690 -28.592960 -2.311772 20.887010 -21.845910 -21.689160 9.687245 -26.885140 -18.435990 -10.150180
4.643169 0.505623 -20.903960 -26.191930 -0.549002 21.522960 -19.011300 -27.433420 11.291440 -24.446840 -19.487420 -7.378492
4.832085 0.220260 -20.621750 -22.631470 -7.381530 20.109820 -12.315150 -23.825580 9.555413 -26.999590 -15.274850 -6.325058
4.161992 0.583383 -19.645010 -29.347380 -3.752198 18.216010 -18.268800 -25.241410 6.631420 -23.306540 -24.177250 -5.423419
6.228390 1.452493 -16.987170 -28.559760 -3.507486 22.222160 -15.155590 -22.440710 13.683670 -21.020000 -21.692830 -4.555449
5.632196 -0.117185 -16.782890 -28.107440 -5.139462 23.454010 -19.176520 -18.976420 13.721440 -20.006870 -16.890530 -4.602242
5.338822 1.345075 -17.124860 -30.704330 -6.052491 21.617830 -17.549620 -24.976820 15.588560 -20.192540 -17.938230 -5.700188
4.048643 4.216066 -17.149070 -32.411530 -11.827690 19.213860 -15.281280 -22.987480 10.024970 -26.947030 -15.580580 -4.234739
5.905567 3.908279 -16.846440 -26.526400 -13.877370 18.125360 -12.593750 -21.550540 11.669160 -22.869070 -9.937506 -1.629117
6.300622 5.673262 -14.320240 -30.522580 -15.633390 16.969410 -18.932900 -16.745010 8.759240 -21.404060 -9.550364 -5.329260
6.875702 7.533728 -12.701920 -31.239650 -13.073190 11.492490 -15.931780 -10.375870 9.899064 -24.171300 -7.006909 0.362478
6.321180 9.465806 -10.492720 -31.316830 -17.850980 14.440360 -17.001480 -10.624980 9.134738 -20.101820 -3.630757 -6.298237
6.276174 14.454050 -11.272000 -34.965260 -19.020540 13.534570 -18.235100 -11.660810 8.152667 -19.987370 -6.765178 -1.714715
5.913346 10.315020 -10.048610 -35.448290 -21.369770 6.548933 -24.374050 -16.307310 -0.777806 -22.008540 -9.129665 -3.266904
7.431334 12.389960 -9.712693 -35.625070 -15.707640 12.273200 -22.833970 -15.213060 6.170751 -20.841110 -2.771339 -0.445573
7.050170 12.672790 -6.984483 -36.612700 -19.793490 4.630537 -21.092390 -7.905900 -1.293282 -31.892290 -1.657762 -1.328951
6.946823 14.577750 -5.879127 -34.073910 -15.776000 4.611564 -16.089870 -9.137365 0.539768 -21.202280 -3.203223 5.684431
7.364103 14.710840 -6.246066 -34.176820 -16.356550 3.185064 -14.346350 -14.781000 7.025434 -30.250090 -8.794723 4.347950
6.725681 14.463460 -5.522023 -34.390950 -15.326230 5.474491 -17.274250 -8.659557 5.193124 -24.230650 -9.546014 4.948853
5.845559 12.878230 -7.128989 -33.638180 -16.229130 4.488590 -16.864770 -10.179540 -3.309268 -24.959760 -11.243720 5.873889
6.940155 13.357810 -5.439556 -30.038720 -14.133890 13.434080 -12.628740 -14.819700 -3.090042 -20.555400 -4.890988 6.753843
6.366742 12.388880 -5.512944 -29.707570 -11.893510 10.766590 -12.225740 -16.203160 -4.896430 -19.658420 -7.013123 6.466231
5.799997 13.505010 -4.633803 -29.573950 -12.773630 11.371630 -11.743700 -17.183410 -4.022491 -16.998000 -6.840991 11.013230
5.278813 12.450360 -6.539617 -26.253350 -6.377367 10.935950 -11.524700 -17.464180 -8.318865 -10.982800 -7.238076 7.604693
4.395357 12.371520 -6.145441 -25.224220 -6.940205 14.176140 -14.532950 -20.005220 -9.840852 0.237094 0.820444 -0.866718
4.585939 11.415610 -8.447700 -19.243640 -5.388393 13.594300 -23.440410 -22.734850 -10.444460 6.382854 1.653762 -5.800623
4.734849 11.085030 -8.962928 -16.452540 -1.187785 1.039693 -22.876730 -24.119020 -14.380150 17.279730 5.481061 -10.907440
4.855977 14.111910 -9.395689 -9.257758 2.801021 -8.924022 -28.205790 -17.233370 -1.599902 18.533640 -6.617281 -12.153180
2.708457 13.880800 -3.521638 -5.230042 -1.657801 -8.951427 -25.018070 -11.947220 0.752328 11.250120 -14.400510 -5.828586
-0.368082 13.423640 1.063208 0.039271 -5.321730 -11.843780 -22.814530 -8.909369 -2.340528 9.394269 -5.339651 -9.477941
-2.989001 12.364280 9.118465 4.531756 -13.300190 -5.057715 -12.830240 -23.340030 -13.378080 5.707151 -9.554092 -10.420100
-4.472540 11.597890 6.185980 -2.539364 -14.400550 -2.903209 -11.984720 -27.992160 -13.474370 16.285250 -1.604942 -13.785840
-3.839119 9.726213 11.107500 -8.655219 -15.111050 1.504886 -12.837370 -29.511430 -20.104450 0.790712 -9.567142 -15.582840
-5.561581 10.801480 9.374188 -5.698130 -10.627760 -4.385925 -5.692218 -25.025380 -17.354510 8.701610 5.964523 -8.302386
-4.852037 11.392100 16.414880 -2.672985 -11.819260 2.030513 -11.536360 -27.334900 -12.654490 -3.550913 -4.043377 -11.379940
-4.988167 11.569680 18.044540 -1.588249 -5.920852 3.851935 -7.785614 -29.296800 -19.865230 -3.288940 0.919870 -14.034640
-5.586028 18.116750 20.100910 -3.439023 -10.316390 -3.941813 -8.190558 -29.284140 -15.919910 -3.500892 2.562893 -8.677308
-10.715630 17.299730 22.905540 -7.913250 -13.587930 -3.230671 -18.240930 -34.223370 -17.031590 -8.603002 -2.688691 -16.760670
-13.031510 16.549970 24.452730 -6.421841 -15.723680 0.175360 -19.628110 -30.835780 -14.819340 -20.203560 -3.361684 -15.791130
-12.733690 16.348880 24.185660 -12.401590 -14.715300 0.183793 -15.722510 -34.036190 -14.360900 -16.825040 -6.585589 -22.043820
-13.574360 19.623860 24.655500 -10.379840 -20.569820 -2.729640 -17.089600 -25.185820 -12.622640 -17.995870 -11.151130 -19.817690
-12.979830 19.151150 23.845200 -11.301910 -17.512610 3.911665 -17.810720 -31.605630 -19.539350 -16.658870 -6.030665 -19.235610
-12.141940 17.818010 22.482610 -10.587330 -18.245900 2.258191 -20.166520 -35.397130 -15.642180 -11.924710 -10.485590 -19.281270
-10.826760 15.195490 21.406760 -7.475039 -12.769410 -0.703026 -15.725750 -33.628040 -22.390770 -8.760694 -9.629905 -11.887260
-9.863844 19.210470 21.579260 -3.475541 -12.802320 4.953081 -11.703530 -28.395370 -22.197460 -8.928559 -14.291770 -7.924040
-11.036230 19.273760 21.384070 -6.045046 -5.533532 -1.504115 -10.558670 -25.009900 -18.031440 -2.716670 -22.023420 -13.004030
-12.737580 16.520310 18.353220 -6.166218 4.247353 -0.875893 -9.062645 -18.651310 -14.219440 -7.400810 -21.026050 -10.194690
-11.212920 10.529860 16.995930 -1.164148 1.551302 0.457147 -11.776740 -7.649755 -9.705317 -6.312224 -10.795680 -8.747499
-14.056650 9.074110 12.784830 -1.106052 3.602664 1.223100 -12.717500 -13.461570 -13.102570 -6.745454 -1.783288 -13.806950
-16.568110 5.740896 7.547059 -4.007535 -1.613077 -2.331906 -9.547930 -6.412661 -10.120070 7.714761 3.185552 -0.696092
-17.009840 5.495317 5.764567 -3.752742 5.212700 -0.306698 -4.717762 -11.282230 -6.673934 -6.380049 -15.361220 -13.088490
-16.308630 6.399148 0.884657 -5.118000 5.282738 -2.271473 -8.859201 -17.753400 -15.174840 -2.610694 -12.610220 -8.300674
-15.936910 8.243700 4.799934 -3.150203 -1.339675 -1.727576 0.406557 -5.685744 -1.147379 -3.600934 -10.262510 -15.647890
-18.587280 7.042571 4.737138 -2.492058 4.094619 2.592680 -2.307537 -3.780139 -9.575707 -13.182860 -3.870624 -1.702161
-15.765770 9.231801 3.307211 4.730113 5.729970 -1.298923 -7.748684 -8.884739 -3.043383 -6.729345 -15.169200 -14.018660
-14.838420 9.760934 1.030676 1.687539 2.811991 1.460616 -8.705647 -5.343045 -5.790366 -3.365243 -0.047674 -2.769861
-15.610200 9.807229 2.586195 5.889544 2.337756 -1.689630 -9.245356 -1.830906 -7.114606 -7.058295 -5.760349 -12.887050
-20.817590 10.111400 7.904919 -4.903044 7.716357 1.753645 -6.620025 -6.022814 -1.394008 -7.414374 -7.926604 7.398686
-25.789390 12.015270 14.279820 -13.596700 6.248085 -1.260275 -10.470550 -16.776670 1.888449 4.310812 -5.983438 7.387273
-22.951220 12.879310 11.357930 -10.611400 11.105200 2.804898 -7.514141 -11.740330 -3.585521 2.427830 -6.424021 15.309140
-24.299180 18.102650 5.621575 -10.937560 14.855200 -4.370466 -5.016448 -10.943750 -4.336516 -3.768800 0.134401 4.329690
-28.981500 13.430510 7.982846 -14.545330 13.025760 -4.333925 -9.395671 -4.872273 2.068421 -2.950665 -1.837973 -3.355356
-22.053310 16.389020 15.161230 -8.850256 12.415670 -2.870181 -13.472320 -14.046340 4.020712 -2.847232 -13.734980 -3.780496
-12.382530 17.835010 28.677450 -2.831505 -1.023237 -0.126102 -15.995280 -20.950280 -0.674119 -11.024340 -14.531010 0.186145
-10.320020 18.541000 21.901560 -4.230790 -6.730934 -2.421150 -17.306000 -23.052220 -8.008542 -12.413050 -11.686790 -15.901830
-11.315160 18.874830 22.993300 -3.795899 -7.227952 5.709196 -11.822090 -20.248000 -12.931490 -10.664870 -12.857540 -15.958330
-9.651037 19.703790 21.812290 -5.563679 -14.783650 10.566320 -11.675020 -29.189140 -11.314700 -10.093450 -10.068620 -16.005690
-7.757997 18.323270 23.081060 -2.850593 -18.422260 8.758954 -15.489260 -22.489260 -11.799810 -5.906124 -16.863810 -16.836570
-6.556718 19.646650 19.339800 -1.001479 -18.412980 2.439490 -11.359490 -23.550440 -9.265386 -8.546198 -15.196550 -15.972600
-4.962053 19.944670 17.281910 -0.836320 -15.326230 -6.427998 -0.895094 -25.684740 -13.007030 -6.496198 -17.244110 -9.608622
-4.779805 17.642600 15.256560 2.046905 -12.666460 -4.359925 -6.655012 -24.846640 -13.231440 -3.271136 -12.809690 -13.825210
-5.504906 16.081600 19.208150 3.952455 -11.253890 1.958836 -10.155670 -20.684290 -8.986910 4.042057 -11.295920 -9.888244
-9.636035 17.056320 18.956970 1.941502 -4.975758 -6.122320 -11.194920 -14.847850 -3.621071 7.510439 -17.393870 -0.091765
-12.820920 12.782380 13.113940 2.960673 2.374884 -0.646107 -3.722572 -8.727816 -5.241562 4.964471 -13.850560 -3.148207
-13.007610 7.445840 8.877118 7.545281 8.139961 3.428904 -9.208425 -13.309570 -8.982466 -7.020144 -12.763700 -6.230329
-13.160410 9.322220 2.284321 1.863487 1.066097 3.504094 -5.698697 -1.584613 -11.757590 -11.632220 -7.170341 -8.759483
-13.993860 8.801044 6.695155 6.811611 0.867796 -4.435115 -14.258880 -8.995923 -7.281247 1.697019 -2.806139 -9.128698
-12.748690 8.416581 5.956738 1.610354 -3.766543 -4.354303 -9.915295 -7.294390 -10.982160 -8.593676 -8.925220 -0.863865
-13.958860 7.714205 6.537787 7.140269 0.606207 -1.710711 -5.064394 -10.278050 -20.761390 -12.827630 -10.753420 -10.145610
-12.434200 8.710262 2.431853 5.633921 4.432153 3.768313 -4.117149 -8.888961 -9.417954 0.971295 -0.537350 -5.210564
-14.734520 5.336903 -0.935663 2.530762 3.168089 5.725358 -4.700916 -1.885794 -11.060660 -9.417745 -6.277988 4.137949
-11.455180 -0.080655 -10.904300 3.227085 15.526890 -5.963507 -9.824587 2.403224 7.583866 7.147577 -11.054190 2.484183
-6.004420 3.761438 -14.402700 -1.475376 20.298770 0.544986 -8.143261 4.766230 14.152480 10.816890 -22.660990 5.871036
-8.779805 7.161924 -7.557210 -2.910349 23.106210 10.175620 1.587049 10.063640 16.780970 21.441620 -17.108020 4.665236
-8.073596 11.725200 2.197315 6.402449 16.769010 2.274353 -15.848850 2.897921 22.780040 10.008080 -9.100459 3.982159
-5.034285 8.836849 -0.360666 6.615745 22.329880 14.518360 -0.588632 -0.978732 19.730140 -0.691256 -13.966770 -4.090363
-2.755080 11.754140 0.153805 3.064415 21.855650 20.146360 -5.905380 -9.753801 3.203801 -10.951430 -15.177900 -3.491743
-2.386140 8.828893 -2.740096 2.748207 15.325210 14.958960 -2.926291 -15.688060 0.127980 -10.836130 -11.465570 -8.370865
-0.738689 8.614780 -2.874009 -1.142569 16.354690 11.504440 -1.153610 -19.195970 15.734460 10.501510 -13.176950 -19.535210
2.030029 10.605810 -8.095136 -6.727260 8.436992 15.173280 2.112504 -17.339630 10.361960 -2.580173 -12.307590 -18.161640
2.150601 10.670190 -7.880268 -8.615382 9.578699 8.643006 0.050207 -15.311580 8.885146 -2.192724 -23.261900 -13.451430
2.617333 10.795690 -7.176653 -9.783943 9.718776 10.675940 -4.701564 -12.093590 9.862033 -2.932861 -22.122220 -14.212120
2.385634 15.493510 -9.149045 -7.802867 10.268110 8.467329 -10.320890 -7.732791 13.405930 -5.372005 -18.283120 -10.367600
2.210610 15.246850 -8.693586 -2.141821 7.065760 4.629834 -7.946296 -7.393610 6.661046 -2.888775 -13.393820 -11.389070
-0.660900 17.129380 -0.648165 -1.151698 9.076618 6.806828 -6.467766 -4.072173 1.210776 3.698694 -7.812264 -5.142085
-5.908295 11.857210 1.371891 3.468598 11.884060 2.192136 -5.412969 -5.435933 4.385841 13.958870 -3.079562 -5.189449
-11.805780 5.816124 1.020084 7.937015 17.311600 10.620430 2.496066 -4.659758 -3.250758 10.455720 -2.646435 -15.056690
-12.650340 6.218671 -4.738211 1.770533 9.916233 3.249011 1.650544 -8.648297 -2.924142 8.157317 -0.598870 -3.304567
-14.768410 2.531375 -4.200286 2.573919 11.868020 6.310012 7.749967 -5.532339 -10.026750 1.840299 2.948792 4.920320
-14.430030 5.387176 -3.539796 3.642886 14.981770 5.069730 6.322622 -0.524849 5.376059 2.135336 5.223795 3.646612
-17.797720 1.379434 -4.873638 -0.569908 8.988859 7.343697 6.717199 1.724159 2.954210 0.115857 -0.488258 7.618389
-14.069980 6.540563 -1.803455 6.813271 12.044380 8.993658 7.186934 -7.007282 0.666415 -0.552216 2.623171 1.853606
-12.124160 2.387789 -12.443170 0.045910 12.595410 5.986063 -5.223131 -6.543548 -2.867114 9.479050 -4.785348 -2.735051
-7.887459 2.972621 -15.792530 -2.632318 21.381410 6.350769 -1.378434 -3.766769 -8.407000 20.244520 -30.399480 6.956997
-10.570050 4.994394 -6.951194 1.695838 19.718210 3.256740 -2.992378 -0.763401 -5.060849 23.667970 -16.052240 8.657557
-10.870100 4.280445 1.564061 7.649024 9.955894 -10.742630 -11.496190 2.299781 5.799697 8.938996 -17.242250 15.353650
-16.265290 -2.382005 -1.247373 8.636658 6.056534 -10.649870 -14.613940 4.168793 20.468540 20.048670 -15.282920 12.761160
-17.802170 -0.545049 0.007029 14.899410 6.262430 -10.501600 -19.243900 0.909281 23.796920 20.815940 -15.603570 7.471159
-15.662430 -2.380197 3.435072 12.170560 4.462531 -7.837633 -11.704820 -0.275741 18.391090 14.980480 -19.044350 8.594785
-16.882040 -2.337157 1.837185 17.776830 15.667810 -3.570080 -14.267300 4.429160 19.778280 19.000780 -7.808536 5.472146
-17.646590 -1.933888 0.213574 15.952610 17.345350 1.924404 -7.983227 0.511693 26.145440 17.033870 -14.495590 4.155639
-16.974280 -1.285401 1.154754 10.648440 12.720290 -15.667220 -23.422270 5.353111 20.716650 16.138580 -9.726224 11.524540
-15.349610 -1.952333 -0.605040 12.761480 13.085680 -13.346170 -19.103950 4.506567 13.017840 21.936740 -0.546671 13.240510
-15.976360 -2.119066 -3.714565 13.120840 13.818970 -9.769381 -12.505640 -3.678104 9.481351 13.400160 -16.444970 3.223755
-16.908710 1.325544 -1.870791 8.117943 10.134790 -7.697793 -8.859201 -0.087855 12.497920 18.171630 1.378475 15.045500
-17.172640 0.600744 0.098575 9.015942 15.229020 -7.234708 -12.155120 3.345471 9.783526 14.293750 -3.351120 5.346601
-18.366690 2.727766 1.704028 8.848293 14.123590 1.613104 -3.640935 1.773417 7.457960 8.026754 -6.628467 5.500679
-18.251670 0.143584 0.255186 15.820650 19.968830 -2.452069 -4.260985 9.117876 6.598092 2.142118 -9.482008 -4.425910
-16.205840 3.208796 3.102179 13.101760 7.129048 -5.957886 -5.601511 -0.892881 5.691566 10.036910 -12.731390 -9.653132
-18.389470 1.201489 -0.761651 11.997100 10.552480 -0.497835 -3.412871 -5.107307 4.283635 6.348942 -14.005910 -14.434100
-17.711600 0.766392 -1.966119 5.714426 5.864140 -0.812649 -8.683618 -6.091776 -2.516797 -3.834929 -11.474890 -10.139330
-17.078740 1.561358 -3.579138 5.957599 2.378260 -2.563097 -8.170473 -2.712635 8.365227 2.181965 -8.595869 -6.488266
-18.905650 0.988823 -4.260056 1.427767 3.368922 0.329956 -9.119013 -6.653324 5.558993 9.689306 -2.889408 -8.938669
-19.368500 1.777640 -2.098520 1.598735 3.419551 -4.028246 -3.519776 0.167586 3.959240 2.000535 2.865523 3.476557
-19.535740 0.703822 -6.955733 5.906143 4.779813 0.188712 3.219134 10.718780 8.912550 4.471895 3.023362 14.208910
-18.970110 1.587398 -1.806482 3.576491 9.777000 -4.012084 -11.176130 -3.427588 5.220527 5.460439 0.264277 11.777340
-19.163470 -2.561397 -3.063153 8.031629 7.359415 -2.924290 1.224219 -7.863678 -0.674119 0.487197 0.245634 10.570970
-17.240420 1.959564 -0.415896 4.857924 6.848895 -2.822397 0.254946 -7.629348 5.907088 12.058080 -0.166365 12.366260
-17.701040 1.013779 -0.258529 0.734764 2.242402 -1.645359 -0.650832 -3.379737 3.730387 11.316250 -6.936689 2.214262
-15.861900 -1.447432 0.119002 -2.560943 0.531950 -2.519529 -0.875008 -11.767070 4.757636 20.599750 -8.864943 8.150813
-11.867460 6.747804 6.975844 -2.062147 -2.805415 -0.568809 -0.218028 -14.889360 3.957759 22.596340 -10.791330 -1.584605
-15.397950 13.402300 14.047550 2.820412 -1.170064 11.738440 14.254330 -16.652120 -1.275507 8.922040 -9.334111 -6.543049
-10.172220 15.829870 17.290240 5.135125 -0.679797 -2.681153 2.943772 -14.638850 1.766986 9.758826 -12.018010 -7.173625
-4.015254 14.812840 15.509260 -3.224068 -22.234700 -8.196717 -1.649909 -13.176570 -17.190090 -2.629346 3.398697 -14.829000
-6.097210 12.853270 12.952030 -2.444751 -24.352730 -9.245862 -5.012561 -13.835930 -15.374810 -0.733647 10.324380 -15.336880
-5.746606 8.021630 13.091240 -5.153687 -26.696900 -12.667350 -10.197130 -16.725300 -16.563520 -3.641629 6.217439 -16.373770
-7.297377 8.940289 12.430750 -7.428563 -28.020030 -9.769381 -7.992946 -12.980940 -16.028790 -2.558978 7.920118 -15.544030
-7.700766 7.480200 11.131710 -7.121483 -29.367640 -6.949409 -10.770540 -13.282130 -12.507110 -1.632323 5.968873 -19.975760
-6.415588 5.736556 11.411650 -6.586170 -29.569310 -7.460981 -11.897250 -10.962750 -9.402401 0.666932 6.756207 -19.187680
-6.017755 5.813231 11.306480 -6.839303 -28.224240 -9.635866 -8.389466 -9.604618 -9.480907 -0.732799 7.674038 -14.738830
-5.832729 5.589353 13.243310 -7.207798 -30.366740 -12.481140 -7.917788 -9.858652 -9.610518 3.326506 5.544446 -13.664860
-5.725492 7.430650 11.593980 -6.935576 -31.716870 -11.840260 -8.874751 -8.451967 -6.651714 3.538458 3.009691 -11.151680
-2.841203 3.928895 12.897560 -7.093266 -32.193640 -14.590670 -9.061349 -5.498561 -9.820855 7.854650 2.615714 -12.868220
-3.181806 6.436762 11.707470 -9.917563 -24.503770 -16.369930 -5.264597 -1.869609 -1.108866 11.207730 1.454288 -11.369100
-4.269179 6.013962 10.044510 -9.603015 -21.681990 -9.626731 -0.046332 -6.584362 -3.098189 6.795737 2.945685 -4.463002
-4.217505 2.036963 9.990797 -11.148370 -24.067510 -8.237474 -1.793745 -5.134048 -4.116550 11.122100 0.909306 -6.645197
-10.352250 2.865203 9.937837 -1.543432 -22.880240 -13.488820 -4.912783 -9.495546 -8.792866 2.216726 9.856450 -5.639698
-7.555191 5.837825 6.795023 -10.640440 -28.855430 -10.858580 -3.402505 -8.869258 -8.678068 6.486287 7.553483 -13.316180
-11.398500 0.850663 4.544968 -10.315110 -29.544000 -21.413970 -6.971840 -5.530931 -17.042700 1.744496 5.736464 -7.204441
