-1.668887 3.748895 -15.742380 -22.320540 -12.692380 2.584334 -4.200625 -12.097770 -4.467028 -5.212455 -11.616690 -14.330200
0.147588 6.322969 -18.480290 -17.855650 -4.280786 9.873903 -6.336401 -8.769213 2.453160 -0.050363 -8.096987 -11.317800
2.721926 4.977440 -18.445360 -15.475860 -7.571454 4.485912 -5.667328 -6.500196 10.916060 -2.611310 -13.489970 -11.552090
4.866391 5.980575 -17.640370 -20.934060 -3.031238 11.917930 -9.233485 -10.579050 5.707745 -8.513768 -7.568201 -3.243775
6.320006 3.113019 -17.872470 -22.449190 -3.135847 13.916710 -13.124620 -13.927600 12.381180 -10.516340 -10.755140 -2.699099
3.998471 1.621972 -22.174570 -22.960230 -6.317787 15.603220 -17.396650 -19.490820 20.039520 -18.998010 -18.501190 -7.571146
5.380713 0.058777 -19.074140 -24.563050 -4.231364 17.400890 -20.309500 -14.989020 10.028320 -10.510490 -22.447720 -12.375110
4.925233 -0.571799 -20.620480 -21.740510 -7.412480 22.267120 -22.399400 -28.584380 11.722020 -13.350630 -15.674670 -11.905190
3.187759 2.227277 -21.083130 -22.258720 -12.112490 22.142550 -21.583610 -34.892270 10.643450 -15.460630 -18.145500 -13.154080
3.972319 1.845344 -20.457460 -19.130710 -8.154631 21.070540 -20.056690 -32.260910 16.271870 -17.131390 -9.584543 -14.105920
4.847867 0.633919 -22.121790 -16.506550 -6.776586 20.663850 -21.171180 -28.360730 15.095430 -27.879470 -10.010580 -16.795260
4.528049 2.602688 -24.615950 -20.080910 -4.434817 19.076780 -15.971050 -31.298830 5.279253 -21.743870 -13.503410 -18.949940
4.809728 3.326608 -26.231370 -19.951530 -5.718136 18.071250 -17.817690 -31.645550 7.383269 -22.527360 -19.351670 -12.127470
5.026572 3.015192 -24.193660 -20.851410 -4.933977 15.800970 -14.840790 -26.436560 1.180964 -27.391990 -12.470340 -12.679490
5.187842 3.571991 -23.569530 -21.485350 -3.684429 22.124670 -17.270000 -27.909050 5.234516 -23.457010 -13.237040 -16.197190
4.792294 2.304316 -22.028630 -24.345980 -2.976874 20.713010 -18.672190 -28.012750 5.294631 -21.989440 -17.051570 -11.369860
4.616857 3.705688 -20.670930 -22.777660 -8.253474 19.077340 -13.743990 -24.737300 3.891021 -27.677020 -8.511163 -13.722780
4.669161 3.124432 -19.384650 -22.750350 -9.115061 19.214760 -12.136300 -22.938070 4.671115 -29.148980 -8.421056 -9.698454
4.151024 3.151335 -17.461050 -27.522870 -8.653790 21.339800 -11.861030 -26.117320 7.911021 -26.275960 -4.415245 -12.146160
3.634522 3.000518 -17.568170 -31.340160 -7.682652 19.511400 -15.592060 -28.593750 13.531750 -27.816620 -9.612998 -10.749090
4.223487 2.814647 -16.121980 -33.652390 -8.582129 17.386920 -16.832240 -20.797130 15.387620 -28.934110 -9.557669 -5.134789
3.850276 5.396058 -13.674390 -34.305730 -10.275650 17.187490 -15.436270 -16.683910 20.222660 -30.995150 -4.799386 -2.646367
3.230256 6.452182 -13.829650 -35.394640 -14.079480 12.925700 -18.248280 -16.600820 17.214830 -31.500170 -3.624832 -4.467962
2.939315 11.262010 -11.598640 -37.229620 -19.810760 10.242600 -17.382310 -15.678720 17.829960 -30.523740 -3.896734 -6.320261
3.157793 14.041930 -9.360646 -36.198210 -18.022520 10.240920 -17.264750 -12.613170 13.068310 -30.504010 5.837196 0.532245
3.318519 15.985430 -10.816930 -38.360930 -19.328070 9.871110 -21.858880 -18.425030 11.290730 -29.627700 -3.653287 4.299587
4.938854 16.538970 -8.857622 -36.152210 -16.516800 9.172822 -19.993130 -14.510480 8.387745 -26.239410 5.330542 3.258295
4.586347 18.047130 -9.140184 -37.072210 -19.262180 6.919865 -21.022540 -17.079360 1.752054 -23.660190 0.114609 -4.039430
5.498942 16.963700 -8.107742 -33.649510 -17.598310 1.943026 -17.144790 -12.801840 1.168382 -27.225350 -2.375981 4.676055
5.303347 16.204320 -5.953587 -34.540760 -18.068640 0.288921 -20.505920 -10.748980 4.255205 -23.438740 -7.460705 -3.458041
6.065569 16.470490 -4.611412 -32.536880 -17.539010 -1.850634 -18.809350 -11.094460 4.718647 -25.450810 -8.658179 -1.780626
7.001593 15.801590 -6.161628 -35.024480 -20.642690 0.620747 -23.486640 -18.299460 1.755549 -29.923700 -13.787170 -4.060122
7.775257 17.468730 -6.375879 -29.234930 -20.529020 3.782037 -17.356030 -8.404370 0.599388 -23.940110 -10.474550 -1.990887
7.787243 17.185850 -5.592620 -27.728430 -17.730100 3.683718 -16.021710 -9.484528 0.202351 -24.932630 -4.625495 -5.044010
7.568220 20.268220 -7.198728 -31.885690 -20.773660 5.068563 -15.449170 -8.901031 -5.280674 -27.180040 -7.942856 -2.415414
6.879550 20.019570 -6.687164 -32.243630 -18.976360 6.758980 -16.113460 -6.589532 -0.946120 -28.883680 -12.642650 1.039541
7.217892 15.494660 -5.856553 -30.663810 -12.945250 7.151697 -14.914390 -8.720484 -3.741457 -27.687260 -5.902802 0.700453
5.330589 17.253510 -7.049684 -30.616380 -12.632250 11.376620 -12.817800 -14.046300 -3.625421 -21.415710 -6.425264 3.218245
4.803190 16.170890 -7.640427 -28.572960 -14.630530 11.195620 -13.840530 -13.267890 -9.355896 -15.736900 -0.084575 -4.696245
7.226609 14.505790 -7.746000 -20.471190 -14.341420 8.781781 -11.951350 -12.794340 -5.288363 -7.888148 2.541176 7.406777
4.963916 15.216260 -7.961027 -17.070050 -10.761630 0.334170 -8.740283 -13.066730 -16.313130 0.136008 13.240990 15.213130
2.142768 15.294520 -1.904551 -9.808498 -5.768382 -1.224409 -10.179270 -16.943170 -7.825067 3.175671 11.740000 8.499467
0.808471 17.277970 -4.304785 -8.421306 -2.105403 -10.377570 -14.477580 -17.516670 -3.595364 2.957874 -5.782659 -3.943978
-3.049495 8.226928 -9.481745 -6.827832 -6.595373 -10.407740 -12.258170 -9.721925 2.648183 11.441740 10.629470 16.096900
-6.212798 8.599078 -7.033382 -5.049639 -6.350735 -2.917060 -5.680709 -6.597653 -3.014488 4.113370 3.160069 7.530264
-5.907691 14.952540 2.166221 -1.173408 -19.342900 -5.625859 -14.736130 -35.503880 -18.021510 0.460511 -0.625217 -8.952862
-4.534711 15.131070 5.980047 -2.505975 -11.964230 -8.023501 -9.123088 -15.651860 -4.738243 1.000620 -2.370448 -3.512776
-4.282453 15.618980 6.155485 0.093752 -8.791348 -7.828539 -17.338820 -11.220650 -11.450130 -10.226910 -1.780010 4.186781
-4.048174 16.368580 10.378410 0.027627 -8.196639 -0.240661 -10.656700 -17.682850 -14.203520 -7.652080 -4.061140 -2.301272
-6.648664 19.366980 15.588750 3.366231 -1.573295 -8.056460 -18.864790 -18.174510 -11.887710 -12.037990 -2.490591 -7.161304
-7.373293 19.292800 15.626780 -3.224008 -4.743703 -7.333034 -19.271010 -18.715530 -8.584889 -15.630190 -6.751705 -20.897020
-11.329330 19.240620 23.006800 -4.887920 -14.894940 -0.482548 -15.578680 -23.780830 -17.144950 -23.910150 -0.206298 -18.694290
-13.787620 20.518900 24.640860 -7.164208 -16.097540 0.598961 -16.517770 -23.491580 -17.223240 -31.865600 1.188780 -20.146760
-12.205970 20.553540 22.170760 -8.603150 -14.434490 7.248340 -16.874290 -28.480050 -17.034510 -25.814780 -0.799898 -19.186230
-7.631544 21.217540 22.523960 -4.591075 -16.212030 7.338838 -15.704850 -26.102330 -21.434070 -26.045730 2.781461 -4.321780
-7.551999 20.197700 17.800340 0.539379 -11.580380 -1.424399 -17.324960 -22.247750 -12.471380 -21.010810 -10.071440 -5.332368
-8.722301 19.578940 18.838220 -5.546297 -7.395182 1.387747 -15.704370 -30.220540 -9.667654 -14.324140 -19.354830 -3.952655
-13.144170 20.481400 19.175900 -4.184980 3.550921 -3.531553 -8.328803 -27.462360 -7.625150 -13.587430 -11.923370 3.005314
-18.818610 18.691160 12.420000 -6.944989 7.503017 0.072172 -15.528500 -15.661230 2.885846 -2.451982 2.522996 7.146454
-19.149320 15.889230 7.625744 -1.752722 7.601037 -5.630328 -10.816800 -13.082340 -6.186590 -5.612969 8.251116 1.628272
-19.264280 13.898040 6.014979 0.768661 5.736188 -0.774712 -6.563407 -11.744170 -8.004013 -11.665990 -2.911880 -4.912513
-14.760690 6.125277 4.169004 -3.285821 5.933876 1.710077 -14.840310 -6.440222 -7.554550 -8.529117 -5.889364 -21.308860
-14.806460 3.702020 5.345056 1.787851 8.722912 3.893205 -6.068294 3.566069 -5.868541 -3.801157 -4.691099 -7.851495
-17.027740 3.667372 -0.190542 4.141765 11.136340 4.003255 -5.564578 1.764974 1.248069 3.336462 -1.976822 0.831283
-17.961590 2.757173 -0.456803 1.577976 3.870516 1.879342 -3.858920 3.618546 -4.331420 -2.609118 2.454230 1.102286
-14.122690 4.829069 -0.140084 3.354731 2.870548 1.963137 -4.245549 -3.450891 -8.166882 -2.427863 -2.232916 -9.865328
-14.263260 4.686404 -1.421709 -1.159033 6.004714 4.403793 -5.303639 -7.845863 -4.612422 0.637381 7.236226 -2.155758
-14.990610 6.896072 0.764273 1.623976 9.379398 7.634912 -6.061125 -12.263320 -11.212460 -4.442855 -2.034523 3.942477
-13.465620 6.298512 1.185013 4.608235 8.738563 5.060184 -10.108540 -10.429120 -12.646830 -6.683685 -10.518810 -2.621002
-12.387400 12.445310 0.501893 1.945977 4.662088 -1.222175 -9.230618 -8.456848 0.572826 0.322378 4.683194 -3.207063
-18.779930 22.603830 5.355148 -9.455590 10.168500 -1.529422 -12.587450 -4.500437 10.744800 -12.355920 -3.115807 6.687885
-23.994530 22.775850 6.010322 -10.570380 8.968373 -5.682281 -13.179580 1.645651 6.103384 -9.118193 5.526564 4.391702
-25.787030 19.021730 9.931273 -0.727782 16.861030 5.035046 -10.006260 1.580054 -1.588509 -4.048189 -7.553183 -8.319408
-17.948510 21.782090 17.377280 -3.101102 9.653689 9.434820 -21.511920 -22.376440 -12.115580 -15.349540 -18.272760 -12.911780
-12.610230 24.075720 19.724720 -0.026998 -0.917633 6.739428 -21.456490 -28.420700 -14.720090 -12.154930 -12.237170 -13.595960
-12.318750 21.963480 19.697560 0.630660 -4.132520 5.516026 -20.568530 -37.322470 -13.045960 -14.436690 -11.026260 -20.918380
-12.187990 20.047290 21.220600 -3.675385 -11.138060 3.932868 -16.468070 -31.983530 -13.677870 -14.816010 -28.515710 -22.242020
-11.882880 20.262100 21.816000 -1.854066 -14.418840 8.187957 -16.205700 -29.948160 -12.230920 -13.911930 -23.482370 -21.365600
-11.485700 19.506390 19.879980 2.628792 -16.141190 -0.828340 -12.659610 -25.025300 -9.828425 -13.848340 -20.647950 -21.777450
-11.121750 21.945130 20.373690 -1.199283 -14.310110 0.802302 -15.409500 -28.676840 -8.793893 -9.929452 -15.383010 -17.456080
-10.444520 21.884400 17.880300 2.539666 -14.046530 -4.248276 -14.104330 -19.269040 -7.462980 -16.396870 -21.330860 -17.398010
-10.561110 23.153300 14.910280 5.071831 -5.143196 0.855931 -14.407810 -24.404940 -11.664020 0.277065 -12.415010 -9.474843
-9.788540 19.140760 16.194240 0.919599 -1.833583 2.130726 -10.742720 -23.166100 -9.092369 4.668096 -1.550790 -11.997970
-12.029440 12.807680 11.165550 8.741779 8.365428 9.754356 -7.672634 -14.852830 -14.656480 -2.848841 3.625622 3.499928
-12.324740 7.374610 5.575609 5.792020 2.316200 2.715053 -13.603490 -17.117470 -21.836700 -1.764239 -2.527740 -6.365650
-13.279290 4.342787 1.557624 2.914855 2.448815 6.037787 -9.232530 -14.410520 -13.736580 -7.904228 -6.343852 -10.064910
-15.269020 1.970888 -1.205906 -5.122952 -4.099572 -3.429324 -4.207794 -5.661809 -15.216390 -8.090598 1.308132 0.595657
-14.432700 5.837910 0.629978 3.083043 2.507298 1.500032 -7.420298 -13.097340 -18.786920 -17.238090 -4.872894 -7.371565
-14.856040 3.878108 0.809297 7.377588 8.649603 6.809257 -13.983420 -22.471400 -10.999270 -3.171883 -0.886053 -1.943495
-13.322880 4.909369 0.285313 7.057743 1.933181 2.957499 -5.327057 -11.349350 -9.505484 -7.890341 -5.959711 3.664132
-13.568590 4.421864 0.775141 3.906733 2.172053 0.705101 -7.813617 -10.686510 -10.626690 -2.335043 -0.145436 1.805158
-13.973410 4.132459 1.549085 6.696929 6.449510 1.277138 -13.810420 -18.953550 -13.185070 0.562102 4.858665 1.128985
-14.631020 5.220377 -0.577901 7.344525 8.991437 7.532125 -6.139980 -17.477940 -8.874978 0.497785 -3.268357 -7.607192
-13.130000 21.321890 1.108162 -5.758329 2.673684 -4.645463 -4.832421 -7.645949 5.545575 -3.731725 -1.338169 5.624566
-18.956450 24.832660 0.191385 -11.811660 -2.747886 -12.916550 -9.608644 -4.461079 0.335862 -9.186894 -3.484139 -2.995467
-27.917870 18.109910 4.861439 -6.544644 6.194163 -3.462842 -16.863780 -4.675361 0.302310 -18.577040 -2.074833 1.537493
-26.087230 14.921970 4.858334 -5.229327 18.703640 10.423600 -10.480350 2.477165 7.750249 -5.140100 0.163615 0.075678
-26.399420 13.548720 9.866066 -8.559306 12.348820 12.063180 -8.937659 -2.157702 13.069010 3.899958 8.138087 11.704780
-27.615490 13.485950 6.876641 -12.160260 13.805940 11.373270 -2.991037 0.315602 12.848820 5.758545 4.438166 5.554478
-24.327420 19.000950 11.110430 -9.763935 15.440160 3.758016 -2.621614 2.573998 5.754579 -6.872248 -8.223453 10.022690
-23.188720 21.783720 14.850510 -8.032461 16.379170 8.243261 -4.404214 -5.095804 -1.831764 -3.758767 -7.265473 -7.274779
-19.926800 26.140690 17.895830 -4.269074 11.922150 -2.776844 -14.706020 -7.810253 0.551157 -3.104643 -4.252420 -16.428810
-17.760540 24.632520 11.906890 -5.342890 18.292620 -3.815896 -17.207870 -10.865180 -12.055470 -16.618320 3.185362 -1.123811
-19.965480 25.270030 10.851160 -6.317518 20.234900 0.850903 -18.479110 -20.735280 -12.360940 -17.883450 -4.735362 7.105070
-20.632910 18.482460 5.227063 -3.309540 12.261510 -6.024722 -12.876590 -17.574150 -3.766621 -16.754260 -3.546582 -4.612808
-19.190190 15.168570 3.263094 3.288606 16.345400 0.996706 -6.027194 -5.243865 -3.327643 -2.384742 7.362692 0.191155
-15.418850 6.053537 -0.146294 -3.243415 12.457550 7.484082 -7.377764 -2.881138 -11.006960 4.062210 2.976693 2.921877
-17.003230 3.128916 -0.505708 1.789289 12.097600 2.109498 -7.850894 -1.090664 -11.559870 -8.879200 -9.754481 -6.775492
-19.782420 0.967346 -3.204031 -4.311481 14.475610 1.973192 -5.445100 1.251446 -6.178901 2.176580 2.779880 8.092962
-16.831600 3.399979 -0.732380 0.797411 9.597678 -0.700972 -3.636215 -0.616494 -8.152902 3.487750 -1.525497 -9.707131
-17.098570 4.693334 1.603424 5.749614 7.574679 5.242857 3.762295 0.763533 -11.313820 -11.019900 -8.542779 -1.696522
-17.803040 2.268038 0.137822 7.419276 8.377783 -0.092065 1.204526 -1.930925 -13.712820 -5.156179 -6.019783 -10.161030
-17.602000 4.789530 -2.445612 0.915286 7.452772 4.252963 4.147967 0.090075 0.453995 -5.368860 -7.851168 -14.082560
-17.526260 2.155945 -2.007795 6.467648 -2.568321 -1.621037 -6.640351 -5.428160 3.302456 1.643049 4.469782 10.449890
-20.115860 0.751719 -7.956369 3.400013 3.021284 -1.036151 -3.452698 0.180660 1.495518 9.834574 23.283180 21.501610
-17.212990 0.488401 -6.282726 3.497044 6.201577 3.531771 -0.739130 -4.425469 -11.471100 6.096935 19.846470 10.196910
-16.699210 2.936931 -2.934664 2.497260 11.057270 8.347725 -6.068771 -10.612160 -5.851764 6.743019 14.399740 8.589579
-13.097860 5.106246 2.116540 -2.585756 0.345918 7.723734 7.613286 -7.923329 11.056560 2.871632 -8.060628 2.513371
-13.415500 6.393894 7.042764 -7.545147 -5.475969 6.125493 7.832646 -13.947590 23.972150 1.936857 -2.836791 7.167147
-16.279690 13.205510 12.682380 -0.709094 0.958748 10.240920 3.378056 -16.316570 18.315070 2.954950 -1.801351 0.530242
-7.096518 17.439790 15.805330 -2.385224 -12.778860 1.902804 -2.931299 -27.358030 -7.966266 1.887889 -4.001069 -16.182500
-6.575657 14.520880 16.737630 -5.913579 -24.736470 -2.560653 -8.476955 -24.798520 -8.439495 2.245281 2.584648 -17.917990
-6.179018 12.766920 16.486890 -7.713335 -27.397010 -6.036453 -8.547208 -20.493510 -12.309910 5.387266 0.690030 -12.311030
-6.899833 10.516900 13.662810 -10.148470 -29.739600 -3.312570 -10.384770 -21.192580 -12.395190 3.145706 1.017260 -14.152650
-6.862239 9.259004 12.880330 -8.944558 -29.823620 -4.901874 -7.676935 -20.288600 -10.033930 4.160145 -1.444084 -15.782000
-5.500155 9.172182 14.267530 -9.878217 -29.040280 -5.866070 -8.762745 -17.049380 -7.397972 9.583157 -1.449617 -14.260120
-3.508245 8.057362 14.375430 -8.139555 -29.835970 -7.724075 -9.784992 -13.618360 -6.239015 10.935260 2.564888 -10.728400
-3.162820 10.201400 13.959350 -9.340590 -29.917520 -9.224557 -10.325510 -5.109548 -5.119902 11.214450 -2.150713 -4.786357
-1.675425 12.298570 14.010580 -4.088667 -30.150620 -14.342170 -9.021771 -10.939520 -4.354487 10.041410 1.638525 -8.618446
-0.680014 6.592401 10.034520 -5.237234 -33.745240 -8.559228 -3.298333 -14.768490 -1.126464 10.085260 1.047296 -6.289556
-1.003645 10.591900 8.234342 -1.376096 -27.692710 -5.414138 -7.249207 -10.792710 -3.492610 9.751255 8.466899 -10.968030
0.300686 6.707756 9.701496 -6.242768 -30.296420 -13.251720 -3.907189 -9.315227 -1.597597 12.877890 -2.451070 0.739836
-5.299112 8.582366 9.100661 -4.751357 -18.402240 -12.909840 -3.748523 -8.321281 -9.628510 14.113050 0.355685 2.366521
-5.169987 12.797490 11.505550 1.634038 -11.839850 -6.247615 -7.266411 -13.392830 -6.292839 10.848280 -11.338470 -6.794182
-4.875232 9.350308 9.272994 1.382475 -12.143790 -6.430287 -2.934644 -12.902420 1.364104 16.030840 7.387985 -1.601737
-6.206805 7.998665 11.005630 2.821417 -10.443680 2.797172 4.072458 -3.830102 -3.942771 10.281860 0.330392 -13.958410
-7.781374 8.097307 7.466609 1.838164 -6.916615 3.378706 7.124385 -10.271060 -1.873006 15.889780 5.939950 -4.678223
-6.252026 7.573117 5.785979 -2.634631 -13.527600 -3.758916 4.309978 -5.902329 2.339920 8.293181 5.408792 -5.919096
