1.306251 -10.547310 -10.774000 -28.526010 5.469055 20.334530 -11.592670 -14.335330 3.375714 -18.066230 -3.422366 -15.382430
-1.656660 -11.141610 -13.899360 -31.122340 3.238230 19.541670 -15.466320 -20.155620 -1.982878 -23.796580 -4.457744 -22.592820
-1.114981 -9.615100 -14.420780 -24.636290 -0.237724 23.575440 -12.482120 -23.068130 -0.289403 -27.686960 -9.517803 -17.402870
-0.104913 -10.058990 -12.874670 -23.171760 -0.766253 21.369720 -11.171820 -26.951220 4.655430 -27.101130 -13.520850 -16.433690
-3.253714 -6.437071 -13.477330 -23.445330 -0.193865 16.800290 -9.139126 -27.347160 3.015772 -31.532630 -12.072560 -16.859780
-4.472325 -5.909190 -14.176240 -23.347990 -0.467422 17.178650 -9.441443 -30.216370 4.913331 -31.472500 -10.300980 -19.627630
-4.008600 -7.785829 -14.546990 -21.761940 -3.027556 14.052530 -12.789220 -29.412680 2.321748 -28.297450 -15.024160 -15.729070
-3.979284 -6.105497 -14.668470 -21.328050 -0.596767 14.423810 -11.628470 -29.283580 7.725770 -25.481610 -11.850030 -12.667840
-4.140522 -6.197791 -16.621620 -23.657820 -1.068057 12.373270 -12.608620 -33.478380 9.479351 -27.862710 -12.207310 -18.434050
-3.727433 -4.984300 -15.764160 -23.541390 -0.286785 12.816820 -9.884578 -28.205170 10.810090 -26.614730 -8.810657 -16.486080
-2.676056 -5.178654 -13.842560 -23.572570 -1.403313 15.796270 -11.893400 -26.896900 7.791468 -20.701700 -8.777277 -16.376060
-2.516817 -4.452024 -12.377700 -25.651030 -1.933329 12.558910 -13.684240 -24.784150 4.252156 -16.318760 -9.915265 -18.230610
-2.628751 -1.723745 -12.157620 -25.637030 -2.786707 12.123860 -15.114680 -21.814180 4.169683 -10.697100 -11.650370 -14.884740
-2.135710 -0.272927 -10.632800 -26.948240 -5.960856 14.248800 -16.028790 -19.170090 -0.264242 -1.052477 -7.534824 -11.637530
-2.716699 0.911753 -10.987780 -27.721860 -10.377900 11.253050 -21.569960 -19.152780 -5.762618 1.106617 -3.340772 -10.890130
-2.453521 0.867315 -9.033840 -25.617310 -11.867600 9.315164 -27.781800 -25.443790 -11.161050 9.290516 -1.038834 -11.439330
-0.992387 2.985187 -9.115879 -23.259560 -11.572480 9.940104 -31.898890 -24.962050 -9.931654 11.159010 2.077807 -10.202090
-0.418061 3.803622 -9.005443 -21.706590 -15.935270 1.227774 -38.380420 -24.486600 -10.261540 7.640170 -7.547805 -15.646120
1.204311 4.628894 -5.958971 -14.322870 -14.855160 3.435616 -31.705560 -20.710580 -11.612550 5.514221 1.549301 -18.552800
0.111625 5.544018 -4.629787 -12.703740 -10.899000 -0.907796 -30.365820 -25.603590 -12.362490 1.348657 -0.977639 -18.702110
0.532043 6.151984 -4.500419 -15.193190 -8.904564 1.514737 -22.767300 -26.968530 -13.034140 6.389884 1.358297 -18.731790
-0.715884 4.623034 -5.294774 -11.658460 -8.175327 0.970570 -26.395910 -26.197900 -15.244120 0.485328 -1.694676 -19.342990
-2.250975 3.402218 -4.484642 -12.906690 -3.993924 -3.880163 -31.984010 -30.113250 -13.686230 5.031682 -1.810268 -25.161590
-2.613426 1.806367 -3.261163 -10.120130 -1.766073 -12.786640 -28.888440 -31.345170 -8.721829 0.847618 -2.018579 -25.404330
-3.844031 1.289718 -1.333256 -9.338881 0.006099 -11.638790 -29.300540 -29.667720 -11.251210 1.741010 -1.103738 -19.977760
-3.586183 0.778928 -4.098903 -7.401653 -0.453298 -11.201610 -29.003000 -31.928460 -13.971390 -2.359034 -1.341102 -20.228350
-4.187827 2.667287 -4.225905 -8.537269 -0.350714 -13.238690 -26.695840 -27.473100 -14.125150 0.230954 -2.070503 -23.116700
-4.682867 3.478397 -1.532041 -9.955994 -0.231777 -12.793010 -24.675080 -30.750070 -11.996250 2.228945 -5.201361 -24.606280
-4.944712 3.273788 -1.810499 -9.020144 1.579793 -6.968024 -23.392620 -33.965640 -12.150710 -6.443661 -3.665911 -20.551420
-5.467735 2.929029 -2.618264 -8.863639 -0.430254 -8.385833 -27.594840 -32.936030 -11.365130 -8.977378 -6.045734 -18.575500
-4.504972 3.623918 -1.858618 -8.495916 -2.945786 -12.503930 -25.799230 -27.334560 -10.056060 -5.130167 -9.894248 -19.193680
-4.992017 2.582318 -2.388714 -8.824195 -2.600123 -12.584700 -26.797670 -27.791120 -12.068240 -6.967054 -11.056340 -18.440160
-5.098620 2.834783 -0.721121 -8.149824 -2.154850 -12.450080 -27.175570 -24.767620 -11.371420 -8.356089 -12.665970 -18.203540
-6.403847 3.268905 -2.002975 -10.660900 -4.137393 -14.773410 -29.247240 -23.673460 -11.287550 -5.916413 -14.211310 -21.457740
-6.262597 1.769254 -0.691146 -9.043684 -5.345354 -19.143040 -30.973630 -23.656930 -9.521390 -6.714993 -18.356530 -23.448490
-6.137338 1.479677 -1.088717 -8.123103 -7.140569 -16.943700 -33.633240 -24.611760 -7.532274 -8.200381 -19.068620 -20.003080
-6.038730 3.352409 0.245199 -6.112077 -7.773169 -13.938740 -31.268000 -22.725720 -7.962108 -9.574000 -16.688180 -21.214130
-6.062049 2.282974 3.561451 -5.685188 -5.715547 -13.343560 -28.150940 -20.342970 -12.409310 -7.441885 -17.461470 -17.037900
-6.050056 1.416683 2.887788 -4.875306 -8.340353 -10.334340 -28.441330 -19.789590 -12.567270 -5.039979 -16.882890 -18.758860
-5.563678 -0.986860 2.539124 -6.354469 -13.406350 -13.753810 -29.742090 -20.407520 -16.313460 -5.457769 -18.228570 -21.730150
-5.407104 -1.897100 5.123340 -7.929699 -16.121110 -14.720980 -26.854160 -19.181900 -14.074130 -1.366976 -16.002670 -22.993590
-4.930054 -2.791714 8.292870 -6.508430 -20.903890 -15.239640 -21.037720 -16.831430 -11.367230 -0.791937 -8.843417 -24.091120
-6.565751 -3.340105 11.493950 -8.228076 -27.803760 -17.896700 -19.002640 -16.336300 -14.561980 -1.935848 -8.168413 -27.640440
-7.500530 -2.934794 12.902020 -9.610538 -30.218200 -22.011250 -15.658850 -16.736970 -11.875340 -4.192838 -5.104932 -28.556360
-7.701745 -2.744347 13.907780 -11.292010 -29.813810 -21.590370 -11.601430 -15.348410 -11.078580 -6.553889 -3.656639 -21.544180
-7.072118 -3.176027 13.555170 -13.535250 -31.276000 -14.806000 -13.190980 -17.898820 -14.587840 -6.785909 -3.934182 -16.037280
-8.367350 -2.026995 11.765310 -13.946230 -30.178050 -13.539120 -10.560020 -18.398670 -15.144870 -9.500000 -3.856297 -19.655570
-8.242757 -1.796993 12.110030 -12.315660 -27.422420 -10.844500 -9.311765 -14.695060 -12.887370 -3.785840 -4.462688 -13.542720
-8.894371 -1.638287 11.563370 -13.283950 -28.190310 -13.113990 -11.588700 -15.627850 -11.212770 -5.477040 -1.843029 -15.808520
-10.675320 -2.201816 11.856030 -16.938280 -27.056680 -16.390320 -13.681850 -20.405940 -11.233740 -7.755613 -3.633768 -19.895690
-10.340850 -1.921028 13.539400 -15.539280 -26.656010 -12.260180 -12.387450 -14.284950 -9.339672 -8.515651 -1.166788 -16.238110
-10.511410 -1.865359 13.047950 -17.115780 -25.810810 -11.337650 -12.155140 -12.200540 -11.430130 -8.087070 -4.779174 -19.232980
-11.805310 -2.052877 13.706630 -16.669800 -28.816960 -15.354420 -13.361230 -16.795220 -13.251510 -9.082211 -10.892540 -17.333900
-13.241130 -2.099756 17.720210 -17.753250 -26.166880 -14.311440 -14.661200 -13.430090 -13.967200 -11.802470 -9.421992 -16.072210
-12.820040 0.118223 20.014140 -18.600670 -27.647660 -12.350170 -14.063720 -9.789455 -10.285310 -5.616560 -3.913784 -12.521150
-9.249494 -0.024369 21.306240 -21.770850 -27.975480 -14.542420 -12.764550 -9.606833 -14.545200 -4.831085 -0.235876 -18.440160
-9.775183 5.738371 20.535550 -16.511390 -22.719920 -13.775060 -13.399420 -14.772210 -18.531820 7.332609 -4.501631 -6.233673
-9.619275 8.196118 18.576090 -12.794710 -16.432580 -15.656260 -11.751790 -8.432384 -20.875290 6.881673 -2.467964 -9.449446
-10.663320 7.825967 16.191450 -17.028620 -18.679750 -16.246490 -3.127774 -11.598360 -19.056710 7.170734 -4.813790 -1.885438
-12.738090 11.782880 18.060990 -17.471410 -14.639590 -14.673500 -3.314734 -20.965620 -17.131890 -3.664048 -6.434542 -0.743371
-16.649110 10.356470 20.897630 -13.634500 -16.089890 -18.579740 -7.318058 -23.658510 -17.704300 -2.223368 -5.826914 -8.590277
-12.750750 11.113870 20.436160 -7.573427 -13.703700 -19.128160 -3.848563 -22.182570 -17.961500 9.906409 -5.915926 -6.453704
-13.508300 12.002130 17.796730 -6.350652 -11.947140 -18.799390 -10.583890 -25.628780 -20.739000 0.607890 -13.908420 -16.099280
-10.473440 11.049900 19.349150 -3.996715 -8.800493 -19.413000 -7.874960 -17.828770 -16.989310 5.753949 -7.535442 -7.884780
-13.409700 16.733040 17.937140 -8.683595 -13.521580 -22.858680 0.673475 -26.416730 -19.111920 -4.367816 -6.148345 -1.855751
-12.204410 16.004950 18.792230 -10.404510 -15.042490 -17.053520 -7.020514 -23.459350 -28.348100 -4.912793 -10.043840 -13.574160
-16.273330 17.025550 24.093190 -15.553910 -4.584896 -15.562030 -8.487552 -21.326930 -25.690120 -0.712541 -10.405450 -18.874110
-15.934860 15.653350 19.949450 -16.795770 -11.657970 -21.694530 -7.929059 -14.874540 -24.711640 1.670093 -11.419810 -23.276490
-15.315230 17.162770 16.364990 -20.571610 -6.834305 -17.179650 -19.782300 -18.954410 -25.386790 -10.337120 -12.556560 -18.945710
-15.244610 16.497670 20.375420 -16.273450 -7.243896 -12.622250 -17.016100 -18.202670 -26.372260 -5.746059 -7.788260 -20.423070
-15.926200 16.747690 19.521900 -15.010600 -9.457624 -10.086350 -15.226850 -23.214540 -20.515340 -11.015450 -2.874697 -16.197940
-15.998160 18.783520 16.176460 -12.252670 -7.794726 -16.097690 -10.678560 -25.284790 -16.658030 -14.156580 -20.338270 -9.213698
-17.308050 20.860380 12.498140 -7.156717 -4.776683 -11.754990 -8.828853 -14.545500 -13.343070 -19.086040 -10.739860 -15.454030
-16.248010 15.117660 9.717502 -3.216735 -2.177895 -8.567929 -9.930721 -17.961800 -17.693820 -9.459917 -1.302778 -4.169571
-12.808050 14.004760 9.034372 -1.303047 -5.250204 -5.786162 -12.075590 -15.630220 -17.995750 -6.820596 -4.324226 -7.551240
-14.626310 13.052040 14.335330 1.118963 -7.234233 -10.087060 -12.032630 -7.388604 -12.022110 -12.568670 -4.620931 -6.741840
-13.742160 11.015230 9.208705 1.233479 -5.804007 -7.626267 -6.490662 -0.120714 -16.078620 -8.384610 -8.017588 -13.184740
-15.272590 6.512369 6.285291 2.066264 -1.796551 -6.646342 -0.544547 -0.779571 -14.354400 -14.101080 -12.674620 -22.704580
-15.974180 6.743835 8.247907 4.421474 -0.743209 -10.197590 -13.543420 -8.929085 -8.749087 -5.339832 -13.873190 -4.386982
-16.359950 8.985254 8.225820 1.816238 -3.218599 -1.656733 -8.732588 -0.473364 -14.793320 -4.188983 -2.639188 -4.088369
-16.903630 3.988698 4.540393 -0.379286 -4.663692 2.516626 -5.082498 -4.040793 -12.366680 -1.181977 -5.203834 -9.188377
-17.688490 6.435213 0.712977 -5.406532 -0.248874 -1.986209 -1.120542 -7.651517 -0.173383 -2.923281 -0.258128 -11.117140
-18.126230 4.680168 1.682452 0.300811 -3.239413 -8.081156 -2.556552 -0.112843 5.224349 3.809146 -0.111012 -0.560012
-26.303390 -1.727163 5.178558 -15.531640 3.627751 8.222580 -8.255244 -4.357234 8.059853 -12.745960 -5.076498 14.052850
-28.515410 0.092830 10.165560 -14.497180 0.147337 3.248559 -3.007642 -0.630010 10.505360 -10.310140 -4.578280 12.380790
-26.044870 11.903490 6.876915 -20.749750 3.258301 -4.408741 -7.898827 -11.102450 4.906342 -15.380660 -1.821394 17.114950
-32.162580 11.231550 10.313860 -21.237080 2.725311 -6.348751 -5.025216 -9.676104 9.935045 -10.293180 -5.338587 12.080430
-31.572270 11.870290 12.959600 -14.817190 3.800954 0.106848 -3.262226 -6.495172 2.411210 -3.583111 -9.936281 18.104220
-31.490310 11.099220 10.207370 -21.217990 2.639825 1.860509 -2.422896 -10.808050 9.254300 -2.018327 -6.007410 5.935274
-31.255120 8.424655 8.774058 -15.476290 9.712156 6.926641 1.080809 -5.496261 9.481448 -5.975767 -4.199363 19.600780
-29.852620 5.913192 11.732180 -16.440140 3.878263 8.430184 -5.321169 1.718102 7.251206 -12.891650 -14.620510 10.600460
-30.145780 6.972373 12.879140 -18.131790 -2.316903 2.494661 -1.954303 2.428124 12.801300 -5.680539 -5.640855 16.987470
-29.906590 9.909167 13.483390 -17.753890 1.519581 -3.542893 -8.562335 -10.480590 5.712192 -10.372580 -18.243410 9.678423
-29.529480 10.402380 9.572356 -16.816770 11.297740 8.262967 -5.581322 -10.116920 7.881629 -4.705440 -11.605870 14.847410
-29.017780 14.467690 11.853660 -17.412250 5.930682 0.685025 -3.272568 -12.421730 0.754778 -10.528290 -14.911660 13.714950
-32.037990 11.688140 10.246020 -16.071780 9.692086 10.253280 -0.262119 -9.655638 9.275268 -4.863460 -14.421480 13.679150
-28.811240 11.279410 14.032420 -11.695360 9.420759 11.211950 0.688591 -9.839834 11.529970 10.348870 -6.589694 22.723130
-24.829590 7.336664 16.000560 -2.368681 5.766399 7.882475 5.559091 -4.786238 13.890910 -1.723870 4.248700 21.744340
-23.868160 2.983234 7.997057 0.979636 7.199598 3.126688 0.081569 -5.494686 11.789970 1.159033 -10.948790 7.448425
-22.672210 4.590805 6.239538 -3.712970 2.471825 0.896881 -9.873440 -5.762322 3.443509 3.379794 -5.993811 16.345720
-24.137340 3.983815 4.483597 -2.240169 2.061490 2.298393 -6.059462 -3.084388 7.126799 1.900571 -14.049980 -0.282353
-23.111280 3.749418 6.737292 -3.255543 -0.150751 5.598819 -6.723765 -12.079320 -3.468075 -0.307085 6.235389 1.002908
-21.962630 2.114501 2.718189 -4.184394 1.365705 1.073310 -2.502453 -3.931378 -2.284111 1.273116 2.307754 11.635130
-21.343660 0.521580 1.728204 -1.463369 7.326713 -1.558953 -5.535179 3.341235 -1.474067 -11.711510 -3.539194 0.571577
-22.365060 0.374106 4.497796 5.094573 7.300695 0.360509 -3.339396 0.560183 3.941138 0.477620 -3.310483 2.206095
-20.677390 -4.087245 -0.836291 6.578189 4.863216 -0.564149 -3.612278 -1.976061 7.598567 -1.104894 -6.019155 4.395055
-18.889110 -5.178166 -2.662439 6.171658 11.556430 -6.624377 -0.510338 -2.202765 11.112020 1.399532 -18.727410 17.365540
-13.564270 -2.837129 -2.342173 -5.868413 12.138480 -9.802224 -3.497715 6.182111 13.159850 4.958453 -23.250930 21.158460
-11.929240 2.512975 6.764112 3.504710 14.706050 -3.520220 -1.350463 5.572059 11.597770 4.887537 -22.146940 22.154710
-9.174205 2.396266 6.287657 6.285537 13.988710 -2.209402 -0.383842 3.818256 4.252156 -6.210870 -11.056340 11.201180
-6.770297 0.952284 0.843134 6.864479 15.384740 9.189042 7.129553 5.186348 6.051866 -11.221260 -16.333990 0.283441
-4.514300 3.578015 -2.847025 4.369305 5.089198 6.232263 3.613119 -4.919269 16.820070 -10.203000 -10.592740 5.347651
-5.940122 1.701377 -3.707642 3.404191 1.873420 -1.409449 -0.282804 -9.050308 6.186057 -10.027250 -13.507870 -6.925200
-2.349583 2.533973 -8.486390 6.123307 4.792597 2.393339 7.349926 -6.738406 2.693572 -13.137550 -4.446617 -8.694180
-0.787842 2.734187 -10.021460 4.567163 0.750202 5.650543 6.573447 -11.004050 0.127151 -12.578690 -3.612752 -16.208420
-1.098991 1.394220 -10.020670 9.495163 -0.808624 6.341379 6.737335 -19.966710 3.816731 -7.721696 -16.542920 -14.258700
-1.402811 3.264998 -6.778568 3.094362 -1.795064 -3.194995 2.930517 -5.685180 9.983271 -13.970810 -21.278460 -2.370030
-2.114389 7.628683 -3.278517 6.496119 4.590403 -10.358440 0.385478 3.112957 5.374615 -5.421540 -28.649730 3.887761
-6.852914 5.542064 -0.390600 10.570340 10.377460 -1.232312 -4.868488 6.136456 -0.118169 -11.430160 -29.592380 2.549238
-8.975657 2.479281 -6.015767 7.378528 7.968976 2.614406 2.841413 -0.134096 2.167288 -8.235069 -10.548850 5.218426
-10.045020 3.844642 -4.635309 3.491987 6.848732 2.503164 -0.980522 -0.398583 2.339920 -13.334880 -12.136230 -3.965256
-12.289030 1.964585 -7.462486 -1.494543 2.981027 -0.586823 -2.483360 -7.643645 -10.103590 -7.660800 -10.497550 -8.830390
-14.378450 -1.241766 -11.793970 -8.501006 -1.717754 -7.031085 -10.418410 -7.287060 -8.374469 -8.818587 -17.677200 -8.953503
-14.704260 0.388267 -5.096776 -0.062459 1.854093 4.049929 1.154797 -0.479661 5.612946 0.862264 0.610971 0.421397
-13.290430 1.200842 -4.050784 2.060538 -0.220626 -0.425273 -3.426114 4.122102 2.058956 4.538351 -7.426650 -0.312040
-17.978320 2.044182 -0.940417 -6.112714 5.755249 -9.683896 -6.969597 0.401963 0.520641 -3.764256 -11.451330 3.486117
-25.170060 7.478767 6.376007 -14.937430 8.223949 -10.525650 -2.559735 0.268145 -8.246567 -12.958710 -12.984310 12.695120
-29.592770 12.189650 1.804721 -9.917185 17.439390 -12.401890 -0.991660 2.746139 -3.981779 9.247350 -2.121808 3.475639
-32.333150 13.528150 0.016437 -11.943480 14.288280 3.232970 4.987869 6.445024 -3.955220 -2.867781 -1.699621 2.798083
-33.072040 11.798010 2.447620 -19.969770 8.576302 5.474823 5.162896 0.330331 -0.239780 -4.911251 0.997924 7.931271
-33.793620 9.532180 3.510177 -18.712640 11.561640 0.420736 -5.524836 3.872571 -3.691728 -5.351395 5.463337 8.728447
-35.823750 11.671050 4.689482 -15.623260 11.627050 -3.562024 -4.595607 -4.591022 8.057056 -7.163616 1.089408 -3.674501
-36.701890 11.190540 2.694524 -12.568230 0.860220 -0.742703 -8.396856 -3.200889 12.189750 -6.667972 -8.216009 3.664237
-34.327960 9.158609 6.108592 -14.458380 6.264451 5.374917 -21.323330 -13.145920 -1.195199 -3.142967 -6.095185 4.092076
-33.916210 13.410470 13.366640 -16.376520 6.086044 12.420740 -7.656973 -4.212395 17.454690 8.819539 -1.175442 18.418550
-31.746830 12.014830 13.742920 -14.014310 9.364264 14.340910 -0.798335 5.549231 16.195240 4.993140 -11.737530 28.663970
-23.450410 7.613057 6.382317 -2.549998 9.633361 12.174160 4.024430 4.621164 9.134786 16.562520 -0.166644 16.565750
-27.366090 5.168495 5.546943 -0.605137 1.118909 15.364760 3.366491 -0.858287 8.936294 18.982930 10.916530 3.467781
-25.749050 1.585644 3.828077 0.172299 7.247917 10.728720 13.756680 17.620400 12.947370 1.411865 8.050854 5.595623
-24.317230 3.540414 3.493612 0.585192 7.601013 7.932074 3.682333 0.745954 1.451598 -9.221731 -0.008402 1.312000
-26.009560 2.587689 0.358002 -1.511721 2.924532 -0.539350 -5.477898 0.606626 4.963653 -6.864533 3.623147 3.469527
-25.059460 -0.249487 -4.994228 -5.493056 1.770093 -0.170195 -5.012487 -4.297409 -8.143826 -13.536070 2.169909 -1.269001
-22.131860 0.848271 -1.079251 -3.350973 2.754303 4.282333 3.164415 -2.302734 -3.462484 -9.595583 -0.881827 1.622837
-15.750310 1.866920 -17.640010 -11.318100 3.125983 12.826740 0.163513 -6.160627 -3.271680 -2.850823 0.428621 6.488844
-8.556571 -3.021228 -19.415670 -15.513190 8.710850 12.147950 2.718894 -2.187021 -6.928411 2.250528 -1.577230 25.629810
-4.277107 4.246046 -14.307980 -19.455080 2.097915 10.210770 9.650724 7.737548 -10.002940 6.181760 -13.437400 22.151220
-2.972547 10.344270 -8.981777 -18.976660 -2.840972 0.445535 4.263897 -3.526775 -7.127602 -3.583882 -8.820546 16.240940
1.176328 14.226950 -4.140711 -15.606720 -9.772065 2.866650 -6.661711 -0.628436 -22.698060 -0.357960 -8.931810 2.955248
4.489697 13.015900 -6.727293 -25.747100 -18.638870 9.668730 -6.796163 -6.335378 -28.021010 -1.950494 -5.183435 -3.742606
5.255244 9.804666 -8.032022 -27.030310 -21.669550 6.097638 -11.163060 -11.929760 -25.982970 -10.172930 -9.716844 -4.056063
6.961566 7.422609 -4.673173 -30.566310 -22.101440 7.022296 -13.030270 -11.354340 -17.684730 -12.441490 -10.115540 -0.387130
4.930103 9.436467 -6.605024 -27.029670 -19.870620 9.633303 -8.400038 -8.914916 -18.556280 -14.181250 -11.598450 -1.041112
3.786781 14.939910 -4.370262 -22.559100 -19.116110 7.553709 -3.061741 -0.207303 -23.652780 -13.299420 -19.186070 -4.598282
3.172478 15.826220 -4.765467 -16.347890 -9.826331 0.495842 0.764966 0.148496 -22.322040 -4.451066 -22.397900 -2.480919
1.159671 12.078800 -7.394646 -12.969670 -5.687299 0.370428 4.714988 3.006690 -15.397180 -9.488438 -25.261110 -2.147380
0.950461 11.332150 -9.141911 -8.740216 6.094221 11.523710 13.644500 -0.719747 -12.869200 -8.938066 -8.666013 -0.888312
-1.894519 9.655238 -6.721772 -4.283641 3.949626 9.563156 1.382331 -6.747852 -14.060850 1.954530 -0.179007 0.829153
-4.642890 8.891984 -4.426269 -4.330719 -2.374885 3.437033 3.181918 -4.345426 -1.880836 -8.774650 -17.232760 -3.400335
-5.437087 10.224630 -3.452849 -8.915172 -6.655898 2.338072 5.967220 0.095756 -1.857073 -3.099030 -10.898100 -1.200896
-7.689752 9.819804 -4.464921 -8.689957 -7.811080 1.873263 7.257640 0.583011 -8.074634 -9.426001 -7.446430 4.469272
-12.193750 8.850475 3.079475 -4.066697 1.838482 -5.988808 4.497001 -7.860116 0.024410 -9.343522 -13.560410 13.383150
-11.925240 6.219373 2.770252 -5.034356 2.848709 -0.054701 -0.882666 -4.243882 1.381007 -11.810180 -6.406726 4.650885
-8.206779 10.634330 -1.842842 -5.213128 0.894414 -1.588712 -7.626741 -11.514130 -11.771200 -18.244290 3.386400 3.862440
-20.168360 10.078620 9.554214 -19.979950 9.777573 0.631884 -14.012010 -14.841480 -0.460638 -14.426370 -13.666730 21.520810
-26.333370 11.313590 7.944206 -18.690370 14.784850 9.550403 -5.250363 1.096242 10.292190 -9.520813 -10.093910 18.605400
-31.884750 15.748580 2.299319 -19.669480 3.088071 -6.288524 0.533454 1.233996 -0.058761 -11.741570 1.149367 21.033600
-31.298430 17.677950 1.986153 -23.347990 7.274678 -5.048562 -6.114356 0.785312 0.978431 -9.319626 -0.240203 19.681110
-34.145410 14.231830 6.785410 -23.054060 1.632571 0.255643 -4.079279 -5.772555 0.985420 1.076554 8.436570 19.912490
-35.524590 11.439090 3.706597 -24.694190 -1.835205 -3.523054 -6.638639 -3.968374 0.904346 -8.991253 -0.381756 10.348120
-34.267330 8.438817 5.438873 -20.000310 -0.667386 -3.610914 -3.107885 -4.462714 -1.101544 -7.188282 -5.828769 5.677698
-32.026000 6.123173 7.559256 -21.271430 3.039753 -0.476289 -2.954339 -5.519088 0.892464 -10.693240 -4.112823 12.593840
-31.125860 7.623312 9.147964 -19.818990 -4.532117 -2.271755 -8.521761 -5.708795 5.903695 -3.551507 -7.142308 10.734050
-23.274520 14.332430 19.536100 -12.977300 -2.778530 7.404204 -11.805090 -11.944710 -3.491139 -14.831060 -17.022590 -2.481792
-16.202710 16.974270 20.711460 -9.128298 -4.778913 -2.414881 -13.736740 -23.661660 -12.117170 -15.783800 -4.525738 -5.532542
-15.012080 11.025970 29.723090 -9.863109 -10.543670 1.091732 -9.856733 -24.153630 -19.146170 -26.911500 -13.311920 -8.109177
-14.354470 7.817177 29.442260 -10.092780 -12.086890 10.777610 -15.455180 -22.593470 -25.176420 -23.292460 -14.737340 -15.867900
-13.274440 6.342920 30.343110 -12.150880 -13.903660 7.223524 -14.758260 -21.678000 -20.519540 -23.307870 -14.019690 -15.577140
-12.367650 4.839851 32.279690 -9.466120 -10.888590 7.942702 -15.609520 -18.552170 -20.553790 -17.185170 -18.035100 -18.589470
-11.797980 6.928911 28.578490 -6.468349 -15.705570 4.869012 -12.544980 -24.871530 -15.151160 -17.953690 -17.514010 -19.571750
-11.544800 9.904773 26.017150 -7.257236 -14.431450 2.297684 -16.283370 -22.251840 -21.113620 -12.931730 -14.764540 -25.345830
-12.642150 10.870190 30.217690 -11.483510 -17.049560 3.327916 -22.386220 -19.166160 -24.754970 -14.767850 -15.001290 -21.493530
-14.771550 14.132700 31.695170 -17.366440 -20.592420 3.009777 -22.721150 -17.609930 -20.952870 -17.728610 -16.897110 -22.416440
-15.193310 12.131540 31.266040 -16.632270 -14.098420 1.679120 -24.410950 -22.961860 -19.860460 -8.367652 -18.499320 -27.186400
-12.801390 10.643610 31.576850 -12.223410 -12.702390 0.692819 -21.149900 -16.089920 -22.245860 -1.542725 -14.315770 -19.089780
-10.794580 13.003690 22.999870 -7.271869 -3.866810 -5.835761 -19.592160 -7.552334 -23.585690 7.688732 -11.205310 -11.052530
-15.209300 13.869980 24.689550 -3.681160 -6.152643 -12.315450 -20.784730 -23.448330 -19.414550 0.539286 -17.101100 -9.378721
-15.745640 10.843820 20.326510 -11.581480 -13.529750 -15.773880 -16.628650 -22.942190 -25.336470 -2.880115 -17.172800 -6.037217
-15.822270 7.131567 11.548380 0.305901 -3.278811 -2.361032 -13.706510 -22.285690 -21.860760 -10.599970 -6.443814 -0.587952
