3.438077 -6.392806 -5.735212 -27.417020 5.400394 27.393430 -26.726400 -1.091763 2.150583 -19.488180 -5.431071 -11.348490
0.174233 -10.224120 -7.361567 -25.963290 3.946691 30.512890 -25.071590 -7.638784 -4.416979 -21.084960 -7.709334 -15.473110
-1.621591 -7.569624 -9.704635 -21.187270 0.696808 25.593500 -29.686170 -13.831060 -2.309214 -20.521950 -17.085520 -11.122800
-2.185217 -6.998581 -10.684790 -22.300840 -1.268788 23.462460 -27.038750 -16.494840 0.785110 -27.559190 -16.131290 -15.487330
-2.101877 -5.906562 -10.740570 -24.338390 -1.818936 25.195040 -23.542290 -17.863790 -1.402063 -24.765680 -13.401100 -12.946090
-2.325969 -7.882661 -12.036850 -25.339320 -4.203519 23.628010 -26.000710 -16.370680 -6.529060 -26.317630 -18.480880 -12.479610
-0.831404 -6.480311 -12.211960 -22.983920 -2.426467 24.502010 -22.035360 -14.559560 -4.881343 -21.919570 -16.990210 -7.793430
-0.771523 -5.192983 -11.996560 -22.830580 -3.218899 26.413940 -20.687120 -15.790410 -1.125861 -21.422080 -13.385510 -8.242145
-2.449436 -7.559250 -11.914430 -27.925570 -3.612383 22.390450 -23.181610 -20.723320 -6.321908 -22.854190 -19.225320 -11.375150
-2.679084 -6.302593 -12.373900 -28.615900 -5.085213 20.743080 -23.625970 -23.835610 -4.118336 -25.934810 -18.156620 -15.329170
-2.640192 -4.729292 -11.427840 -28.116270 -2.490226 20.389260 -20.047270 -21.151560 -0.947193 -20.727150 -13.506590 -15.521090
-1.535782 -3.220492 -12.225140 -27.585970 -2.329918 17.680420 -20.352410 -19.482970 0.486467 -19.665790 -12.018310 -17.809090
-0.723371 -4.300784 -10.133110 -26.976490 -4.519581 11.840760 -22.033190 -20.385040 -2.034738 -16.400660 -13.453840 -17.881070
0.898983 -3.117650 -10.611950 -25.643780 -4.377490 11.857810 -21.055020 -21.235180 0.414827 -12.972570 -14.054430 -19.891840
1.942277 -0.831221 -10.423670 -24.170540 -4.011331 10.595900 -24.311990 -20.980520 -0.217848 -6.681990 -14.364910 -20.855910
3.428817 1.253584 -8.442447 -21.795630 -4.970448 11.384690 -25.583760 -26.268810 0.767848 2.444349 -14.000480 -20.474720
4.078252 3.956793 -7.922540 -14.428340 -6.021558 6.057916 -27.609350 -24.569820 -5.226595 2.717665 -9.717874 -9.642489
5.823454 4.804337 -6.530181 -15.585960 -6.696492 6.620295 -28.857320 -23.240770 -10.695390 9.835951 -8.922489 -14.031010
4.126404 7.088962 -2.731995 -18.623880 -9.669478 4.092428 -30.691030 -25.740490 -11.021660 9.287595 -9.271931 -16.981860
3.443633 7.240970 -2.893934 -13.150830 -9.063769 -0.211843 -30.817990 -17.849860 -10.671220 3.799721 -7.751890 -19.753230
3.025080 8.174666 -4.384694 -9.978519 -6.928757 -0.738515 -29.469040 -23.234440 -4.594784 3.907495 -7.088970 -19.133020
2.064509 9.328932 -2.945072 -8.644689 -5.782918 -6.109928 -26.913230 -22.003590 -7.623510 0.745824 -7.067392 -21.013180
1.468165 7.906736 -3.568805 -5.555466 -6.822188 -6.336340 -29.480580 -21.118620 -13.119930 -0.444868 -9.445153 -23.725900
1.941660 7.610389 -4.313411 -7.266249 -4.616130 -7.194922 -25.174740 -26.231440 -14.172080 -1.105309 -7.541506 -17.562080
1.452731 5.866135 -2.043952 -7.886881 -2.888264 -5.902992 -29.564980 -22.179700 -16.623370 -5.586139 -11.980550 -20.018010
0.415610 5.172854 -3.741590 -5.577213 1.195039 -11.128330 -31.004100 -25.599220 -11.296130 -9.886770 -9.981603 -22.002130
0.052001 4.134963 -4.403290 -2.866615 -3.283569 -13.886670 -33.521670 -28.231970 -7.068517 -9.353071 -8.992018 -21.800430
-0.483845 4.355531 -0.315320 -0.103043 -4.119721 -14.976530 -33.730140 -22.500240 -7.556186 -4.108336 -11.929010 -15.830310
-0.970304 4.022648 -0.893339 -0.985758 -8.247655 -15.151820 -32.269380 -21.302960 -6.736211 -9.006469 -14.185090 -18.063220
-2.566112 3.981602 0.142601 -0.950628 -6.304830 -15.232970 -33.585870 -24.159320 -7.979120 -9.966954 -12.468450 -18.106750
-2.129040 3.162024 -0.010814 -4.098959 -5.903149 -14.823160 -30.392380 -24.483660 -9.697613 -12.509570 -11.833700 -18.856690
-1.936432 3.312678 0.900378 -3.557508 -7.467064 -15.358750 -30.237290 -22.764400 -8.944963 -12.842380 -11.658680 -20.866570
-2.731557 2.577448 1.864259 -2.203604 -7.620996 -13.894780 -31.510500 -26.111710 -11.893420 -8.833167 -13.736150 -16.276360
-2.976022 3.741637 2.678599 -0.724791 -9.029157 -12.115130 -30.211320 -23.395340 -11.734600 -12.496640 -10.665500 -19.541750
-3.021704 4.439429 3.557249 0.242124 -9.173070 -9.812056 -31.976500 -23.350370 -12.520050 -14.748690 -11.024530 -17.650040
-3.631630 5.318998 3.132646 -1.992265 -10.962870 -12.225500 -30.970200 -18.680980 -12.544220 -17.481850 -17.684900 -18.443510
-3.001950 5.654137 3.171387 1.025025 -9.643064 -10.906790 -27.916650 -19.853550 -7.837566 -15.731590 -13.230270 -16.093320
-3.004419 4.655487 4.457594 0.516474 -11.114980 -11.601440 -26.507830 -19.618530 -9.908216 -16.448940 -12.262260 -12.978080
-2.327204 2.970322 4.284809 -2.152860 -14.264670 -9.855877 -27.501870 -17.031400 -16.997110 -13.964950 -13.351350 -18.166290
-2.627845 3.147138 5.894892 -1.019215 -16.930710 -10.023860 -24.190080 -18.529580 -15.049020 -11.075740 -11.934400 -16.094200
-2.674145 2.710962 8.770264 -1.347654 -19.512940 -7.165708 -21.796590 -16.121720 -15.723990 -9.813483 -5.435866 -15.831190
-3.963756 1.879657 9.593901 -3.144311 -23.404970 -8.374864 -19.408860 -13.456670 -17.734220 -11.344740 -2.705067 -17.933490
-5.850328 1.517454 10.575600 -5.876098 -29.965760 -10.818330 -18.072900 -15.090420 -19.013380 -10.322180 -4.090846 -22.026120
-6.394816 1.412357 13.424630 -9.370154 -34.605590 -12.292040 -19.579830 -13.800020 -19.183420 -10.410120 -3.695251 -26.520370
-6.789910 3.721339 15.602660 -12.543020 -36.636760 -9.575905 -14.220800 -10.892970 -18.291810 -6.543176 -6.775492 -19.282300
-6.955973 3.553093 16.936130 -13.248410 -34.165650 -8.611014 -9.451128 -12.023100 -14.437930 -5.868077 -5.674421 -15.013730
-8.059766 5.181875 15.656120 -14.903430 -34.650220 -10.701480 -10.551930 -7.966927 -14.477630 -8.183072 -3.142019 -15.692580
-8.299292 3.274789 14.990550 -18.023320 -34.969010 -15.996600 -12.910080 -9.292168 -13.061230 -10.865360 -7.255000 -18.003680
-7.371439 1.657283 15.790940 -15.214580 -33.878730 -13.074340 -11.414690 -9.357416 -6.050886 -6.994104 -5.982505 -15.029730
-8.362259 0.665400 16.703680 -18.461610 -33.240230 -15.430980 -8.986568 -13.068350 -10.401060 -7.512284 -4.796322 -12.125970
-9.477781 -0.261080 12.986080 -18.143210 -32.599000 -16.548430 -14.632700 -14.130060 -11.851120 -9.252194 -5.100210 -21.720460
-9.302459 -0.489768 13.136400 -17.817000 -29.834600 -13.236640 -12.035780 -13.727170 -10.409700 -6.269860 -2.965800 -20.804370
-11.035310 0.097063 13.310730 -17.165140 -30.852010 -12.684000 -12.622250 -13.825990 -6.908837 -5.223155 -7.015246 -19.371150
-9.799413 -1.342725 14.954910 -20.195820 -35.888960 -16.613360 -12.403680 -7.184578 -7.071969 -3.763458 -3.384770 -18.296010
-8.454242 0.741629 14.883620 -21.868680 -28.111290 -14.135800 -12.484470 -5.075088 -7.060749 3.622971 -0.229007 -17.872180
-8.601785 4.063244 17.443640 -18.769980 -19.754320 -9.374649 -4.833664 -0.540635 -9.086516 13.602880 8.094055 -10.408410
-4.510096 4.471905 17.065530 -13.799900 -23.419540 -6.597648 1.348443 -3.939891 -4.333255 17.040460 1.828682 -1.414576
-4.297116 8.581524 12.749760 -16.011980 -21.137880 -15.005750 -2.733046 -1.210857 -4.224501 13.189030 5.931473 -0.510039
-9.626559 8.083101 13.340950 -10.854540 -20.079490 -13.356750 -1.876784 -13.119660 -1.476292 6.582888 5.924281 -0.161730
-10.898880 8.725863 14.022790 -14.938560 -26.247710 -19.617580 -4.560987 -21.448660 -5.688371 -1.902840 -4.564360 0.500235
-8.135697 6.073623 13.382010 -9.091344 -25.483510 -12.907980 -0.713943 -10.659220 -6.614510 5.544804 0.484861 0.037304
-12.010090 7.153464 4.790769 -7.070523 -16.301320 -14.336250 1.132033 -11.198940 -11.988360 1.105360 4.736300 -10.184500
-11.347070 15.018620 12.830340 -11.467370 -15.988900 -15.204570 -1.965513 -26.477860 -2.943615 0.537173 0.291858 -0.515370
-12.579880 7.095277 8.922904 -5.021822 -15.156390 -22.668870 -14.338380 -13.343910 -6.316730 7.779615 8.736596 -9.119138
-13.446000 13.935170 13.095330 -8.474614 -7.558148 -19.303520 -4.182271 -11.100750 -9.711423 7.828760 6.693891 -8.081319
-12.931760 18.918040 19.826220 -14.998790 -7.179238 -15.586790 -0.036580 -21.501870 -30.101160 1.857194 -2.470108 -13.016290
-12.668780 16.810230 22.184790 -11.184650 -2.468366 -15.818880 -8.024266 -21.057170 -36.764530 -8.627965 -6.043043 -7.356267
-12.725570 16.235130 19.300890 -14.394320 -1.295202 -16.034750 -15.974440 -17.745970 -35.595850 -5.744783 -11.982350 -22.773390
-12.152690 18.688900 19.537210 -13.709010 -3.630599 -18.128450 -10.929210 -16.253480 -29.660100 -11.851710 -17.723860 -17.412800
-13.038560 18.697920 18.920450 -13.534470 -2.584954 -10.947360 -11.997550 -23.874890 -26.944690 -9.042681 -17.763420 -20.622220
-13.560830 18.265810 18.829030 -5.301190 -1.746979 -15.730430 -11.785470 -16.062170 -25.197720 -7.870957 -13.628260 -11.352050
-13.438590 18.740320 20.374020 -8.242643 0.164877 -17.017490 -5.161885 -13.328070 -17.735090 -9.255643 -13.245850 -7.967585
-16.356120 16.672210 15.253210 -4.648774 0.810664 -12.602850 -4.709589 -12.880830 -17.841250 -2.774520 -12.077050 -11.431130
-18.651360 17.337520 13.052710 -7.299706 0.795179 -12.589060 -9.977004 -12.825090 -7.981709 -0.518154 -15.542700 -6.769828
-23.619050 16.902700 9.515644 -10.007520 9.168545 -16.313100 -15.193200 -12.184640 -2.949657 -5.791342 -7.500148 -1.577180
-20.795980 15.778200 7.438341 -3.467174 12.615170 -9.157975 -2.361542 -1.723343 -4.873575 -5.358520 -8.224206 -5.953257
-19.214990 13.337060 7.109816 -1.073862 13.127060 -1.753720 2.662050 5.986115 -12.324980 -6.681127 -7.158499 -14.752500
-17.819810 6.497621 7.550691 5.383952 11.229780 -1.945237 -12.071130 -8.783483 -12.594280 -4.982602 -8.429195 -21.133130
-14.304100 10.328030 6.824681 1.421494 4.100623 -7.267147 -8.444822 -2.277005 -15.323500 -4.911040 -11.297850 -13.828420
-15.862250 7.743452 4.230571 0.767404 7.628312 -4.530721 -9.893325 -7.301138 -17.208580 -6.653537 -2.272911 -2.933097
-17.122230 5.156165 2.896324 2.002535 -0.279614 -7.935023 -2.112671 -9.960489 -15.214740 1.666649 2.106797 -3.389809
-21.007720 4.845835 4.131393 -7.281862 9.258718 -0.499119 -2.351443 -5.745310 -2.291088 -3.293561 -0.556871 -4.129077
-26.865610 8.030778 6.028937 -9.706958 4.921291 -0.663045 -7.016518 -1.360358 -0.507860 -8.734877 -6.159324 1.744196
-26.852640 12.295560 7.496453 -12.742090 10.673250 2.161025 -11.846060 -5.287304 9.437996 -11.739630 -9.721470 8.730814
-30.927660 15.193630 2.374093 -10.509370 13.480470 -11.240320 -5.793802 0.388048 -2.709706 -9.228052 -11.930200 -4.021563
-32.429630 16.833690 4.419628 -13.987260 18.528350 -7.461910 1.393168 11.227530 3.540224 -4.488564 -6.432643 1.265271
-31.444990 15.088080 9.638066 -9.261418 12.192540 -5.799929 -3.697512 -3.290574 -5.445831 -4.836891 -4.090846 6.006539
-33.508120 13.190020 12.728060 -13.905290 11.014820 1.562939 -8.246447 -0.434843 0.603853 -2.464129 -10.025960 10.492800
-31.921570 10.486810 9.465281 -15.362910 6.802179 -2.881724 -7.078555 -3.616816 0.482151 5.568083 -5.245262 14.247780
-32.183940 10.948240 12.484770 -19.578530 5.233710 -1.973640 -5.030597 4.273817 4.186708 7.939983 -2.611563 -5.846632
-31.698710 11.661370 10.396620 -17.698790 5.304756 -9.366534 -2.632776 2.773735 2.838498 2.783192 -7.702141 1.657119
-32.354940 11.272100 13.061240 -11.716070 4.995070 -0.351423 0.510216 3.449659 -4.576658 -7.501937 0.358990 10.375510
-34.508820 7.492211 11.720020 -16.478160 4.233606 0.097344 -5.192904 4.214270 9.520857 1.895993 3.258815 14.992380
-32.789540 8.841785 7.166378 -13.508820 10.739750 0.944565 -6.935003 0.617368 8.574865 1.472655 -2.789581 11.048140
-33.713690 8.113322 4.910091 -15.443210 14.031530 3.746723 -10.883040 3.250746 13.487810 8.735789 -4.198136 18.511900
-30.830740 10.825100 9.896857 -10.090040 23.054320 7.585997 1.814445 5.887292 1.621484 -6.534554 -1.809586 11.031250
-23.319640 6.117827 3.513084 -1.439104 15.226550 5.589672 5.247427 5.813808 2.347377 10.640380 2.550342 14.046080
-22.914670 2.565269 0.960815 2.089524 9.296974 0.389489 -1.850815 2.782604 8.035409 4.410155 0.629312 4.137932
-20.855860 3.602710 4.039189 2.390082 7.294944 -1.472124 -5.656021 0.325966 8.948601 6.839822 -3.309847 0.743696
-23.905490 1.044742 -2.223711 0.199745 1.879992 -4.556690 -4.471538 -1.467417 -0.702064 -0.045671 -2.297485 5.880366
-23.203580 1.244111 -2.094315 -1.765313 4.822010 12.063930 0.993531 3.919701 4.487941 0.202641 -3.050913 -3.972693
-22.022620 1.677581 2.226877 2.344357 6.530748 7.133983 -2.489224 4.919967 -3.782578 8.638361 3.171305 -12.342770
-21.051560 1.379430 0.786479 0.817032 5.830311 6.104983 -1.277329 -0.864977 -7.998108 -4.629964 -5.962726 -1.283960
-23.263460 0.738923 -0.333916 3.277258 12.118760 10.797160 0.104087 0.920805 -5.337940 -1.066511 -8.885327 -6.983078
-16.327100 -4.631863 -7.164762 -3.391337 4.813812 0.172815 -4.351070 5.229739 9.818637 4.188570 -11.573570 7.121662
-12.336650 -6.822667 -2.029230 -6.193943 9.865339 -0.844012 -12.468600 -1.919088 14.798900 9.717830 -26.060110 25.678010
-10.193270 1.092104 1.072389 -2.966987 9.016435 -3.849049 -8.942565 5.956341 19.799880 2.824578 -23.433000 28.235230
-8.698706 5.179169 6.420998 3.489154 10.165010 0.555038 -2.816003 13.282540 10.922580 4.362734 -17.039960 10.558550
-0.792512 4.967621 -3.975587 -5.811414 4.760983 -0.400114 -2.922044 -1.739180 1.981409 -8.978016 -15.259190 -5.097589
-0.919683 1.036623 -6.323303 -5.575541 8.596537 -3.376748 -0.631707 -7.323310 -2.670866 -0.450041 -22.789860 -6.725401
-1.180198 -0.642227 -10.109090 -6.729817 10.049330 -2.884159 -3.440706 -7.391726 -7.135841 -3.149575 -17.688500 -13.327280
0.241522 -3.384679 -15.494120 2.913689 2.061249 0.280746 -0.783915 -14.067340 -3.713527 -8.806439 -12.599720 -24.013790
0.211890 -3.427078 -14.204040 3.867779 0.884442 -1.830814 1.496323 -15.335570 -1.911310 -6.466441 -15.078770 -29.044730
0.006318 -1.324682 -11.375150 2.726328 -4.422121 0.424384 -1.014752 -10.365920 -0.872101 -7.226035 -19.458480 -23.906280
-0.059737 0.754259 -7.886898 1.008854 -2.718847 -1.764269 -5.676219 -10.977860 1.569696 -3.108189 -20.951550 -17.480330
-0.137521 4.403795 -3.974038 7.927263 -2.860939 -4.614307 -6.971793 -11.010800 -0.445714 -4.697216 -22.359510 -9.399917
-1.084511 5.812008 -2.378676 7.350682 11.911090 2.247045 -2.044141 -8.198147 -5.866176 3.863523 -24.076740 -3.685694
-6.312711 1.624356 -6.977254 5.800495 9.667686 6.122025 4.275025 -2.105332 -4.392811 10.060980 -5.954334 -6.560132
-8.028281 2.417773 -11.800530 -3.232973 8.601090 2.122883 0.150975 -6.419334 -7.947184 1.029487 -11.540000 -14.854690
-8.177676 0.666753 -12.748920 -3.420333 10.500200 6.853199 2.926070 0.097280 1.658599 6.857066 -9.318683 -8.398528
-11.975510 -1.236274 -12.855840 -3.091894 3.266292 1.057365 -4.602827 -3.972832 -4.144230 9.924757 0.387760 -8.514928
-12.957690 1.893639 -6.622386 -2.534831 -3.125082 -3.233922 -4.180106 -0.837104 -0.316245 -8.163241 -9.909677 -9.863737
-10.988400 4.689317 -5.130849 -0.004344 4.967744 1.171789 -3.393817 -2.635555 1.127773 -4.508395 -15.413230 -7.363375
-13.379330 2.777268 -3.650162 -2.044124 5.455044 -2.109163 3.480801 -5.927119 -2.502555 3.013398 -11.381770 -2.128077
-18.350100 3.996938 2.941264 -13.814950 11.361850 2.385814 -8.574668 7.277781 -0.197133 -3.272869 2.684604 1.902357
-26.131600 4.673981 2.013800 -14.258260 17.461760 5.432238 2.394424 5.263947 14.880900 5.907788 1.141787 7.950673
-30.773950 9.307281 -1.838624 -19.730200 22.092480 -2.820049 -9.186386 0.809312 5.146510 -3.789324 -10.261520 1.979660
-30.515280 13.496290 1.133600 -14.833170 20.190640 -6.938484 -2.909781 0.925239 8.682756 0.305242 -8.254175 -2.459503
-33.792710 9.768266 6.536447 -17.184660 12.888420 0.371636 1.130591 -4.371291 10.951930 -4.980016 -5.609688 7.244280
-34.070510 7.557615 5.171982 -14.485770 8.499077 -0.996577 -7.303621 3.869023 11.933310 -5.704260 -2.290892 9.586481
-32.048740 6.439885 0.860862 -16.043770 8.973625 -3.660778 -10.803690 -13.147530 3.480668 2.276221 1.995910 14.339300
-32.304320 5.864782 2.320630 -19.034850 6.979793 3.530049 -8.327240 -12.039570 10.756860 -5.044680 -13.425070 4.513786
-33.382180 5.511601 8.747793 -18.116450 5.312042 3.386411 -8.744189 -13.054410 13.915060 -9.021988 -17.847930 2.502124
-31.111010 7.340654 14.504730 -13.632610 7.032622 3.721566 -7.011468 -3.348220 13.373010 -4.637724 -11.268480 12.459140
-27.795310 8.738944 14.699990 -11.886700 10.078480 14.123550 4.984849 1.281255 17.759440 23.627630 -10.021160 23.152760
-23.695600 8.104300 12.957410 -2.258808 5.896802 15.615930 10.167140 1.665778 7.113585 12.066450 0.985946 20.599090
-22.160900 1.294630 3.706790 3.774656 5.671824 6.505871 1.224368 6.594890 5.807668 0.250062 -10.510860 0.964055
-21.097860 2.099774 -3.765610 -3.933903 2.602289 3.836801 -4.749264 7.927732 8.304706 -0.018943 -3.360195 4.783904
-22.757250 1.421829 -0.716679 -0.509549 4.779200 7.097465 -2.343508 -0.863710 1.390165 0.445780 0.746192 9.303036
-23.070850 1.454306 -0.305247 -4.891896 1.424571 5.833938 -0.218364 -6.357253 1.066491 -1.595899 1.801710 2.081842
-22.296720 2.154353 4.270862 -1.406762 3.505844 -0.410664 -4.983708 -1.136740 -3.221543 -2.693473 -7.007454 -8.533587
-21.773220 1.064138 2.109878 -2.600630 7.805016 5.225302 2.262414 5.426752 4.165130 -6.361253 -5.639657 -0.999626
-16.880230 1.078121 -7.468493 -9.517924 5.097084 3.404264 4.177640 -1.551670 -6.230417 -2.931439 0.137816 2.914408
-5.625618 1.729453 -17.556700 -14.605660 6.198291 8.106177 2.847442 -2.800893 -11.889970 4.347215 -5.606091 15.072350
1.380503 7.470560 -18.198250 -17.012360 11.334530 7.779949 -3.790569 -8.965925 -12.135960 14.621140 0.818718 24.031530
2.336136 11.112880 -19.615400 -19.525560 13.039620 12.985000 0.156025 -9.612076 -8.848292 17.376710 -9.374426 15.574380
4.733860 13.827360 -5.281166 -12.704730 5.190900 11.539690 -7.799921 -3.982334 -6.453968 -1.126864 -13.016890 6.747585
4.803002 15.992910 -5.570175 -22.235040 -12.443900 7.207019 -7.500554 -8.671990 -18.758760 -0.216386 -11.197760 -5.692025
5.870989 16.655520 -6.847859 -24.796750 -13.610690 12.399090 -9.855093 -9.743206 -13.094030 -5.375763 -10.411960 1.652676
5.810491 15.530120 -6.960983 -23.639130 -15.308500 12.509450 -6.347090 -12.086450 -14.239410 -9.667772 -12.285040 0.669947
5.424657 18.220250 -6.907520 -25.317010 -12.238050 12.025790 -3.310139 -10.511620 -18.041500 -9.416011 -19.588550 0.216790
5.947539 19.335720 -6.120299 -20.572210 -10.379020 9.770593 0.178387 -9.117327 -18.226210 -2.117527 -18.471890 1.504289
3.977009 18.761970 -4.345953 -15.938940 -2.767122 6.996026 1.038977 -5.326580 -16.400690 -0.284499 -19.522620 6.687164
-2.022858 14.765570 -2.210539 -11.824250 1.579414 10.195010 13.543860 0.239180 -19.394020 -9.712606 -7.047013 8.602863
-5.201510 10.176020 -3.097712 -2.249328 5.404948 14.673760 1.975310 -7.208651 -11.337560 -12.953600 -6.865400 -5.504542
-8.843163 7.034384 -7.629656 -9.762162 -2.092188 -0.864300 -5.837805 -3.875276 -6.181218 -3.919515 -5.620477 -9.264858
-6.586190 9.314949 -7.384812 -4.591339 2.852770 4.763550 0.066576 -6.124132 -10.394160 -3.457378 -2.339442 4.605306
-7.315261 10.861640 -3.132579 -3.579256 -3.217077 5.720325 2.007050 5.860686 0.967231 -2.225301 0.465081 4.755470
-10.923580 7.581070 -2.923377 -4.850075 -3.070432 1.499640 5.910362 -0.327152 -3.897374 -1.757991 6.665121 3.669670
-12.495310 9.081751 2.886252 -0.904903 3.792759 1.712257 11.905630 8.130446 6.436891 -1.413113 -8.427997 0.578427
-12.736690 5.666315 -2.417417 -4.658811 6.147284 -11.292260 -8.404426 -3.448310 -7.464694 2.111542 -14.884570 5.726648
-15.696190 8.698348 2.995502 -14.188000 -5.166278 -3.028609 -11.113880 -8.716334 -4.017349 -21.369490 -1.514688 9.144876
-25.374130 9.594607 9.694628 -10.572390 16.924360 10.131720 -13.548490 -6.271733 8.983127 -15.781600 -0.564663 19.220960
-31.043720 13.134080 11.150520 -13.351010 16.891570 7.641991 -12.260850 -5.138436 3.412480 -2.625360 0.513631 11.519060
-30.902970 13.519290 9.489300 -16.917000 9.567493 2.156967 -3.608784 -4.966129 -2.712296 -12.129340 1.019512 19.537280
-33.590840 7.693835 3.520833 -16.334850 3.454836 -2.286073 -4.796874 -0.981537 9.981769 -11.899130 -6.886378 21.891920
-30.003510 7.465598 10.605050 -13.590790 0.859849 8.201936 7.153275 -2.322615 7.680662 -7.184649 -15.656580 15.718320
-30.883210 2.552189 10.634490 -14.435590 -1.478281 12.324430 3.467816 -7.737607 11.859940 -11.128330 -5.770922 29.185090
-27.517510 7.461088 13.726040 -10.794880 -1.770661 8.667745 -1.730347 -5.791554 8.222708 -17.531860 -30.543510 10.826000
-18.012420 17.147630 25.299580 -10.228330 -3.729881 3.356385 -9.753380 -21.264320 -1.416736 -15.356540 -14.046030 13.636460
-13.901600 16.166120 26.029460 -11.046920 -11.175100 1.371421 -14.851270 -27.117040 -19.192050 -13.575240 -18.697260 -1.857071
-15.909780 12.255870 28.384930 -6.034463 -13.352010 7.985261 -16.228360 -23.996520 -20.648150 -28.830070 -21.556330 -8.770828
-15.272080 10.223390 31.161900 -10.004730 -11.069440 13.119710 -14.011600 -24.708550 -20.850990 -32.875490 -23.989830 -10.899780
-14.007780 10.157530 29.782710 -10.248970 -13.382980 14.635620 -14.354970 -25.561210 -19.103150 -27.676450 -18.570790 -19.181890
-13.266360 8.521983 30.069390 -10.202680 -15.887790 14.573950 -11.965090 -19.676810 -17.812770 -27.360020 -16.836770 -17.363040
-11.866860 9.070925 29.360430 -13.522760 -15.483380 16.897310 -11.225690 -20.719520 -18.658640 -27.442790 -13.402890 -15.698800
-10.132160 9.050627 27.789090 -12.875360 -15.792160 13.636650 -11.771040 -18.582160 -18.309070 -26.271930 -15.483360 -12.269020
-9.725332 10.024020 21.120180 -7.338182 -15.910560 6.121213 -13.186360 -20.328030 -15.125840 -27.896310 -17.465530 -14.722290
-9.713603 10.268940 25.143840 -14.692090 -14.557970 7.824582 -19.323740 -10.270900 -18.256420 -17.564620 -19.689840 -12.810150
-12.570620 8.747965 25.625000 -15.669050 -14.702790 5.855037 -17.083180 -18.693650 -17.831760 -15.072880 -17.244950 -19.302730
-10.172900 10.967190 26.216970 -10.927030 -10.152220 5.161192 -18.007970 -13.671420 -22.989830 -15.072880 -7.176480 -8.211046
-8.460415 17.981640 23.649980 -5.603421 -12.077740 4.184129 -22.516510 -16.010230 -23.832240 -3.212515 -9.927658 -2.256916
-10.709980 10.683020 26.846130 -10.359380 -12.284500 1.578357 -17.005270 -20.317260 -21.771950 -1.421735 -13.455640 -6.700522
-10.900120 13.487260 18.732170 -1.264011 -5.882200 -1.404769 -10.796480 -17.770670 -17.419180 -1.142384 -3.962577 -1.245753
-11.571160 16.104320 17.895360 -4.651562 -9.366168 -10.038470 -22.025260 -23.700680 -23.183170 -1.589001 -7.703340 -2.788265
-13.221910 10.519730 11.846310 -8.556584 -12.512210 -9.644072 -15.193920 -6.590374 -9.846934 -1.856282 -0.804417 -1.523867
