-3.006087 -5.654880 -11.233500 -24.742780 10.097810 25.456540 -5.541481 -11.609980 4.522573 -14.056790 0.486623 -13.410780
-2.760816 -12.258290 -12.182160 -29.574470 7.966062 19.309810 -9.620234 -15.292010 3.039994 -19.548980 2.435393 -22.655900
-4.243227 -8.784063 -11.912500 -33.673180 6.448230 21.584700 -8.006881 -18.722340 8.479450 -22.937020 0.553221 -22.929650
-2.788636 -10.306010 -13.367120 -35.608010 -0.410421 19.353070 -11.262810 -22.065060 -1.253098 -28.250200 -5.680161 -26.238740
-1.092750 -10.917450 -16.224930 -31.083530 2.797170 15.048660 -8.595932 -21.158470 -0.444489 -27.371900 -7.148890 -24.242230
-1.100699 -12.930090 -14.593780 -25.823380 0.157013 20.667790 -6.458124 -23.556730 -0.099041 -21.803480 -5.083015 -18.198300
-0.861673 -12.060570 -14.788380 -28.103810 -0.433296 21.486130 -5.391526 -26.633630 2.122904 -24.881740 -2.752537 -20.692380
-0.452322 -10.615610 -15.900370 -25.963510 -3.243903 23.438360 -5.961352 -24.766260 0.571851 -21.423770 -6.608509 -18.129640
-1.964255 -10.095550 -17.254910 -26.726120 -4.987528 22.965370 -6.808786 -25.115970 -1.528533 -21.973410 -7.521213 -21.168550
-2.010243 -9.311871 -16.573120 -26.691760 -4.506426 18.243280 -3.371374 -27.878800 -0.311387 -21.032170 -10.424250 -20.269720
-0.826473 -8.934708 -15.734960 -25.147670 -4.280633 18.682230 -5.057782 -25.585230 1.806692 -18.226630 -10.162330 -19.446680
-0.232032 -11.197690 -15.065680 -22.638860 -3.451250 14.691260 -3.364454 -25.010540 -0.843023 -13.288970 -13.046150 -19.637500
-2.037496 -7.015659 -13.120400 -27.251600 0.018291 14.423210 -4.960120 -25.483510 4.261756 -11.945640 -10.504260 -15.184370
-1.935867 -11.006610 -10.805380 -30.592410 -1.251611 8.728195 -11.393540 -27.366480 2.852268 -11.170830 -13.214210 -20.922440
-2.969750 -7.325809 -9.272924 -26.686370 -2.559145 8.075088 -17.765440 -21.584660 9.418852 -2.582897 -8.165737 -21.558220
-4.876274 -4.773724 -10.721290 -25.582200 -7.618830 6.055490 -22.944620 -17.169040 2.753019 4.208571 -6.366700 -16.652100
-4.783162 -2.681324 -11.786710 -26.844020 -10.426490 4.887555 -24.237310 -16.388680 1.337376 10.069290 -4.514475 -15.725630
-5.035246 -4.215455 -8.014989 -24.673400 -9.869383 -1.011685 -31.108280 -21.762860 -1.341576 11.515410 0.918839 -13.355500
-3.618695 -3.033011 -10.921450 -25.320140 -13.206840 -0.293338 -32.287920 -22.112580 -3.538900 12.716790 -0.068508 -18.324030
-3.873050 2.279402 -7.616064 -18.808270 -11.153300 -5.874888 -37.003410 -21.918790 -11.018730 17.576830 -0.492231 -19.214840
-3.710104 4.575614 -5.172472 -15.813060 -12.128050 -3.367410 -32.510930 -17.206910 -8.133586 10.741300 -2.894225 -27.532590
-4.390843 4.116482 -3.558700 -15.704600 -9.833226 -6.389716 -32.869290 -23.449810 -8.747544 9.169309 0.307837 -29.801960
-4.925101 5.867718 -3.462791 -15.793520 -4.546272 -7.986673 -25.545370 -26.647740 -15.359520 0.935212 -0.036326 -25.348820
-4.096745 4.212296 -3.610825 -12.783490 -1.861105 -8.305072 -27.092590 -28.031010 -13.315300 5.985458 4.410534 -23.310400
-4.144437 2.569059 -4.925055 -15.059200 -0.363934 -8.585886 -26.561980 -26.656650 -9.522301 3.472223 -6.344352 -28.514350
-4.942701 1.432030 -6.040517 -14.015660 -0.059187 -10.753690 -29.393420 -31.240080 -14.351650 1.000945 -5.211294 -23.848100
-6.490971 1.334001 -4.537249 -9.061365 0.815208 -8.414277 -36.513550 -37.019660 -16.882880 -1.604596 -2.755665 -20.785120
-5.361137 2.043467 -2.480768 -9.644105 2.298359 -11.747890 -31.269000 -30.146380 -17.325270 4.487586 0.936271 -24.902080
-5.723933 2.915762 -2.193736 -9.035091 1.575230 -15.326860 -29.974010 -28.387410 -14.774030 1.700931 -1.996271 -25.096470
-6.700473 2.899700 -2.045703 -7.671548 1.804713 -14.083760 -33.106140 -32.214230 -12.293580 -1.955637 -3.791732 -13.065690
-6.673789 2.330355 -3.538546 -9.764021 -1.867008 -13.045600 -34.301160 -28.860380 -11.048730 -3.643015 -6.361784 -13.756760
-7.572546 1.717257 -0.942751 -8.324351 -2.109035 -17.021680 -36.222870 -30.415160 -8.932962 -4.698238 -5.010607 -14.282860
-7.925122 1.795902 -0.118490 -7.699843 -2.542912 -15.240350 -35.526940 -29.510800 -9.362272 -6.894697 -5.095530 -10.742820
-7.400516 0.208048 0.039968 -10.446470 -3.314003 -19.967400 -35.101680 -26.874940 -10.907170 -5.986324 -6.857915 -13.571290
-8.578609 2.663765 1.356978 -9.043176 -0.161753 -19.115740 -31.673500 -28.407460 -6.500980 -5.595423 -5.042341 -11.627390
-8.291892 0.592412 -1.156808 -8.738669 -4.418618 -19.600780 -34.408050 -30.301560 -12.821370 -8.232431 -13.161470 -6.732862
-8.509911 1.407661 1.901852 -5.394485 -3.040985 -19.799340 -30.643810 -24.284380 -11.691160 -7.885585 -9.309522 -1.858844
-9.420590 2.765672 4.169611 -3.376792 -4.736647 -18.489570 -31.136740 -25.281550 -13.097570 -10.263160 -14.497000 -6.133641
-9.645422 3.082467 2.427266 -1.408278 -7.671220 -17.235840 -32.573220 -24.539790 -14.108520 -6.873019 -16.363090 -5.588814
-10.219990 2.401800 5.512335 1.792411 -5.489291 -16.057260 -31.775770 -23.972530 -14.313180 -11.186920 -14.278890 -5.364106
-10.719050 3.193788 7.174756 3.966400 -5.230293 -13.549080 -33.368360 -22.293000 -19.330250 -5.782832 -13.847560 -5.208059
-9.353596 1.872885 5.394882 4.576761 -9.854625 -12.496020 -32.144890 -17.176470 -19.732630 -6.734560 -11.749510 -9.567567
-8.716574 1.058743 6.579148 1.145671 -15.320150 -15.800560 -27.790840 -17.677650 -21.915330 -8.905844 -11.681570 -12.742900
-8.169257 -0.195146 9.136719 -2.243650 -19.667030 -17.128760 -23.465230 -15.547430 -17.065220 -2.470312 -7.654855 -11.993870
-8.061383 -2.125824 10.140290 -7.025482 -23.900290 -14.334080 -22.054130 -15.890460 -17.943840 -0.763354 -5.598366 -14.072420
-10.033770 -2.882367 10.633730 -12.369170 -27.499690 -14.627660 -17.505520 -18.211510 -19.644150 -0.746572 -5.060220 -16.807260
-10.501600 -3.051288 12.859790 -13.939540 -27.425170 -13.683810 -14.941690 -12.936070 -17.644550 -1.564736 -5.797713 -14.957880
-11.009740 -2.746677 11.641470 -13.067110 -25.387870 -12.422270 -14.927840 -10.999650 -13.588430 -4.433209 -0.994621 -16.249050
-11.050620 -3.826107 11.562940 -13.681510 -26.156000 -13.521420 -17.101020 -8.433581 -11.041040 -7.160426 -7.240071 -15.942310
-10.985890 -3.239593 12.533140 -13.670730 -23.640550 -13.449090 -13.306800 -9.155287 -5.985501 -6.856236 -4.483634 -15.957470
-11.351530 -2.968766 9.860206 -15.053140 -27.563150 -14.419890 -17.743140 -9.729236 -8.088963 -6.686309 -10.289720 -12.686720
-11.607590 -2.856890 11.061150 -15.879080 -26.306530 -13.702250 -18.112260 -7.472792 -5.890099 -5.889123 -8.235017 -14.312290
-12.464900 -4.924367 10.870030 -19.139730 -31.525600 -19.156860 -21.467380 -13.005870 -14.074670 -12.104380 -14.058080 -21.136450
-12.982690 -2.877936 13.643050 -15.870320 -27.997770 -15.502020 -16.232830 -10.672200 -10.861780 -13.673580 -10.298660 -11.869930
-15.271880 -2.064348 17.394610 -18.170970 -24.008750 -13.395910 -15.608410 -10.157660 -12.920610 -10.835870 -2.053929 -7.309789
-14.563890 -1.976842 17.888750 -20.578720 -27.525520 -17.430140 -19.867870 -9.866598 -14.123910 -6.096112 -5.500481 -16.891080
-12.044190 3.449108 18.781820 -21.395910 -27.739510 -15.704830 -13.083790 -9.926740 -18.244670 -1.896897 -4.840760 -13.248490
-10.594710 9.890796 19.163370 -15.318570 -20.840270 -16.493380 -17.525510 -9.296361 -17.115230 2.479936 -5.260014 -14.018920
-14.815970 10.906540 15.979610 -9.038460 -20.686790 -16.598330 -5.615304 -9.463423 -12.041990 1.166676 0.559926 -9.084267
-13.459610 12.148790 13.943980 -18.218800 -16.100830 -13.996540 -8.866618 -14.153770 -21.150580 -1.582918 -4.271772 -3.940066
-15.516580 13.158440 15.953200 -4.252585 -11.974570 -13.522840 -5.903677 -14.086940 -18.499330 3.033770 -19.904390 -4.980676
-14.142050 10.141680 13.166980 -13.723280 -13.621530 -19.210050 -6.703434 -26.747980 -16.869800 6.533699 -0.873046 4.171704
-18.513200 13.674620 15.475740 -12.102390 -3.150192 -14.018520 -3.317545 -19.562110 -14.156230 -5.587031 -11.255610 -7.382908
-15.077710 12.798440 19.468470 -7.571843 -14.033270 -16.224620 -7.538563 -15.523670 -25.062830 1.491145 -10.960610 -8.009771
-16.738960 17.953010 19.260670 -15.394700 -9.370571 -11.341560 -9.861699 -14.686880 -34.828460 -0.499723 -9.004245 -11.315290
-16.907020 16.425530 18.462120 -15.844050 -12.373770 -13.805070 -15.919080 -14.850230 -32.032570 5.273584 -9.508868 -18.240210
-18.309370 15.585910 15.279060 -17.992440 -14.776330 -21.015490 -21.739610 -10.658100 -31.067010 -1.343063 -9.485179 -25.388950
-18.879400 15.262470 20.599220 -12.848840 -15.518640 -17.349300 -24.345740 -11.865400 -30.942370 -4.094754 -5.484837 -26.088930
-20.686000 18.920020 20.706250 -13.073170 -17.687280 -10.804040 -26.574290 -17.568500 -18.284670 -7.587689 -4.444301 -20.000420
-19.718540 17.079060 22.386050 -12.858940 -12.726480 -15.801270 -23.676710 -20.897110 -17.184470 -11.284120 -11.177840 -20.352640
-20.498070 19.880920 17.842880 -9.001408 -5.199302 -13.383140 -17.277890 -16.012230 -12.614400 -15.301520 -16.705910 -11.822670
-23.500360 23.365120 8.167900 -8.314246 -1.911281 -15.435360 -20.037820 -15.929820 -9.810046 -9.244998 -13.550330 -22.398200
-22.062240 20.332860 3.584427 -3.282476 -1.878814 -17.775480 -8.039948 -21.266130 -16.241990 -2.158431 -7.986504 -14.828580
-16.686730 12.355930 8.924746 -3.885426 -8.384756 -9.646033 -9.741735 -21.508190 -21.450630 -9.182761 -3.523552 -14.777750
-15.523400 9.027917 13.658340 5.612892 -1.439034 -5.618184 -11.828790 -13.428350 -22.500830 -14.589640 -8.915745 -8.683895
-14.836980 9.515294 10.148630 5.728092 7.397889 3.103388 -6.559631 -2.523316 -19.628760 -5.990520 -11.149230 -11.892220
-14.693340 8.200482 7.100392 2.428372 1.854151 -9.365219 -16.753440 -8.868684 -7.109552 -2.116473 -11.308350 -13.465180
-15.363290 6.164575 4.186985 -2.377040 -6.670646 -9.483644 -13.888930 -8.449916 -10.162420 4.200879 -0.051970 -11.655920
-15.772640 9.749567 6.833515 -0.543263 -7.457971 -10.889140 -14.541810 -8.397942 -17.259870 -5.147880 -0.469436 -13.297540
-16.700350 6.652506 0.351325 4.491202 -1.801336 -4.052428 -4.731728 -2.256018 -11.947360 -11.463830 -2.963504 -9.282224
-18.538750 3.024314 2.231278 -4.124585 -7.240294 -8.844718 -5.774487 0.912211 -5.426938 -6.685610 -10.893570 -9.583617
-20.467410 5.229696 6.415825 -11.613290 9.438882 -3.192964 -4.259564 -1.689494 -6.526369 -1.098312 -6.467268 -10.325510
-24.404230 2.969484 2.265333 -12.511990 9.922935 -1.665501 -1.300469 1.178767 3.919386 -6.480020 -0.682639 -0.116468
-26.898950 8.024363 -1.069934 -14.896840 10.150200 -7.523612 -9.994736 0.731784 -7.306512 -7.475804 -7.278510 8.517837
-32.439110 19.133240 5.767397 -19.304780 9.202021 -3.678717 -6.525026 6.232934 -6.841811 -2.121368 -4.118016 9.486219
-33.840330 11.472560 2.076295 -16.277230 12.510700 2.075861 -6.098234 7.755050 2.158295 4.496677 -0.496701 7.586012
-34.283750 10.486170 0.478508 -19.521030 11.465120 2.884976 -14.552570 2.048229 -3.515819 -2.050041 -11.344110 3.755281
-33.752330 10.677800 7.105257 -16.397150 6.729364 1.186614 -10.505350 1.713364 1.307370 -3.466096 -6.125339 6.327828
-31.092960 5.708212 2.513445 -17.313360 2.192103 2.992764 -9.597934 -4.934199 5.726639 2.535878 -14.107250 6.820936
-31.438160 5.642859 3.287666 -22.917090 -3.128793 4.852099 -6.909524 -2.797297 -0.396788 1.553381 -10.233400 7.842821
-31.718630 7.649414 6.319221 -24.372260 -1.281127 -1.342848 -9.756347 -1.152669 -1.901678 -3.673784 -7.653068 -4.001593
-31.174150 6.708444 8.584200 -14.593690 6.993528 6.219298 -5.603000 0.946366 5.269632 -2.929743 -14.929670 12.572380
-29.952910 8.303496 10.592730 -15.393350 5.763472 12.186610 -9.911684 -3.831594 7.290771 -0.278749 -21.643540 4.738823
-26.061510 10.852260 13.138480 -13.306940 10.141350 10.480450 -9.844781 -5.766537 15.008340 2.203717 -18.294420 14.133750
-26.275550 4.389524 5.731258 -4.272122 8.118066 10.601000 -1.112065 3.487928 11.929310 6.262375 -4.641413 21.175480
-25.971240 5.704889 4.854178 0.837122 5.705916 13.276550 -6.173595 -0.275782 6.659117 3.264535 -9.876274 15.027230
-26.276120 4.568414 4.002118 -5.260422 8.308441 6.683069 -6.967968 9.525160 13.221860 2.992512 -2.607720 -2.912830
-23.824550 3.900486 9.832405 -1.409625 5.163570 3.966397 -7.115615 3.726269 -1.637014 -5.137390 -5.942977 -13.141490
-26.623020 -0.289298 -2.430728 -6.175289 1.068303 0.276802 -8.076859 -1.616729 -5.662365 -7.211473 -7.317843 -9.782466
-22.651570 1.700088 -0.370772 -2.573757 7.572768 2.597070 -4.650215 -3.469256 -9.105302 -7.480699 -3.089549 6.273434
-24.974260 2.086666 3.529523 -3.034559 2.093226 -4.313387 -5.115457 -10.122760 -2.314830 -1.392013 -3.429242 -6.243320
-21.738050 5.327726 5.786857 0.378341 6.434210 0.360479 -2.178662 -8.763991 -11.243390 -2.074516 4.099893 -2.753217
-21.168590 1.887285 2.634373 -2.158092 0.790120 -2.836982 -1.331229 -4.120424 -1.450057 -0.846569 -6.286247 1.382475
-13.589620 -7.150242 0.424994 -6.175962 16.831020 -13.897970 -4.952430 6.079238 2.656078 8.137861 -8.863897 28.634530
-10.920600 -6.450745 -5.538038 -6.466322 11.136020 -12.140040 -9.030415 2.639998 12.691760 7.360954 -20.071110 27.135580
-9.706172 2.270541 6.080839 -0.190251 13.660330 -5.152286 -5.423824 5.713930 13.236470 17.036280 -23.877470 20.448750
-7.003087 6.596014 4.800663 6.756813 13.712720 -1.487510 -3.842000 5.647848 3.696268 -6.135272 -15.354290 2.798490
-4.338609 9.026255 -5.132162 1.910306 5.932447 4.778349 2.368410 -3.899903 3.276961 -5.649967 -9.602732 -6.377966
-6.520494 5.086806 -12.605410 2.624415 0.555472 6.886589 -0.746792 -8.464766 5.030358 -4.624814 -11.234600 -2.031834
-1.398770 0.407984 -19.405210 0.139182 -0.947602 4.389747 -3.422128 -9.287451 -0.217524 -11.289710 -3.849390 -10.979120
-0.580067 -2.857998 -21.051650 -0.177451 -4.374345 0.610801 -3.908134 -11.229080 -11.509590 -9.081365 -8.445538 -17.970920
-0.643088 -3.031903 -23.159560 3.760252 -6.188069 -5.573509 3.580348 -18.393420 -7.416532 -9.128917 -9.558482 -18.514860
-0.979199 -0.191269 -22.845420 -0.739980 -1.964409 -9.711273 2.430699 -21.943290 -3.882809 -9.264578 -5.581382 -25.048320
-1.258535 3.505045 -19.861820 -0.242799 -3.922021 -9.205665 3.339652 -26.013650 -0.851486 -2.961910 -7.294601 -17.910290
-1.989804 7.793412 -13.168350 -1.700658 -5.515117 -2.844782 -6.317398 -18.531520 -10.037010 6.624606 -7.754082 -10.754420
-2.407672 6.022792 -10.906850 -0.853159 9.947286 7.389360 0.255979 1.267866 6.324440 1.951974 -8.992176 -5.059145
-4.544137 2.875332 -10.873490 -1.231098 3.298932 -0.044434 -0.187732 -0.860126 -0.768394 -4.680756 -5.978287 -16.995410
-7.275042 0.954068 -7.904485 2.366392 4.637457 8.109835 0.292890 -5.186648 -4.819134 2.563850 -1.956491 -13.885160
-9.539251 0.685457 -11.135500 0.034087 8.088551 13.555230 3.444235 -7.464624 -0.169823 5.235124 -2.929088 -19.786420
-11.868750 -4.003889 -12.815990 -2.765758 2.986068 8.542403 3.875642 0.817172 0.417977 1.419818 4.350641 -7.768122
-10.644670 2.042359 -10.783840 -7.571843 3.052478 0.338496 0.978066 5.846837 -1.497758 4.740728 -2.428486 -10.468180
-11.498580 0.806193 -8.057384 -4.810399 3.113723 -0.372760 3.124333 8.090658 8.139388 3.132370 -7.044300 -18.267860
-11.829010 -0.555694 -6.868948 -0.255599 4.037556 4.479097 -2.865375 0.383554 -7.091857 -14.358880 -9.216106 -8.183653
-12.961680 1.514552 -4.031295 1.223145 3.262038 10.227290 9.730007 3.536933 -14.653240 -10.117710 -3.609817 -2.794235
-13.234770 1.967591 -5.860514 -1.838764 1.045428 7.341140 9.061749 -0.185940 1.373536 -5.327596 -6.745280 -10.901550
-5.589375 6.129129 -14.147600 -16.148560 13.027220 -4.031154 9.656183 -1.320473 -12.902150 2.877830 -9.484733 -0.523082
-2.252675 11.766090 -15.894110 -15.350240 10.061660 6.550461 13.391960 -0.606935 -6.774107 -1.827668 -16.439070 11.965140
0.585536 17.086810 -7.618844 -28.054630 -12.326540 -0.696832 5.322123 -10.660330 -8.366705 -12.498080 -19.194170 3.775790
0.709306 16.049470 -10.854030 -32.802100 -15.219060 2.054587 6.158021 -12.290100 -2.134797 -10.362460 -17.763880 12.583080
-1.732611 15.728250 -11.577520 -34.334070 -23.448700 4.041565 1.145707 -10.472470 -2.671818 -17.814750 -15.546030 11.941950
-1.114893 14.271650 -9.017168 -34.493740 -23.784440 4.440095 0.569729 -12.766790 4.713377 -17.377700 -16.250450 7.986384
1.083457 16.047260 -7.044780 -32.178270 -23.518800 6.104420 -5.120071 -10.880100 7.787015 -10.950560 -24.880910 6.561452
2.519312 18.420450 -10.860980 -30.394350 -22.116080 -0.777672 -4.200352 -10.655870 8.057065 -13.456800 -18.352080 0.877774
0.577587 20.100240 -6.896052 -33.528340 -24.475100 -0.144421 -3.739723 -12.498000 10.154370 -11.516280 -20.082290 8.952093
2.049778 18.385560 -6.082216 -34.688430 -27.255450 -1.726486 -3.665900 -7.590848 11.114550 -10.118410 -14.978830 6.661323
1.959505 14.900810 -4.829146 -37.392610 -25.245450 -0.421690 -12.773120 -7.038432 8.491760 -9.343597 -13.587880 4.823534
2.512499 18.552270 -6.921072 -32.873520 -26.066720 -1.885331 -7.708511 -3.902873 8.273258 -9.131714 -11.426800 8.625731
2.923554 18.697370 -3.691444 -25.200890 -25.328830 -2.668209 0.326726 0.843901 10.905280 -10.393230 -14.403140 4.244823
1.670517 19.643330 -0.411082 -17.005490 -20.694910 -10.806880 -5.237727 11.639040 15.591520 -4.975156 -5.482155 -3.358679
-0.221245 19.674340 -5.229461 -28.405620 -22.530770 -3.275223 0.232909 -6.465968 9.580420 -8.107259 -3.339849 6.414322
-1.003045 16.646510 -3.343948 -24.862030 -26.051960 -4.520452 3.884101 9.943928 12.520960 3.449147 -0.854720 -0.050482
-1.380602 19.162040 -6.941226 -21.992120 -21.626120 -10.094200 -1.658821 -4.093694 0.783428 -10.840070 -12.657290 -10.112390
-2.058502 14.181380 -9.659340 -23.543620 -22.780910 -7.597361 4.918400 0.130363 5.665090 -3.277289 -1.578358 2.062840
-2.543934 11.656430 -10.303600 -22.018390 -20.100910 -7.077570 -0.612217 3.544358 10.275160 -8.211452 2.119389 2.177869
