1.688591 -1.920924 -7.923514 -19.784010 8.312702 26.206450 -13.595870 -9.488610 0.899454 -6.142632 -4.904308 -8.321564
1.064210 -9.030986 -10.249480 -29.584050 4.204759 26.278030 -22.021510 -10.212790 -1.288228 -17.156660 -7.348770 -21.327550
-0.926891 -9.584356 -9.009992 -23.962340 2.647167 28.285270 -20.696950 -12.853600 -0.803048 -21.838030 -8.301249 -20.764010
-0.882425 -7.913645 -12.173090 -19.276750 0.688700 22.129690 -21.215740 -21.099600 2.420559 -25.821900 -12.264610 -23.825180
-1.010883 -7.666113 -10.516650 -20.167220 0.600983 22.177650 -20.965260 -19.155750 2.163399 -21.994910 -16.391660 -16.555900
-1.068319 -8.153227 -12.583550 -18.750380 -1.988718 22.221320 -21.087670 -18.785490 -0.784107 -23.912820 -11.027310 -22.612640
-1.611795 -7.747210 -13.491920 -20.919450 -1.682118 22.363770 -21.090100 -21.511090 -1.406973 -22.655570 -15.048820 -21.118830
-2.316462 -7.071399 -13.400430 -21.564930 -2.702751 18.733700 -21.074700 -20.377760 -3.250803 -24.832740 -16.810560 -21.017450
-2.327579 -7.128114 -13.791470 -23.254530 -3.215936 20.263470 -22.135810 -20.250190 -5.357621 -25.231210 -14.591700 -22.263780
-2.092896 -7.739259 -14.019770 -24.512780 -3.338084 18.005690 -21.400570 -23.526500 -2.916422 -25.236360 -14.599770 -24.284350
-0.397619 -6.901784 -11.451730 -24.178940 -1.785411 18.589820 -19.004360 -20.124180 1.028398 -19.901700 -13.036180 -18.855750
-0.095001 -5.617478 -11.278480 -25.809910 -1.742782 18.176770 -19.692580 -21.417740 3.235749 -17.301020 -14.124880 -15.704140
0.692423 -5.352454 -10.538510 -28.161040 -3.805362 15.030620 -20.415660 -23.661850 1.366422 -12.930470 -17.323140 -18.299180
1.236517 -2.564932 -10.226010 -26.070940 -3.829136 15.646250 -21.330850 -17.134120 1.832661 -9.171231 -11.094610 -18.660950
-0.355005 0.213049 -10.294010 -26.008620 -9.589766 12.136440 -24.180200 -17.575930 -1.880497 -4.339613 -12.883810 -17.569660
-0.626744 1.567851 -11.127900 -27.154560 -11.665460 9.824251 -28.632960 -22.807760 -3.976388 -2.377505 -11.748800 -18.503920
0.457122 2.362923 -7.467711 -22.312850 -10.363640 9.923755 -30.169100 -22.823320 -8.987002 3.407180 -3.775764 -10.793360
2.291356 5.797633 -7.723544 -21.280450 -11.642510 10.638890 -31.286140 -24.473920 -12.409490 7.790253 -3.485013 -11.483110
3.369046 6.377505 -5.970767 -18.771360 -13.259120 6.280800 -28.497590 -27.393200 -16.962610 3.133928 -1.629053 -13.625930
3.046047 8.911664 -3.295052 -13.571740 -11.581840 3.439597 -27.865300 -28.304840 -12.219350 0.079550 -4.627556 -11.594430
3.580261 9.781473 -3.393013 -15.607520 -9.571731 5.554930 -25.867920 -23.105680 -11.793910 -6.255320 -2.903511 -15.687250
4.384977 9.294888 -4.539401 -11.814870 -8.995421 -0.415248 -23.211500 -21.016370 -18.987100 1.457592 -1.293612 -20.337640
1.534194 7.658631 -4.299760 -13.473620 -7.650974 -3.933645 -24.362590 -25.492130 -18.085220 -7.621578 -7.542603 -11.347940
1.071004 5.613176 -5.030826 -10.461590 -3.901277 -3.645158 -28.210630 -28.279950 -19.175060 -2.922535 -4.910231 -18.857740
-1.032498 6.309129 -4.047976 -9.568039 -4.713684 -6.414776 -30.200710 -32.392450 -16.590340 3.172228 -4.307730 -24.530840
-1.878593 6.050466 -3.672323 -9.231723 -0.741825 -5.920125 -31.358280 -36.242820 -18.005820 4.316054 -0.883331 -21.429910
-2.956900 6.846598 -3.936252 -10.512810 -2.110866 -9.579543 -33.560750 -30.863970 -16.350670 2.797335 -3.655156 -25.793070
-2.029902 5.681552 -2.008603 -10.547360 -1.695235 -9.938184 -30.681410 -28.141490 -13.808210 3.697372 1.540132 -26.507670
-2.015697 5.408048 -2.458739 -8.129596 -4.079990 -9.014739 -29.892670 -28.657990 -14.949040 0.634155 -3.444631 -22.522190
-3.165027 5.138783 -2.704856 -9.639622 -5.278516 -13.277620 -30.640070 -32.998400 -14.415050 -6.319398 -4.748164 -24.331070
-3.596721 5.964598 -2.968784 -9.666774 -4.966177 -13.432240 -30.331220 -30.156910 -12.765000 -4.087721 -4.218890 -21.741000
-2.862409 6.565672 -3.128275 -11.249620 -3.775030 -12.462270 -31.955710 -27.039280 -11.429660 -6.222177 -8.476775 -16.265690
-2.763596 6.143754 -1.482365 -10.020370 -3.427441 -14.006350 -31.433670 -27.527770 -11.402700 -4.671787 -8.209177 -16.369050
-3.691211 5.505577 -3.193042 -10.067270 -5.688408 -15.918380 -34.007400 -31.067770 -13.800190 -9.613148 -6.773190 -20.757060
-3.098945 6.556662 -1.276728 -6.875664 -3.787327 -15.088000 -31.070510 -23.927090 -11.126600 -6.286991 -8.264635 -11.676920
-2.758037 6.736878 -1.665334 -9.909291 -2.456815 -16.556920 -32.456680 -23.731080 -13.285140 -7.970692 -10.346740 -9.890908
-3.599809 7.969769 -0.950461 -6.503557 -4.050478 -15.595540 -32.217540 -21.200720 -9.810934 -6.577919 -8.655534 -12.420350
-3.719003 5.897282 -0.192678 -5.669865 -5.663815 -17.874800 -30.946490 -19.807590 -10.310680 -10.337890 -11.367050 -12.234490
-2.983457 6.705075 0.910801 -5.250242 -5.769567 -13.679210 -33.372680 -19.075630 -10.183200 -8.945854 -12.926880 -8.900998
-4.037060 5.468473 2.364836 -2.412851 -9.682402 -16.112380 -32.401560 -21.106600 -10.116900 -12.386170 -11.777340 -16.689080
-3.985801 5.877670 3.534703 -1.386626 -6.903330 -13.616930 -35.066890 -21.008590 -10.905140 -9.440063 -13.560610 -16.912710
-3.904279 6.381746 2.689485 -0.219087 -9.656988 -11.653360 -35.348990 -20.448540 -11.123690 -5.782470 -15.700860 -15.767750
-4.196398 5.556461 2.563997 -2.225255 -15.679130 -13.982730 -32.475320 -16.892980 -14.517760 -4.904529 -15.431110 -16.860030
-3.212581 3.384855 2.387505 -3.107697 -20.084660 -14.752980 -27.736410 -18.372450 -11.709400 -4.120864 -12.761580 -17.048870
-3.431825 1.139042 4.060131 -4.093194 -24.656600 -14.012790 -26.180820 -15.473400 -12.286370 -4.475871 -8.261405 -20.272040
-4.830660 -1.902902 4.737763 -8.301147 -27.836540 -16.946340 -24.664950 -18.264330 -14.001990 -9.203638 -7.593216 -26.647810
-4.988762 -0.791922 7.739747 -7.310097 -28.847340 -13.679920 -20.447270 -12.358880 -12.561740 -1.060594 -9.481482 -21.268910
-5.812624 -0.640858 9.683587 -7.446475 -31.046000 -13.790160 -17.202340 -9.465275 -10.469500 -4.970817 -7.382152 -21.920890
-6.819909 -0.697044 9.739450 -9.334161 -31.899400 -14.110150 -15.579470 -11.097990 -10.470950 -7.941967 -9.652701 -20.075250
-7.166375 -0.961537 8.417378 -9.234809 -31.280460 -12.161610 -17.990270 -10.931530 -9.500593 -12.076090 -5.251056 -24.523880
-7.061385 -1.062777 9.739450 -10.006170 -31.592800 -11.986940 -17.442290 -10.178570 -9.478010 -13.994010 -4.408416 -23.157290
-7.667238 -0.408697 10.386320 -10.644250 -30.984520 -14.381460 -15.223610 -9.714966 -8.860243 -15.870680 -3.856528 -20.789850
-7.336829 -0.851287 11.206440 -12.267200 -29.094100 -16.156760 -15.333850 -9.924985 -8.181282 -16.309650 -2.950893 -23.888790
-8.612146 0.698573 9.329794 -10.113550 -30.894340 -14.688560 -17.715470 -10.313130 -8.281087 -13.071140 -8.089646 -22.048110
-8.870298 0.266053 11.224250 -12.753470 -29.006380 -15.723670 -16.638150 -11.077760 -8.516392 -11.830830 -10.368270 -21.809580
-9.905992 0.052974 12.107520 -14.587470 -29.684340 -17.000030 -16.807570 -11.357010 -7.345695 -12.305890 -11.929170 -23.714860
-9.896111 0.440969 12.003080 -15.129280 -29.398240 -12.583240 -16.167170 -4.745271 -7.742726 -14.572190 -10.236360 -13.966830
-10.513080 -1.668621 11.335160 -18.433190 -31.977280 -13.692810 -17.243680 -5.134975 -14.367690 -16.316280 -5.996239 -12.389530
-9.545321 1.109360 15.324050 -18.937970 -30.119650 -15.122360 -17.800580 -5.808594 -8.817990 -5.954817 -3.335868 -20.461870
-8.593001 3.629737 17.917990 -18.161050 -25.330460 -12.843810 -17.868680 -7.147277 -14.618300 -1.884768 -4.140279 -9.024240
-9.811501 3.881510 20.747530 -15.853130 -22.546470 -12.940450 -9.593816 -7.192392 -10.733210 2.809856 -2.885743 -3.873927
-9.331018 8.831627 16.343330 -17.464970 -22.707150 -13.208180 -6.301058 -11.730380 -10.783480 -4.702721 -4.764855 -1.570101
-12.240470 11.945130 13.355110 -14.575740 -16.151330 -18.627160 -5.008111 -16.447270 -13.839530 -5.398739 -9.221959 0.643281
-12.365220 13.860190 18.413460 -18.295580 -20.449460 -13.063580 -10.407680 -19.403880 -5.484380 -0.778504 -3.102191 -0.324763
-12.289880 12.241420 18.346270 -14.605360 -24.191780 -12.354170 -10.555220 -21.593540 -12.501280 -2.232409 0.210216 3.299936
-12.537530 5.388966 11.210490 -5.293439 -21.650450 -16.766660 -2.232531 1.768459 -3.073778 7.424936 1.045317 -2.457641
-10.978120 19.333470 12.101040 -6.385076 -12.994330 -13.699250 -10.901350 -23.227030 -0.767351 -6.974907 -1.985492 -2.027289
-11.583980 14.737420 23.614310 -15.853130 -13.191080 -15.659960 -9.752699 -15.432170 -10.025840 -0.861732 -14.765070 -12.098330
-13.943160 16.824750 24.945290 -17.101500 -12.020430 -14.372150 -10.607100 -21.897680 -21.210480 4.987767 -8.729299 -9.246870
-13.108180 15.153510 24.623880 -12.359770 -5.394925 -14.792350 -17.269620 -19.819260 -26.929930 -4.733655 -20.445480 -14.467750
-14.742320 15.395210 24.024780 -17.079910 -11.101450 -13.604760 -25.550970 -24.088110 -24.968810 -7.751944 -20.692620 -22.730910
-14.598420 14.237050 24.583400 -18.454170 -8.070704 -12.384240 -24.575780 -21.854900 -22.690790 -5.716919 -10.214280 -22.393980
-15.238860 14.131580 25.357370 -19.224300 -11.651530 -10.695550 -28.739970 -26.908600 -22.808080 -12.808940 -10.729560 -16.786480
-16.309140 15.801760 28.627330 -17.274910 -12.477870 -7.746255 -23.880270 -27.763460 -25.257290 -21.024160 -12.381450 -19.269210
-14.873250 13.580860 23.547120 -12.051220 -10.547270 -8.396961 -23.035600 -36.364160 -25.375310 -16.033450 -20.328110 -12.954060
-16.503680 19.354140 20.344350 -10.973780 0.143543 -5.863573 -14.588890 -33.791030 -8.506921 -19.454620 -14.058650 -7.051378
-20.580990 21.618500 18.611010 -11.127430 -1.247632 -7.437008 -11.995700 -21.913230 -5.941877 -19.442840 -11.060150 -2.322473
-21.339380 16.272440 12.970550 -14.916380 -5.875319 -11.782210 -13.288640 -16.736630 -11.280320 -19.320580 -15.220040 0.420650
-16.431420 12.909290 13.022360 -5.187916 -6.556561 -14.211800 -10.322570 -10.575270 -0.411115 -3.960301 -4.113358 -12.212620
-13.814080 10.529370 11.846020 -3.897576 -5.954019 -6.791313 -12.166740 -10.161450 -11.643110 1.777982 2.121096 -13.898250
-13.359540 12.667050 11.795010 -3.879063 -2.045283 -1.913520 -9.237141 -4.078652 -13.413360 1.943700 4.507946 -8.675386
-14.750960 10.678840 11.378070 -0.349911 -2.169071 -12.324820 -8.603232 -9.563284 -14.081390 -3.019756 -6.302066 -9.399929
-16.195500 7.369225 10.373360 0.638054 -2.441239 -9.160771 -12.499910 -12.684020 -8.216979 -3.978715 1.906802 -4.796253
-16.404860 6.087039 7.908952 1.158263 -1.415688 -7.802807 -14.144660 -15.842100 -13.624620 5.416426 -0.655576 -7.634789
-18.732550 1.403006 4.719952 -3.427968 -2.790468 -9.266717 -10.563320 -9.787306 -9.378205 -4.137068 -9.793770 -8.274851
-23.699180 8.565543 6.404722 -11.594570 4.685153 -0.801806 -3.005057 7.532340 6.446243 8.387577 -6.625661 6.257738
-26.922370 11.033980 4.690807 -11.746990 15.378430 1.013586 -2.698641 4.458270 6.281602 -3.376972 6.714961 12.287640
-30.332070 17.403560 12.199810 -15.634060 7.009244 -8.937427 -11.579850 -0.874681 7.194411 -4.874331 -7.898504 -6.270185
-29.497090 12.032060 13.540500 -17.354510 5.962379 1.783839 -5.127273 5.365245 9.446200 -7.742369 -6.899183 17.702330
-31.355410 7.847328 6.654078 -22.203010 3.832577 4.896349 -5.899798 2.855117 7.628597 -10.812210 -5.575727 4.855366
-32.266350 3.402347 7.789941 -19.496440 -2.598638 -7.213663 -12.560700 -5.841264 1.225821 -14.122170 -14.460860 0.890758
-30.607520 7.101551 10.520710 -17.194680 1.996258 6.524905 -0.258660 -4.084875 15.319360 -1.480414 -15.392340 0.700926
-33.350220 4.982419 8.362326 -17.212580 7.664252 0.877575 -5.008922 -5.200315 15.524790 0.329233 -5.485271 9.595204
-29.755860 4.562622 7.612640 -14.177720 7.514232 2.027943 0.350930 -4.063873 20.811510 1.975371 1.197154 11.935800
-28.820220 4.951147 9.714352 -17.046580 -1.057442 -3.518452 -8.380310 -18.351450 14.048130 5.233768 -1.342609 12.956520
-26.941520 5.077828 12.411120 -17.585920 -4.613670 0.723667 -6.117857 -17.898740 11.332280 1.329437 -7.964192 15.973960
-28.006860 6.746418 14.442390 -11.216910 2.602079 7.324508 6.267681 -12.382220 0.100291 -7.123686 -14.659000 20.844990
-26.721040 4.304488 12.928450 -3.486592 6.899393 10.296710 6.609765 -6.475213 4.479297 4.878025 -10.270280 18.201260
-24.901630 6.182978 12.211150 1.374246 8.644715 10.918780 3.174337 -1.495407 5.091964 -3.996391 -9.970912 12.064020
-24.797870 0.871368 8.115399 -0.702888 9.234141 5.726734 -0.635600 7.607791 7.608927 -2.286912 -6.802266 6.576775
-24.127790 2.713284 6.586881 -2.345588 8.306144 6.330194 -1.851538 -3.810293 1.241848 -9.468052 -11.069300 -4.665060
-24.425470 1.169255 3.665858 -4.112941 3.089031 4.858409 -4.484447 -0.437529 1.301585 -1.320588 -5.157369 -6.227448
-26.755620 2.819824 3.901450 2.071560 -6.674610 -3.411075 -10.120720 -4.791164 3.204424 1.594587 -8.720683 2.426311
-24.091350 2.030583 5.655036 -1.910538 -0.426207 -5.329549 -13.310530 -1.970674 12.725170 4.458941 1.502981 -0.035543
-23.870870 2.830425 1.772212 -3.275546 -0.299141 1.874036 -3.423339 -9.310483 -0.450454 -0.296815 -4.757856 10.215390
-15.047410 -10.732440 -5.702791 -0.069751 18.941220 -5.267986 -1.175477 13.959730 8.237621 -9.306752 -21.651560 32.357160
-10.413030 -0.277246 -1.197387 3.161346 21.746520 -5.280156 -10.132880 1.140732 12.833720 0.254844 -26.006900 30.493630
-2.256556 5.880321 -0.633099 0.925620 11.430350 -3.302266 -5.232654 -2.162026 5.464955 2.281030 -26.763930 -0.049457
2.655115 4.005011 -8.796259 -2.194400 -0.018774 10.814270 -5.355869 -9.232697 4.670163 4.162857 -20.044360 -5.851758
3.236882 -3.553471 -16.761070 -2.228957 -4.211975 5.740335 -7.872859 -7.789783 -10.269890 -3.709882 -13.352240 -14.009570
4.791966 -6.813266 -19.011750 -1.788353 -0.513924 3.631444 -2.175788 -10.932300 -8.158699 -5.922410 0.867098 -19.089320
2.521098 -7.949688 -24.428750 -3.875977 -6.046655 2.156080 -5.804955 -14.588980 -13.260380 -11.652590 -0.107995 -22.857130
1.707119 -6.567324 -24.213400 -2.920101 -7.868217 6.497703 -6.388605 -14.269290 -13.634100 -7.720273 1.962260 -22.890930
0.001343 -5.695395 -24.052290 -4.820129 -10.265270 4.383086 -6.840123 -19.396880 -12.542800 -5.455451 -1.004477 -27.056300
-0.921950 -1.338401 -23.232170 -5.982731 -8.809331 4.106052 -9.034485 -23.293920 -6.961047 -0.382989 -3.048348 -25.086420
-0.739762 2.708514 -19.738760 -9.494605 -7.714917 1.150313 -13.671260 -29.966330 -6.862700 1.554078 -8.026650 -22.218070
0.743065 6.516378 -13.650600 -1.461294 0.129607 -0.357980 -7.902042 -26.844040 -12.543530 9.758254 -5.177829 -13.711400
-2.024343 -0.146324 -14.860140 -2.286964 0.410793 7.235027 1.951914 -10.372250 -2.351836 11.134820 8.521385 -6.693579
-4.983821 -2.024283 -14.443190 -4.414699 2.719308 9.262310 0.337960 -2.085018 6.241535 8.937026 2.811360 -13.582200
-4.744815 -1.031504 -15.716690 -9.787107 1.751962 13.161540 6.542483 -5.441448 3.584700 21.902110 6.092538 -18.941230
-6.089921 -3.524319 -20.967730 -6.819509 3.646485 11.341140 6.855384 -4.323676 -0.636221 15.696140 -1.369531 -32.776110
-8.927116 -6.556723 -23.590820 -6.916392 6.619846 9.665333 6.343880 -2.813088 6.269218 22.445670 -1.429835 -20.725250
-7.714792 -5.370475 -17.726920 -6.521453 3.882583 9.064736 7.628720 -5.871600 -3.220935 17.782720 5.855630 -20.736180
-8.433663 -3.464423 -16.030000 -7.339718 6.417359 12.102800 7.640880 0.548787 -1.695458 12.609350 6.907179 -19.017760
-9.404510 -1.314019 -12.998870 1.079275 9.894068 6.196331 5.488671 -5.485008 -1.112659 4.653384 2.660062 -18.730520
-11.588300 -2.527829 -12.664510 -5.206429 2.495507 4.856262 9.113785 -0.130277 -9.184425 -3.125816 -7.458609 -20.808740
-12.948840 -5.404929 -12.217610 -3.465611 -2.919994 7.296590 17.774500 14.611570 4.650494 6.469660 -11.397750 -9.183262
0.197118 10.722310 -15.491620 -11.846340 4.603994 1.773817 8.210749 5.673274 -7.100919 4.897911 -4.353497 6.805369
2.195012 15.573310 -10.509360 -10.625120 9.293985 5.380979 8.847090 -7.418747 -6.119631 -1.963576 -14.211030 5.635566
1.814579 24.003720 -3.704707 -23.335370 -18.588550 -5.288030 -4.562267 -4.756161 -11.858740 -13.825350 -23.703510 1.049780
3.290612 19.494070 -6.101922 -25.480390 -21.489770 5.419634 -5.280481 -8.606526 -5.000657 -13.167630 -10.054370 3.075318
4.657332 16.350360 -7.064532 -32.181390 -22.965380 4.728840 -11.477710 -11.615260 -1.084976 -15.217380 -14.516320 -1.649612
4.990212 17.718940 -6.871038 -29.790160 -28.775200 6.252882 -7.732621 -5.718364 1.634509 -19.261650 -13.025410 1.261477
4.996388 18.972500 -8.121865 -30.989790 -25.265700 6.204921 -10.440920 -8.403507 8.812407 -22.412520 -16.113290 -0.271093
4.725267 18.102690 -5.755415 -33.082970 -22.968660 7.757596 -11.419340 -5.683360 7.677406 -20.580770 -8.331400 -1.166584
5.567656 19.975880 -4.760421 -36.089440 -26.897070 9.103392 -11.823030 -3.134340 2.178698 -17.690640 -7.093017 -2.114750
6.518741 20.566360 -2.191572 -33.841370 -26.592110 6.910032 -12.715530 -2.750082 2.027899 -17.862990 -7.782204 2.781128
5.604094 22.673830 -0.091479 -26.740490 -25.419000 -2.545614 -14.236260 -4.128435 4.041469 -13.306100 -3.906063 -3.028131
7.122741 17.521760 -1.237058 -31.235390 -27.355330 -3.211353 -4.935155 0.677911 5.702446 -15.923710 -14.860370 3.070348
5.415112 18.022660 -3.451304 -25.044100 -22.681730 -1.897055 -7.167616 0.111635 5.365151 -5.688931 -14.555090 -2.782641
4.256518 15.937450 -1.802966 -37.279190 -25.860040 -2.424635 -13.603980 0.993718 6.417103 -11.079570 -6.419982 -2.359246
1.615098 17.127940 -1.442695 -24.476380 -17.462160 -0.645036 -9.585710 -7.251509 7.044341 -8.601159 -9.480943 1.488083
3.131892 17.411510 -1.906594 -31.991330 -23.699090 -2.863451 -8.630794 -4.192219 9.234936 -13.298730 -10.530340 -1.843420
0.046426 13.774850 -4.677842 -31.513700 -25.650180 -8.019709 -4.754385 5.708277 11.575600 -15.323440 -3.382173 10.181600
-1.641440 15.105800 -1.822396 -16.955250 -18.921380 -6.900837 -4.496607 6.494685 6.640024 -16.004730 -6.859339 -4.584555
-0.340801 17.353740 -1.981886 -18.725690 -18.873010 -0.868380 -0.888515 -1.273719 -3.990229 -14.290830 -11.903870 -6.163838
