6.686276 2.087064 -22.890170 -17.786380 6.077483 18.582310 -5.107964 -12.623140 3.588156 -3.274529 -8.120299 -17.905630
5.449190 -3.254348 -19.203780 -25.710370 -1.812542 19.005870 -18.116300 -20.422010 -2.106395 -9.927143 -20.482980 -20.718230
3.148569 0.737137 -17.382190 -24.682090 -0.169171 14.545820 -12.335990 -20.067480 -1.645948 -9.445179 -16.300910 -20.982740
0.251628 1.793665 -18.519780 -23.212860 -5.069825 18.922320 -18.467680 -27.823400 1.850903 -16.692270 -14.604260 -24.146420
-1.222504 3.771341 -18.569470 -23.900270 -3.122637 18.258290 -15.867130 -29.777120 -1.144801 -18.746070 -9.790980 -25.963510
-1.107685 4.441968 -19.236900 -19.818850 -2.531575 18.617190 -14.968200 -24.827140 2.635340 -19.687330 -10.151800 -20.549910
-0.835716 2.603043 -21.226970 -20.192660 -6.213280 14.822620 -17.905230 -28.310990 1.175792 -22.532090 -12.245970 -25.561940
-0.242042 1.899173 -19.603380 -22.428500 -4.928044 15.713320 -18.152930 -27.430130 -1.088143 -19.957700 -13.148460 -27.230740
0.653761 2.998096 -18.826500 -21.243100 -4.990648 16.713730 -15.238250 -25.702100 -0.875875 -20.582410 -11.439280 -23.316020
1.223625 1.259379 -19.014420 -21.716380 -3.710015 15.205490 -17.193160 -27.138760 -0.966847 -21.206270 -12.321170 -23.938820
1.868095 2.638212 -18.662350 -20.827490 -2.882345 16.673770 -15.250050 -26.837280 0.730506 -18.627680 -14.263140 -17.686010
4.124269 2.688316 -16.115000 -23.207160 1.378453 15.973410 -12.072770 -25.212830 1.431153 -15.040660 -10.158060 -18.194990
3.584565 3.154672 -15.978200 -22.645820 0.648372 13.356520 -16.020470 -23.106690 3.255388 -15.160730 -11.953200 -17.282030
3.323179 3.371952 -15.716120 -24.192980 -4.303839 6.823001 -17.794730 -26.990550 0.709758 -19.422840 -15.361710 -19.780430
3.688273 6.666312 -12.659730 -22.496300 -6.987552 10.599410 -14.494530 -24.669660 3.324017 -13.583020 -12.116150 -18.552470
4.636988 7.267565 -17.377150 -19.322770 -5.214368 6.773598 -24.428640 -21.608560 5.386057 -19.240630 -11.050710 -15.596400
4.057600 9.642703 -13.980200 -17.355550 -9.187921 4.934798 -19.442960 -23.838490 1.666564 -15.918940 -5.990315 -12.972960
5.541786 9.817105 -13.695090 -13.533900 -7.987385 5.725969 -23.334790 -26.933280 0.908461 -8.812916 0.174909 -9.928711
4.717944 13.044980 -12.038370 -15.724130 -7.560200 5.816782 -28.396200 -29.079000 -2.909187 -0.971347 2.138362 -7.302067
4.847579 13.834610 -11.741730 -18.151950 -13.561040 2.251065 -25.234450 -33.349390 -9.038650 0.685299 -1.703488 -6.466061
4.526931 12.870580 -13.700130 -17.497470 -15.879250 -2.580962 -28.648870 -35.067320 -16.031550 -2.339150 -5.158556 -15.965110
6.021699 16.674170 -11.941890 -12.375110 -9.292876 -0.447925 -20.899370 -31.975050 -11.957750 -1.123325 6.894341 -11.973440
4.984621 15.716410 -8.357749 -10.876730 -8.767181 1.045783 -21.407810 -30.111440 -10.160640 -0.810972 1.570724 -14.046220
3.169205 15.428310 -10.064140 -8.949426 -4.127993 0.960781 -21.459960 -33.673610 -19.586660 -2.004966 3.386448 -15.532270
3.318946 16.071480 -11.563180 -5.969139 -2.059278 -1.927101 -21.003040 -31.650840 -12.110960 -4.643173 -3.297171 -11.946190
1.591364 13.865440 -8.912867 -2.736061 -1.948799 1.092280 -19.148700 -37.543150 -9.607626 -8.802000 -8.503499 -13.184560
1.158014 14.892100 -8.716307 -6.588765 -3.775382 -1.327730 -19.776950 -40.344040 -7.840847 -0.180388 -9.575206 -20.466550
-0.172198 14.008040 -11.010940 -6.057838 -1.454407 -5.705687 -22.448280 -41.384900 -13.578490 -4.705307 -13.580010 -23.243080
-0.699203 14.912810 -8.516148 -3.078819 -3.483534 -1.156273 -25.434970 -42.570610 -7.528030 -4.860644 -17.119230 -15.307840
0.279143 14.852590 -8.351269 -3.986717 -2.562877 -4.212706 -22.963540 -38.396220 -13.062180 -5.272077 -8.547370 -20.109870
-0.216115 14.256160 -8.982706 -5.324804 -4.029483 -6.207706 -25.844700 -37.514520 -17.066560 -4.953006 -7.930490 -26.388320
-0.049442 14.062000 -7.313033 -5.259547 0.625356 -6.247664 -25.182920 -32.985600 -17.850200 -5.424894 -10.996990 -17.569790
0.693974 15.617160 -5.839920 -4.137505 1.515631 -4.976270 -20.139500 -33.924560 -15.219190 -0.396181 -10.440990 -17.530510
-0.398133 15.210550 -4.320006 -1.965647 0.902473 -7.146359 -22.567470 -30.116490 -16.878230 -4.567603 -10.208200 -19.277870
-1.451085 13.868330 -6.562076 -5.254479 -3.908877 -10.225310 -25.621830 -35.585220 -18.036940 -5.457641 -12.900450 -23.554880
-1.279649 13.504590 -3.993127 -3.242912 -3.466041 -10.903880 -25.458560 -31.924520 -14.545670 -9.977522 -13.576420 -14.422940
-2.252704 12.808910 -4.450325 -4.347848 -8.554509 -10.861010 -25.136360 -37.371360 -16.148860 -12.985180 -15.436020 -21.785080
-1.698714 13.573970 -3.564729 -1.156585 -3.980688 -12.763020 -23.283260 -33.247490 -9.644335 -11.704700 -13.814580 -18.429040
-1.989731 15.116600 -2.576893 0.123214 -2.178964 -12.109880 -23.113780 -32.194000 -9.214211 -5.715416 -19.390680 -12.035960
-1.691306 15.322320 -4.071607 2.674577 -5.271449 -11.040460 -24.858860 -26.739590 -12.630460 -10.764280 -14.273880 -17.549750
-1.212980 14.844880 -1.972096 3.277731 -5.556852 -10.292150 -25.249970 -25.404830 -10.214110 -7.267945 -18.808720 -11.624770
-1.846339 12.373390 -1.656017 3.074990 -10.684910 -12.420830 -28.794140 -30.567870 -13.033450 -8.819633 -21.697040 -18.377740
-1.426745 12.566580 0.674613 6.682505 -9.172270 -11.915910 -29.765080 -28.337090 -5.432473 -8.578651 -22.462550 -15.677350
-1.550031 11.757680 0.913652 8.637684 -9.297479 -14.357710 -26.583450 -31.207040 -1.843054 -6.937959 -25.144050 -8.259105
-2.897174 12.283300 2.779884 4.136210 -13.805930 -14.652670 -25.252450 -31.098410 -3.650532 -9.900273 -21.789260 -14.939940
-2.791350 9.991507 4.491317 -0.604117 -20.626160 -14.012620 -23.990970 -33.252550 -7.946981 -10.990150 -20.305700 -15.450520
-2.658540 9.140215 5.878031 -1.263024 -24.558280 -14.424550 -22.343980 -30.948510 -9.474360 -6.342641 -15.426170 -15.384790
-3.264385 7.725730 4.762756 -3.097826 -29.323600 -14.834300 -16.697140 -34.351510 -7.982094 -10.151330 -11.200220 -16.905310
-2.533668 5.982677 6.659948 -3.691476 -30.638300 -9.223454 -14.298970 -29.303010 -4.996763 -9.191602 -2.332903 -16.239230
-2.613565 5.587624 6.875227 -4.294629 -31.743080 -6.201894 -11.103070 -29.619640 -2.973027 -11.192510 -2.999027 -14.281070
-3.419417 3.811328 6.062350 -8.978569 -31.182400 -11.238800 -10.585320 -33.265180 -1.905299 -15.024710 -8.518720 -18.896330
-4.313632 5.073091 4.926915 -6.388559 -31.900510 -11.533760 -7.938212 -30.491240 -1.160762 -12.599780 -9.643251 -14.365230
-5.360235 5.501386 6.225070 -9.957426 -28.798820 -11.259870 -8.981163 -23.758490 -3.571530 -12.720690 -10.089120 -14.000530
-5.714746 5.978341 5.588592 -6.569125 -32.154620 -11.434960 -5.789607 -25.505890 -1.495125 -13.038920 -10.844780 -15.517850
-7.290471 5.969669 5.451793 -10.494050 -30.460610 -14.598910 -6.144087 -24.911350 -3.063201 -13.681260 -18.080820 -14.573630
-8.747671 4.955538 6.129310 -13.181000 -32.216300 -14.288690 -4.181103 -19.424100 -6.728430 -14.998680 -10.064050 -14.527140
-8.850321 8.263389 7.481464 -11.007240 -33.205090 -14.819050 -0.788406 -9.223499 -2.313876 -9.280605 -6.862364 -13.512390
-5.763955 9.986207 12.751120 -11.987370 -32.313890 -20.373950 -4.694508 -11.663120 -9.053812 1.975015 3.732044 -8.507582
-5.936449 12.643660 14.278240 -7.921784 -29.525220 -16.049030 -0.640034 -10.895950 -10.149470 5.503259 4.895075 -4.644162
-7.535454 13.471350 8.837938 -10.900800 -27.837660 -14.563310 -4.641740 -18.827880 -6.457907 5.463795 -4.099384 -11.038040
-8.438664 11.059600 12.733120 -7.045565 -25.654780 -19.496320 -3.435517 -13.220200 -9.689023 11.758710 14.479550 5.384700
-8.132303 12.532860 15.736950 -2.284330 -19.474410 -14.065650 0.954813 -14.954120 -12.197940 0.734000 -3.805717 -10.748690
-10.381070 7.586498 12.351520 -2.360358 -23.470990 -19.765860 -5.024155 -9.252974 -7.570324 17.459990 7.856818 -7.011909
-12.055740 11.537030 8.985538 2.058120 -17.270360 -20.328180 2.532898 -15.434130 -3.115072 -4.779197 -3.060804 -9.709891
-10.704890 20.492220 16.428150 3.573605 -18.112760 -23.029350 -3.896153 -24.883560 -5.459605 -0.610293 -10.573500 -6.288921
-8.524383 18.092510 15.776550 5.105563 -15.972240 -19.616930 -8.499419 -7.097989 -11.511660 3.292439 -1.706174 -6.307356
-9.024931 18.869610 22.321320 3.601482 -14.311370 -18.588910 -10.689000 -9.972143 -19.525210 -8.048827 -12.368630 -16.070910
-10.425520 20.438260 15.479910 -2.827928 -13.948640 -12.101170 -14.131980 -20.444750 -18.520520 -3.900075 -6.122824 -24.510320
-10.193230 21.673530 17.214380 -2.285597 -11.996840 -16.679640 -14.765820 -15.946980 -20.038330 -6.820407 -3.937330 -18.550870
-12.371620 20.125590 13.983040 -5.713813 -17.992160 -10.801440 -19.812960 -21.998460 -19.163720 -13.786210 -13.996330 -29.438980
-18.646480 20.961470 20.199490 -2.741130 -8.675116 -2.641262 -15.378550 -20.713380 -16.957240 -12.953270 -14.280150 -26.606340
-18.803630 21.299670 19.472290 -3.408906 -12.142310 -7.942616 -15.684610 -20.703280 -23.029240 -13.806360 -17.595550 -27.863160
-13.824060 21.182120 18.377900 -0.065588 -10.020190 -6.663229 -12.059730 -24.592190 -22.200120 -10.717260 -9.981685 -21.046060
-12.421360 19.782570 20.537890 -0.179629 -12.799660 -0.557628 -13.802330 -26.319370 -17.056190 -5.006745 -14.112730 -18.173350
-14.194980 20.081750 17.713340 -2.835531 -10.177630 -2.289631 -7.727138 -21.724770 -10.338600 -14.771130 -18.270630 -15.199630
-19.338040 23.205560 11.323370 -2.276727 -1.288689 -6.761308 -7.244152 -14.689700 -9.888523 -14.536870 -16.086030 -12.423900
-21.740250 21.744830 9.202977 -2.474399 -1.412977 -12.857460 -10.635610 -18.859040 -14.397240 -11.964150 -7.025314 -10.990750
-20.934930 14.917630 4.443077 -1.314976 -4.862677 -15.554270 -8.003396 -12.384820 -15.141780 -13.707280 -7.530278 -16.936570
-14.487580 11.372270 8.483700 1.086232 0.708215 -3.130931 -6.149674 -6.038601 -12.748570 -14.826550 -4.966061 -16.183930
-15.074910 9.846493 8.760899 0.249927 1.488932 -2.764043 -11.466860 -11.530910 -18.195740 -6.463552 -1.314021 -20.715830
-15.368570 8.537999 5.350993 0.002204 -3.307688 -7.806757 -13.971810 -6.461346 -14.165820 -7.801127 -3.551444 -2.453554
-16.700370 8.329873 5.490673 -2.386333 -7.949638 -6.103815 -5.537560 -10.758680 -20.715830 0.934678 -2.251428 -3.495556
-16.229450 7.563373 5.144354 1.683049 1.860877 0.938986 -6.212375 -16.972690 -19.734290 0.461950 5.508374 -10.820820
-15.145280 6.634034 5.921951 6.562761 -1.715873 -10.771650 -13.800470 -12.167550 -13.276840 -1.829477 -7.027104 -0.246916
-17.183990 6.097339 -0.536422 2.016938 0.002071 -5.337346 -5.147696 -7.518206 -15.918240 -1.147675 -6.089697 -9.851764
-20.200510 7.733921 5.764271 0.419089 -0.882679 -4.237408 -7.141099 -6.140498 -1.262906 -2.288770 0.076423 2.067128
-21.444470 16.999370 7.079706 -9.691329 -4.258727 0.078796 -6.345227 -10.844580 17.493360 3.457012 -4.253380 5.681269
-26.269000 14.567380 4.116199 -10.412960 0.146615 -4.780111 -12.640190 -7.505575 12.064550 5.772789 14.702490 14.849280
-27.989180 19.061840 4.910355 -10.615070 5.650299 -3.077169 -10.715690 -2.433486 8.664255 -7.637394 2.189395 12.927990
-25.520830 22.821590 14.032000 -4.897782 3.595393 -1.646668 -11.057130 -10.565840 0.182278 -21.587480 -20.189310 1.102876
-15.029400 28.318130 17.107820 -6.161743 -3.659379 -0.553995 -13.856960 -27.990140 -2.562055 -16.763640 -17.443340 0.786268
-15.039460 25.871210 18.374300 -5.846861 -13.315220 -2.209714 -15.757870 -32.182210 -7.817705 -9.206716 -14.976720 -13.245480
-15.111950 24.442270 20.446450 -3.164351 -9.688758 -0.459549 -22.311700 -31.413360 -7.245537 -6.850635 -18.100510 -12.579400
-15.359580 22.286830 21.396840 -5.655525 -10.024800 -1.060374 -19.216990 -33.516980 -13.763630 -11.018700 -25.366990 -13.106010
-16.337920 23.972060 22.090920 -2.258987 -11.932400 2.174781 -13.960640 -30.056700 -19.199630 -20.035790 -25.386690 -12.945710
-15.996110 23.184850 24.294110 -2.623286 -13.207510 4.057172 -10.610150 -31.269360 -15.551160 -16.025580 -30.787300 -17.540930
-13.752100 21.972230 20.769730 -4.584801 -12.063130 2.995739 -13.781220 -27.185070 -10.286730 -10.157210 -38.601720 -21.426790
-12.145160 18.269800 21.303250 -3.963275 -7.115523 2.174781 -9.281632 -26.543380 -10.141490 -7.367864 -26.174580 -6.143842
-13.058950 15.991500 20.238370 -3.564129 -8.687084 0.485643 -5.049608 -24.735350 -0.556673 -3.884961 -17.948310 -10.840860
-14.713520 11.066820 11.591210 -6.367018 -7.615440 -1.263070 0.158321 -18.016910 -5.453221 -2.582651 -12.709750 -1.805109
-15.435240 8.068271 8.913538 -2.475666 -5.350625 -1.200590 -10.734940 -23.070480 -16.662770 0.923762 -4.838924 -1.715337
-16.130500 8.829472 8.824259 1.931407 -0.361588 -7.245891 -11.015540 -16.354570 -13.328720 -1.814364 -9.467767 -1.755414
-18.254930 2.260984 4.849155 -2.830462 -6.597194 -6.888447 -11.194330 -11.285010 -12.750160 -10.472080 -14.535320 -3.671895
-18.055980 3.215375 4.288998 2.777848 0.269983 -2.447284 -7.738313 -18.869140 -16.906960 -14.373970 -17.678810 -5.475358
-17.616280 4.740186 4.461797 -0.723861 -2.329031 -1.829749 -2.701725 -11.066060 -9.101692 -0.522969 -11.425850 -9.849359
-18.293020 5.049965 7.467784 5.413476 -3.170511 2.014949 -5.394775 -8.768754 -6.737208 -1.728718 -14.077810 -7.905626
-15.640010 2.971599 1.728689 6.333411 1.889417 -5.790689 -11.667380 -7.503890 -5.720552 -1.444914 -14.751990 -0.299818
-13.948940 -0.827178 -6.089758 7.687337 13.202440 1.193265 -5.443198 2.680708 10.395120 -5.242689 -23.633640 17.592150
-10.652510 2.460920 -3.275290 9.392893 21.612640 0.697057 -3.863872 12.616880 13.410780 -11.451960 -19.274290 23.089100
-8.219079 8.721554 4.427237 4.297769 6.995378 -10.372800 -12.622800 2.842395 19.842680 -6.209975 -12.665880 10.763830
-7.317985 9.749175 10.041050 10.464250 15.601670 -1.237642 -7.764387 12.248030 21.093950 -14.204360 -18.185570 8.277455
-9.831841 0.836383 -2.012416 3.916363 16.450520 10.356750 -5.882728 4.562846 29.267100 -10.924660 -13.445710 3.334362
-8.260880 2.243159 -8.000630 0.235355 10.707460 15.218570 2.780599 -3.542558 21.804980 -2.372736 -0.072202 -3.657467
-7.189408 1.713209 -9.663823 9.450547 17.707210 22.615900 6.107491 7.324157 22.571060 -12.190020 -0.437495 -10.715820
-3.878166 4.748857 -8.056790 4.838199 6.036054 11.580920 2.202009 -3.470136 8.764005 -19.925790 -2.058933 -9.358015
-3.419417 8.396358 -9.622064 4.605048 5.811414 19.090150 9.348090 -8.413380 9.978566 -16.617540 -2.202185 -23.169340
-3.048503 10.520980 -3.821048 1.897194 3.274084 19.124290 2.638435 -17.493120 18.240290 -14.153140 -12.176130 -11.863630
-0.965351 11.940760 -7.940870 -3.790946 6.733912 10.866760 1.230450 -7.882002 17.293860 -15.389960 -6.489013 -23.243890
0.786041 12.992470 -10.902940 -1.614652 6.999060 6.025291 -0.949194 -5.002794 18.213960 -11.038850 -20.769480 -13.192580
-0.346279 14.651690 -6.268318 -3.370892 7.359958 6.448847 -2.459612 -5.291641 13.142650 -4.791792 -20.445380 -15.432880
-1.912479 14.907510 1.094371 3.218809 3.279608 2.142088 2.125650 3.395668 2.956137 -2.229155 -13.166360 -9.176867
-7.861922 10.961320 2.373086 3.919531 5.029776 0.607696 -4.986907 3.627250 -5.347087 -0.193823 -1.535166 3.711085
-13.768510 4.463166 2.108127 8.949397 14.232660 7.166641 -5.159491 1.077312 0.673050 7.065863 -3.974038 -4.325149
-14.544730 2.654110 0.745893 7.126633 12.137240 7.633061 -4.045146 3.412510 2.843619 2.786125 -10.213570 -7.402259
-12.543590 6.197548 -2.427134 11.709840 13.301870 5.694729 3.571504 -4.335835 2.186862 6.540237 -2.751916 -4.383661
-14.653730 5.659890 3.821000 15.809630 20.027270 11.168990 6.014991 -1.538313 8.108845 18.182100 0.672711 0.609128
-16.552220 3.980430 3.898039 9.982740 3.857781 7.489938 5.790880 5.412545 1.646614 -3.272011 1.852752 -1.490906
-15.049510 4.210718 2.073567 7.162113 2.569782 7.434723 6.071484 0.651199 3.005614 -2.865616 3.123222 1.460363
-18.136930 1.853405 -1.872016 2.464234 5.770905 8.113285 6.716500 6.792779 -0.798468 2.451941 1.959296 3.053021
-8.335485 1.806673 -16.608190 -6.204192 12.328740 -0.577244 -5.194256 -8.650016 5.693288 20.359330 -1.928215 4.651291
-3.163851 8.078870 -17.251870 -4.868638 12.246800 -6.730794 -11.180670 -11.032370 1.240430 10.788910 -7.624288 4.284186
-7.247083 9.662456 -3.328570 2.746170 12.832340 -2.089113 -5.795195 -10.307310 3.500376 11.243160 -8.847305 -2.669169
0.816730 15.286670 -0.905780 6.880810 5.681601 -10.293610 -23.361480 -18.075020 -0.701112 3.302515 -14.444000 -16.640800
1.870211 14.449830 -4.894563 3.869480 -0.107487 -12.792080 -27.000640 -18.924720 0.480731 2.053103 -15.821010 -21.037250
0.387613 16.281530 -5.350321 -0.629460 -5.014585 -7.973855 -25.055650 -22.974470 -0.151287 -1.871460 -6.769250 -23.590150
-2.024124 17.922930 -4.759924 -6.507035 -7.733284 -3.644574 -27.400430 -33.365390 -7.919849 1.624877 -8.713006 -19.197710
-2.692933 17.262900 -6.752155 -4.819854 -7.048316 -5.703507 -29.937660 -32.124110 -12.521140 -0.694259 -2.755498 -24.975210
-1.672258 17.232070 -6.196318 -3.258752 -6.840247 -6.684298 -27.537630 -31.889160 -12.545080 -0.919288 -2.987387 -23.341670
-1.378066 15.911530 -5.512321 -2.095528 -5.810032 -7.845263 -31.335710 -32.598220 -8.419399 -6.476147 -12.143010 -21.511760
-0.474326 19.255510 -4.583525 -0.899992 0.639166 -10.101810 -28.530300 -22.997210 -15.371600 -3.319871 -14.926580 -18.749650
-0.680155 18.063120 -1.603457 3.730729 -1.949720 -7.458759 -25.232580 -19.829160 -10.429570 2.809635 -15.200550 -11.387510
-4.932705 12.174420 3.374602 8.313932 7.390339 4.230808 -16.111720 -13.810530 -6.133120 10.201990 3.137547 1.728878
-8.546076 8.824654 -0.478822 5.500907 4.263790 -4.801907 -17.235380 -11.858490 -2.515771 7.903842 -2.969481 5.238820
-12.146750 6.969347 -1.725137 0.986129 -0.520861 -1.130845 -12.646390 -7.126620 -0.471287 9.897191 3.891413 -2.603442
-12.248340 6.026037 2.237726 4.054481 -1.650507 -7.125290 -14.189090 -11.199950 -4.743796 4.758482 -3.657092 -8.447467
-12.002300 7.731030 -2.980811 -1.090061 -5.486882 -7.181231 -16.214780 -18.771450 -12.254600 -4.216626 -3.828995 -8.152500
-13.679610 6.527562 1.159891 1.835738 -1.579616 -5.973043 -22.696600 -19.632100 -11.894700 6.969303 5.090256 -3.708765
-12.988050 5.860307 -0.984980 -2.730359 -4.673022 -7.014134 -24.388290 -9.475293 -9.108874 -1.423083 -7.986896 1.027531
-14.586000 5.050929 0.571654 5.052344 1.998055 -2.458181 -9.388412 -2.530330 -2.353776 -0.189625 5.289914 -2.172214
-15.034170 8.003231 0.114455 6.096458 5.444072 4.384102 -2.938873 -7.190622 -1.910087 3.203435 5.473456 4.551099
-15.418840 7.930484 2.517085 2.077127 4.795929 3.420748 -5.774087 -9.702665 -7.502494 -4.854766 0.546470 0.253244
-16.839530 3.322329 6.106990 2.962216 -1.169003 0.758811 1.677430 -18.140710 9.786247 16.124940 1.599375 -5.215660
-12.107590 7.673217 8.572980 0.384243 -2.259981 -3.396834 -6.871049 -20.294010 5.936679 22.927010 2.721220 -3.943616
-10.445090 15.489980 17.675900 -2.758869 -9.627995 -0.938320 -11.303590 -20.068320 -8.261395 4.617420 -8.784632 -11.566260
-1.784961 14.337100 16.695260 -5.276654 -27.490570 -4.753231 -5.907560 -23.711330 -15.136990 5.986902 5.364226 -24.714710
-5.265522 9.269330 15.551910 -4.791343 -32.591010 -6.008642 -7.938833 -22.008560 -12.808420 1.472899 12.929740 -23.710380
-5.129009 9.755438 11.686970 -4.076683 -36.281000 -6.424933 -17.481220 -20.990440 -11.486920 0.573625 15.795680 -27.472810
-4.300405 8.473923 10.602650 -7.420002 -35.824350 -10.787630 -18.208180 -20.074210 -11.912260 4.283236 6.224636 -24.528750
-4.114154 7.916994 10.893530 -7.634146 -38.721660 -7.782056 -18.366490 -18.776510 -7.806533 5.745920 6.392957 -23.267930
-4.863390 6.988618 9.082018 -10.683490 -38.431650 -9.439229 -18.188940 -21.360130 -2.909985 4.981831 5.851285 -23.891530
-6.334348 6.486129 8.817059 -11.560340 -35.849210 -10.853750 -14.924750 -16.695630 -0.496025 2.009441 7.782506 -16.995880
-7.973567 4.995525 7.070346 -13.777180 -38.537530 -13.720560 -10.647400 -14.278740 -9.920444 0.380503 10.005600 -21.606340
-6.106297 3.603202 8.745779 -10.397750 -33.105660 -15.934970 -8.354151 -9.839088 -4.992774 4.336134 3.912005 -17.931280
-4.210454 5.269172 11.337050 -10.208950 -28.255640 -13.474270 -9.571548 -8.958231 -6.786685 10.202830 5.303344 -23.243080
-4.343264 1.726217 9.801294 -14.096500 -27.019200 -8.614638 -12.142920 -6.442819 -2.685746 7.041513 -2.625675 -19.140800
-8.082565 2.310607 9.436255 -9.147731 -29.086990 -19.658340 -5.804507 -8.835281 -1.357070 15.197950 14.033680 -0.610815
-7.399999 5.911375 10.239050 -10.096180 -26.570840 -20.658020 -8.693731 -19.894000 -1.768042 22.102460 11.375450 -0.218862
-9.964122 3.348345 8.588099 -8.890504 -27.942610 -24.995290 -4.379760 0.596461 1.730404 32.494080 20.072660 1.514066
