0.429688 -8.575177 -12.785080 -29.881850 7.701650 24.590420 -21.749720 -8.963194 -5.152269 -16.123410 -7.383466 -22.741950
-0.380049 -10.607580 -11.431210 -27.356540 4.901153 20.116010 -18.772190 -18.796540 -2.955887 -21.049590 -8.835546 -19.073360
-1.188043 -5.549001 -11.883880 -17.912560 3.557751 19.577450 -13.560120 -26.523590 -0.207104 -20.940110 -9.854255 -17.539890
-1.588553 -3.519768 -13.306060 -17.154250 3.128062 19.800920 -13.615080 -30.010520 -1.882393 -23.411540 -13.930210 -17.672290
-2.266337 -2.296700 -14.484650 -15.894680 2.710078 20.168060 -14.262760 -24.855440 -2.217034 -23.813170 -16.243970 -16.210890
-2.594185 -2.464821 -17.716120 -18.069040 1.630006 12.418530 -18.975330 -27.346850 -1.427394 -31.787120 -20.379020 -21.955110
0.255301 -2.736262 -14.939390 -14.590980 -0.689808 14.377780 -11.377760 -26.369670 5.014957 -27.833130 -12.717330 -17.232360
0.577917 -2.151690 -15.224380 -18.369190 -0.383008 11.546140 -15.067670 -26.185630 2.639079 -24.116930 -16.636820 -18.578130
-0.345753 -2.566328 -14.118240 -19.768310 0.437914 12.969590 -15.156720 -25.404290 5.049743 -21.405550 -11.207280 -19.547650
-0.785790 -3.696952 -14.350780 -23.232010 -3.298032 11.630110 -15.389770 -26.283880 -1.752294 -19.838160 -15.517370 -18.175910
0.147181 -2.881725 -14.320420 -23.805110 -0.849479 12.673930 -16.096590 -26.859570 3.581778 -16.982500 -14.669760 -17.372300
0.769743 -3.143649 -13.929170 -23.761500 -3.416740 10.888890 -17.715440 -25.345340 -2.003448 -9.292022 -15.811160 -17.733460
1.256865 -3.302706 -13.632450 -25.590570 -6.301669 7.245930 -20.607400 -27.289870 -5.150182 -9.534162 -15.047410 -21.106250
1.417882 -0.513078 -9.655728 -22.055560 -8.953363 6.247916 -25.092480 -22.855240 -1.535926 0.474774 -13.058960 -19.201570
2.849020 3.189207 -7.315792 -21.056110 -6.855917 6.354796 -25.050740 -22.950200 -3.216781 5.635835 -8.407239 -11.884500
4.256324 5.049866 -6.756857 -18.860700 -10.907860 3.501642 -25.720690 -23.468920 -10.660970 6.492750 -2.918037 -7.139125
4.886444 5.423266 -7.519355 -13.868070 -8.037977 1.069068 -26.959010 -23.898570 -16.855640 5.459668 5.873242 -8.232664
3.203026 6.272934 -4.308584 -10.976950 -6.298325 -3.485847 -27.610860 -22.595220 -15.895550 7.677351 9.241732 -14.814010
1.721316 6.654944 -4.523187 -9.926708 -5.168931 -2.941728 -30.071500 -25.296220 -21.739580 4.082950 4.215732 -16.120390
1.375448 6.451024 -3.612330 -9.290508 -4.241841 -0.529976 -24.919260 -27.920590 -21.820980 1.576003 5.005371 -22.315430
1.124331 6.123846 -3.095488 -11.236050 -4.075483 -3.324138 -28.216800 -30.463080 -23.172760 8.892401 4.010302 -23.796110
-0.839850 4.897152 -3.778630 -10.477230 -3.035538 -6.023912 -32.666400 -29.098180 -21.418860 5.382096 -5.647723 -25.866710
-1.624593 3.220928 -4.879250 -9.891820 -5.275935 -8.695231 -37.533410 -34.208710 -18.133670 0.244958 2.727630 -33.533210
-1.739688 4.393242 -4.180926 -8.990366 -4.327946 -6.243226 -31.197110 -30.929400 -20.139430 6.903808 1.918855 -28.668850
-1.744920 4.992768 -4.881320 -8.377254 -5.443965 -10.317870 -29.750090 -30.095660 -14.255050 5.790254 -2.410934 -30.987490
-2.752878 5.973851 -4.198867 -10.490050 -2.844101 -12.207720 -28.384460 -32.189520 -13.492540 2.746830 -5.464806 -26.175080
-2.785430 5.331729 -5.127665 -11.487960 -4.068796 -12.114020 -32.222550 -29.709240 -9.140821 -1.057813 -9.564401 -22.042260
-3.056311 4.957875 -5.376770 -11.302750 -5.741570 -15.305170 -34.001420 -29.225240 -3.709349 -1.580516 -11.738580 -22.855080
-3.610862 5.238379 -2.600037 -10.298170 -4.215926 -15.730610 -29.254760 -26.989910 -5.158531 -0.962117 -11.337290 -17.980660
-4.247957 4.078752 -5.267054 -12.514610 -7.307340 -18.976580 -31.730010 -31.128510 -10.740970 -8.496730 -14.597150 -20.026120
-2.338999 3.916522 -1.943116 -9.839487 -6.469699 -17.165860 -29.536520 -23.446000 -9.101861 -4.395575 -12.558610 -11.962430
-1.928026 4.246873 -1.327597 -9.146851 -5.818479 -16.975000 -30.062450 -24.128450 -6.213239 -7.719562 -11.172950 -14.222410
-3.461471 3.374548 -3.428779 -8.978565 -8.596404 -20.892110 -30.089580 -24.117970 -10.159350 -11.010200 -14.853800 -17.841560
-2.270988 3.808671 -1.507008 -7.434240 -7.094168 -17.271350 -28.022710 -23.571090 -7.082887 -7.220057 -12.451110 -16.163960
-2.662196 3.953681 -0.037216 -6.568700 -8.288768 -18.636510 -28.543080 -22.349620 -7.049493 -10.364250 -15.761070 -13.472430
-3.269645 3.460194 0.429253 -6.448643 -8.552934 -20.505530 -28.015050 -24.501770 -9.232656 -10.286680 -18.949460 -13.579690
-2.838909 3.022899 0.800496 -3.756593 -9.584520 -18.684400 -29.370250 -24.047240 -8.340746 -9.472539 -21.310500 -11.305470
-2.627319 5.227956 1.377373 -0.365236 -6.248167 -17.301200 -26.241060 -24.095050 -7.787650 -5.920187 -16.174750 -12.207110
-2.851697 3.376360 0.553461 -2.261010 -12.770400 -19.056400 -29.635300 -23.710600 -12.356430 -8.674348 -18.939890 -15.308400
-3.496348 3.548106 1.866613 -4.062893 -15.448840 -16.632850 -31.625660 -21.202160 -12.023180 -4.276680 -17.682540 -16.204190
-3.712588 2.084413 2.497313 -5.021811 -21.048160 -15.967270 -29.470430 -21.528970 -10.992820 -4.534044 -9.218266 -18.515280
-5.710484 -0.381210 3.597241 -10.917440 -26.696810 -19.054320 -29.816880 -20.669030 -16.544650 -5.840440 -15.718300 -20.740900
-5.978459 -0.670323 5.409295 -11.330450 -26.415920 -19.503350 -20.910720 -20.131980 -12.755080 0.024568 -13.787820 -19.747080
-6.527779 -1.390388 8.585564 -11.380220 -26.655010 -18.240220 -16.642700 -18.132430 -6.924959 -1.573266 -10.190260 -21.431390
-6.149940 -2.560437 9.414996 -13.250850 -28.234160 -15.160120 -16.866010 -15.636430 -8.235692 -1.532668 -10.433400 -21.646740
-8.236773 -2.286278 8.199830 -15.699200 -34.066710 -15.314880 -19.106120 -14.415610 -15.849630 -4.494895 -11.705940 -24.329890
-7.465401 -2.469806 12.960440 -15.303110 -32.163210 -12.488800 -17.258380 -10.763640 -10.976820 1.992136 -11.327720 -22.974910
-7.651413 -2.774327 12.244860 -13.721850 -32.086300 -11.119480 -16.769310 -8.160231 -11.536870 1.941388 -11.437470 -21.557920
-7.935665 -3.708735 11.961950 -14.604830 -34.253130 -12.009920 -17.483090 -9.652196 -9.471288 -6.342119 -12.106670 -23.937730
-8.291414 -3.365695 12.128940 -15.026570 -33.280060 -11.094490 -16.955060 -8.779154 -6.949309 -8.926637 -12.178150 -24.184920
-8.694830 -1.326040 11.625890 -15.551950 -29.811630 -11.452610 -14.402590 -6.828072 -6.453958 -7.658664 -15.273100 -14.642230
-8.916302 -0.949014 9.412236 -16.777660 -29.838380 -12.458950 -15.331330 -11.050500 -3.688478 -12.837850 -18.060200 -11.575290
-8.554739 -1.324227 9.546104 -17.837140 -31.795380 -12.263240 -14.336500 -11.058360 -7.935838 -9.866199 -16.526510 -8.387687
-9.550490 -1.719379 10.354830 -20.040240 -28.776700 -11.564350 -13.669340 -8.668468 -8.430493 -9.897372 -12.191090 -6.902821
-11.022320 -2.054262 11.757000 -21.282880 -30.910090 -15.976990 -14.739310 -4.263961 -10.656790 -5.089371 -8.804029 -9.853280
-10.371270 2.099367 16.372700 -21.560960 -29.637750 -18.834310 -12.593810 -5.530625 -7.693032 0.881482 -12.923890 -15.843860
-9.456903 2.860669 15.937970 -19.904790 -23.821910 -14.690260 -8.920600 -7.690635 -9.891501 4.338139 -11.063760 -11.480600
-10.511360 6.018713 17.825240 -19.880680 -21.236260 -13.183520 -0.549428 -16.923400 -8.170990 7.385188 -6.113739 1.227075
-10.231180 8.239178 16.524510 -20.026900 -21.638360 -14.791590 -4.061244 -22.052270 -9.271617 2.482941 -12.877730 -0.145505
-10.874090 8.709101 17.534040 -18.410750 -21.766260 -16.431580 -4.816757 -22.329320 -7.020968 9.458602 -14.622480 -0.166454
-10.100390 11.742980 17.480910 -18.142410 -18.047870 -14.967180 -12.666170 -22.061450 -9.503291 3.928531 -8.191115 13.874420
-10.365460 8.951992 18.511840 -9.312057 -17.691750 -17.895980 -17.547090 -18.125220 -11.776900 4.204020 -7.255705 6.260705
-11.013600 15.565800 20.804160 -15.185110 -12.097440 -9.068620 -6.392482 -18.876450 -13.114760 5.448068 -10.236410 -6.188878
-12.342430 12.979190 25.160400 -15.346720 -12.166830 -20.427100 -15.979020 -13.963050 -23.994410 -6.089104 -16.558590 -6.530766
-14.659450 14.688490 25.976030 -19.472790 -6.957905 -18.065320 -16.376250 -22.424940 -28.536050 -4.789958 -14.616290 -13.082780
-13.482340 14.631400 21.123650 -24.296620 -12.196920 -16.339970 -22.134430 -21.955340 -29.412660 -17.173170 -19.842660 -12.656260
-14.353690 11.878930 24.070820 -19.584120 -13.351400 -18.422750 -23.133430 -20.407710 -16.635790 -13.815110 -13.387090 -19.904620
-16.875330 12.372410 26.088510 -15.700220 -10.207320 -10.696120 -27.297800 -25.599460 -21.754190 -19.866430 -21.240710 -21.588920
-14.953590 15.169290 23.012300 -17.291750 -7.366694 -8.586269 -13.777170 -26.300250 -20.054550 -15.794280 -22.418690 -9.997410
-16.219060 19.023840 21.105020 -15.506800 -4.251873 -9.269194 -4.935023 -19.537280 -13.095280 -17.920610 -18.226790 -4.190341
-19.630650 17.791710 15.357650 -13.549970 1.765433 -8.243419 -16.248250 -13.264220 -13.879360 -19.911380 -14.347830 -3.686727
-15.888300 11.094970 11.558270 -2.592963 -1.253252 -13.046100 -8.841291 -3.238972 -10.990740 -10.378030 -10.974270 -13.931640
-12.963830 8.924803 12.026810 -0.879327 -7.959396 -5.739360 -5.860283 -2.504123 -7.238032 -10.021340 -5.608888 -16.553620
-13.002190 10.951320 11.384380 -2.237922 -3.978511 -5.067540 -8.447535 -1.835424 -10.633830 3.729164 -2.335516 -20.781970
-14.370550 10.383510 11.738370 -2.003451 -0.752506 -3.839802 -10.794080 -7.344169 -8.113246 -1.515994 -4.621699 -13.367690
-14.208950 9.039452 8.822248 -5.434828 -7.276409 -13.095380 -12.774000 -11.841680 -15.572740 -2.457730 -8.495602 -5.979388
-15.738330 4.404572 2.236476 -4.357392 -6.661972 -9.709903 -5.708624 -10.471530 -17.587540 1.146821 0.584967 -0.256116
-16.306250 6.921400 6.698986 1.900458 -1.940418 -8.221210 -8.713285 -11.749330 -8.635035 1.169295 -3.190443 -11.476410
-18.974950 9.903167 -0.072408 0.859449 1.219545 -3.060407 2.231919 5.303480 -5.940518 0.773462 -5.970220 -10.460800
-19.362090 8.274524 4.784116 -13.266250 3.866223 -2.492691 -5.606359 -2.413086 -0.280850 -9.020883 -1.579646 3.090700
-22.198790 10.370820 7.136473 -17.499030 6.904135 0.418763 -5.783062 -3.192471 -1.739075 -12.327470 -5.540787 10.539330
-28.268050 7.255376 4.728912 -21.006850 10.766310 -1.677900 -5.191730 0.154300 2.950065 -3.892445 -5.436665 11.989010
-29.821260 6.829410 13.420700 -15.275920 4.400408 -0.701401 -7.601582 -2.147178 16.180540 0.031092 -11.865780 7.293911
-26.846210 8.282681 14.915330 -17.217360 5.578288 1.393874 -10.053170 -3.734765 9.321453 -15.172250 -11.217410 5.685026
-17.994320 15.719420 24.240570 -9.191487 -0.937255 -8.210799 -20.857150 -24.048550 -7.937229 -11.925110 -26.990490 -3.172219
-13.484080 13.210300 20.922160 -8.685092 -9.475008 -4.556734 -17.154030 -24.989700 -27.087570 -8.037824 -16.451650 -12.226390
-12.679580 10.911890 24.952700 -11.092900 -17.053900 -7.265531 -12.674510 -24.265340 -21.883600 -15.636960 -16.667210 -9.115875
-14.684450 10.688030 27.505170 -13.130280 -15.295860 -5.175115 -13.219230 -24.130420 -19.795750 -18.676030 -20.196110 -11.598750
-16.925320 9.784893 26.218930 -14.160000 -16.377610 -8.818769 -14.128490 -30.062260 -22.471480 -19.038520 -27.642240 -11.313010
-16.051060 15.758850 23.134440 -11.027750 -7.970263 -1.670266 -4.349952 -24.005320 -15.917120 -14.089870 -18.431100 -4.792835
-15.518600 18.131120 24.565580 -6.857556 -2.775551 -7.679867 -8.608933 -19.769790 -8.783918 -13.591820 -12.126370 -1.401608
-13.249240 19.089550 21.732270 0.426423 0.615139 -3.239466 -7.577233 -19.456730 -2.882140 -4.369475 -4.460732 -3.329756
-12.276740 13.271020 18.011550 -1.141503 -4.207566 4.244253 -10.237530 -10.794420 -9.588864 -0.830897 -9.194064 -10.894870
-14.563540 9.354395 12.579530 -0.600733 -1.006641 -1.779922 -13.784130 -10.230510 -7.398047 -9.574760 -9.824425 -1.859135
-15.583700 10.311910 12.173790 -0.444761 -3.451850 -2.485056 -9.871601 -15.549980 -3.949372 -0.601807 -15.510050 -13.495060
-13.624170 7.193747 10.663280 1.987165 -0.953975 0.572837 -13.074530 -8.109800 -3.305137 -2.262713 -12.394830 -21.681930
-15.869120 3.720759 8.636627 -2.400563 -2.318276 1.372359 -7.143126 -5.677333 -3.487415 -5.370659 -0.900320 -16.417870
-17.499640 6.567938 8.483438 -2.311290 -5.722342 -1.165012 -6.917724 -17.580960 -7.800173 -10.538970 -9.478852 -7.444981
-18.164630 0.935662 -4.268561 -9.637854 3.847832 5.096521 -0.708739 -22.819220 -25.220960 -19.325610 -2.615801 6.627732
-19.868980 7.060066 -4.926863 -17.800200 12.170740 2.995694 -0.923706 -16.256660 -11.845080 -11.255970 -5.443982 11.346290
-21.326270 11.989040 -6.030241 -9.335658 18.381160 9.579951 -1.768963 -29.090320 -25.483940 -15.170800 4.272014 7.321564
-27.896600 17.543380 0.182908 -8.395210 20.531270 -3.431713 -5.722538 -9.986873 -20.545030 -13.649090 -2.458774 -0.206676
-32.895120 15.341490 3.105241 -10.055490 14.944490 -4.642100 -2.459778 5.634882 -3.332270 -0.412589 3.121606 -2.783405
-31.247740 14.001510 6.370525 -14.210290 11.173430 -1.040781 -4.301950 -0.008127 -2.152332 -9.517488 3.245426 0.732678
-32.787580 9.011355 4.870371 -15.673030 9.943719 4.157499 -2.745704 -2.957345 5.227847 2.617785 0.744809 3.280079
-31.001860 10.406170 7.340036 -19.333230 6.109964 5.048633 -5.283561 -4.066168 7.218992 -4.195483 -5.181706 10.799940
-31.643020 10.975790 5.715674 -23.608090 6.902463 4.721745 -5.875588 -2.089543 -0.744894 -3.446589 -1.510982 4.934213
-32.430090 10.218560 4.416323 -16.188660 12.101360 7.667206 -4.370823 -4.868476 0.267376 -6.429115 -8.549633 2.226762
-33.002660 12.482980 7.369708 -17.608310 7.945753 -3.249877 -11.052870 -3.590677 5.101226 -4.040339 5.956540 11.491260
-33.207860 16.364270 7.617434 -13.225200 16.858020 -0.527893 -7.187650 -7.519694 6.702074 -4.365126 -1.176666 9.049438
-32.935810 17.572380 8.353709 -5.968928 15.198620 2.216299 -3.710618 -4.596673 0.839256 -5.629473 1.812482 9.891589
-31.223330 10.658580 3.274991 -6.278819 14.141960 6.261796 0.076688 5.609339 6.333343 -4.944377 2.631388 5.035606
-25.172670 6.371722 5.270597 1.836838 12.098010 2.190620 3.690770 8.712470 12.018750 -1.937201 -1.407985 -0.272875
-22.939360 3.950509 4.891763 3.741333 10.781360 1.118344 0.352179 4.871871 -1.645154 2.738130 5.416231 9.688803
-23.286970 3.356421 3.026576 2.904012 8.286828 6.061916 2.412797 2.388318 3.175478 -1.281828 -2.603982 -1.702436
-24.276910 1.597270 -0.523697 3.292402 9.906937 9.747907 -2.270551 -7.423417 -7.000097 -2.847764 3.587622 -3.532542
-22.730090 3.728009 -2.718034 -7.055086 5.937755 2.760418 -2.040975 -7.027175 -2.033364 -3.031906 5.051522 -2.323365
-22.074980 5.608607 -2.623498 -3.888964 5.278175 -0.931125 -4.612921 -8.874121 -2.344350 -7.117837 -2.875262 5.535869
-21.929660 2.262956 -0.859748 -0.601759 4.188908 -4.073690 -1.484428 2.337887 0.199891 -10.494750 1.035225 4.004915
-23.762460 3.947790 1.108256 0.560846 5.821555 4.918156 -4.224033 2.645712 5.530484 -2.051747 3.405831 2.732890
-26.691010 6.289248 7.662976 -7.146924 2.775284 0.380591 -7.135473 -5.895430 13.897890 -4.021490 -9.501927 0.551678
-20.791490 3.489196 16.848830 -7.505044 -5.729030 3.133112 -10.394760 -18.047940 5.128359 9.762364 -8.264282 13.565210
-22.985860 2.341352 15.158230 -9.770737 -8.157520 -4.275652 -10.758600 -16.719060 15.488300 15.723070 -2.101945 21.381710
-18.296010 13.170880 18.465600 -8.208968 1.797200 7.344482 8.057582 -13.097210 1.552367 3.693641 -12.778110 11.649630
-14.048520 12.005360 22.046240 -7.078687 -8.622319 -1.840303 2.890037 -12.725200 -4.545603 1.597028 -14.847050 7.288883
-9.943442 8.791575 17.091040 -7.717452 -19.516670 -5.901069 -4.043156 -21.227700 -21.056390 5.811278 -5.495761 -4.336985
-9.857411 5.392905 15.610200 -8.776931 -24.304260 -9.716149 -5.779584 -15.025370 -16.610050 8.545865 2.968518 -9.642952
-6.981185 2.626840 14.875310 -11.096500 -29.243170 -15.396780 -9.235745 -17.639250 -15.137220 10.790370 4.893932 -12.762680
-4.685088 0.714522 9.795899 -12.276540 -28.966460 -18.592090 -8.169956 -10.857300 -11.980740 6.997329 2.664031 -8.868676
-5.837787 0.041132 10.570130 -14.216440 -29.763980 -14.776320 -9.713680 -5.924247 -13.123110 5.117482 -2.015833 -11.302950
-5.412282 -1.373621 11.874310 -11.763480 -29.678710 -11.413740 -9.098000 -2.194989 -12.734210 5.696733 -2.308501 -13.865440
-3.595749 -4.170954 14.815270 -9.503430 -31.007900 -14.581990 -7.507665 -2.087578 -7.169852 5.739506 4.550048 -15.113160
-3.006320 -0.722889 13.759510 -14.056370 -26.364930 -15.527950 -8.144216 0.463434 -7.814087 9.899384 7.083309 -15.834640
-4.050318 5.561026 16.271960 -11.905090 -32.258510 -16.566910 0.484359 -4.074682 -9.810799 8.898200 1.183810 -7.962003
-8.104820 5.504834 13.789870 -6.550230 -22.972560 -14.423060 -3.327296 -8.674363 -3.215389 5.110957 -4.508572 -3.057419
-5.604689 5.242004 9.735867 -11.269400 -21.589870 -17.791180 -3.061545 -4.731592 -6.835211 9.377405 -5.066328 -4.849817
-3.833497 2.573368 7.600873 -0.700267 -25.003970 -11.117390 2.113653 -6.007425 -3.606383 2.204552 -8.703283 -7.454199
-4.926905 -1.622404 10.160240 -13.485840 -23.837790 -17.692630 0.579668 4.501827 -8.723391 5.118207 -17.538460 -1.065586
-8.123422 0.827358 4.748924 -7.022763 -20.379390 -14.458450 3.461194 -3.622770 -8.806181 -2.853563 -10.991150 2.865288
-6.214463 1.940762 5.107746 -6.221869 -19.500790 -12.432580 7.233195 -6.319180 -7.965754 -11.210290 -14.457010 4.825278
-5.949395 -1.183749 8.114955 -9.207392 -18.693240 -7.446673 4.916566 4.017167 -8.422145 -6.007908 -18.677050 0.253364
