3.571674 -8.751034 -8.627503 -21.882460 3.595502 21.749290 -14.030170 -7.414073 2.575483 -4.895909 -9.725251 -18.272580
0.175701 -8.442326 -10.084690 -28.814630 -0.387303 21.862040 -20.705920 -14.970510 -0.636205 -15.371870 -8.366882 -28.696280
1.457760 -10.052790 -11.824740 -24.137970 -0.797865 20.847970 -19.470670 -14.429850 -2.629643 -18.373690 -7.518942 -26.198700
2.307525 -13.076720 -12.203490 -23.822720 -1.790233 19.035140 -20.305700 -19.478730 -2.474880 -19.585480 -8.608727 -26.034250
-1.105122 -9.509851 -11.674470 -24.886690 0.313109 17.749380 -16.881320 -18.318430 -2.727569 -16.988600 -7.738800 -23.630030
-1.389201 -8.711636 -13.207130 -24.355040 -2.247817 16.108390 -17.636610 -21.611680 -2.296833 -15.920010 -12.008210 -23.309700
-0.876007 -8.929674 -11.895460 -25.240010 0.103968 14.422570 -16.431450 -20.100390 -0.034271 -15.978970 -10.099010 -20.192870
-1.454045 -9.787796 -10.572910 -29.598750 -1.087013 10.312620 -15.391800 -22.332560 -0.514312 -18.756360 -12.383760 -22.275040
-2.431028 -7.525376 -10.757860 -27.510880 -3.511085 11.581400 -17.620060 -18.707220 -1.964707 -13.925420 -12.276800 -23.674570
-3.186306 -6.199335 -11.333800 -28.741830 -5.463537 8.767404 -21.270130 -19.891820 -3.106261 -11.920000 -15.539020 -24.161920
-2.744132 -3.208321 -11.199850 -24.278890 -4.320279 11.397330 -22.479800 -14.819990 0.110906 -1.616717 -13.822340 -24.221880
-2.702137 -3.649255 -12.850140 -26.020790 -6.072011 8.520168 -28.808740 -20.752420 -1.380577 2.117951 -17.003760 -27.276190
-2.021584 -1.703639 -9.911975 -24.365050 -7.865852 7.239843 -31.797550 -21.542830 -0.123979 10.027720 -14.924610 -22.581670
-0.627747 -0.143368 -7.757817 -24.592140 -8.364843 5.061593 -31.112980 -21.369360 -0.765632 14.953730 -10.686690 -25.738750
1.266315 2.205944 -4.498022 -21.579230 -10.741890 1.144545 -31.792290 -23.006870 1.142892 10.980190 -3.291122 -19.111100
3.366026 4.263278 -6.400589 -16.304790 -11.299140 -0.294038 -31.042260 -23.170890 -3.482898 13.951920 -0.980231 -21.229240
2.251327 4.159116 -6.223795 -13.789470 -10.234480 0.988325 -31.119750 -26.699710 -7.912837 7.510266 -2.472298 -19.395460
0.121356 4.620019 -5.896048 -13.770760 -11.530030 -2.932798 -34.851060 -25.559660 -14.115020 6.235292 -6.099369 -25.283090
0.717303 3.187657 -5.528862 -10.918810 -11.314580 -1.944536 -34.116840 -29.110750 -11.674410 8.326755 -6.326358 -27.548560
0.930362 1.993302 -4.644216 -8.879704 -7.135964 -2.663149 -34.768310 -25.007520 -17.162360 12.701620 -4.105787 -25.701930
-0.371459 1.843806 -2.868804 -8.653954 -8.341683 -7.911462 -34.687820 -29.059450 -16.269390 4.681737 -5.656681 -26.616670
-1.208255 3.000381 -3.707212 -4.961782 -5.985688 -9.762330 -34.247730 -27.417890 -17.177430 0.855011 -9.715744 -21.330310
-1.424402 3.100765 -3.436582 -7.375586 -4.982091 -12.322980 -33.498460 -30.416840 -11.677150 5.099308 -13.541280 -15.405850
-2.303810 1.991683 -5.407827 -10.206830 -8.688380 -13.710620 -39.904890 -28.058450 -12.777620 4.672712 -18.079870 -18.530390
-3.179513 1.905871 -3.480780 -5.798665 -6.776634 -12.515200 -41.538090 -29.753330 -17.249330 -6.093866 -10.380070 -12.340410
-2.708313 2.241024 -3.121074 -4.002672 -6.594162 -15.630090 -40.409670 -25.226890 -14.240340 0.444661 -7.342461 -16.515880
-3.030680 0.762248 -5.673697 -8.105604 -10.146050 -19.104290 -41.118320 -24.566760 -18.114910 -3.257516 -18.351430 -17.892290
-2.386563 0.032035 -3.586856 -6.800520 -9.732682 -16.707330 -37.308010 -20.804400 -12.466720 -3.319490 -18.372230 -20.187730
-4.190462 0.504811 -6.011644 -4.816846 -8.317120 -16.334440 -41.829980 -27.114820 -16.509750 -9.197968 -17.988370 -18.911530
-2.615061 0.186928 -4.820329 -2.863228 -7.404759 -16.228480 -40.709830 -23.210710 -14.876520 -8.634187 -16.513530 -18.572360
-1.387966 1.245819 -6.217676 -4.239110 -6.675573 -16.447190 -38.887050 -23.895820 -11.920940 -8.713610 -15.509910 -16.355710
-1.646724 0.611672 -3.546058 -4.369351 -5.252992 -18.150670 -35.279110 -23.671730 -11.301890 -10.262950 -14.383870 -14.145920
-2.020349 1.212897 -3.116314 -2.449127 -8.814006 -13.977550 -35.820000 -17.614430 -12.236630 -8.266557 -16.758350 -14.716360
-2.244524 0.763867 -2.073234 -0.874210 -8.061659 -14.577980 -34.552410 -14.203730 -7.917630 -6.303855 -15.334610 -16.491900
-2.565038 -0.598874 -1.149149 -1.860704 -8.188687 -14.501230 -33.094490 -16.863840 -11.040980 -4.187724 -15.444540 -13.008480
-3.336373 1.358076 0.568465 -2.121187 -10.301860 -17.217420 -33.493190 -16.070740 -11.615520 -3.024663 -19.763280 -11.149000
-3.205450 2.319281 0.739138 0.466272 -9.166317 -16.313380 -33.074170 -15.134530 -12.049000 -1.860400 -18.670520 -14.968170
-4.251600 1.298709 2.292199 1.157553 -10.189560 -14.125620 -35.409260 -17.546250 -16.353620 0.054768 -16.398250 -15.757020
-4.785173 0.815138 2.832098 2.735142 -11.810060 -14.427200 -33.124580 -18.908370 -17.171260 -2.596263 -16.725660 -13.946360
-4.587554 0.605735 2.798100 0.177738 -14.572400 -16.241390 -31.873530 -18.717350 -17.591730 -3.932007 -16.265150 -18.175790
-4.273832 0.832409 3.174805 -1.162745 -17.783210 -19.440500 -28.947160 -17.200660 -17.009650 -2.243674 -12.479420 -22.528560
-5.151388 -3.179177 3.673906 -6.505307 -25.375460 -22.263330 -30.262900 -20.373080 -18.446350 -7.642006 -10.296290 -23.610330
-5.085926 -6.175048 5.799505 -11.133880 -29.606000 -22.649800 -26.632390 -18.469630 -19.867300 -7.487372 -7.908151 -20.927750
-5.307631 -5.897103 7.419203 -14.155480 -28.791190 -22.403250 -21.094850 -14.299580 -16.294730 -6.335744 -6.665653 -20.024990
-5.891227 -5.198192 7.061537 -14.092690 -31.347210 -18.257300 -18.943320 -11.125130 -15.614040 -5.258726 -6.735770 -20.478080
-6.448268 -4.199749 6.513478 -12.690100 -30.357650 -17.714610 -16.481860 -11.125810 -15.568840 -2.958478 -7.598566 -21.165860
-6.851536 -3.552109 7.171693 -12.475030 -29.389140 -18.614570 -12.758820 -9.202779 -12.932380 -7.118539 -4.749913 -20.979140
-7.790847 -3.359976 6.700471 -12.685420 -31.652500 -17.159690 -15.984600 -6.703315 -13.918490 -5.359809 -8.556437 -20.587720
-8.514012 -5.051934 5.885182 -16.480450 -32.563450 -20.889950 -16.923450 -10.940860 -16.771340 -8.536112 -12.719490 -21.558140
-9.072906 -6.029329 6.317646 -17.818930 -32.320630 -20.421970 -18.200070 -12.913840 -18.100530 -9.720833 -11.695060 -23.919530
-9.867090 -5.295878 7.097576 -17.192430 -31.906550 -19.418770 -16.651120 -11.065060 -20.778760 -5.794227 -14.629880 -21.364570
-9.493465 -4.286100 8.849189 -17.256550 -29.306330 -18.312320 -14.045220 -10.043130 -18.745610 -5.516849 -13.991690 -18.026760
-9.757782 -2.321594 8.704354 -16.289430 -28.759610 -16.481830 -13.477250 -9.855489 -16.510440 -5.049941 -14.429040 -15.625110
-11.770420 -2.642716 9.423087 -20.285500 -28.674690 -18.835320 -13.294440 -10.490650 -20.819850 -2.996384 -18.267640 -12.369530
-12.814710 -1.931392 9.293212 -21.810320 -29.264220 -17.059160 -11.351300 -7.404623 -21.641610 -0.042705 -15.567540 -11.596960
-12.040290 1.630085 14.590210 -23.874810 -27.001560 -15.244970 -8.165386 -13.565200 -16.349510 9.077058 -14.492620 -13.042740
-9.880059 5.115463 14.865600 -16.970690 -22.825760 -22.129520 -10.147650 -12.159210 -16.568650 13.216660 -19.322370 0.452391
-7.927946 7.383280 14.155710 -18.114810 -26.004980 -21.853080 -4.344550 -10.462300 -18.067660 13.775030 -11.745570 6.074507
-9.683675 7.198703 18.045840 -12.101670 -22.502920 -15.312220 -8.787523 -18.219880 -20.030970 8.549378 -1.546515 4.847988
-11.069480 3.899520 9.600560 -6.502635 -18.461870 -14.302220 -0.873524 -7.601718 -11.799050 11.156490 -0.799591 -2.632749
-11.399880 8.912788 10.369610 -7.389612 -18.264660 -17.630390 -9.774516 -26.928520 -17.367800 4.168499 -1.338541 -10.275370
-10.151790 2.442332 7.183252 -7.937961 -19.082980 -19.665320 -16.174930 -12.683670 -11.872320 15.200420 0.398341 -12.092880
-11.280070 1.257692 7.193452 -7.002895 -18.316590 -18.697440 -9.722609 -5.998632 -9.990504 15.043380 -8.467898 -4.448545
-12.851150 0.632180 7.479721 -5.246976 -16.209740 -19.404500 -11.617610 -3.627415 -7.803269 7.388725 -2.950045 4.584184
-11.155940 9.210702 14.049630 -8.459594 -7.550737 -17.853850 -10.843510 -12.508170 -18.981180 10.666110 -3.382631 -1.663183
-12.303370 16.074060 22.871610 -14.910880 -6.127455 -16.448550 -14.535700 -23.599500 -27.117910 8.654072 -12.443180 -4.934185
-13.267390 15.736210 22.496950 -19.884090 -7.084732 -16.204030 -14.488310 -15.440300 -31.376650 -7.339959 -16.763690 -13.841010
-15.218880 14.467370 22.314710 -19.804610 -7.332472 -14.140570 -16.718830 -11.800120 -27.749290 -10.356820 -16.597910 -15.962580
-16.026650 12.149370 20.495100 -18.361270 -13.302820 -14.712470 -23.340410 -16.601270 -27.443190 -16.240710 -20.679550 -18.670000
-18.327690 11.937260 25.780540 -17.287280 -12.949810 -13.699750 -23.272700 -14.788940 -24.868360 -22.229900 -16.958600 -17.329560
-18.200470 14.743700 25.341960 -15.731060 -12.753300 -14.638430 -20.757070 -17.226980 -12.804330 -18.244930 -15.799880 -19.965040
-15.407240 16.264030 21.534780 -10.767870 -3.913928 -7.520233 -13.778160 -24.877250 -10.163070 -15.027110 -17.416730 -9.972163
-18.863120 22.178600 14.925440 -13.097520 -2.839447 -9.903607 -15.481320 -18.026170 -4.659376 -19.599320 -5.093962 -3.524374
-19.854300 22.291940 11.969590 -5.232283 -2.666801 -10.757380 -13.859400 -19.993070 -6.111826 -14.471150 -4.533620 -11.731430
-15.116980 14.141400 9.416967 2.218184 -3.355984 -12.664630 -15.893570 -12.354280 -10.758840 -3.258118 8.374451 -13.527530
-12.790630 11.032730 7.620476 -4.747385 -5.123858 -11.965030 -9.163664 -1.634188 -13.684970 1.020475 7.315565 -12.983640
-14.240050 11.438040 8.722034 0.746124 2.921057 -5.427564 -6.604403 0.859876 -13.027570 -15.262970 -5.922888 -19.849410
-15.701820 9.943614 10.953030 5.730690 -5.704961 -0.101140 -6.714988 -7.299325 -13.354220 -14.080050 -9.342579 -17.098310
-17.033280 5.971966 6.227209 1.885568 -0.698207 -1.924839 -4.408494 -2.037828 -10.343170 -5.983758 -0.509615 -12.475730
-16.060000 9.064444 4.011173 -0.679850 -0.639957 -9.407100 -10.276290 -1.649038 -3.604791 -1.435008 2.290907 -1.408800
-16.236010 7.558682 5.032495 1.402006 -4.484504 -7.567099 -12.172040 -11.640150 -7.160247 0.052963 5.131241 -4.915342
-17.035750 7.348739 1.386474 -4.684601 0.102565 -1.941140 -8.438465 -1.852883 -6.367254 -2.324300 1.511894 -1.469612
-20.316850 11.283150 1.114484 -16.298780 0.296967 -5.547106 -0.457512 0.250366 -0.184241 2.691960 0.937886 13.376230
-26.430100 17.264640 2.505711 -12.591250 9.640944 -16.102150 -6.514881 0.017497 -4.276575 -5.128160 -0.594588 10.334780
-29.280150 18.854590 4.028853 -20.391030 11.268450 -12.120570 3.152686 4.342792 -1.257314 1.886904 -0.950521 6.976409
-33.105950 12.956760 4.078491 -18.747310 7.823942 -6.018483 -10.109280 -9.602369 -4.756617 -5.742482 -3.975655 6.118189
-32.311140 9.592270 5.457478 -16.201270 4.625768 -1.976460 -11.482190 -6.580468 5.084572 -7.667277 -6.578304 6.263795
-31.730020 11.495790 6.961581 -16.026280 10.200290 2.250990 -7.468774 1.792704 3.161668 -13.600510 -15.102280 -0.364717
-29.717380 11.301500 5.876342 -17.390130 5.938163 5.085365 -10.650920 -8.681017 3.278083 -12.009650 -11.685560 0.938031
-30.391760 9.166447 6.911263 -16.700190 4.887545 3.322116 -6.141750 -12.055260 7.078010 -3.002401 -4.770710 3.956363
-29.335110 8.418424 9.455046 -18.387980 6.797186 7.707824 -9.979889 -14.313760 7.114989 -13.455500 -17.830310 2.019800
-30.082980 4.869900 10.141140 -20.628800 -2.607848 -0.020313 -17.179970 -10.497400 13.500700 -5.885081 -14.023780 4.997877
-28.364300 4.479697 13.906840 -18.239040 -7.018761 9.079165 -10.279300 -12.089680 9.813766 -6.010834 -25.278760 9.871405
-23.999380 8.476171 14.573890 -9.691875 1.247928 4.785830 -0.255900 -13.203410 10.356120 4.734686 -4.485489 27.434090
-22.563550 4.682085 12.126660 -5.294397 6.284158 4.287284 -3.963143 -1.666587 13.465780 12.418220 -3.304789 15.091820
-25.188800 5.063112 11.940350 2.105308 9.075982 -1.751639 -14.398040 -3.491743 5.876195 -5.996995 -2.207279 11.800260
-26.178750 0.436269 5.753267 -0.704563 0.539094 7.557038 -10.277790 2.670857 10.232860 0.083047 -5.836727 6.888189
-23.757910 1.604179 6.184371 -6.336995 -0.116402 8.828533 3.397930 12.724060 11.051190 3.335163 -4.967989 2.105451
-25.094930 2.056447 4.467436 -1.665008 0.150990 -2.640055 -10.355280 -1.167774 0.876507 -6.071002 -0.003347 1.736296
-26.055860 1.327313 6.915342 2.743824 8.686474 6.248865 -8.133791 -2.012179 2.702855 -5.090855 -2.980944 2.160267
-25.019590 -0.086699 4.320561 -3.107681 3.518302 6.093324 -2.895656 -4.171452 8.046309 9.474772 2.528591 7.859468
-23.798670 3.077019 6.242848 2.639631 3.945708 6.118455 -4.449117 -5.597692 -7.223248 -7.750309 2.439460 14.881970
-23.940090 2.386743 3.978535 2.020484 0.440138 5.670851 3.322702 2.029623 2.082431 -0.339336 1.963496 -8.173497
-26.196660 0.826472 5.779786 1.697219 7.166341 1.150658 -4.807203 -3.956807 -0.074673 0.213613 -4.310196 -6.941839
-13.808990 1.711579 -9.455712 -13.667910 4.243278 10.606050 3.350536 -0.037177 0.695721 -0.222609 3.566680 18.998350
-9.101932 0.627863 -17.418890 -18.421380 4.032032 7.449721 0.975584 -4.008105 -6.207697 0.141411 3.520332 15.628850
-8.493632 -0.489855 -16.007260 -23.025910 7.036505 0.455139 -0.433439 -6.274700 -10.146640 1.700982 -3.612591 5.432982
-7.918683 -1.395470 -18.780880 -16.965350 11.060720 -2.738542 -3.188293 -13.015760 -22.294900 -2.735252 -9.299201 15.594590
-3.272147 0.233882 -17.411410 -14.018560 10.743500 -1.974422 -6.863940 -18.335310 -21.471780 -2.550534 -13.847900 1.338876
-6.788544 3.859583 -12.831100 -7.386940 13.399870 -0.518180 -4.804193 -19.951220 -11.304630 9.936868 -13.989910 -8.140949
-12.449730 -0.460171 -0.557572 -0.990426 12.841930 -3.109395 -5.822030 -11.454520 7.357406 12.591510 -2.082495 -4.144485
-6.669972 6.254769 1.713541 -1.248237 4.041155 -10.731570 -16.545800 -29.188370 -17.851260 -6.765950 -6.742306 -4.079391
-5.022317 9.230131 -2.295586 -10.222860 -6.097979 -13.929330 -22.497850 -28.436440 -23.641210 -4.897714 0.467864 -12.915120
-3.718027 9.413630 -3.201991 -11.652840 -2.487136 -7.720603 -21.716980 -31.510310 -17.289730 4.074034 8.244912 -15.490640
-4.935859 10.480070 -4.776811 -14.031250 -4.127279 -8.204885 -26.448830 -28.974400 -22.192870 3.213622 7.831935 -15.970290
-5.087779 10.792560 -5.711775 -14.589610 -5.081749 -8.025571 -23.349430 -29.230890 -27.815720 0.975348 5.910847 -13.099270
-4.439957 11.593480 -5.830770 -15.475920 -6.429235 -3.132488 -20.030370 -30.090820 -28.781280 1.614340 -2.032581 -7.353819
-0.674682 13.037710 -4.461303 -9.609056 -1.803567 -4.580580 -13.075530 -20.107810 -24.960810 4.556587 -1.673677 -9.322074
-0.291176 15.311460 -3.151673 -7.821077 2.977202 8.804081 -12.499280 -14.130160 -19.080470 -5.361614 -2.973813 -0.107765
-6.778046 14.897520 3.590950 -4.124898 -1.577583 -10.293480 -28.054950 -25.008870 -17.749920 1.524688 6.237664 -6.371405
-7.947708 12.721450 1.672743 -3.673395 -5.037535 -14.693450 -16.961810 -14.610070 -17.237690 3.190157 13.525680 -6.047645
-7.799493 13.189910 3.163246 -4.563043 -7.535999 -8.886140 -14.284440 -9.239228 -11.693590 -5.046932 6.841978 -5.708468
-8.768448 11.470420 1.098165 -5.409277 -8.840674 -7.203039 -15.708510 -18.304930 -15.015530 -6.214204 2.707449 -6.209525
-10.075830 7.710878 0.267236 -2.381001 -4.275362 -11.602330 -18.598780 -17.895890 -9.994613 -3.805051 10.341290 7.826065
-11.172620 4.078701 -5.377228 -7.673470 -6.390635 -6.893995 -18.095500 -18.107160 -11.546360 1.160668 13.662340 13.140690
-10.310500 7.280198 -5.348669 -5.506123 -4.647325 -6.842374 -13.915070 -18.216510 -16.956920 -3.950057 3.746726 5.260825
-11.341210 9.101143 -4.751652 -2.756363 0.122917 0.063910 -11.911000 -19.636680 -22.220260 -13.001830 2.383604 6.144741
-17.007340 9.801133 -9.022569 2.386496 -1.722858 10.578200 -13.832320 -10.730270 -24.542400 -7.427805 -0.743141 10.066690
-7.576553 7.176575 -10.751740 -12.673400 1.737094 7.313199 2.437267 1.470062 -10.232240 -5.143202 -6.715567 2.329856
-5.024787 5.613066 -15.064820 -21.448320 3.278281 0.703733 3.302390 4.771406 -7.258857 1.272582 -18.283090 4.006897
-0.972964 13.461370 -11.673110 -24.491290 13.429350 1.943984 5.357623 -2.375320 -10.061040 11.173330 -19.930850 7.696732
1.628824 15.700050 -3.890805 -18.727280 4.066420 -1.869823 -0.738113 -4.339522 -13.178220 -6.542123 -20.950510 -3.054151
3.100474 16.152850 -6.268674 -27.443420 -1.941123 6.168717 -3.438803 -10.448120 -7.910782 -13.391120 -9.779325 -0.715029
1.605975 17.629470 -3.473301 -28.839340 -12.688730 10.801660 -2.065889 -9.802839 -9.868610 -20.238310 -8.466116 5.915196
0.759915 15.946690 -4.559899 -33.224130 -21.744260 8.717141 -7.981078 -9.871688 -4.747714 -24.230500 -9.035965 5.776442
2.118551 12.531470 -4.245071 -33.189400 -23.560560 6.661150 -12.955160 -8.612168 -3.573976 -19.204010 -8.432246 -2.860580
5.426212 14.243400 -5.734894 -32.823390 -19.129300 6.390821 -10.892410 -4.291598 -7.003429 -17.994630 -13.508010 -1.353127
7.365357 12.957300 -8.959332 -31.432140 -16.112890 -0.990915 -5.979257 -6.409697 -7.373218 -19.383920 -9.141141 -6.478468
6.424810 15.167360 -5.890608 -34.504500 -18.995950 6.582361 -6.733795 2.629009 -3.340461 -16.699790 -4.046960 -11.403390
4.593739 14.136540 -7.198198 -38.039710 -16.297470 6.170075 -6.445672 1.140670 3.459553 -21.648670 -3.755202 -3.551782
4.590034 12.709030 -6.740576 -36.671180 -16.563460 4.645911 -7.149807 -1.208948 5.348218 -19.968160 -1.040247 -9.007735
4.589416 16.408130 -3.395104 -33.819230 -18.790320 4.326679 -5.598603 3.073823 -3.413733 -21.024120 -1.849564 -4.809135
4.509751 16.569500 -6.631780 -23.656410 -13.864970 -2.690317 0.264678 4.454839 -4.916174 -9.592072 -6.987122 -5.435242
2.990548 15.870050 -8.320155 -29.582720 -16.964900 2.420115 5.313238 6.157823 -7.277347 -6.409752 -5.988845 -7.313563
2.763286 15.711380 -9.684863 -27.092100 -19.504770 3.107484 -0.772718 -0.093200 -5.389367 -14.904360 -5.980526 -6.065632
-0.144813 14.580170 -12.179010 -31.146280 -16.329050 0.591662 0.582893 10.628910 0.716950 -18.551790 -4.550852 0.768442
-1.208873 17.384990 -7.383152 -16.502490 -13.491610 -1.639568 7.470029 -2.768836 -6.941113 -22.256370 -5.158137 -8.832151
-2.082723 13.115430 -9.706622 -17.389470 -14.846110 -2.805105 -1.518229 1.224367 -5.398954 -15.086070 -4.392792 1.232669
