-7.823819 19.119390 17.916500 -8.343607 -6.988450 -7.649145 -16.793520 -21.501350 -32.283400 -18.496350 -5.333865 -27.011890
-9.690203 22.305550 15.724520 -8.139079 -7.278448 -11.061140 -16.983230 -24.473900 -24.200650 -21.023850 3.440714 -24.563040
-10.069310 22.157380 16.842180 -12.768630 -8.984977 -7.517104 -20.665820 -24.956340 -24.670290 -16.175160 5.738689 -28.668050
-11.500740 22.837220 15.717980 -10.966920 -10.863100 -15.716700 -22.470650 -18.190500 -24.194840 -20.316600 -3.060574 -26.621070
-13.076130 25.302390 20.324340 -12.077550 -9.518642 -5.846678 -23.767020 -25.429940 -20.091640 -15.277590 7.752793 -31.139890
-14.498250 22.923900 19.561510 -10.519990 -10.745560 -6.082302 -22.888840 -24.347410 -21.704710 -24.096430 1.594003 -29.415680
-14.761330 24.458390 22.383870 -9.703629 -8.186194 -6.787467 -23.840460 -24.460660 -16.636500 -24.800630 -1.150608 -26.286340
-13.020900 22.761200 22.865430 -8.791121 -3.537640 -2.076695 -14.336420 -26.567630 -20.768730 -29.092050 -5.030708 -20.888390
-13.915000 23.515130 22.856440 -8.606404 -8.585156 1.028533 -15.442060 -25.091650 -26.267590 -27.200990 -10.599380 -18.989450
-13.497430 24.354770 21.539290 -8.997396 -8.931782 -0.092673 -14.726050 -26.471300 -21.103130 -30.041380 -7.411994 -16.340140
-15.250260 24.517950 19.791260 -7.449745 -5.614818 -0.996467 -12.377070 -38.881460 -19.144880 -31.847180 -8.930863 -12.975390
-12.640550 24.379950 20.504210 -8.890762 -4.716510 -0.412529 -13.122660 -27.415570 -15.468190 -24.746580 -9.829535 -15.712980
-13.673020 23.097730 21.424820 -8.300487 -10.984080 -12.937590 -16.268240 -22.861870 -14.299880 -23.560480 -17.302000 -12.596520
-11.128460 21.260120 21.092880 -9.906407 -14.396280 -7.437425 -13.783090 -23.314150 -10.748480 -19.497450 -13.539160 -11.074610
-10.832490 19.201710 21.361050 -12.421920 -17.227620 -8.609283 -21.718940 -27.870060 -10.911110 -24.214430 -10.705840 -19.144860
-12.554310 21.464460 22.394500 -11.646350 -19.126340 0.901046 -23.061210 -30.794080 -1.971210 -12.436440 -10.905630 -20.251120
-13.666190 19.519360 21.866330 -11.355000 -26.478400 -2.012382 -20.843800 -24.993110 -2.083228 -20.828190 -15.922760 -16.637160
-14.965470 16.479910 21.471430 -11.912060 -29.040340 -4.122184 -21.959140 -23.817910 -7.566323 -23.693710 -16.697230 -18.012860
-14.829580 15.449490 20.961240 -13.689880 -31.540500 -2.099460 -20.905510 -25.213730 -3.433258 -19.078740 -14.352970 -19.917310
-14.591320 11.905980 18.250090 -17.972140 -34.171080 -5.155173 -20.199700 -28.080390 -5.569906 -20.594480 -16.196600 -22.550990
-12.283160 10.333230 17.118530 -15.747970 -33.815020 -1.376652 -13.093080 -27.687680 -5.010643 -15.784620 -5.937093 -17.862970
-10.568170 7.810453 16.641050 -17.536860 -33.558480 -3.442631 -13.673440 -24.204000 -5.621351 -13.783170 -2.069336 -21.448420
-10.661240 5.532686 15.511940 -19.784330 -33.891380 -6.130679 -12.213870 -26.992710 -9.445744 -11.685040 -3.221023 -22.012120
-10.008500 4.216094 13.231660 -19.740630 -34.966430 -8.279752 -17.221900 -30.627140 -7.986185 -10.276650 -9.569575 -23.267350
-8.954942 3.409869 13.010090 -19.887470 -31.809050 -8.056649 -18.253600 -27.357470 -7.231098 -8.914691 -4.854831 -23.787830
-8.477178 2.097636 11.490990 -23.756600 -30.786330 -11.692320 -17.227510 -27.959040 -6.349056 -7.584709 -11.515800 -27.817440
-7.709652 2.633666 10.325910 -23.448930 -30.681660 -11.316680 -16.225400 -26.636760 -6.746514 -5.425677 -13.903250 -28.371030
-7.223821 0.605756 10.880250 -21.393170 -31.220480 -10.536960 -17.363680 -23.844390 -8.341325 -9.082937 -11.752610 -28.593570
-6.752882 2.005634 12.024070 -19.586220 -29.513950 -8.178445 -14.778570 -20.557070 -7.968760 -6.237217 -7.711294 -29.596830
-7.231267 1.629880 11.212190 -19.908450 -29.641790 -8.854014 -11.109250 -22.738320 -5.677775 -7.259636 -11.166360 -27.441330
-7.883384 0.131706 11.641430 -22.220020 -27.748220 -7.817610 -6.203211 -22.189700 -9.220877 -7.998092 -11.177160 -20.161000
-8.564044 4.036449 9.567998 -23.363280 -31.992660 -10.486310 -4.005694 -20.592370 -5.991427 0.867186 -11.358430 -18.148960
-6.326617 6.666243 10.137050 -17.113820 -27.676150 -10.572820 -7.477658 -19.765760 -2.569471 2.057851 -4.124323 -17.583410
-4.960955 10.222350 8.017830 -13.410180 -23.130550 -10.966660 -6.456162 -22.558140 -3.551914 6.010494 -3.258821 -8.776576
-5.577085 13.355730 12.421420 -6.084480 -23.965370 -12.998490 -12.097080 -27.733270 4.887637 15.544190 7.520604 -8.931066
-9.024435 14.925080 7.974497 -9.646523 -25.671040 -18.600540 -0.051796 -33.962990 5.587960 5.114450 2.428648 -6.219219
-9.296202 11.048910 10.745340 -11.090450 -25.774000 -15.469700 -1.300234 -25.026940 -3.578467 9.466011 9.506166 2.120471
-10.077380 0.487123 9.722524 -7.741095 -20.364410 -12.712780 -11.638100 -14.931870 -13.088420 8.057616 -1.479221 -10.411590
-11.719770 3.661663 9.630136 -5.124190 -17.738120 1.025118 -1.248216 -14.689910 -3.687996 7.278050 -1.608815 -4.114295
-14.772500 3.419070 8.089778 -7.340198 -14.686280 1.479292 1.589840 -10.192840 -13.153970 18.043520 10.366270 -3.905550
-12.615110 5.350620 9.098696 -5.315898 -22.834550 -8.732787 2.296166 -8.134407 -7.181312 14.240850 10.961780 3.206497
-13.900110 2.416252 2.985506 -2.668111 -19.792140 -4.537087 -1.297684 -13.058760 0.264180 18.027530 -0.047519 3.769281
-15.486660 2.052119 5.688489 -3.619659 -18.347290 -7.811919 -8.220194 -16.701280 -2.134674 10.706920 -0.331391 -9.913179
-10.506120 18.653570 15.603520 1.795952 -9.066485 -13.852770 -9.228430 -33.184180 -12.284370 -5.546723 -3.986244 2.774294
-8.762595 20.144480 17.743170 -1.058694 -9.646482 -13.627960 -9.770032 -28.103920 -9.044137 2.122561 -14.978570 -8.862098
-7.616581 19.465610 18.984290 1.959691 -9.558110 -10.423130 -13.384280 -21.403540 -17.554220 2.535944 -20.208610 -18.532420
-15.775180 24.547490 22.971720 -5.792547 -4.079886 -6.743643 -13.234350 -22.282360 -20.840090 -2.892088 -11.650790 -18.985780
-14.381600 22.547180 18.086570 -7.851808 -5.039969 -9.721383 -19.634630 -19.521600 -22.634050 -3.530814 -16.847650 -25.638950
-16.194620 23.474460 16.394130 -11.547870 -9.644767 -7.251885 -20.169100 -19.895930 -15.326300 -3.080889 -16.262170 -27.449610
-15.610140 23.749010 17.736630 -11.669080 -13.317790 -5.766429 -19.675430 -20.029040 -21.043380 -7.580142 -14.667700 -26.103340
-14.559060 26.061160 18.167510 -8.653604 -11.173690 -6.844381 -20.401140 -17.491850 -16.056490 -11.758130 -19.139460 -22.291670
-14.719140 25.178420 14.955160 -5.951041 -5.781267 -7.842652 -13.193550 -22.800830 -25.331620 -17.101660 -13.765950 -16.094610
-16.810130 26.852370 15.138300 -4.582862 -0.793809 -6.463057 -5.246993 -18.420680 -25.123340 -23.042800 -19.292970 -18.845080
-18.178280 26.614130 12.920150 -2.178060 0.047872 -1.686834 -16.518130 -20.518830 -26.030280 -15.224300 -15.625770 -12.696750
-17.657700 20.733290 8.160910 6.632944 2.834603 -4.493832 -10.660970 -21.715350 -18.448710 -3.804880 -11.484940 -6.951206
-18.007030 14.966730 7.565697 -0.398495 -0.297037 -5.982703 -1.760239 -7.437968 -10.911110 -3.903087 -4.850202 -6.070246
-14.819660 11.983940 6.080937 1.443419 2.949572 -4.176821 -12.748330 -9.474338 -18.200610 1.671114 5.070664 -6.007715
-17.440530 6.593610 6.573949 7.436487 4.929798 0.871451 -3.241740 -7.618880 -16.957620 -8.175474 -9.336616 -10.101690
-18.248390 7.624513 9.811643 7.184177 5.640208 0.499802 -8.640929 -5.536914 -18.559060 -8.363514 6.167583 -1.480612
-17.469080 6.443986 7.273814 2.671168 -0.581888 0.045059 -4.913974 -4.731633 -8.425131 -8.245513 -2.111762 -8.734276
-16.764840 6.261436 2.972424 5.502506 4.480215 -1.818874 -0.499051 -3.822658 -7.835997 -2.828139 4.927186 -7.192136
-18.610130 4.109566 2.884941 4.023031 1.334848 1.549296 -0.559229 -2.918095 -4.451381 1.636855 0.148415 -0.855297
-18.909190 1.927675 1.318421 5.182021 -1.348067 -2.372078 -6.340906 -6.095831 -0.495886 0.868709 4.135738 -0.241935
-16.242400 5.123036 3.669019 6.070638 -2.369067 0.947715 -6.808561 -4.422758 -2.810933 3.533241 8.150831 -2.557443
-17.444880 4.673197 -0.819601 2.685735 4.862017 0.422399 -0.013037 -3.283597 -3.505448 -3.482091 2.152490 -4.475691
-24.823550 11.285690 -0.303696 -14.301130 2.542888 -2.234915 -0.181841 1.201712 16.418900 -9.763535 -3.889820 -3.658183
-26.475870 14.299470 6.119364 -8.672250 7.719102 -3.995266 -6.187401 7.240221 19.874040 -6.321721 1.162795 -6.476702
-31.347200 15.781670 -1.100855 -11.659170 9.891516 -9.655932 -11.539670 -2.250336 10.583150 8.534948 9.076501 -2.607100
-31.332310 15.431090 5.018058 -7.525496 11.492510 -3.628170 -8.870422 -4.380104 5.716573 -3.760725 -8.731073 5.735348
-23.881050 16.623240 13.726310 -0.894955 14.068180 0.717783 -12.995160 -13.388960 0.625958 -18.780310 -14.043650 1.938394
-14.806000 21.415560 18.114360 3.463057 6.357482 -4.309431 -18.626910 -15.502550 -10.879580 -22.579930 -9.196994 -3.447598
-12.262060 22.575260 17.316390 -0.347800 3.360546 -5.258757 -21.221700 -26.007250 -15.689730 -14.046580 -9.207022 -14.775930
-10.901990 26.074230 21.273570 -3.651708 -2.065341 -4.767589 -9.661406 -23.675980 -17.100340 -3.890907 -15.899610 -7.922285
-9.328466 23.974660 17.788960 -0.914767 -8.243679 -14.013270 -14.640370 -22.366200 -13.419490 -4.936164 -21.500690 -17.640430
-9.914814 24.293270 21.135390 -1.450268 -7.788090 -2.438668 -12.051700 -26.815470 4.042935 2.350950 -31.162370 -13.637490
-8.875521 23.811470 23.602910 -0.157257 -7.295608 -6.689005 -13.145100 -19.767970 -0.720752 3.841565 -23.954480 -5.315269
-9.877585 23.185860 27.598510 0.400969 -10.040300 -6.210359 -12.821260 -20.926990 2.625695 -1.338285 -21.188270 1.844596
-14.164440 22.590760 25.911810 -2.858071 2.974454 -2.142146 -16.620120 -28.020820 -0.023749 -0.866282 -17.516450 16.077890
-20.246930 16.973820 19.332590 -2.725215 2.951288 -7.028213 -14.395580 -24.212100 5.348157 -1.504247 -13.715030 6.629181
-17.616750 12.791130 17.085820 0.497115 1.532184 -6.982112 -10.044400 -14.714180 8.109619 1.621629 -20.200890 4.140792
-15.448820 10.431050 7.564062 3.821417 1.934578 1.111059 -2.165165 -9.905292 -1.301589 -0.156755 -2.417233 5.902712
-15.184490 7.177094 1.915268 -2.218266 -1.642355 1.256189 -5.532583 -14.557540 -2.539600 4.493234 -3.023547 0.267513
-16.176630 7.602723 3.803923 5.180273 2.595225 5.206590 -2.162105 -12.380710 -13.998670 -4.979558 -12.628140 -15.442630
-16.431640 6.920458 3.440091 5.077135 4.386694 -0.691408 -1.454759 -5.444987 -4.476274 1.568339 1.184394 -9.565578
-16.686040 7.490384 3.101605 -0.588455 1.747537 -1.554224 -12.957430 -10.896630 -4.622313 -4.804461 -3.285049 -1.363825
-16.333610 6.648811 3.713169 4.761312 -2.386227 -0.650430 -3.640036 -11.884300 -5.806389 -0.105749 -5.024537 -11.246570
-18.504020 7.166925 1.975771 3.782376 -4.785148 -4.723765 -8.130946 -6.049500 -3.298006 -1.933618 -5.929379 -9.183951
-9.259594 -2.691292 -11.598830 0.881114 17.439200 -0.366429 -1.261985 -2.671730 1.231687 1.718314 -10.921830 11.579290
-6.582252 -3.666993 -16.697380 0.231986 14.871250 -7.772079 2.257407 5.060445 16.934180 -0.275517 -21.289330 10.735120
-6.984319 5.200027 -10.487710 4.783454 16.343550 -6.152875 -11.321400 9.225847 22.094500 -4.757260 -27.719650 7.332662
-8.139019 8.886872 2.981418 11.065540 21.260650 2.446830 -7.823427 8.139636 20.705470 -15.351440 -17.119960 8.455471
-5.840166 9.680991 -2.978063 3.549879 13.237650 15.925200 2.418052 -11.282730 18.505760 -13.994810 -10.065580 -0.690691
-3.867681 9.620948 -3.074540 6.475032 10.926240 12.818270 -2.533373 -12.407180 5.829422 -19.278960 -3.575092 -11.488420
-1.864794 7.446804 -8.048815 5.817747 1.587095 6.691476 -4.085251 -11.573950 3.238062 -14.060280 19.390010 -25.684930
0.126926 9.368670 -18.291700 3.834819 1.557923 15.690150 -9.045346 -16.239440 -1.952125 -14.054950 5.869826 -28.425290
-0.204407 9.501346 -20.430540 -0.822700 0.471716 14.438040 -8.620020 -22.311780 -0.248615 -20.919550 -0.730200 -32.248910
1.700446 7.466657 -20.302180 -1.883214 0.269232 3.347779 -0.931006 -29.941730 4.244568 -20.828960 1.305502 -44.186000
3.335393 8.415727 -25.982040 -1.860489 -1.146441 3.121261 -6.152722 -24.688640 -0.751454 -20.464300 1.505293 -37.330520
3.120089 8.828281 -24.424510 -1.626243 -6.155348 1.822484 -4.618693 -33.157710 1.556126 -9.697303 -6.490180 -31.208860
1.571387 10.686230 -19.292440 -2.694332 -1.809662 -1.555932 -10.018900 -33.413630 -1.497414 -3.699060 -12.413700 -28.919100
0.007174 13.743590 -11.142610 1.458569 3.639391 6.412598 -9.133063 -23.127350 1.455724 2.525286 1.565461 -14.656380
-6.051127 6.947090 -6.680971 0.424277 9.548323 11.322000 -3.922057 -4.892689 -3.983393 0.677624 10.397890 -6.752576
-6.312346 3.074790 -11.899710 1.238309 9.601518 9.985659 -7.029893 -8.359446 -1.265909 1.016400 3.114415 0.151646
-11.186160 -1.036715 -12.660890 -5.018722 3.804982 5.376194 -11.166880 -6.499576 3.227275 12.023200 10.303780 -4.094984
-12.030630 -0.502621 -12.096750 -2.030054 7.832356 1.955662 -12.138900 -8.662436 4.749066 11.964580 7.134137 -2.941828
-11.973540 -0.407230 -14.023830 -2.394825 3.762941 4.089938 -1.077881 -5.945071 5.314137 1.110039 -8.279037 -6.058292
-9.643667 2.439010 -9.658668 -0.447442 2.887798 5.346599 -3.155552 -2.619515 2.365978 -5.992842 -7.405822 -7.490081
-11.498880 3.493155 -9.213076 -3.619077 2.861200 7.836586 -0.621447 2.361464 -6.552349 -8.774613 -12.090480 -0.709083
-11.399610 2.654003 -9.420746 -0.427630 5.729439 9.654988 5.954274 4.016152 -4.162622 1.189975 -8.778899 -12.517440
-11.909010 1.759650 -8.016110 0.218584 2.213423 9.278218 9.015702 3.654327 2.956771 1.367357 5.410077 -5.911159
-15.331550 2.702909 -8.942451 4.387801 12.196060 7.780810 8.788250 0.819295 9.067169 1.237175 -8.114731 -2.740440
-15.950160 1.573226 -5.377717 4.885427 8.111200 7.051173 -2.402307 -6.114953 0.436771 -0.664539 -6.098314 -11.383590
1.090521 15.468860 -18.474840 -13.827390 1.549343 12.810300 5.451431 -10.453910 -3.161095 0.941032 -2.431118 10.376480
0.352778 19.181370 -20.762480 -12.493010 -3.156696 12.432390 9.580764 -6.377496 6.281644 4.981985 -9.133739 10.622930
1.925678 22.983460 -4.586281 -7.320386 -6.352684 -2.660632 4.078047 6.373164 3.760815 -11.952260 -11.806610 -4.389250
9.314894 25.314010 -6.314686 -16.939010 -15.457600 -2.753971 2.672534 -8.777162 0.129758 -9.785613 -8.269781 -13.258620
6.497945 28.065820 -5.479918 -27.121110 -24.036580 -2.518916 2.252308 -9.029410 7.417594 -17.849250 -10.414250 -4.758923
7.828240 26.361370 -8.562266 -24.701160 -23.516640 -5.851800 3.496666 -9.726585 9.787406 -13.388060 -12.119800 -0.224463
7.176743 25.696540 -8.909746 -22.782910 -23.590430 -5.071509 1.246111 -7.786555 8.828197 -12.108320 -4.533932 -2.231911
6.283882 25.583230 -6.733297 -22.563230 -24.572820 -5.465354 -3.338636 -5.550888 8.685477 -15.070520 -11.685500 0.942486
4.995780 24.790080 0.808239 -19.980120 -24.033150 -10.760630 -10.880270 -0.353695 6.888203 -6.591219 -7.648811 -6.845454
5.633626 22.859500 0.486105 -17.507730 -26.726360 -10.423130 -8.142166 -4.157272 2.209152 -7.417985 -2.460431 -7.858833
6.192052 24.518920 -5.409604 -25.595600 -29.622910 -13.567630 -3.621167 -5.378800 9.693643 -13.174140 -11.845180 -7.674917
3.496095 21.761290 -7.439703 -19.650310 -23.750870 -15.033170 -6.938097 0.446438 12.182110 -8.944382 -5.187300 -6.171401
4.340559 21.615540 -4.465277 -21.718320 -26.869640 -15.679140 -7.767838 0.320682 4.027999 -10.556040 -8.160243 -2.600663
1.013582 16.275570 -3.403215 -21.904200 -29.235100 -20.886200 -7.932563 9.313361 14.921170 -4.222831 0.628220 2.333814
-6.816170 9.866932 -9.129681 -13.582660 -18.331850 -11.958670 -11.045500 -0.803771 5.189672 -3.271213 -2.090163 -0.980360
-5.976670 14.735270 -5.856831 -11.826400 -14.784090 -15.214150 -3.408504 -0.448564 3.660413 -0.828979 -1.776978 -7.783428
-0.518367 17.919500 -7.496935 -15.077290 -21.838430 -21.372820 -0.682645 -8.626402 5.993715 -17.128300 -0.599063 -4.787429
-0.911747 19.158610 -8.503400 -20.609440 -21.939670 -8.515376 -7.233886 -3.274036 9.662941 4.271697 -0.706287 -8.488747
