-8.973581 21.097360 21.604020 -2.648246 -8.756775 -2.455788 -14.877620 -13.202740 -14.611390 -15.239500 -0.384728 -7.237729
-11.008600 22.555140 21.994070 -14.148330 -17.423750 -2.684687 -15.820260 -18.606820 -23.871850 -14.611620 -5.649103 -9.795574
-13.441860 22.675890 26.146870 -10.309270 -15.012550 1.936473 -15.631400 -25.478740 -26.920550 -22.650630 -6.672434 -6.218717
-13.938000 21.101540 23.089930 -11.314270 -13.840310 2.492455 -19.877080 -27.419090 -22.476470 -23.971230 -9.426272 -16.292960
-13.577450 22.102340 19.676220 -10.344500 -14.796720 3.292124 -18.901790 -29.520200 -22.395230 -27.218680 -6.113646 -15.953290
-13.312350 22.647090 22.211540 -10.008260 -15.903880 -0.136040 -22.524850 -30.715520 -16.654370 -25.192860 -8.857457 -14.651750
-13.545830 22.589500 22.425140 -9.246102 -15.671570 -4.057490 -22.316410 -28.543820 -16.395650 -20.698180 -8.087452 -16.096940
-13.202910 22.478050 22.365550 -7.236110 -15.492810 -1.278762 -18.391830 -24.940880 -18.438630 -21.614970 -9.997760 -13.583540
-11.464000 22.209620 19.988100 -5.902875 -11.323670 -2.820725 -18.779880 -23.635120 -11.476710 -17.617930 -8.221134 -19.227780
-12.528630 23.394790 21.875670 -7.616119 -10.741260 -4.582716 -17.137880 -25.051330 -10.516750 -18.543830 -17.419080 -12.516110
-13.091040 24.752260 19.937800 -12.142070 -14.701990 -2.898799 -16.409130 -26.885150 -15.944450 -20.601500 -17.173780 -12.597060
-13.570150 24.157820 19.764440 -12.811360 -20.980000 -4.811024 -19.446040 -33.434220 -18.671320 -19.709720 -23.480870 -19.276990
-12.204560 23.391080 20.137470 -9.427033 -15.496930 -3.532856 -21.826040 -26.721110 -8.678856 -16.859810 -18.828090 -12.678810
-12.114570 24.086760 22.018070 -7.778370 -17.801860 -7.163303 -22.358310 -25.562400 -8.338885 -10.731170 -20.292570 -14.790640
-12.886750 22.577430 18.502970 -7.172063 -18.831590 -10.111780 -20.561200 -26.815880 -13.076390 -18.944780 -18.256600 -10.454280
-12.672120 24.140170 20.816180 -8.378272 -20.175990 -8.245103 -21.387920 -22.981590 -8.166927 -18.725250 -14.496140 -11.020930
-12.393650 22.352660 18.521540 -11.920040 -16.029920 -3.000532 -22.877530 -30.480250 -8.671757 -10.695910 -16.122380 -12.495480
-13.094690 20.665460 16.531050 -12.880210 -21.126640 -4.025551 -18.294950 -33.366910 -11.784340 -16.088050 -20.013170 -10.948710
-14.128310 19.812800 18.461180 -13.279960 -20.046660 -4.275743 -17.707160 -28.518330 -10.697380 -14.495600 -20.534530 -13.761310
-14.165400 18.528240 17.389310 -9.911652 -24.864120 -2.765127 -14.732300 -25.025840 -10.792830 -15.353810 -17.896330 -13.011330
-15.264680 16.287930 16.099210 -12.743040 -30.759080 -4.309457 -17.608110 -24.847430 -12.290750 -15.299220 -20.919530 -17.100870
-14.130740 14.255210 14.529720 -12.986420 -29.911410 -3.577216 -17.050260 -25.568930 -6.299848 -12.994720 -21.747020 -16.150910
-12.391820 12.980410 15.372510 -12.650710 -31.582860 -1.042765 -11.145160 -25.192500 -4.436713 -10.816480 -13.174700 -12.009780
-11.943110 10.260830 14.510370 -15.491170 -31.086940 -5.112674 -8.881631 -26.492380 -6.238322 -11.431280 -8.066731 -16.384230
-10.932600 7.579793 13.114240 -16.498830 -33.475900 -7.877799 -9.843318 -29.127430 -9.150556 -10.600360 -8.231829 -18.900810
-10.054630 5.519673 12.508270 -15.857300 -34.503150 -8.314896 -11.138090 -30.620760 -7.021596 -10.003760 -9.080706 -18.732560
-9.103696 3.950898 10.783220 -16.314170 -30.974910 -9.239365 -15.966660 -31.120710 -5.692476 -9.069336 -7.316111 -22.441950
-8.645255 4.307100 9.718323 -20.149480 -29.450100 -12.704200 -13.877830 -30.780870 -5.440061 -5.691642 -13.318410 -27.384640
-8.412387 4.900615 11.208870 -21.875000 -28.744120 -12.304960 -12.293520 -27.924270 -1.616768 -3.227331 -13.766910 -26.107700
-8.360098 4.615932 11.957240 -18.018870 -30.128890 -8.847219 -11.660020 -24.362500 -3.016092 -5.224714 -13.957400 -24.421250
-8.811851 4.236045 8.046679 -19.307270 -30.581970 -9.202102 -14.785640 -27.464180 -1.800557 -9.926414 -16.572880 -21.908640
-9.479447 4.857425 7.569951 -18.374860 -29.963310 -11.489910 -12.848110 -25.762380 -1.660941 -9.618161 -15.088350 -20.669790
-9.962817 6.164737 8.736232 -19.893300 -28.642790 -11.993840 -11.388980 -26.067580 -2.318796 -6.498672 -14.080390 -28.689350
-9.698332 3.843619 9.315890 -19.179710 -29.885880 -11.088300 -8.564334 -27.767420 -3.238532 -10.140830 -14.014890 -26.456890
-9.270291 2.580426 10.198920 -17.794710 -25.738150 -7.420001 -2.706586 -25.478090 -6.450508 -7.921068 -12.815760 -18.736530
-9.076943 3.172548 9.353812 -18.858410 -29.970720 -9.600162 -1.507607 -21.081760 -9.563885 -15.282720 -7.866210 -15.432680
-8.655591 7.762770 8.568294 -21.573450 -33.685970 -14.320100 -1.651833 -20.798130 -4.643377 -0.095898 -6.921082 -15.603310
-9.060527 12.068310 10.722080 -14.675640 -23.526300 -9.067838 3.497847 -22.086900 -0.645761 -0.175520 -7.906982 -4.029905
-5.157699 15.234650 14.920540 -8.325434 -21.456150 -6.285560 -4.180956 -24.312840 -0.815352 9.016311 -0.660111 -1.134770
-9.070864 18.949000 13.261280 -4.783129 -21.718930 -10.099950 -2.981432 -19.828930 1.607040 -0.827286 -3.996132 -4.791783
-8.473187 16.561470 14.212420 -3.834707 -26.284320 -8.718870 3.276882 -24.902320 -1.435345 -0.962644 -5.736664 3.085716
-10.525230 19.570380 16.880860 -4.276094 -18.935380 -18.328490 -3.479964 -32.224530 -3.035812 1.062607 -14.936620 -6.457597
-10.239460 18.253310 21.309940 -1.910110 -20.640610 -14.630620 -5.807714 -27.158330 -13.033800 2.843873 -13.247560 -11.630430
-12.949370 17.806090 17.683400 -8.713449 -18.661890 -13.127100 -11.140260 -24.584050 -17.481820 -7.573574 -19.467750 -18.380990
-9.895328 16.913490 16.467590 -7.253189 -17.335610 -7.530015 -8.704206 -24.235070 -22.295050 -7.125413 -22.132020 -12.233580
-14.539320 21.694120 17.223700 -11.983560 -14.363410 -6.642217 -14.416090 -25.522530 -17.231770 -5.696761 -17.538060 -13.375610
-13.258240 19.492360 19.677760 -11.168030 -14.553710 -9.048320 -18.666130 -25.016700 -13.241250 4.050151 -14.861760 -20.419010
-14.591000 19.623320 19.043930 -8.782298 -17.196390 -6.448215 -20.379430 -25.487240 -11.935790 2.657898 -16.811500 -24.452990
-13.917330 19.977200 18.667810 -12.039600 -15.655100 -2.633229 -17.365920 -24.893180 -14.023740 -8.631982 -16.460590 -20.419800
-12.164430 19.928900 19.887490 -8.261921 -15.311580 -5.555686 -18.495240 -20.680490 -14.773090 -16.781330 -15.152520 -16.232650
-11.690790 21.699700 20.638190 -4.455425 -10.283240 -8.378775 -19.630540 -26.137510 -12.862630 -10.393910 -18.108880 -13.625600
-13.653450 21.747070 18.664720 -8.174924 -6.588590 -9.379543 -20.400110 -33.336850 -23.531090 -9.872952 -19.070050 -19.305560
-14.958240 22.412570 17.263170 -1.776680 -2.884057 -8.257524 -6.540818 -29.509090 -17.523620 -11.833940 -19.086090 -7.650412
-19.079960 17.559490 12.663050 -4.598996 -0.121926 -8.636656 3.408046 -24.023980 -19.951540 -13.407050 -15.231390 -13.894640
-15.845940 11.322470 12.332590 -3.705547 0.355865 -5.418464 -4.642478 -12.307400 -16.555770 1.714373 -1.744936 -4.556077
-16.432060 9.182469 15.118660 1.612980 -6.009473 -6.841543 -14.353510 -15.792050 -12.985680 3.166912 -4.728706 -11.593920
-16.652160 7.820357 12.594170 2.160578 -4.714493 -6.339976 -20.470860 -11.458460 -5.741381 1.454463 -4.415892 -9.357494
-18.355810 5.549395 5.406100 0.125500 -5.671724 -9.269529 -8.398338 -0.720882 -7.274011 -5.593821 -9.724381 -12.006610
-16.846730 4.412056 3.588960 3.041217 -2.666579 -3.817353 -4.330624 -13.451740 -12.158230 2.582257 -0.108007 0.554853
-16.812680 5.414716 4.221244 1.921471 -2.328006 0.418759 -7.292969 -20.596180 -11.733070 -1.668439 6.797976 -1.014139
-17.234640 2.240014 3.202006 3.616568 -5.719503 -9.620863 -11.687780 -12.251200 -18.584550 -2.718885 -6.720560 -7.240109
-15.620370 6.650974 5.936228 6.378039 0.898735 -6.561186 -7.656527 -9.829198 -12.863420 -0.700459 -12.375280 -9.196389
-17.178700 8.300092 5.615829 4.510550 -4.011810 0.182762 -7.124252 -14.282380 -5.747691 7.620645 0.420034 -0.307815
-19.524410 3.270074 5.008310 0.100416 -0.903693 4.075822 -5.395175 -6.930117 -2.843345 4.896423 1.688671 12.753630
-16.770730 4.931730 1.959107 4.299197 -4.071122 -6.981130 -6.435778 -13.255680 -12.827920 -5.294668 -9.099421 1.744494
-26.250850 13.755040 -2.136421 -9.589284 7.442833 1.655524 4.839420 -4.493739 -1.013339 -3.742601 3.740013 2.483356
-29.369950 11.640590 -2.281916 -12.869530 9.283155 10.810310 9.798613 7.729977 19.754860 6.935324 5.886937 11.803660
-27.787900 20.342230 9.216056 -7.452267 13.003340 -2.058911 -1.195752 -8.013024 4.360726 -13.939950 -3.771547 7.424451
-30.336080 17.248330 8.651876 -3.024519 15.698740 2.890515 -4.013327 -2.720045 12.650970 2.921789 0.716139 6.710985
-28.727280 17.953770 10.877640 -4.618743 13.495140 7.926296 -1.172350 -5.859627 7.523797 0.499563 -7.289374 6.951452
-24.944230 22.302500 19.683180 -6.721069 6.506197 11.600510 -8.739582 -12.460980 4.982297 -9.148390 -15.218690 -4.404495
-16.918470 23.516930 22.374060 -1.580805 2.492747 2.614890 -15.477920 -18.333650 -8.330209 -17.206740 -18.123590 1.304827
-12.512820 22.493370 22.607010 -4.702003 -0.855913 2.638548 -16.273070 -18.808110 -8.297079 -18.326000 -16.276110 5.127707
-9.661242 24.028250 18.793960 -4.500791 -9.829335 3.515699 -11.984390 -21.469960 -2.841768 -5.707567 -24.294320 -0.875255
-10.590890 25.650430 17.920990 -1.336894 -10.884600 0.905540 -5.907856 -23.282870 -7.262968 3.669101 -24.821700 -5.871110
-11.403200 25.949970 21.280530 0.735543 -12.595580 -0.849945 -12.835600 -21.832670 2.611177 -0.628799 -26.145810 -2.768045
-11.456700 22.545850 21.337020 -2.110789 -4.616463 -5.726029 -13.580130 -22.668540 4.879753 -0.927951 -21.705580 -7.671840
-12.368720 23.410580 21.491030 -0.994246 -5.202170 -5.244572 -9.453636 -17.526530 0.434889 -2.436795 -27.638360 1.571484
-16.576160 20.751370 17.802580 -0.714576 -3.224277 -1.552612 -9.092255 -20.025650 -1.664885 0.903931 -16.844260 7.222871
-16.241150 10.653250 10.089030 2.006332 -3.591682 -2.109186 -8.313979 -13.371360 -3.448352 2.927476 -15.721330 4.695183
-14.321650 10.229250 6.536007 6.778863 5.675004 -1.510618 -9.838964 -2.527252 -1.488194 3.091271 3.752713 10.201340
-17.054670 6.160558 2.650208 1.511039 0.887202 0.674866 -1.357938 -1.889403 -4.163789 -10.938190 -11.605950 -5.694132
-16.926380 7.008105 3.802560 2.222489 -2.357662 0.517535 -2.232002 -3.036356 1.609406 -2.242289 -7.638951 -7.555178
-16.619330 7.713078 6.126609 4.670133 2.849443 3.261367 0.225825 -3.114127 6.272767 10.052540 -3.805636 -0.772084
-16.615080 5.924173 5.533021 4.362710 3.829740 4.731172 -2.866596 -9.227292 -0.205613 1.170666 -9.037928 -9.325749
-17.319760 5.534534 3.658612 6.759649 6.320023 3.251312 -5.776148 -10.694480 -5.660135 -2.208734 0.172056 -4.906858
-18.789930 8.794224 -4.359863 2.357521 1.004179 -2.451648 -6.042286 -13.336070 2.198637 -1.606447 -6.037447 -0.828431
-14.992900 -1.886729 -5.196459 6.495458 3.969782 -3.578399 -11.190880 -3.870267 6.899070 -3.489516 -7.965134 3.943622
-10.562320 -4.484635 -13.019910 4.886290 11.329420 -2.044125 -13.360800 3.445403 22.652110 -3.021450 -16.483980 21.233490
-7.962458 1.917249 -10.845220 2.845341 15.015010 -1.682736 -10.480630 -0.956808 18.586660 0.729331 -30.581360 16.122560
-8.578374 8.097145 3.534787 6.254216 19.482360 3.726854 -8.393439 -5.949161 24.772390 -4.144694 -17.401710 14.632130
-3.528835 14.015110 -1.100157 5.097109 17.619800 9.863954 -4.415527 -11.750590 13.058780 -12.448170 -17.344890 0.534219
-1.472538 11.183150 -13.892110 -3.030390 5.802690 6.267812 3.476622 -20.074010 5.864171 -11.851000 -13.352500 -18.370670
-0.273539 10.949080 -16.292770 -2.496136 2.512518 3.447680 0.536591 -22.997920 5.729286 -10.384240 -9.920894 -19.495230
3.113088 12.359960 -19.255300 -2.985024 3.435150 6.328733 -0.079499 -25.829690 9.118741 -10.244900 -7.847494 -29.304410
2.916700 10.069960 -24.570510 0.792118 2.837910 2.239306 2.853457 -32.853890 13.358520 -14.120240 -5.476654 -30.221840
3.140448 6.076499 -24.377030 -1.833255 -3.738315 -4.439580 0.294400 -32.614040 7.580590 -14.918170 -17.283400 -30.398820
2.469811 5.577724 -22.998700 -1.338495 -3.317364 -3.881824 -6.583813 -32.818590 8.246333 -9.645460 -18.904950 -30.775790
1.670883 8.701806 -20.654530 -1.576001 -2.150070 -3.463654 -10.424030 -29.949580 3.653176 0.023536 -22.483610 -30.359930
1.180826 11.547710 -11.657830 2.751940 -0.401187 1.735373 -10.002240 -20.187070 3.721801 4.166173 -14.273560 -23.430810
-4.826940 5.230346 -9.740855 3.338499 13.591520 14.749500 -0.520340 -9.899126 -0.501411 7.537041 0.631251 0.244547
-7.976442 3.854765 -10.487680 3.236559 9.730467 3.774172 -2.442626 -6.294228 -5.175025 8.789956 13.222040 0.531044
-10.992790 0.390735 -13.077950 -3.991087 4.524186 3.927954 -5.275984 -7.715666 -4.626024 6.937599 3.216650 -9.732879
-10.730130 1.848981 -8.860921 0.248256 2.239023 4.893826 -3.914274 -6.196197 12.303110 6.238060 4.487961 -7.871039
-11.414140 2.022206 -9.124824 1.142238 4.737544 2.986925 -0.783212 -4.607454 4.192712 -5.122343 -11.192870 -6.125863
-12.028230 0.952206 -12.018470 -1.084978 5.357026 5.744360 5.306385 1.126661 -1.008607 -7.251103 -4.022200 4.174566
-11.897510 -0.070423 -9.719960 -3.077891 -0.273502 3.098712 1.539641 -0.051662 -1.590738 -4.153225 -5.498043 -3.065654
-12.127950 1.810899 -7.757326 1.157716 5.453408 3.500321 1.350787 4.047308 1.155849 -5.458463 -7.817416 -4.734643
-11.631200 3.832009 -6.448645 -0.889103 0.976994 9.092084 7.347317 6.283704 5.902032 7.645669 -6.520038 -9.628914
-12.931130 2.967279 -4.489880 5.133402 5.212041 12.795280 1.782920 1.521396 7.968678 3.418860 -2.774283 -12.848640
-9.615034 6.268765 -9.394144 -1.134080 4.638691 9.890570 2.653718 -0.139890 1.736402 -8.468756 -13.354500 -1.884743
-2.956087 17.252980 -14.618030 -15.964580 -2.422740 20.432940 12.789260 6.198745 -7.205386 -11.971000 -15.110410 -7.112336
-1.466458 17.764760 -9.975350 -10.053620 -1.049501 11.769080 7.397933 9.394530 5.667760 -9.912195 -18.205800 -6.619496
8.672140 25.741920 -7.735656 -16.773160 -12.425060 0.485595 -2.929728 -1.471140 2.639574 -13.299560 -14.051650 2.992069
9.509373 24.896230 -11.959650 -25.314300 -18.272240 -0.923288 1.320853 -9.850111 1.394854 -16.142640 -8.104162 -1.660942
7.842204 22.977290 -11.561860 -24.052580 -22.263450 4.286977 0.570334 -14.952910 10.846990 -18.066090 -4.367766 -0.576853
8.411911 22.148320 -9.695195 -25.523520 -23.158900 5.180098 -5.295577 -4.802861 5.435066 -16.118760 -4.879098 1.440536
9.426075 21.067630 -6.756661 -26.833270 -24.813050 1.854850 -4.148301 -4.296371 -1.298883 -10.503110 -10.769770 0.454857
5.691666 23.081310 -5.088112 -24.608180 -24.247930 2.110957 -5.757100 -7.513723 8.044402 -19.180240 -9.241123 -0.853827
5.019205 22.232840 -3.883909 -20.170300 -26.343630 0.219434 -5.784312 -3.740867 5.533665 -18.908950 -9.013865 -6.979007
7.188591 24.628730 -12.831850 -20.093980 -28.081800 -2.997575 1.025870 -10.264450 6.606427 -14.971060 -7.903640 0.486602
6.259549 21.541330 -6.340297 -16.772100 -20.255080 -7.996685 -2.384935 -1.767845 6.096865 -8.902129 -7.843484 -4.494968
7.862268 21.293340 -4.942617 -28.197990 -25.751330 -3.411013 0.601356 -4.280033 5.871270 -6.858678 -8.134241 -1.070486
3.459654 21.110830 -2.856931 -16.408630 -22.209080 -6.525697 -3.411932 -4.509424 0.247156 -12.774050 -8.374199 -6.642511
3.997745 23.265220 -7.462466 -23.928760 -26.171460 -9.681193 -7.426854 -3.934313 0.747253 -10.761880 1.417966 -8.366260
-4.397076 13.904580 -6.796130 -23.477770 -28.121340 -9.286091 -0.174742 2.067751 6.038494 4.018871 5.200483 1.451647
-7.858488 11.416280 -7.778995 -12.460170 -14.664920 -8.167028 -5.653148 -3.340903 2.434487 0.392642 -4.093719 3.346818
-0.934448 17.905470 -8.087785 -13.054730 -9.441336 -5.093155 3.102723 -3.937581 -5.363548 -26.788720 -10.182240 -7.372644
-4.919966 16.479270 0.889564 -9.868421 -12.844370 -4.592180 5.576333 7.139835 2.891988 -11.989200 -3.849082 -2.422819
-6.196791 13.793590 -1.447642 -9.468130 -12.756220 -8.599985 -5.322245 -12.917800 -6.908010 -8.848668 -15.911160 -3.386277
