-10.162780 14.890000 13.798190 3.785858 -6.495902 -14.536770 -25.023420 -17.092520 -9.211892 -6.116860 -2.439761 -7.358443
-8.570331 16.927610 14.691090 2.003554 -5.654635 -6.650950 -20.400360 -12.912800 -8.940038 -5.968011 5.479373 -2.838376
-8.419193 18.757330 16.377260 -1.001971 -3.752782 0.405156 -22.823390 -10.155750 -20.095730 -9.134033 5.673364 -6.472920
-7.477335 20.213000 16.632480 -5.259204 -6.735680 -2.862094 -24.467170 -10.813420 -25.567730 -16.277900 2.968989 -11.543370
-4.265409 19.475020 11.817530 -0.200142 -0.926190 -6.478936 -33.553050 -8.362370 -16.204350 -19.682270 -3.071751 -8.709841
-5.285338 17.965920 15.308410 -6.758999 -9.721032 6.125120 -28.303670 -12.696620 -18.629500 -20.238400 -2.886547 -9.203885
-11.005550 17.458470 20.253510 -11.539710 -17.194230 12.173430 -27.795550 -16.692900 -22.679830 -28.114650 -0.082811 -17.869150
-13.275620 19.157520 21.007520 -10.607900 -18.189350 14.680780 -24.992350 -23.128810 -21.602810 -30.886170 -4.337082 -15.953650
-13.085950 14.667670 26.367080 -6.291909 -19.026530 12.876150 -30.200910 -27.253730 -25.518710 -31.566500 -8.442649 -9.972397
-14.027800 17.895720 23.924700 -7.291970 -17.088670 13.627960 -26.313220 -28.042320 -21.763990 -31.477920 -8.899574 -10.355210
-12.305730 16.874180 21.154400 -10.728980 -17.624690 11.160570 -29.085960 -28.164120 -23.730850 -27.448930 -16.040040 -11.311520
-11.529530 15.303060 21.672830 -10.495730 -18.459410 11.676610 -22.657060 -30.275670 -16.941180 -28.534710 -16.438840 -7.363499
-11.059600 16.666280 23.325560 -8.007740 -15.861950 11.687240 -20.290090 -23.954700 -15.617560 -26.648980 -16.240120 -4.341453
-10.993540 16.312120 25.567980 -12.067930 -20.203320 8.479179 -22.057550 -25.362920 -15.754230 -22.727750 -21.402150 -9.090486
-11.095630 17.178810 28.023440 -7.264075 -21.213990 5.818531 -23.197470 -22.408710 -10.980430 -23.820840 -16.541580 -2.215765
-10.988030 15.208670 27.177080 -10.325390 -23.612580 0.600442 -22.579070 -24.390110 -17.363070 -22.825460 -15.176890 -6.358799
-10.533120 16.621820 25.605060 -11.673840 -26.385160 6.011287 -21.520180 -26.347140 -23.747940 -20.639290 -9.723526 -2.727866
-9.541716 14.003810 23.824360 -14.566600 -25.146990 0.139547 -31.039860 -27.389220 -16.506650 -15.940020 -21.331860 -5.834419
-8.928157 14.010830 25.754120 -13.153450 -29.334510 -4.557441 -22.421280 -27.843650 -13.491000 -20.425600 -11.225430 -3.864744
-7.858182 14.264360 25.455280 -11.435840 -31.580880 -4.351531 -27.007780 -19.975930 -9.653098 -10.690110 -10.656980 -9.999122
-7.070965 14.703170 23.681850 -13.047220 -31.326380 -2.131035 -27.699290 -24.565940 -10.014090 -6.025542 -12.771950 -10.457050
-7.555906 12.145230 19.809970 -16.196370 -30.629960 -3.080146 -30.836360 -28.826350 -11.634070 -6.023715 -18.596390 -13.927640
-6.785204 11.169320 20.687590 -15.734620 -32.807590 -3.400902 -26.857290 -21.779970 -8.914041 -3.827498 -21.334560 -10.449110
-6.804722 10.251930 20.284040 -14.463330 -32.759310 -6.282638 -21.729160 -21.689380 -4.455924 -7.668367 -21.237230 -12.255540
-8.187482 8.048934 18.037260 -13.616990 -32.642290 -5.090684 -22.666810 -17.561420 -3.914443 -6.743307 -20.332840 -15.203190
-9.950088 7.784091 15.206610 -13.259690 -32.270760 -5.933045 -24.030940 -13.135830 -0.493978 -11.954870 -18.215850 -15.757190
-10.347950 6.478988 15.580350 -15.040220 -30.808360 -4.235168 -18.927780 -14.578290 2.026990 -9.946771 -17.242510 -14.924390
-10.868420 5.807714 15.381840 -17.678360 -30.814910 -7.259575 -17.602040 -16.581760 -1.425414 -11.875420 -22.308570 -18.906360
-10.986530 8.371115 14.473680 -19.732490 -29.154470 -2.558034 -14.877430 -17.881880 1.458026 -11.264500 -24.261990 -19.197440
-9.957094 7.366739 14.747800 -20.084440 -26.642120 -1.541635 -16.293960 -16.482040 -0.210982 -12.600500 -26.419540 -17.242930
-9.195901 6.494590 15.373850 -16.945380 -30.228150 -3.151482 -10.488940 -16.295550 -0.862393 -15.750080 -21.918560 -14.280840
-9.134845 4.473357 14.343530 -16.953090 -30.692970 -4.677851 -10.641250 -16.628960 -10.574880 -15.410370 -18.786330 -14.889000
-8.201995 3.401503 15.325860 -16.868820 -30.965480 -5.212611 -11.800670 -15.495530 -13.294170 -13.734670 -13.650650 -17.020470
-7.763095 3.588337 14.868500 -14.526830 -32.594010 -7.206959 -12.586010 -18.916350 -9.962834 -10.009780 -11.853360 -18.270020
-8.168965 4.388327 14.120300 -15.274060 -34.995870 -9.130478 -8.165831 -18.758020 -11.435750 -7.924059 -17.085020 -11.689270
-8.619375 3.238853 15.322220 -16.721630 -32.524440 -7.170027 -8.737925 -19.178960 -10.658810 -6.112295 -14.150160 -10.197750
-10.249360 3.774780 11.915690 -18.915230 -34.383740 -7.948136 -12.200340 -21.564550 -14.412040 -9.901112 -14.807830 -10.644850
-11.539540 5.189877 10.423660 -19.646430 -34.200430 -6.434415 -13.488930 -18.697120 -15.595270 -6.668426 -16.115070 -11.950740
-11.086120 6.737980 9.761255 -19.570470 -32.152100 -5.378554 -13.429830 -14.818070 -6.520829 -0.293461 -19.414260 -13.888630
-8.378156 5.687579 12.994000 -15.541730 -33.110390 -10.820770 -21.187530 -14.680290 -5.574538 4.148285 -14.544900 -12.337160
-9.421105 9.596258 16.798990 -15.708510 -29.940900 -12.687120 -13.833770 -15.527500 -7.631273 2.038821 -11.710070 -10.944590
-9.474154 9.909077 16.167850 -15.735810 -27.833640 -8.780885 -18.014510 -21.980160 -9.650127 7.328006 -14.855150 -15.521720
-9.212416 11.679510 16.764810 -12.708920 -28.186360 -6.605923 -13.078290 -19.832070 -11.689780 4.134588 -17.798120 -8.838408
-11.041580 15.910370 16.295100 -11.273220 -27.376180 -7.797877 -9.776711 -22.773330 -15.738630 -2.884175 -22.501210 -7.548404
-11.727210 15.996570 18.011090 -7.772118 -27.179780 -13.749050 -18.384330 -22.925570 -16.642580 6.499744 -27.308390 -11.276850
-13.096950 17.360960 18.170320 -10.406110 -28.217450 -7.560093 -22.940360 -22.982660 -18.157090 0.400562 -22.684380 -15.322370
-12.332260 17.205720 20.412740 -10.176420 -25.467780 -8.829453 -21.227130 -22.465040 -15.590070 1.947502 -19.253390 -12.301770
-12.481390 17.821220 22.042930 -11.415070 -26.846710 -6.374716 -14.483850 -19.201800 -17.371980 -0.344599 -12.043300 -10.176800
-15.148820 21.429170 19.765610 -10.444090 -19.643570 -7.642053 -26.184670 -24.672510 -13.135960 2.562078 -13.841940 -13.159120
-15.120800 21.135070 20.099360 -8.792358 -19.766320 -6.661068 -27.239910 -26.459800 -16.902550 -5.641089 -16.182660 -5.485555
-14.735450 22.373870 20.771940 -10.534300 -17.839100 -2.804419 -26.812210 -28.483060 -15.964430 -9.218960 -21.159500 -8.557439
-13.165020 21.364810 21.199480 -8.636266 -14.872570 -2.161391 -18.105280 -26.715560 -14.630410 -15.868790 -22.958810 -5.400325
-14.753460 18.873180 20.974080 -4.904880 -8.974694 6.793950 -15.609150 -28.016440 -22.158410 -21.624620 -31.034760 -14.012870
-18.485860 21.810250 15.682140 -3.805703 -3.275682 0.768915 -13.162970 -28.648240 -22.228970 -18.596490 -18.353730 -17.270380
-17.104100 21.661640 9.453686 -1.688067 -3.938548 0.564522 -2.895129 -15.481830 -15.055280 -13.868000 -8.913769 -11.105660
-15.916520 22.855580 13.336470 -3.057883 -9.580276 -4.070744 -5.617299 -14.043170 -7.230176 -10.018910 -5.045451 -13.277580
-16.468530 19.376730 11.746270 -1.514762 0.554211 2.358018 -1.936155 -11.331790 -7.759030 -6.118687 -6.425689 -9.658925
-15.630260 11.242650 10.825020 2.014830 -4.980312 -2.435601 -8.262703 -9.817776 -5.203895 2.251594 -5.813302 0.570816
-17.591050 6.765284 4.446054 -4.185548 -9.401875 -9.968792 -7.601656 -7.164247 -5.249204 4.415849 5.241448 -1.493478
-15.381540 8.095740 6.337276 -0.920661 -7.223418 -2.095115 -7.944669 -10.119210 -8.501802 -1.096153 -6.257384 -7.678416
-14.007780 9.098556 5.259694 -0.082627 -9.788956 -1.795102 -8.533823 -12.166830 -17.079330 -9.133121 -9.538999 -11.797620
-14.627350 7.462691 3.999606 3.469518 -3.612843 -6.094941 -11.209690 -12.596140 -9.870730 -2.756329 -3.528676 3.478018
-17.583040 3.436998 0.929731 0.234900 -5.603897 -2.703234 -10.663790 -13.727280 -2.394732 -4.135242 -6.675106 -12.142870
-18.146060 5.024496 1.475067 -4.162402 -11.149060 -6.742016 -20.308360 -14.971070 -4.367534 3.366596 -1.734096 -1.655271
-16.506560 5.218740 0.524002 -1.480339 -8.325740 -2.493782 -11.064690 -6.607813 -5.150415 -4.561701 -1.890910 -3.965864
-17.927860 7.150652 2.461760 7.241262 -0.440088 5.385461 -7.668675 -13.812530 -12.190410 -4.358060 4.050468 7.074282
-15.930540 8.002129 3.185238 2.952573 4.618972 -5.260168 -19.236070 -16.677670 -11.558310 1.735643 -1.588096 -4.905559
-31.437660 9.568174 5.144810 -3.968325 0.800536 1.719038 -3.971081 -17.033150 13.148510 5.771934 -28.370260 21.512780
-29.945800 11.456790 10.526910 -3.099429 0.674509 0.553392 -6.209499 -11.352350 14.410480 7.008390 -12.322460 26.105800
-28.465460 17.365250 7.337058 -9.643449 3.234318 -1.152074 -7.329318 -6.364231 6.197654 6.037671 -8.535927 11.024470
-31.503220 17.631260 10.275320 -10.952130 1.374201 2.520926 -9.720659 -4.808346 8.056811 1.357583 -5.441543 9.064902
-32.496130 15.427100 11.113690 -8.596500 2.966717 -1.282097 -18.905850 -0.824248 12.421340 -9.175127 -9.364611 14.843190
-26.512680 20.780520 20.417110 -3.168276 3.133661 -3.493991 -13.681450 -5.586288 3.467967 -13.499980 -19.132400 9.038900
-18.964800 23.712900 23.401910 -1.536722 -3.416439 -1.808762 -17.851220 -19.319020 1.082927 -12.217870 -34.268380 5.362463
-14.250000 20.466140 20.622880 -2.440041 -8.838847 3.231241 -15.627430 -15.292300 5.310784 -1.970074 -37.113350 -2.618078
-14.292040 22.306390 21.576850 -1.238187 -14.785820 2.608450 -10.668670 -16.922780 -1.068141 -0.750055 -37.078880 -5.250090
-13.794590 23.519050 22.503200 -5.080559 -19.560910 3.932450 -4.891062 -21.394800 -5.380674 -3.906032 -35.013930 -3.767236
-11.703690 19.580730 19.406420 0.303746 -14.364370 3.951169 -5.881108 -26.376830 -8.834564 1.529262 -28.606160 -2.860044
-11.211240 19.817490 19.106120 0.567858 -13.597570 1.582439 -8.123182 -20.572710 -9.761543 4.597574 -32.117590 -6.821062
-10.570150 19.975070 19.129390 5.220961 -16.131190 1.990212 -9.910748 -17.468550 -10.329760 7.022088 -36.100810 -2.167372
-11.893860 22.116430 22.563550 -2.112425 -14.995320 3.828736 -7.361608 -21.309550 -13.475400 4.509908 -36.299540 -0.210698
-11.949410 22.291180 26.306730 -0.308754 -12.780040 -2.234243 -6.461123 -19.939400 -7.616418 12.745950 -37.629760 -1.037716
-14.470210 19.240210 21.568130 3.410761 -9.530355 -0.367894 -3.417264 -24.694590 -5.445296 7.190114 -29.246940 3.797991
-18.676040 9.831067 13.999600 2.524060 -7.336350 -1.379740 -8.405270 -13.740220 -7.360162 5.998404 -11.718860 6.233541
-16.305380 9.563884 10.078280 5.625733 -0.836171 6.433227 1.225290 -8.403474 -0.023061 7.835738 -5.850477 -4.147881
-15.195870 5.851789 5.469830 1.363752 -3.305143 3.625861 -1.013737 -7.114769 -4.911242 -0.752794 -10.763770 -3.047838
-17.838270 6.317508 6.657206 1.295498 -1.730631 1.009734 2.506562 6.521291 -2.007004 -2.032171 -9.181435 -2.211431
-16.364430 6.616675 6.027526 0.535215 0.429003 5.680414 5.225077 -7.275382 -5.235091 -3.720655 -2.630372 -1.491312
-15.245410 4.416800 -0.027150 3.353784 1.682721 3.237312 -4.118522 -13.906160 -5.543342 -4.255784 -10.668470 -9.366399
-16.470030 3.205699 3.565519 10.516830 -2.701198 -9.792225 -7.548041 -4.104240 0.619437 -2.189239 -16.817360 -9.077484
-16.054150 0.540886 -0.784803 7.384297 4.999506 -4.889832 -4.164216 -8.919564 -4.681726 -5.389050 -21.735390 1.321994
-12.366790 -0.889813 -9.871543 -4.819415 9.011892 -10.889570 -18.206420 -3.378821 13.311180 8.736141 -29.936380 18.547800
-9.914055 -1.640657 -13.502020 2.429692 17.003930 -12.581380 -16.206830 -4.923287 8.298956 2.153883 -25.383350 26.542790
-10.060190 -1.308336 -5.586662 4.708170 18.634090 -7.354689 -19.267750 -3.316403 12.943510 7.685976 -16.960650 26.028520
-8.491759 5.472272 3.348839 7.711914 13.174860 -4.569583 -3.617101 18.691290 23.109090 9.901369 -17.564930 4.252309
-1.973320 13.407420 1.443074 4.581159 13.765710 2.074702 -8.851247 -1.359368 9.950880 -0.119955 -24.216710 2.049336
-2.153484 11.582780 -2.497883 3.058217 2.326765 0.790669 -8.971271 -7.741995 14.723190 0.239841 -30.962430 -12.849260
-1.208624 9.854470 -6.421389 -0.673168 2.241656 3.068840 4.017525 -4.997884 10.242790 -3.857633 -22.638420 -15.445160
-0.127639 11.785210 -12.969050 -1.746230 4.862023 1.124073 6.374140 -6.708291 13.387690 -6.705867 -19.965140 -20.791520
-0.209713 10.515600 -10.275820 -4.239558 1.340649 8.435163 -2.256016 -10.872790 15.641260 -3.409258 -32.747550 -14.452740
-0.107120 11.247330 -7.213943 0.546491 1.347196 4.666544 -0.543389 -11.910300 12.039550 2.009599 -37.481730 -15.519560
-0.664628 15.165370 -8.815047 1.891974 -0.611124 4.776330 -5.056781 -11.646930 20.198160 -3.461310 -29.613960 -14.018650
0.300752 15.114280 -11.756220 3.921178 4.031394 2.390903 -9.444665 -9.176848 9.835008 6.932595 -24.387710 -12.751750
-2.323639 17.648420 -4.066994 3.308084 9.990643 -6.927184 -8.213962 -9.182939 -2.060484 8.904168 -24.827740 -8.193406
-3.944116 11.631530 -1.644251 9.846169 11.656810 -3.109996 -5.134157 -2.172326 4.353351 13.771460 -22.563390 -12.236760
-11.921880 3.463131 -2.508790 8.376049 9.593741 0.836708 -8.421720 -5.886961 0.928430 9.861189 -6.798800 -9.407569
-10.565650 1.677878 -3.214817 4.669592 5.510159 2.486523 -1.185548 7.248994 0.834841 1.240695 -12.300830 -3.281859
-12.857240 2.725159 -4.863911 -0.067790 4.127141 3.330402 1.710261 6.967352 5.732678 0.183223 -7.821474 -2.977777
-14.144410 2.814870 -7.847259 2.090206 3.289148 -1.201149 -2.889646 5.012601 7.768616 1.525610 -8.708287 -3.292694
-12.145590 5.108747 -3.270077 5.511780 8.854769 1.725615 4.125973 2.914746 7.193711 4.703504 -12.494820 1.423114
-13.508830 1.507817 -4.976614 4.527150 9.770506 12.171400 6.239493 10.859350 5.494992 2.419621 -8.735324 -16.337180
-15.950550 2.544566 -4.474905 4.658908 5.026512 0.024702 0.882278 0.797860 7.060755 11.319550 6.666297 -5.601843
-15.830950 1.225421 -5.108221 3.224993 -1.521132 -0.122015 -5.102475 -1.959191 4.247135 4.408544 -10.231150 -8.415871
-13.673980 -0.073831 -14.735930 2.059937 8.759021 1.749899 -12.691410 -4.517570 -3.300170 10.693100 -15.992730 0.010322
-10.837400 -1.104730 -19.627230 -1.184178 8.113340 -1.186983 -17.564870 1.562101 4.282045 4.845048 -35.428270 -3.627112
-8.109911 2.243839 -16.865650 -1.055981 9.258217 -5.760020 -22.239110 2.492282 10.052640 5.236805 -23.052760 3.454905
-14.050820 7.187706 -7.045979 -3.713116 9.990643 -5.838944 -19.982410 7.391338 11.051670 18.962020 -12.254190 10.443750
-12.373300 9.010015 -6.323955 -0.670794 4.376740 -7.075925 -15.759030 7.160696 10.009560 24.394580 -16.299600 8.101373
-19.338140 4.503781 -1.860204 11.062860 12.632290 -1.706566 -11.681260 6.519769 22.327690 14.071900 -18.121890 6.752864
-19.718990 -0.241552 -4.617419 11.137050 8.067513 -9.920730 -13.164800 5.951156 18.393220 12.525870 -17.572360 7.607329
-22.415450 0.036553 -2.701475 10.426620 4.471668 -3.983725 -9.999091 15.645740 18.089430 10.444720 -14.159620 12.914690
-18.573940 -0.599227 1.296924 18.810510 5.818678 -6.075716 -16.017960 10.258760 18.551440 12.074760 -16.651080 6.492841
-20.809480 1.456330 3.410643 14.500460 7.935758 -9.861536 -20.114010 8.162429 22.759980 17.150260 -15.936630 13.723650
-20.781960 -0.933109 -3.035947 9.969026 8.735289 -8.173272 -19.901990 8.959401 11.428250 15.805130 -22.478230 14.765190
-22.327870 -0.456859 1.199491 11.794060 15.583270 0.549344 -11.757410 19.608530 16.966360 28.278360 -18.450390 11.051910
-20.583780 1.338925 4.512948 13.547290 12.658470 -3.636156 -12.068140 14.203280 13.343860 23.898710 -8.677871 1.044636
-20.296010 -0.027805 -2.246301 14.909980 10.159220 -1.526963 -4.824044 11.151640 7.520531 21.067830 4.734505 2.297802
-18.272170 -1.848553 -5.862238 11.499090 13.706790 -2.630381 -1.984896 9.222013 5.793586 9.870321 1.015566 1.139977
-18.409290 0.296325 0.554541 12.472440 10.733710 -5.340104 -4.788097 8.461579 14.253010 13.685620 -14.033220 2.554214
-17.346330 0.467556 1.024256 14.059480 11.622440 -4.553900 -3.947929 7.867846 12.413170 15.015220 -1.984188 -2.476510
-16.911430 2.113562 -0.829884 8.101255 2.483888 -0.824742 -7.856936 0.989682 9.014245 8.656694 -10.802980 -11.093390
-18.204110 -0.799322 -5.039145 3.439250 0.618861 2.440990 -1.368326 -1.201801 10.315580 11.465660 3.045368 1.917158
-18.114030 0.944196 -5.278366 5.079112 2.419238 -2.122434 -5.236512 2.705417 3.424886 0.119300 -7.065790 5.340795
-18.420800 0.549467 -0.312179 8.615233 9.003709 -3.262279 -10.376220 5.033154 7.492305 10.330570 -3.210991 2.126621
-16.895920 2.500491 -0.566669 -1.501112 3.736787 4.757104 -10.760660 3.672135 14.871740 4.012220 6.347261 10.312290
-16.142230 2.898731 0.084825 -6.186264 -7.892831 7.766840 4.741934 -11.203910 3.482822 14.851760 -10.296710 4.409768
-13.568880 7.991597 0.419297 -6.022456 -2.998260 6.143839 6.226089 -1.042711 10.187820 10.245640 -14.592210 -0.098021
-15.618250 11.872970 12.035670 -3.392622 -2.566988 -1.034194 -1.825270 -11.213050 9.999903 9.696815 -17.094490 -7.498567
-7.293167 15.808950 16.985130 -1.876802 -8.024586 -8.630626 -4.710721 -17.601000 -4.854792 9.403682 -15.916350 -11.249400
-6.031518 11.987650 15.620340 -6.478864 -16.870170 -9.361685 -4.637002 -18.486270 -13.527400 13.351390 -8.706936 -11.372190
-7.161047 9.234293 13.098710 -6.767902 -24.181330 -10.973550 -5.352272 -19.614360 -14.408320 10.035610 -3.928147 -12.830480
-7.434296 6.149397 12.394860 -10.537870 -27.666700 -9.461857 -8.394912 -16.359490 -13.803710 6.522574 -0.954754 -16.400020
-6.209680 3.117938 12.934380 -9.689742 -25.394950 -5.558156 -9.782804 -11.977290 -8.166069 5.367391 2.174101 -20.691130
-5.770279 3.384341 12.357050 -8.762683 -29.965450 -5.255109 -11.806760 -11.063850 -2.574482 3.825017 0.228790 -17.110750
-5.494528 4.686714 12.065480 -10.014390 -27.890930 -9.414301 -13.838030 -6.786694 -3.133790 7.988241 1.870611 -11.735500
-5.253809 4.012710 10.456380 -6.699649 -29.782960 -9.796779 -14.245020 -6.125976 -4.169956 7.412932 3.146081 -8.995866
-4.155308 1.867051 8.866905 -7.090177 -26.707590 -9.317163 -11.795190 -3.516597 0.213883 8.012897 3.244090 -7.319440
-2.335650 0.285014 12.898750 -10.147930 -24.736180 -12.987630 -10.279960 -2.699073 2.976252 11.425480 1.880750 -7.444395
-2.098935 7.826217 14.258450 -1.585983 -22.632190 -9.805884 -7.982443 -4.423182 -6.513402 9.526962 -2.856131 -9.957230
-2.227552 2.531695 8.642227 -8.779895 -20.640320 -17.598610 -6.765753 -8.357802 0.150005 14.870940 -11.833090 0.330294
-7.736071 4.439033 7.542831 -6.223655 -22.897340 -18.474370 -2.289526 -0.716919 3.356551 16.318340 0.414669 -1.975966
-6.464412 6.349492 6.414351 -5.514413 -19.952900 -12.899100 -5.107349 -8.908908 2.556586 5.152792 -9.666749 -8.534326
