-10.440930 21.138070 21.758110 -16.206870 -8.124042 -1.576398 -24.667220 -13.672630 -28.059140 -14.120610 1.920777 -13.210500
-10.849250 21.658060 15.902050 -19.794180 -13.650630 -5.084600 -19.621830 -25.474690 -31.046090 -18.688820 -2.826830 -14.676670
-11.235280 20.772300 18.438700 -16.517210 -19.747150 3.424027 -19.491760 -17.445620 -30.763550 -20.590040 2.699121 -11.390410
-14.388210 23.310140 21.361720 -12.604040 -21.273400 8.332615 -16.945060 -18.582930 -27.033720 -27.038930 0.988070 -5.540380
-15.593050 23.920290 19.936190 -6.828413 -15.613390 5.818488 -25.375800 -22.565330 -23.101730 -25.092720 -5.440876 -10.220410
-16.253110 21.535470 20.552360 -6.588307 -16.754030 5.900307 -25.679750 -25.541840 -29.544900 -31.697110 -15.436140 -16.819970
-12.665760 19.652460 20.429830 -9.805656 -12.129780 4.867271 -20.427370 -25.089080 -28.738690 -25.001760 -13.354040 -10.166290
-12.315070 18.935550 17.070300 -12.966250 -16.047590 2.898604 -20.820820 -32.384490 -25.982320 -23.502500 -21.302710 -8.967768
-12.247650 19.821300 21.056030 -6.641392 -14.670950 7.438171 -18.606500 -26.580230 -19.934540 -19.745050 -16.413060 -4.703094
-12.452080 20.393090 18.235490 -6.250606 -15.167620 5.113842 -20.080540 -25.385150 -23.252740 -21.706910 -16.926160 -3.850451
-11.983960 18.700270 18.224590 -3.926714 -16.206460 0.263139 -17.582780 -24.343150 -20.005980 -24.226220 -21.035290 -8.584590
-11.740380 20.572220 18.133450 -6.994202 -16.209550 3.564288 -18.233560 -24.974270 -25.435100 -13.588580 -20.584520 -2.387944
-10.381120 19.474120 17.359420 -6.897832 -17.001590 3.455753 -15.604340 -26.923950 -20.178100 -12.971470 -18.174840 3.005055
-10.794340 19.670640 19.202710 -7.941970 -22.282160 2.546838 -16.219690 -29.661440 -20.788640 -12.506920 -8.694846 2.915842
-9.971715 18.357830 16.852260 -11.663220 -23.741310 -0.140947 -17.830320 -29.535070 -22.344230 -14.247750 -15.076680 -2.352843
-10.196260 19.259010 16.438430 -9.146996 -24.467030 -3.247845 -17.398180 -32.390270 -20.509360 -12.045310 -15.547020 -8.894642
-9.402458 15.322540 17.237320 -5.460458 -24.480910 3.843698 -21.210080 -23.531510 -8.822983 -7.955343 -23.347130 -11.991500
-9.219231 13.472740 19.060550 -9.044093 -30.366890 2.942018 -19.058690 -24.181400 -12.836980 -9.663897 -33.147450 -2.619020
-10.040760 11.121940 17.046310 -10.442670 -30.495680 -4.252494 -16.933870 -26.642330 -8.684961 -17.904470 -25.806810 -5.745862
-9.368205 7.440917 16.262250 -9.670086 -36.143350 -6.511703 -22.309780 -21.712530 -13.855900 -13.174890 -22.928250 -11.176890
-9.068082 5.726747 17.036720 -12.847830 -35.666730 -4.814652 -21.770420 -20.618540 -15.019340 -5.321607 -19.905460 -10.156060
-9.560676 6.067999 16.744550 -15.893670 -33.493430 -9.684835 -21.788600 -18.541050 -4.046622 -7.416469 -19.843130 -15.935890
-9.033284 5.196481 13.960210 -16.493120 -29.726000 -10.077230 -23.023960 -17.000080 -2.102953 -0.763181 -24.695100 -19.973140
-11.023780 3.649971 11.829980 -16.652780 -31.158160 -10.949410 -24.451850 -18.349700 -0.985790 -1.765624 -26.002490 -25.034150
-10.523570 3.455817 11.589260 -16.122750 -30.851220 -7.221914 -19.030250 -19.731800 -4.065296 -3.306941 -23.600780 -22.980790
-10.942220 1.496482 8.252847 -17.460900 -34.511440 -11.027340 -19.709930 -20.791130 -7.221931 -7.958277 -22.085400 -18.822150
-11.058580 2.471602 9.991917 -15.960640 -32.642000 -11.123630 -19.924370 -17.499780 -7.402172 -9.264875 -22.763730 -16.917230
-11.278780 4.502904 8.381053 -17.638940 -33.344580 -8.597811 -20.229250 -20.081300 -8.701199 -5.515250 -21.357790 -13.970280
-11.771370 5.172360 8.471320 -15.486140 -30.319840 -7.861439 -19.284320 -21.788350 -8.703634 -4.601804 -24.130550 -13.091310
-13.595490 3.802605 12.229860 -17.893750 -31.121920 -7.435646 -20.927110 -16.531440 -12.787450 0.519947 -22.181060 -20.838950
-13.113230 -0.588994 13.624430 -19.400540 -28.912360 -7.783516 -17.883930 -18.887660 -17.856090 2.989380 -15.547750 -18.754870
-9.655824 1.358083 12.133920 -17.163220 -30.822680 -6.018562 -13.065100 -6.056608 -18.819000 1.117500 -13.774370 -20.559610
-7.335302 5.747704 7.584778 -13.881350 -30.578200 -12.397670 -10.420030 -7.872697 -14.271590 8.653916 -10.987840 -17.845190
-8.341151 9.811891 10.749380 -18.866830 -28.466590 -20.117050 -20.746700 -11.330850 -25.409120 14.813320 -10.880590 -12.951640
-8.597235 12.062260 13.141260 -15.833640 -23.128190 -13.312700 -18.475970 -12.185820 -17.058000 5.318959 -14.163540 -4.678231
-8.599954 13.194360 12.552550 -15.438780 -23.967280 -9.048094 -22.802060 -16.588480 -17.528900 14.533610 -14.992620 -9.486958
-9.998356 15.111780 14.445990 -14.667820 -25.766540 -15.370430 -24.470500 -15.466340 -16.039080 9.800124 -20.220710 -12.088030
-11.890440 15.583920 14.575070 -14.317870 -26.424400 -17.238350 -20.262350 -22.698200 -24.408870 6.250987 -15.857200 -19.420310
-11.855640 16.679650 15.121040 -13.277810 -24.308930 -13.027170 -12.628760 -20.247380 -21.340730 -2.855108 -15.604280 -7.394840
-12.869100 18.099220 17.652890 -12.406810 -22.646170 -8.741411 -15.495260 -21.836730 -22.414870 -1.250221 -15.715880 -1.925791
-13.339950 17.735040 17.721360 -13.438290 -25.158050 -6.036373 -22.519560 -27.794080 -20.894190 -1.637506 -14.640410 -8.528284
-13.157810 16.666600 19.419870 -12.352910 -24.508680 -3.772155 -28.395680 -28.362380 -17.265030 1.602585 -13.938160 -13.886180
-12.703270 16.752400 22.245210 -15.350160 -22.293720 -0.713124 -28.119230 -30.707770 -17.680720 -0.335798 -10.258780 -13.099350
-13.562320 18.342410 21.673520 -15.342000 -20.627880 -3.823362 -24.829920 -23.885340 -16.401990 -2.438483 -10.295740 -11.945430
-14.548060 19.200880 21.166360 -11.740800 -19.302920 -5.638409 -27.980310 -22.075030 -15.506480 -2.489339 -12.996030 -11.198820
-14.992260 21.225460 18.517200 -8.725176 -23.081140 -8.398551 -22.987130 -23.345930 -15.819870 -3.380291 -13.556230 -8.400314
-15.625130 22.270570 17.266970 -7.373554 -17.835280 -11.754250 -18.092310 -30.664440 -14.800940 -0.444355 -10.100070 -4.325767
-16.175360 24.082020 15.331660 -1.885398 -11.041580 -13.078940 -10.490420 -18.173500 -19.141320 -2.636038 -3.296445 -3.912608
-14.259890 15.952850 17.299670 -2.256175 -6.116548 -3.248958 -11.412980 -11.929470 -16.245300 1.358087 -4.376995 -1.413182
-13.840700 9.243664 13.891740 -4.021451 -10.134620 -4.138393 -3.930895 -11.935250 -10.245420 16.960010 8.920798 -0.316301
-13.118120 12.327980 12.798060 -4.417137 -7.965941 -4.642109 -7.993130 -16.683800 -12.139560 1.584003 14.346010 -2.300193
-14.562190 11.774390 12.150490 -5.670756 -4.763823 -2.027795 -11.913650 -17.018140 -13.980120 -4.721119 5.480577 4.853665
-17.743940 4.667401 7.352786 2.091882 -1.192288 -1.860260 -13.315430 -10.353120 -3.371128 -0.024796 0.132181 -1.131649
-16.150890 5.912992 10.413600 2.350364 -5.767184 -4.710013 -5.273008 -9.749444 -6.937769 6.122870 2.222259 -1.689596
-15.948090 5.136376 5.848761 1.937936 -4.732203 -8.854400 -13.646880 -12.112170 0.111076 5.086197 -1.773094 -7.203983
-16.436880 5.792783 4.957422 1.653319 -3.391817 -6.322461 -13.453890 -8.121823 -14.129510 -7.831138 -4.207411 2.049306
-14.875370 7.096897 4.811337 -2.862976 -5.255092 -8.141405 -12.206410 -9.106050 -12.834540 -8.735782 -14.786800 -4.185366
-14.166380 9.312468 8.173044 -1.415393 -2.065313 -2.667876 -12.354650 -9.502484 -10.885190 2.687180 0.964154 3.958610
-14.720950 5.372445 3.507034 -2.476681 -3.941699 -3.093112 -10.082990 -2.023661 -11.446210 -1.002789 11.079000 10.275180
-14.810120 8.251936 3.508342 1.827274 -1.451419 -4.630977 -5.910267 -9.805768 -8.327728 -3.890803 0.923570 13.288680
-14.189760 10.533940 4.214349 1.557358 -8.383173 -0.263954 -10.353830 -3.072877 -1.006899 -0.196922 -4.863278 5.985647
-20.873490 12.737250 9.097526 -10.133560 3.901640 3.043875 -13.259960 -1.507357 3.746728 4.162971 -15.599930 21.742710
-22.004390 14.468420 8.188307 -11.074790 2.118572 1.213799 -19.778930 -5.918686 2.213064 -1.513301 -11.948090 16.965430
-23.752940 24.420500 10.940820 -6.092984 5.528921 4.336839 -14.160600 -0.249453 -2.364382 -4.580288 -12.278560 16.819180
-19.677890 23.913560 19.639660 0.672475 3.640196 6.414041 -18.226570 -18.276760 -12.220750 -9.784190 -20.362750 7.374298
-14.208240 21.648570 18.564730 -3.490194 -6.104980 8.830209 -13.053910 -28.179690 -13.946830 0.014324 -19.838060 -3.853377
-12.433600 21.550500 21.719740 -5.559278 -15.205410 8.650986 -14.921870 -15.984810 -13.063490 0.766401 -25.855370 -11.898630
-10.780200 20.339710 20.415440 -2.683712 -19.120140 6.002163 -16.177740 -11.204480 -11.369890 -5.140678 -29.046290 -10.832470
-10.342520 22.713050 20.723300 -0.421073 -22.926130 5.026456 -17.900710 -11.629080 -6.421406 -0.790564 -31.330590 -11.956400
-10.548040 22.012360 22.382570 -3.410158 -24.023580 7.117574 -12.806840 -16.857110 -17.067750 0.092564 -23.315240 -7.021169
-9.917888 20.246780 21.721050 -1.666117 -18.167680 9.150805 -10.271320 -20.888610 -18.182470 5.523360 -23.878350 -5.704181
-9.920607 19.419550 22.940320 -0.424748 -17.358670 5.650953 -6.418863 -16.290260 -17.196840 5.920425 -30.755890 2.827360
-10.933520 19.459880 21.184240 -1.372517 -10.550310 3.681730 -10.590650 -17.863720 -14.259410 11.955620 -28.951350 2.543634
-15.723000 20.877490 22.515580 -4.438779 -6.050223 5.468391 -8.024364 -21.526950 -11.468130 2.979600 -22.688370 8.082152
-16.051940 12.573150 15.042980 3.332434 4.292651 0.552011 -6.098602 -9.129879 0.198761 1.875445 -11.082780 12.707330
-14.337640 8.697976 8.867713 2.632530 3.180547 -1.507381 -10.473170 -12.861710 -5.037942 3.987911 8.191010 -1.808059
-13.352460 10.149190 8.616097 3.372452 -2.721624 0.687819 -8.204307 -11.041290 -6.717747 7.841204 -6.638830 -8.038343
-16.153070 5.964002 4.930385 0.491986 -1.399747 2.968178 -9.887193 -11.395840 -8.974806 -5.909381 -17.645800 -4.566350
-16.422200 6.335307 7.939744 4.351663 1.237064 2.544055 -4.836670 -14.007690 -15.158180 -6.043366 -10.018900 5.318012
-16.650550 8.595956 7.617484 6.966296 0.128046 -4.079951 -9.570195 -11.313520 -4.241477 -0.967581 -10.024700 -2.841321
-14.885150 8.562345 6.491537 5.652650 -0.096380 -6.138786 -8.962305 -7.843813 -6.612201 -4.971486 1.103299 1.329752
-14.991720 8.691649 2.224971 5.912357 3.814492 -1.080474 -10.163630 -11.031900 -6.656043 -7.867323 -4.316844 -3.946246
-15.434840 9.391157 4.186004 4.180158 0.397974 -3.565659 -7.606206 -12.328800 -8.887934 -8.434560 -14.420090 -7.048225
-15.061310 8.736332 5.574469 1.485898 1.365859 -2.568802 -10.574330 -10.150210 -8.900924 0.289140 -2.942059 -10.194810
-15.782260 9.735573 4.101405 1.913843 -5.734021 -3.728741 -4.926176 -13.536880 -8.426779 -0.126507 -3.489944 0.909281
-19.925270 22.089460 9.558457 2.436525 6.530740 -5.443602 -14.406280 -8.525479 -10.259220 1.807964 1.463482 11.613380
-25.012150 24.822250 7.542043 -0.940488 11.158850 -2.361193 -14.327960 7.149218 0.992791 1.184982 -1.168682 15.259410
-27.518080 25.324840 -0.888174 -13.745780 5.793451 -4.872538 -15.232800 5.229867 -5.858765 -4.796425 -13.122130 16.264150
-34.348610 18.202030 0.671669 -11.523160 7.504795 5.094917 -15.689650 1.035891 -1.121376 7.793283 -10.689990 7.004283
-36.374980 17.408020 2.031790 -10.352840 9.540824 9.942280 -11.839530 13.604820 2.866637 -2.756331 -9.296359 22.295540
-35.209290 16.274330 3.440750 -5.014545 5.734838 8.437254 -15.729740 9.394959 14.869650 13.237770 6.674907 20.314570
-37.349300 16.897520 3.362693 -8.304581 2.423977 11.752320 -12.306170 6.701514 10.469190 5.959545 -0.822268 18.840360
-36.405430 12.426840 3.526221 -11.037630 3.265381 8.910914 -20.122960 14.932050 22.160440 11.509660 -3.221799 22.887850
-32.234150 17.282670 5.680436 -10.351610 2.464852 2.453330 -20.621300 4.760500 5.182965 0.663712 1.072136 15.581160
-32.322770 21.373740 8.609992 -8.180444 4.783920 -0.857838 -8.908229 2.210753 9.089788 3.036323 -3.187013 21.532840
-25.842380 22.909180 7.182716 -4.923893 7.312760 3.257050 -4.616170 1.974625 -0.088649 -2.911832 -5.035036 16.122290
-25.483540 17.913370 1.424336 -4.726254 9.533883 -3.622432 -3.061016 7.187489 8.542574 3.832410 8.941091 7.798425
-25.590110 10.453670 7.069337 2.779943 14.397990 11.394430 -4.764413 2.980515 7.051940 5.124339 3.212219 3.655140
-26.193070 5.810182 4.126698 -2.293743 5.046135 7.744853 -2.090909 13.717470 14.742180 4.664682 5.187068 4.614545
-24.716380 8.064899 0.345048 -1.064625 10.453180 5.754479 -9.404237 5.029844 5.853588 2.610896 4.606571 6.976496
-24.445610 4.548378 -0.807064 -6.096251 7.708398 3.506959 -8.454642 -8.965962 -0.322474 -5.095691 -4.109575 -6.031051
-21.323680 6.322258 -0.056577 -3.682116 0.638595 -0.644663 -4.989109 -5.552579 2.481801 -1.159268 -3.412399 0.228484
-20.962660 2.657847 -5.637475 -4.987595 6.804524 5.943164 -7.964228 -3.118369 -10.747170 -5.463416 2.682453 -2.509332
-20.949610 4.087707 -0.695428 0.640624 5.335344 5.236292 -9.342702 2.049724 3.571360 1.394273 11.885610 10.506990
-22.646500 3.215002 -3.057651 -6.643434 -2.656841 -2.069539 -9.778109 4.926584 2.735923 -10.447270 5.710311 4.119486
-23.966070 0.978870 -0.009481 2.149867 3.455102 -3.075301 -8.478883 6.413394 -1.220427 -0.266360 2.312124 4.276706
-17.985340 3.619127 5.875361 -3.736017 -1.189204 2.479490 -3.348178 -4.940958 6.458447 4.908202 -12.246670 6.714707
-17.688480 6.404111 10.694870 -10.032700 -7.490097 5.729989 2.154532 -12.842210 9.783957 4.938520 -10.781300 21.810710
-19.325570 14.016450 9.442025 0.348249 -0.738809 5.779526 -2.311409 -14.020690 13.724880 3.112607 -15.365120 12.230560
-15.636550 22.781850 19.252860 0.012998 -5.520392 0.633273 -7.824841 -20.100800 6.271712 6.413334 -15.086110 2.421515
-8.520029 15.455010 17.423960 -6.691618 -22.014540 0.459616 -6.447299 -21.786910 -13.367950 12.488630 -6.531572 -14.621090
-6.964497 9.295465 17.699560 -8.022822 -26.317200 -5.242672 -13.574620 -15.621590 -11.315490 12.539480 -0.701966 -13.984170
-8.519485 7.728787 16.213850 -9.907334 -31.219860 -8.353467 -16.350690 -21.810010 -16.248550 6.064190 -2.713049 -15.059840
-7.977415 7.919778 15.731980 -11.223430 -30.590540 -7.687782 -11.766340 -14.575980 -12.653490 6.332160 -3.118165 -13.571740
-8.982177 6.695144 14.006430 -9.981245 -32.176180 -5.777000 -12.148130 -13.139000 -15.775210 9.840222 -6.644628 -16.365860
-7.794187 5.452321 14.672320 -11.007820 -30.410080 -7.694461 -10.435880 -10.840540 -13.589600 8.673476 -6.759132 -14.366620
-5.269233 5.644894 15.549270 -8.730076 -28.994880 -10.907670 -9.477427 -9.815155 -12.126570 16.016250 -0.840386 -14.083620
-3.678904 9.456403 11.402190 -11.539900 -26.631080 -13.534780 -9.930547 -8.093661 -11.179900 12.531660 -1.104182 -10.560440
-1.718314 9.885044 7.528961 -6.331049 -27.352950 -16.642800 -5.208676 -5.653674 -10.703320 16.764410 0.402500 -8.014213
-2.059759 9.664792 12.307480 -7.353137 -27.956050 -10.515830 -3.757945 -7.231470 -2.374937 19.289590 0.739492 -7.922805
-2.692085 4.755581 12.414750 -13.289660 -23.094250 -17.605140 -8.001521 -6.896414 -2.581157 13.851950 -7.021479 -7.810192
-7.578881 9.075212 11.810350 -6.391485 -24.824880 -15.389350 -3.588258 -10.281630 -2.727298 14.309650 -2.435483 -9.135224
-2.091837 2.118882 9.462956 -6.956634 -32.210880 -13.303240 -11.429760 -9.775440 -2.007962 13.765890 -10.795790 -4.154653
-7.835508 0.225583 6.540377 -7.586710 -30.603650 -24.723400 -3.039572 -0.670439 8.018091 32.394700 10.802160 -4.736732
