-10.011780 17.565940 22.673580 -16.322760 -11.495690 -4.205254 -18.028300 -22.971820 -28.308450 -21.707670 -0.409535 -7.337842
-10.961840 17.253270 22.918110 -20.727420 -16.042630 -5.619338 -21.406960 -25.933430 -32.480970 -24.583420 -0.721644 -8.180969
-11.220770 19.022290 22.151350 -20.270650 -14.579640 -2.739845 -22.256630 -23.153900 -29.701230 -19.541640 -4.192640 -5.685343
-10.786110 18.796350 22.085010 -16.114500 -13.891080 -2.621365 -18.709740 -25.502790 -27.186240 -22.535150 -3.278466 -5.465584
-11.462940 18.297500 23.639350 -12.869770 -17.896680 0.840933 -21.031620 -23.360910 -20.586970 -26.666140 -8.205755 -10.718970
-12.835860 17.934470 28.706570 -14.018420 -15.742060 -1.520989 -19.105730 -27.068210 -15.623570 -29.254310 -4.307971 -13.634720
-14.248520 17.927700 28.329360 -13.007440 -13.999960 -6.693331 -22.310080 -28.457600 -12.663180 -21.338390 -6.582005 -17.097720
-14.896170 19.499980 26.595290 -9.656112 -13.482390 -4.708913 -25.811420 -25.250450 -12.750590 -17.647170 -10.447860 -17.170970
-15.936260 20.033940 26.931610 -10.050050 -14.497590 -10.667440 -23.257540 -25.457460 -12.201140 -21.262290 -13.479040 -21.125910
-14.750250 18.491290 24.819570 -7.917262 -9.929180 -7.880528 -22.384780 -22.943860 -13.464050 -17.936350 -10.327320 -15.835180
-14.263420 17.561710 24.930650 -9.012251 -14.204690 -7.125519 -24.036160 -24.014430 -16.816550 -16.610620 -11.729530 -21.058400
-13.869120 16.099450 24.642150 -9.200044 -11.484190 -6.480834 -21.330430 -26.041470 -16.973890 -18.643670 -12.771420 -15.200320
-13.690910 16.206070 26.531270 -10.240670 -11.998690 -9.062449 -21.049230 -29.284880 -15.155700 -19.879680 -19.936900 -14.271020
-15.029670 14.299970 23.849940 -17.577300 -17.287870 -9.460099 -29.612190 -37.024360 -20.695190 -23.216040 -24.103140 -21.235070
-13.212160 15.012060 28.236020 -11.891270 -12.837540 -4.874881 -21.482880 -29.256170 -14.158360 -22.171470 -18.160680 -9.931858
-12.622250 11.998680 24.984640 -12.441940 -10.944380 -7.439706 -23.624980 -29.761610 -16.425270 -24.051530 -13.129790 -6.779109
-11.527520 11.353010 23.036900 -12.427820 -16.295670 -5.433223 -22.797170 -28.914680 -20.230650 -18.791870 -13.390420 -6.756128
-9.611892 10.090450 23.613120 -12.469480 -16.962760 -5.219288 -20.155220 -31.224290 -17.165370 -17.143320 -14.708580 -1.505617
-8.973556 7.847129 23.454220 -12.588790 -19.991500 -1.606372 -24.174020 -29.709480 -20.299750 -16.086740 -11.554900 -3.976108
-7.917942 6.600650 23.480450 -15.152940 -23.534740 -6.419436 -25.532650 -30.166570 -17.258610 -12.783230 -12.067700 -4.503960
-6.679769 5.118922 19.665180 -15.911170 -25.795170 -8.964595 -21.937170 -32.340180 -14.245770 -12.478030 -10.019120 -9.284072
-6.385439 2.899715 19.131390 -15.808100 -30.470170 -10.015560 -21.552110 -29.736680 -17.032170 -5.489715 -11.971920 -6.923461
-7.198262 1.382023 18.491910 -19.153780 -33.510410 -12.341990 -22.190430 -29.737440 -20.402150 -4.577324 -10.646600 -10.887020
-6.187356 1.369753 17.164360 -16.764710 -34.162160 -11.511670 -14.189270 -26.523490 -20.129090 -1.575809 -14.006820 -5.663798
-5.698048 -0.708136 14.533170 -15.076690 -35.084580 -10.588300 -14.850670 -23.802880 -16.500190 -1.244177 -13.330480 -13.835090
-4.857903 -0.311260 11.969860 -13.667540 -34.994110 -8.247000 -12.268230 -25.407590 -11.814850 -1.853772 -15.218120 -11.587950
-5.424210 1.298247 10.452550 -11.546040 -35.449570 -4.873442 -15.117290 -20.282950 -15.420440 1.981631 -17.331860 -12.478470
-3.451453 0.511265 11.722250 -12.590910 -34.552440 -4.459002 -15.557010 -16.739600 -14.081770 2.180290 -16.799520 -13.812830
-5.437871 1.607117 7.786653 -9.944156 -34.716530 -4.898865 -12.608350 -19.259980 -12.062940 -1.133633 -16.144020 -14.875710
-4.331960 -0.445385 10.316790 -12.653030 -32.232970 -7.126958 -9.456832 -19.389930 -10.804190 1.054021 -19.411070 -13.407780
-5.358389 0.669930 10.163290 -12.756810 -31.031440 -5.792500 -11.451960 -17.865310 -11.278720 2.787482 -17.823810 -15.768390
-6.451880 -0.744523 9.351789 -14.620620 -34.675900 -8.537204 -13.113660 -18.988000 -10.660170 -1.162470 -20.144760 -14.623640
-5.356526 -0.646785 8.609719 -14.799240 -34.149890 -6.445818 -15.336540 -18.935870 -9.759398 -4.080677 -18.032970 -15.766960
-5.785602 -1.326721 9.037837 -16.742120 -31.890990 -8.178886 -14.087230 -20.282950 -10.312180 -4.385074 -19.464500 -17.301680
-6.350045 -3.720672 10.152490 -21.926900 -30.477830 -11.363930 -17.399090 -19.914260 -15.062460 -2.642801 -25.788140 -18.374620
-7.910491 -4.171284 8.961470 -23.770240 -30.727800 -16.977090 -17.757420 -22.381760 -13.123550 -8.308592 -26.183650 -15.637690
-11.719390 -1.357185 10.076120 -21.328930 -32.861720 -15.575480 -17.486540 -18.106320 -14.660360 -4.368252 -21.909250 -13.810670
-12.495580 -0.106475 9.426614 -19.759510 -31.611890 -15.778870 -11.133100 -16.552980 -13.811200 0.063128 -15.942030 -13.458050
-8.924500 1.792439 13.025120 -18.694880 -28.960400 -14.014140 -11.843700 -18.811970 -16.952250 6.410608 -18.075320 -8.830192
-6.422696 6.829552 17.395000 -10.800520 -26.620980 -13.921080 -14.253640 -15.014000 -6.784023 11.429150 -22.142520 -0.951911
-7.097668 7.195965 16.772500 -14.117250 -15.539630 -13.750800 -10.658160 -22.306210 -8.349133 8.811339 -19.288570 2.553457
-10.362620 12.197960 19.635100 -14.343880 -20.402480 -13.818430 -3.248548 -21.505370 -11.489340 8.212959 -15.452040 5.468493
-11.157430 6.838861 11.907380 -15.089400 -17.936550 -18.695290 -4.073323 -19.525930 -8.453197 13.650450 -10.983470 8.579588
-9.376552 13.987710 10.892240 -7.598155 -19.454760 -18.441060 -0.127401 -30.238340 -6.215422 -0.281321 -6.280320 -0.739334
-9.690752 6.620959 8.441557 -8.846343 -18.026270 -11.859920 -6.941207 -22.670370 -8.935218 9.138165 -13.231430 -13.711570
-12.196900 3.204354 6.568639 -8.261079 -18.348310 -8.796708 -5.000132 -13.554350 -7.648996 9.157391 -18.284480 -11.177880
-11.973980 11.515910 16.824950 -4.688070 -17.567740 -16.327610 -10.180790 -28.540700 -6.207097 3.558087 -17.065360 -2.266155
-10.370070 14.027480 17.801520 -2.397843 -13.988460 -15.491540 -7.541872 -22.157380 -7.917063 6.272027 -13.005330 -9.929704
-10.516610 18.260270 19.929770 -7.735823 -9.864772 -14.593110 -7.894740 -23.950960 -20.710180 6.777487 -7.697519 -23.506630
-13.510210 17.766080 22.031790 -5.744935 -4.585565 -17.626580 -16.343520 -18.394920 -21.787440 4.381561 -12.461260 -23.645960
-14.589420 19.429740 22.327230 -12.547140 -8.052896 -10.474610 -18.257870 -17.986190 -14.009340 -4.997072 -18.007560 -25.730790
-13.309640 16.287730 21.953880 -13.630120 -9.180814 -5.543069 -20.722480 -14.235070 -20.422960 -16.178060 -17.984100 -26.634240
-15.973520 15.809620 24.952250 -13.318780 -7.797562 -1.737323 -21.825420 -21.139700 -19.108430 -17.614330 -17.261490 -25.299890
-17.311660 16.654140 25.948100 -11.429550 -7.631939 -4.234994 -23.873990 -22.790500 -18.773770 -19.844440 -20.342190 -27.633930
-14.431080 14.087990 24.457020 -11.913160 -1.888837 -1.444241 -12.898050 -27.255580 -21.747480 -18.855950 -19.083980 -11.136940
-13.784050 16.277150 22.489220 -14.444830 -6.589133 -1.342550 -15.464080 -27.614440 -20.171550 -15.787150 -23.587740 -8.313830
-14.647170 18.762500 19.400600 -12.790000 -1.294590 -10.312480 -15.461650 -27.177000 -5.325474 -16.888580 -15.013520 -6.508361
-20.009690 21.457280 17.987420 -10.503300 3.227815 -7.899235 -15.760470 -20.727190 -4.053405 -19.707460 -5.608536 -12.780100
-23.670800 23.556750 15.289130 -9.092027 3.710880 -12.404830 -3.787871 -17.022160 -12.875470 -16.717960 -6.937119 -5.745668
-25.938510 20.345350 14.892640 -4.296247 3.478549 -4.885913 -3.177489 -15.583660 -10.735930 -5.407207 -12.617640 -11.442160
-19.623460 13.869660 8.530267 -3.119364 4.801993 -4.730978 10.189570 -11.221330 -6.982160 -9.120852 -8.309358 -9.462177
-14.778810 11.133840 12.791390 3.217590 7.454248 -0.075727 -1.846795 -12.082610 -8.020294 -2.681251 -4.390070 1.466872
-16.380240 9.044528 11.318820 2.121190 4.435477 -4.200457 -18.609530 -6.969304 -4.363097 -6.195435 -5.226055 -9.130384
-14.411830 10.736540 8.734683 2.428295 0.215178 -9.959442 -13.847330 -1.497880 -14.219960 -4.618178 1.999377 -7.897294
-15.702160 7.313166 8.195486 2.110600 2.311526 -6.411282 -9.970038 -3.398750 -12.862150 -8.691491 -0.005552 -12.598410
-15.890310 9.863244 6.394306 2.256033 1.775554 -2.914447 -4.237306 -10.272410 -8.978508 -4.443550 6.153887 -10.096320
-17.117310 7.718927 3.390540 0.459998 1.730315 6.544276 -2.642417 -8.204567 -12.480030 -4.946606 8.430527 2.027042
-17.827670 6.862555 7.984127 0.144422 -2.488451 -1.881705 -2.837375 -5.824702 -6.616690 -1.180093 4.466932 -12.642220
-17.947520 6.109844 4.027702 -1.030343 0.385401 -5.599671 -13.762910 -6.657277 -5.193105 -1.003863 -3.934612 -10.633510
-17.261990 6.274433 2.386970 7.561538 7.890540 0.524347 -6.017435 -0.546690 -1.605006 -5.464882 -9.099731 -2.837096
-17.937580 4.658580 5.395365 -10.287970 1.843797 -12.331920 -3.880187 -3.611805 -8.992661 -4.195226 -9.439858 -0.340033
-22.243860 5.055456 2.572874 -7.285402 6.645307 -1.756510 -4.059961 -2.397696 -4.945851 -2.670838 -10.451770 -1.856082
-26.455140 14.946050 1.475967 -11.970340 14.799900 1.316292 -14.232390 -12.909900 -4.265694 -12.478830 -8.751133 6.987414
-28.314890 19.684030 9.379560 -13.648480 6.498854 9.835810 -4.348450 -0.601086 1.774133 -7.518761 0.649944 8.525725
-29.500900 13.799430 6.962044 -14.838770 3.110500 2.478545 -0.934563 -4.247947 5.006752 -9.984378 -3.299968 5.701897
-31.843120 10.773780 2.397769 -14.792880 8.440313 3.372181 -12.087240 -8.957813 10.955840 -0.539257 -2.770229 12.001650
-32.518090 10.128530 5.509530 -12.799880 9.344335 4.944558 -9.286167 -5.653200 7.647460 -3.935688 -13.403450 -3.949536
-32.952750 8.567684 3.923566 -16.511260 0.625400 5.826681 -4.364849 -2.480802 14.643840 2.374143 -4.561438 -5.000212
-30.984350 8.439059 7.714914 -20.631410 3.164940 3.000912 -12.859180 0.036566 16.443710 -6.023211 -5.712790 9.157712
-30.729140 6.164425 8.855019 -13.350550 4.929276 12.739770 -9.858894 -9.531247 6.238861 -10.222290 -11.895680 17.109250
-28.999790 5.313129 9.244567 -13.647070 -2.866468 4.504215 -5.495726 -6.643678 17.003160 -7.739048 -9.583859 17.206910
-29.954190 6.782587 11.149880 -21.265390 -8.871805 5.151777 -0.928489 -3.824104 14.348300 0.628666 -11.635050 18.419180
-20.926830 8.109034 8.653687 -12.780820 3.524555 2.125504 -3.056020 -6.349028 22.076450 11.783220 -10.044530 19.430360
-21.010660 6.509259 8.699971 -9.388542 -1.023921 7.022992 3.673366 -2.656837 14.197610 8.696790 -4.596623 17.714660
-21.767600 6.536338 8.099834 -3.579668 4.889405 0.638030 -3.145907 4.729812 6.468632 3.969023 -8.083909 2.511086
-21.783120 6.984410 6.678946 -2.926629 5.685311 5.533599 1.365454 3.702314 -5.080717 -6.217063 -7.335238 0.611537
-24.611540 3.805592 7.661689 -3.898069 1.552424 9.029474 5.542775 6.956308 -2.640643 -10.778210 -4.974543 12.489280
-23.303200 5.418060 6.112751 0.544717 6.073297 2.232472 -8.647847 1.196278 1.655918 -3.105805 -6.802240 5.633671
-20.859770 5.528492 6.879506 5.290372 11.562600 6.832081 -3.419820 -3.107878 -11.468530 -9.613494 -0.828504 1.193251
-21.395650 2.887445 4.266060 2.009643 3.664874 5.585884 -4.703140 0.937138 -5.419547 -7.968948 -4.625293 0.060703
-19.512930 4.108961 4.828398 -2.270765 2.740150 3.758800 -5.704652 1.055753 3.087827 -4.450759 -7.108486 -3.724031
-21.668240 0.323827 0.061250 -7.748531 1.855298 2.780741 -5.656672 -0.650195 -4.758537 -3.233972 5.697777 1.909981
-14.148550 -0.068395 -10.846880 -10.435520 6.545627 6.306356 -1.082755 -2.238283 -6.140496 -0.391865 4.725611 5.716260
-3.450832 -2.897302 -21.845260 -10.686860 9.317498 6.941447 -6.505134 -6.216813 -8.987665 2.503111 1.579105 10.445380
-8.944992 4.934447 -12.326390 -8.654314 4.088130 6.727511 -12.097570 -9.324237 -13.447400 -0.109096 -3.204837 10.571060
-1.811526 3.888521 -20.843240 -5.975793 0.055690 -3.245423 -15.437970 -21.487240 -13.489850 10.608880 -5.121801 -3.693150
-1.043412 4.108115 -16.115430 -8.371213 8.679545 2.197935 -13.959080 -10.709090 -13.329180 19.022260 -2.415766 -4.308619
-3.157744 5.262779 -14.372870 -6.577296 10.144840 -2.364259 -4.774807 5.656826 -2.679771 23.241360 -6.520755 -6.855953
-6.432010 1.770860 -11.411530 -3.421527 6.965049 -5.541630 -9.338399 -0.794498 0.960776 15.343860 -16.039770 -0.251699
-7.997424 -3.189671 -9.918136 -1.165187 3.228582 -6.780152 -17.882530 -5.120564 7.590017 20.915130 -7.260305 -3.639288
-7.277122 1.571153 -3.423089 9.040584 12.633780 -5.269174 -18.531780 -16.333130 2.986262 13.298790 -13.462100 -11.047170
0.671029 10.148000 -0.450178 2.813058 7.354568 -2.792609 -25.562410 -26.563530 -7.089553 2.290834 -6.929299 -17.868310
-0.500081 10.637960 -3.402261 3.025561 -2.266087 -5.953671 -24.441250 -29.908940 -9.507981 -4.495618 -0.742495 -20.048660
-1.744464 10.813550 -4.587106 -3.917837 -8.645609 -5.931127 -23.191340 -36.276400 -7.603209 -8.979867 2.635976 -16.102340
-2.041277 13.104680 -5.140188 -6.879459 -10.421450 -3.184984 -21.889190 -35.656120 -4.796000 -3.322888 -1.973340 -16.128190
-2.355478 11.665270 -6.401399 -6.270191 -9.546562 -3.243984 -20.321020 -33.403940 -12.252750 -4.224865 2.730456 -17.344770
-1.975457 13.976290 -4.101134 -10.192660 -12.038560 -3.616692 -15.184700 -32.594780 -17.256940 -7.545196 1.193366 -19.392260
3.613087 12.658300 -12.084180 -9.067318 -5.764089 -1.204404 -10.236060 -26.728230 -11.997170 -5.355940 3.027579 -9.157675
-0.505670 12.676500 -4.309408 -2.224170 4.362634 4.105125 -3.163520 -17.830550 -18.095280 -2.567503 3.077100 -0.295507
-8.446991 11.171500 0.332776 1.138453 -3.081930 -16.791460 -20.309480 -16.379220 -13.835350 -6.824255 4.309248 -11.565690
-8.349502 8.751313 -0.956205 -0.147152 -12.029360 -8.739147 -9.542467 -13.239300 -11.392770 -7.635714 1.713331 -2.252509
-9.464106 8.837627 -1.654307 -6.523641 -6.053928 -8.043617 -11.004950 -19.155720 -15.219800 -11.447890 -2.205304 -6.635476
-10.434030 7.438829 -0.657680 -3.058649 -5.859935 -6.264021 -17.217490 -16.417750 -8.533950 -1.158465 -7.302006 -7.459931
-11.276040 7.954176 -0.070657 0.847586 -4.448313 -5.894191 -17.623800 -8.978212 -7.718094 4.887021 16.517350 6.810027
-12.842690 8.620996 3.463050 0.750160 -4.191445 -5.064832 -10.265210 -8.620854 -9.323997 -2.905544 6.497272 11.590860
-12.375740 11.857780 -2.863064 3.746375 -4.371636 2.497253 -9.507849 -12.815460 -9.064256 0.121605 4.799240 6.401391
-11.869040 9.041989 -1.702904 2.305453 -0.642837 -0.086759 -1.288038 1.099573 -12.374300 -7.070977 4.429791 5.250889
-9.759678 8.506333 -2.105566 -0.661817 -1.405772 0.316648 -4.016840 -5.584449 -2.653963 -0.057829 -2.138191 4.084587
0.538146 7.531490 -20.170590 -18.721010 -0.028654 0.926315 4.246093 8.728741 -4.893403 3.448344 -12.511430 0.699871
1.614872 14.239460 -14.952180 -18.551570 3.198678 0.979080 7.017409 12.487420 4.247508 2.654509 -22.665090 -12.559630
5.739839 20.685950 -3.078280 -22.185290 -7.607403 5.530241 4.996771 -7.473986 -9.464691 2.975728 -7.367165 -1.665768
6.108682 16.261500 -7.178182 -29.105390 -19.220890 5.800778 -4.232448 -18.113870 -8.375773 -21.989640 -8.591495 -2.325044
6.719076 17.978480 -3.846578 -28.402230 -20.217690 9.068808 -10.008300 -18.003570 5.164096 -19.838830 -6.342221 6.412163
7.566671 15.884930 -6.807147 -31.004500 -26.813440 10.092440 -17.891640 -15.213460 3.211870 -18.462640 -9.885543 -2.357362
7.734328 18.526820 -7.656440 -33.904000 -27.206790 8.615515 -10.100620 -17.792020 4.139282 -16.899000 -10.398340 -3.425274
7.740537 19.776270 -8.031332 -31.000270 -26.155550 6.001283 -5.509695 -10.875300 1.431141 -19.984620 -9.275660 -2.737271
6.689270 18.755730 -6.377486 -35.979600 -26.477600 6.522690 -13.142810 -10.869260 2.208701 -20.526930 -13.900610 -4.610248
6.015540 17.710650 -3.215586 -33.452160 -26.722960 6.229129 -11.074190 0.218645 5.360567 -17.849040 -12.489280 -5.710478
5.588327 17.832930 -4.106534 -34.929800 -27.402320 10.383120 -8.427989 -5.492276 9.077704 -21.715680 -12.967540 -8.724621
5.839190 15.071290 -2.168048 -35.845460 -28.846150 9.543687 -10.200830 -4.360518 5.686909 -19.949380 -13.749450 -7.979883
6.022991 17.149600 -1.702132 -37.225670 -29.989400 6.019990 -9.668188 -7.103785 5.877553 -17.172950 -9.566917 -0.666799
5.978283 17.405160 -1.739930 -34.036720 -26.314280 6.532284 -10.581030 -6.607413 9.988465 -15.074220 -12.479510 -1.554452
7.537487 18.636830 -5.844460 -28.616850 -25.551340 2.640676 -3.487842 -3.852813 1.918157 -7.925692 -9.551931 1.499908
7.350581 19.143720 -6.092075 -26.484060 -23.573070 -5.813126 4.510288 -2.368231 -2.175273 -10.745370 -10.793200 -1.665768
6.509816 20.842500 -9.169894 -20.132980 -17.415150 -2.173828 -1.570453 -5.529296 -2.766352 -6.556706 -13.843930 0.146883
4.812140 19.600680 -6.588074 -18.296000 -15.434580 -3.020455 2.233350 2.387722 -3.550572 -15.278480 -12.067050 0.065012
1.173998 15.971250 -8.605242 -21.405880 -13.732360 -5.206336 7.565842 11.366990 -8.973513 -9.600677 -10.108390 1.940862
1.257205 16.544140 -4.630303 -20.108980 -16.552530 -2.475544 -1.667628 -0.904803 -3.128491 -7.338526 -10.773000 -7.026158
