-9.421722 20.068780 22.860580 -14.109980 -10.737060 -5.649981 -19.643290 -15.062350 -19.804000 -13.887360 -6.547926 -13.177520
-10.969130 16.587350 21.119740 -16.562870 -9.012619 -7.987673 -26.070470 -20.010790 -30.041960 -22.106880 -1.743794 -11.234850
-11.263900 18.233670 19.908580 -17.020010 -5.994460 -10.419700 -21.341790 -15.614070 -30.765820 -22.482600 1.853494 -9.328674
-10.446890 16.757870 21.908000 -12.525500 -14.179130 -8.781428 -20.884890 -20.063270 -27.245410 -28.721880 -3.653771 -14.304480
-12.690410 16.816230 25.720820 -10.774540 -14.355820 -3.994192 -16.938900 -21.646800 -25.579940 -32.463640 0.220946 -11.752180
-15.476740 17.663750 23.629650 -15.119490 -16.694520 -7.611235 -21.316270 -29.243900 -31.492180 -38.480580 -12.144570 -17.646730
-15.274200 18.937570 26.977860 -9.666259 -9.045227 -0.321447 -19.999610 -33.131450 -29.894030 -26.669040 -12.885410 -15.162410
-14.986910 18.151960 26.242150 -5.788324 -5.166362 2.032416 -19.121330 -35.692900 -20.325910 -23.221330 -14.653840 -17.568020
-14.997500 18.483360 27.729410 -8.610885 -10.186520 -3.754313 -18.107940 -30.446620 -22.219920 -22.315610 -14.900780 -16.785230
-13.771040 17.451620 27.162200 -10.028160 -6.526051 -2.179382 -16.845320 -29.840300 -17.728820 -23.721380 -16.370590 -18.483900
-13.847070 15.456650 27.621810 -8.244043 -7.886497 -6.097395 -18.447240 -31.357160 -20.094880 -26.355950 -12.378080 -19.496380
-13.494960 16.158010 31.151860 -6.234883 -9.352351 -5.204814 -13.837670 -25.631500 -20.541990 -24.325800 -17.125900 -15.800660
-13.704980 15.665230 29.361810 -9.725517 -13.104580 -3.915580 -18.204520 -31.009680 -16.182200 -20.301800 -16.563810 -23.268670
-13.969840 15.707350 28.455940 -6.929764 -13.217570 -8.684848 -18.960690 -30.416120 -17.597510 -19.328930 -18.289870 -17.052840
-12.876750 12.552760 26.543280 -10.452850 -10.039400 -4.644649 -22.171020 -32.322320 -17.776190 -17.294240 -17.637370 -17.309000
-13.685040 11.728070 23.665520 -10.630630 -13.511800 -4.911929 -23.709380 -33.222230 -21.841790 -16.154380 -15.750120 -11.782230
-12.730300 10.887150 25.989410 -7.631701 -18.004150 -7.545201 -21.152120 -28.304990 -17.186130 -16.316830 -17.281410 -5.782499
-12.284710 9.359080 25.654920 -10.930450 -20.059230 -6.895193 -21.786680 -30.230330 -17.575070 -15.115250 -16.338560 -7.816041
-12.692280 8.204019 24.789090 -13.705740 -23.703010 -9.222552 -22.822100 -30.789850 -22.240700 -16.201570 -19.102010 -13.105250
-11.383560 8.593268 22.767990 -12.258130 -22.939370 -7.867285 -23.724900 -31.089110 -14.186800 -12.231120 -17.064940 -8.347680
-10.170810 6.746490 19.959460 -16.438010 -24.606190 -7.489948 -23.277000 -33.988820 -16.480550 -10.907030 -15.628200 -7.571329
-9.401780 3.675122 20.953750 -16.699030 -28.349310 -8.538855 -21.500430 -32.695330 -17.538500 -6.078957 -9.338240 -9.567662
-8.545503 2.328227 20.067060 -17.257760 -31.318940 -7.835391 -22.878650 -28.398600 -15.226470 -2.463349 -5.904207 -13.281270
-7.880547 1.795355 19.760940 -16.673630 -30.782790 -11.752960 -14.479730 -25.735040 -17.609140 1.610563 -7.798685 -8.616005
-7.993346 1.834940 16.778080 -15.927250 -33.063850 -12.113670 -9.628951 -20.966720 -17.133770 3.895729 -11.495680 -11.721410
-7.209360 -0.846670 15.329190 -18.316660 -33.771380 -12.431710 -12.747700 -19.606580 -13.802840 -1.815371 -8.450154 -19.102840
-7.218708 -1.389691 13.218000 -18.373090 -32.334340 -13.882660 -11.877940 -20.089510 -14.658010 -3.933551 -11.139210 -18.404480
-6.747568 -3.288743 12.233720 -20.131810 -34.817120 -14.343550 -15.100280 -23.144520 -14.730320 -7.728850 -12.038140 -22.441510
-6.359937 -3.319192 12.849310 -20.045750 -32.699100 -12.521550 -13.688030 -20.299410 -15.031990 -4.948172 -12.735070 -22.115940
-6.698958 -2.208283 13.340610 -18.890900 -29.794690 -12.438450 -11.290920 -17.476290 -12.743230 -1.496827 -15.277410 -20.971090
-7.059791 -0.911122 11.820820 -15.549120 -32.021150 -9.053650 -12.220240 -14.163860 -13.333290 -2.287287 -13.048150 -19.560780
-7.803893 -2.129621 11.092620 -17.140650 -33.552220 -11.150560 -13.629480 -14.471630 -15.091830 -5.020774 -14.217280 -20.699190
-9.288980 -2.291005 10.557110 -19.373440 -32.335860 -16.612060 -13.363750 -17.254330 -16.562830 -6.153374 -14.470950 -20.803660
-9.400534 -1.547523 9.023973 -19.537820 -31.477430 -18.622280 -12.618090 -20.029940 -14.915650 -7.441162 -13.985320 -21.031910
-10.807720 -1.149646 8.961413 -18.400610 -33.822940 -16.743230 -15.742350 -19.120810 -15.642000 -9.438641 -13.724940 -20.120330
-12.043530 0.688506 11.677350 -17.325480 -35.028690 -11.430420 -15.117300 -15.019090 -13.763780 -6.547243 -9.052544 -17.668910
-13.047510 -1.317119 12.809270 -18.754040 -33.926080 -11.089020 -15.315470 -13.207220 -12.740730 -1.427855 -8.354578 -17.065720
-10.534140 -3.057324 12.936060 -18.936050 -32.314620 -12.796920 -13.378260 -13.337700 -18.382870 -3.085008 -8.505950 -16.861080
-8.937495 3.922272 11.489670 -13.815800 -33.022900 -15.631890 -8.445907 -16.601200 -6.525157 4.537354 -10.228910 -14.954900
-10.575890 7.698045 18.830880 -12.294110 -27.019200 -17.417950 -9.589916 -18.227990 -9.218657 1.463543 -9.209083 -10.150820
-8.602214 10.125400 17.353630 -13.420030 -23.192660 -14.905960 -3.247818 -16.676370 -12.223810 8.894416 -7.894261 -0.083288
-10.076080 7.774677 16.793920 -10.669430 -23.111520 -17.293970 -5.016879 -19.520060 -14.410350 8.056764 -7.228327 2.716588
-9.568798 13.194740 17.420360 -9.812995 -20.427020 -12.963130 -5.412228 -22.392820 -10.534240 -4.119595 -14.032330 0.165001
-10.273640 10.070080 16.054050 -10.945970 -21.977810 -14.163420 -10.980640 -20.022140 -14.733640 8.002312 -8.918736 -3.024124
-15.127750 10.318250 7.984643 -7.939989 -22.414610 -18.263810 -5.582378 -22.467990 -1.935986 4.020968 5.827404 -0.816708
-12.259780 14.305650 14.580970 -0.228563 -15.017090 -16.554120 -9.581409 -21.741820 -5.554467 -4.171324 1.861760 -1.651734
-14.315100 13.662650 16.115770 -5.456756 -14.895750 -16.259440 -9.443788 -28.177340 -8.033550 3.136124 2.980262 -0.867511
-11.174160 12.235060 12.309620 2.600347 -12.780770 -15.246910 -6.075814 -9.648713 -9.492910 3.618024 -12.462290 -7.624278
-12.203070 14.783710 17.853280 1.437037 -2.734394 -12.243490 -12.892330 -19.731390 -17.964840 2.109705 -19.439370 -17.754060
-12.666730 13.872250 15.938940 -8.980548 -5.779852 -11.861210 -13.894720 -18.530090 -22.481710 0.294641 -7.428779 -18.763680
-13.941800 16.697480 19.222090 -12.527620 -9.094519 -15.509250 -16.771260 -9.671406 -16.836250 -2.964306 -15.391060 -23.270100
-14.530720 16.015910 22.173250 -9.981601 -9.581367 -13.843130 -21.324780 -13.641220 -18.411960 -10.038520 -7.223677 -15.027890
-15.627560 17.104490 27.370740 -10.202410 -12.378850 -11.214350 -21.765170 -15.341760 -16.172220 -15.795000 -8.560713 -19.888490
-16.534320 17.712980 25.571510 -10.991120 -9.450934 -13.056120 -22.464780 -20.770290 -16.156430 -22.479880 -18.292970 -23.159900
-15.792710 19.912970 21.657760 -11.087770 -10.257040 -13.253770 -12.128160 -28.445400 -13.585100 -24.134310 -15.953670 -14.976370
-16.521850 20.748310 18.540600 -9.505413 -4.586239 -10.088180 -9.558888 -28.529080 -9.301764 -23.093370 -18.237170 -6.607507
-17.750180 20.539730 19.668350 -13.254950 -1.106257 -5.977905 -7.262362 -18.363440 -11.594690 -22.499840 -14.971050 -12.854820
-20.340200 20.979220 15.983150 -3.935071 6.788731 -16.133210 -6.987119 -22.229010 -11.014600 -13.775740 -10.665460 1.398578
-22.259040 21.912510 14.599320 -8.811942 3.096416 -10.886880 -14.684910 -16.683470 -3.057100 -14.581620 -6.999460 -18.179090
-22.594320 17.461770 10.969170 -2.781637 5.370651 -3.385062 -10.503220 -18.915160 -8.523882 -17.246140 -7.583251 -19.151490
-22.274620 13.417530 6.379771 2.806342 3.025132 -1.920636 -8.072077 -21.999950 -6.816863 -12.314610 -6.017349 -16.378090
-19.795520 10.629850 8.527664 4.600337 0.963988 -10.654640 -16.431460 -14.608500 -5.805450 -3.601394 -12.338300 -15.134500
-17.463510 8.226349 8.002994 7.592914 0.311823 -5.490961 -11.935490 -6.644051 -12.938530 -4.060605 -1.457065 -8.024976
-20.344560 4.972282 6.494047 5.319910 -2.671452 -1.269730 -2.879492 -4.156358 -13.441330 -15.207820 -7.402947 -10.964380
-20.029220 5.301140 4.131781 8.062754 4.923994 1.997827 -7.722768 -3.035903 -7.130177 -4.903703 -6.019932 -13.000780
-20.285980 5.547276 2.717091 1.999291 -2.867102 -7.546998 -7.053677 -1.594205 -3.688714 -7.755168 -7.001010 -0.222101
-20.061630 3.342712 0.206350 2.256786 -0.551158 0.158759 -0.909253 -3.226664 -1.077490 1.979021 -3.165557 -2.536131
-19.326250 6.069489 3.900726 2.553786 2.031718 1.381510 -7.127743 -6.688727 -4.626161 -2.653023 -8.262101 -5.801103
-18.390830 6.068474 1.781193 2.045147 -1.428547 2.449283 -8.655591 -10.679110 -0.436735 9.638592 -6.435301 -17.324030
-21.288090 6.751057 6.987854 -4.321665 5.717209 2.701290 -8.906313 -10.106820 0.360262 -2.905317 -2.633945 -1.979447
-26.034390 5.818279 6.119521 -13.321270 1.011004 -2.201393 -5.276608 -9.905424 2.580882 -7.939397 -1.091808 11.288660
-22.263400 14.084890 -2.532110 -17.034830 -3.360775 -12.008110 -3.191768 -9.689843 1.713245 -14.309370 1.378195 4.524021
-26.590280 16.876120 1.450043 -17.035530 4.892902 -13.751490 -0.815670 -5.180368 -4.568818 -13.698600 3.725757 11.022480
-32.713860 13.638800 4.869989 -19.621060 10.812440 -8.783225 -9.771076 -10.223120 -1.620179 -13.027020 -3.198621 -0.916883
-35.038390 8.078160 5.506433 -21.616110 2.335809 0.413012 -10.866040 0.012017 3.554897 -16.477460 -7.937658 9.760999
-32.793620 6.938831 7.792792 -12.639790 4.227087 -1.098581 -3.399451 5.198729 17.171990 -5.888375 -11.694070 1.452243
-29.444540 6.583076 8.961413 -13.803100 6.591565 1.523910 -8.054561 0.399921 2.788650 -8.795200 -8.231104 7.207266
-31.511700 5.875626 9.467732 -13.566770 2.702842 0.625489 -7.472046 9.517443 10.782720 -8.457599 -2.318285 2.453272
-30.614920 6.192811 11.226920 -19.367090 -1.245031 0.270163 -14.001310 -9.945137 11.789970 -5.273068 -2.662877 11.480420
-30.768850 5.337680 12.075230 -23.782590 -7.181249 0.979916 -1.900628 -3.728741 10.859180 -6.494606 -4.919512 17.178200
-31.215060 3.443196 9.789707 -15.082810 -1.874446 6.486787 -2.391061 -4.872598 17.871750 -3.294648 -5.218640 16.111340
-29.486300 6.431334 12.435580 -17.797440 -4.446706 2.641096 -2.533186 -12.688120 17.484470 6.634661 -16.462550 18.904060
-19.498880 6.083699 3.848176 -15.070820 1.742794 7.059081 -0.503395 -7.353908 22.971200 20.993630 -6.931782 23.621560
-24.341150 -2.619863 7.684355 -4.513551 -4.204040 8.771921 6.725487 -5.089597 4.327792 20.303910 9.836445 4.412398
-25.009850 -0.026556 2.001405 -3.608441 -0.146209 10.192770 -4.755148 -5.113708 1.857851 -6.101645 -2.737788 5.666726
-23.666230 1.970442 -0.418416 -4.114258 2.396476 3.952791 -4.408843 3.351397 12.833800 -12.437130 -3.403723 -0.371647
-24.314350 1.792818 2.389277 0.517817 8.416110 6.098220 -7.443521 -0.532609 7.117696 0.474333 3.149199 4.387355
-24.227110 -1.228815 3.186708 -2.550245 0.888155 6.223101 -5.389208 -5.017264 -8.247967 -2.156603 -1.812505 2.438246
-24.668950 -2.007822 -0.685339 -4.445121 -0.435133 4.945995 -1.240045 1.340252 6.329841 3.075320 3.457110 1.007182
-23.876870 -1.277027 2.703745 -3.921667 -4.118349 2.445690 -3.657179 5.039879 6.167782 6.280723 0.809387 0.636537
-25.336400 0.522047 2.323380 4.076177 0.019865 3.177903 -0.859209 1.225370 -0.408479 0.218409 4.612292 10.362050
-24.822260 1.011274 -2.169262 2.969304 6.725031 9.499641 0.784242 0.460199 6.444529 7.489556 7.739448 -0.046796
-23.163930 2.014594 1.249851 2.159432 5.699009 4.243879 -6.364069 0.495656 -2.387257 -7.255118 6.143064 12.027800
-22.166180 -1.366347 -3.072628 -0.787291 -0.260717 6.239721 -1.854087 0.338225 1.638448 6.266202 4.349328 -0.729413
-18.908090 0.997571 -3.458832 -3.329782 1.965744 6.161109 -0.582965 -2.126775 -2.453743 0.352723 10.905350 12.773390
-13.833360 -4.581843 -18.293890 -11.366430 4.289271 5.653052 2.830549 -2.869253 -1.644280 8.693851 3.984588 13.047440
-11.787390 -11.345750 -23.512230 -15.754410 5.134810 -2.025302 -8.381850 -16.186350 -14.654690 9.987084 -15.517640 7.439098
-7.714152 -4.275315 -20.943100 -12.349840 8.689867 5.183628 -5.090444 -6.975223 -7.444322 5.115452 -8.268818 4.953341
-7.031124 0.682416 -13.390020 -9.048272 8.247761 -4.875992 -6.430627 -14.099330 -12.277000 11.930110 -11.216190 12.167330
-4.356346 0.003386 -13.651110 -6.613717 7.960353 -3.570586 -3.203278 -14.442560 -20.371620 6.591099 -18.425740 -5.600039
-5.278060 -0.282334 -9.369501 -7.917414 14.667790 -1.235141 -0.041987 -7.161020 -6.133723 14.757980 -13.004760 -2.393025
-10.155850 0.000848 1.037147 3.784115 8.555643 -12.009900 -12.706670 -20.031350 -5.856146 12.311270 -12.401850 -5.325990
-3.599780 8.433915 1.857934 2.278655 4.505395 -14.156680 -18.540320 -21.403560 -9.708988 -3.901787 -14.686380 -14.927000
-3.898293 11.843280 -1.505292 -1.778467 -1.906296 -6.232159 -21.222190 -36.406300 -18.189230 -5.529900 -3.248217 -21.074130
-2.745995 11.996540 0.366503 -4.107909 -3.312242 -2.954719 -17.600990 -33.069050 -19.875470 -2.698400 5.630568 -18.060310
-2.322841 13.479440 -1.541994 -4.521311 -1.126732 -4.398481 -14.526270 -31.164280 -21.604100 -1.183728 3.555269 -9.929006
-1.606784 14.333050 -2.180106 -10.349850 -6.706533 -3.858979 -19.259950 -36.955890 -17.634910 -2.894427 2.605705 -20.183290
-0.235118 16.430030 -4.234576 -8.441573 -5.627428 -5.396627 -11.788360 -22.472240 -13.035760 2.025305 4.911937 -9.006685
-9.446651 7.577261 -1.934870 1.991531 5.046844 1.518519 -10.477700 -19.110170 -17.448750 -3.234751 -0.566396 -3.018399
-12.688540 8.244111 -0.860507 2.996112 4.315813 -0.440937 -6.918558 -6.308623 -12.655960 -6.708784 -0.613410 -7.011067
-12.768310 8.890154 2.525240 6.834541 3.268557 2.152804 -8.389357 -11.895300 -13.712260 -6.476456 -7.983638 -15.892960
-13.949280 7.833547 3.942433 7.569634 0.309548 0.828532 -8.252235 -18.690360 -15.983570 -14.169610 -10.069270 -12.519950
-14.113800 5.377264 -1.365157 2.609518 -2.481111 3.223722 0.375381 -15.861560 -7.811655 -3.340025 -11.217740 -6.822166
-15.223100 7.886834 1.897138 1.949203 -0.570875 5.034040 -7.402485 -13.083830 -14.289850 -5.648787 -0.742567 -5.672307
-14.867250 7.943166 0.229706 -1.360127 0.622739 -0.930576 -9.123004 -14.266690 -8.473186 -3.637695 -9.362521 -7.874714
-16.405940 8.839404 2.353409 1.953436 -3.564008 -4.731346 -12.358360 -11.110980 -10.558340 -11.616720 -7.265007 3.715470
-17.603100 6.415602 -0.499327 -2.219382 -6.554109 -2.115144 1.391778 -5.792363 -12.978420 -7.204297 -1.685415 12.495760
-17.092080 6.491219 -4.508172 -9.386189 -8.496954 -1.883352 -3.104691 -6.517822 -18.743560 -23.484510 -11.264750 6.030216
-10.652540 8.080697 -9.563020 -11.405930 -8.642553 7.743678 -2.680817 4.129333 -8.969336 -5.594335 -11.161940 -3.508539
-3.262005 6.761207 -17.888500 -20.006240 -2.800369 3.756486 4.726723 1.491300 -11.418500 -3.193005 -16.817990 0.367497
-2.294797 7.977675 -18.098710 -12.378770 10.547020 5.617115 6.161489 -3.010374 -19.695960 -2.672081 -22.951410 -9.936876
2.318759 14.961840 -11.845210 -16.303260 4.912619 10.816280 4.811798 -7.468791 -12.126570 -1.753659 -12.410120 -9.714346
4.744257 19.138530 -5.932037 -26.890160 -19.517020 4.036344 -0.766127 -13.165380 -11.440940 -18.006650 -11.612440 -2.559028
3.226139 17.738350 -7.436814 -29.099670 -21.967190 8.508683 -7.634690 -19.176830 -2.186138 -15.782290 -9.148120 -8.296878
2.288845 15.183620 -6.705279 -30.260860 -24.064740 6.856038 -11.935990 -17.528770 -3.195889 -13.822930 -9.866751 -7.595656
4.247566 14.166590 -4.884366 -34.867540 -25.678470 5.960762 -14.258540 -17.221000 -1.108240 -17.694460 -11.193970 -2.923234
5.472779 12.457350 -5.572526 -37.018500 -26.603630 5.211928 -15.944030 -17.700380 1.545368 -20.966110 -11.768980 -3.565781
5.073930 16.068180 -9.630585 -34.551490 -27.678940 3.109174 -9.985765 -18.371240 2.635733 -17.708070 -10.048090 1.493744
4.255667 16.767000 -8.316825 -35.594880 -28.951420 5.569949 -10.256510 -11.861970 -1.745671 -16.948470 -7.390548 -2.746497
3.713482 17.532820 -4.648306 -37.575820 -29.372300 8.828971 -10.288030 -7.287248 -7.576462 -16.439340 -9.141404 -0.700792
3.837499 15.875330 -4.847664 -38.169110 -26.264660 7.001582 -11.364980 -4.425125 -1.866176 -19.734590 -12.719060 -4.723512
3.839369 16.129590 -4.520684 -35.580060 -28.444860 5.456298 -6.659830 0.768678 -0.194893 -21.212060 -12.749020 -3.719621
5.802452 14.112290 -3.956810 -31.058040 -25.198440 2.962282 -7.736780 -5.202352 5.923448 -17.551070 -9.217865 -1.649587
4.497469 17.690650 -1.449405 -30.078860 -24.521250 1.806912 -2.764391 -0.348940 -3.105302 -12.318240 -12.359490 4.405959
4.663864 20.997490 -3.430471 -24.654540 -25.890800 -1.382482 3.393045 3.676187 -0.821520 -12.752040 -15.727910 5.542223
3.131413 20.755420 -3.986004 -25.954710 -19.167430 -3.090380 3.512651 1.667169 -3.019702 -6.500959 -10.017090 1.814302
1.352798 18.570140 0.234710 -16.045770 -19.983400 -6.498091 1.070495 6.836153 -6.365592 -10.291720 -5.367946 -1.704683
2.503226 16.874590 -6.111376 -20.387900 -21.607740 -9.651548 -3.748760 8.478540 -3.662120 -13.420890 -5.218640 -5.903424
-2.628833 15.911870 -5.858634 -18.768860 -13.386670 1.875641 1.862694 -5.567564 -10.696300 -28.296250 -10.828200 -1.852798
-2.081663 18.613280 2.678721 -16.838010 -18.817840 -4.393091 4.054629 2.654304 -5.276889 -16.574570 -4.933461 -1.444945
