-2.911791 17.988360 4.569890 -3.256739 -6.652133 -9.324478 -17.781730 -12.509510 -15.348370 -1.472854 -8.070062 -10.768900
0.441841 14.733890 4.863455 -4.220325 -6.502699 -4.760302 -32.496170 -4.504943 -14.574440 4.793008 -3.721037 -16.393540
-1.737221 12.079770 1.936333 0.782834 -7.993417 -7.312453 -35.278380 -6.084438 -27.159160 3.601914 -18.698150 -11.267000
-3.076341 12.442810 4.844975 -0.628061 -4.172847 -5.912832 -37.578550 -12.651850 -29.843200 6.292988 -14.175660 -11.120600
-3.848131 11.800130 5.380926 1.686647 0.309592 -5.001229 -35.351480 -15.536530 -35.940820 0.123558 -21.807190 -13.213490
-1.578811 10.932160 4.483882 -3.346726 -1.593735 -9.870768 -29.808050 -16.058890 -38.440200 -2.544914 -17.643060 -11.453250
-0.985079 12.123340 4.887623 -5.323161 -0.388577 -6.944338 -30.101900 -18.543520 -33.003510 -5.422073 -14.636010 -14.773630
-0.410382 12.873890 2.753767 -5.974747 0.405182 -6.422142 -29.423000 -20.219050 -33.798630 2.713679 -11.607990 -19.812680
-1.592933 15.248360 1.500606 -6.774780 -3.227838 -3.700221 -31.165860 -21.788180 -31.888520 7.692015 -16.680430 -17.667810
-0.619139 12.963510 1.469330 -2.584790 -4.348902 -7.919815 -31.253440 -23.702790 -29.060190 2.902024 -15.169750 -18.112210
-1.169277 12.181840 2.976251 -1.071428 -1.577400 -7.708023 -31.330160 -22.216570 -27.084490 -0.563525 -11.115240 -15.282990
-0.907102 12.856880 0.088934 -1.780817 -1.646975 -10.932530 -35.820490 -18.531080 -22.394480 -2.528340 -12.964260 -17.705930
-0.238463 13.599970 0.170677 -4.146759 -2.013605 -14.873660 -35.205280 -16.326280 -21.669990 -2.233768 -16.368760 -14.709530
0.885759 11.653670 1.054216 -4.932341 -3.619878 -14.635530 -31.239690 -20.731730 -23.975640 -3.410548 -12.333310 -14.948620
0.202998 13.312440 0.450026 -2.579535 -3.972592 -18.174360 -25.544990 -20.743480 -31.058080 -2.938179 -7.301858 -13.339970
-0.264865 15.018510 2.462334 -3.295492 -7.218413 -15.282670 -25.744750 -22.210350 -26.193510 -0.333744 -5.051573 -13.828540
0.226944 14.864580 0.099596 -2.515822 -4.627201 -17.096910 -30.363190 -22.246280 -20.769930 0.692360 -0.480475 -28.625160
0.923826 13.377160 -0.001339 -5.462411 -2.312474 -12.338870 -27.107630 -21.592650 -24.336880 5.677476 -1.829120 -18.264670
0.936106 11.514680 -2.740096 -7.205667 -4.094197 -14.510580 -27.524520 -28.419850 -23.610370 -0.992198 0.400196 -21.506220
0.785678 11.657820 -2.307923 -9.753554 -1.419495 -7.697937 -22.522480 -26.429240 -24.779850 -1.176776 2.007133 -22.541400
-0.246445 9.970423 -2.853115 -10.889890 -3.868532 -5.810858 -23.331670 -26.917050 -27.304460 0.323204 -5.167852 -19.027850
-0.982623 11.723370 -6.294865 -13.174380 -1.297285 -0.374300 -14.986490 -24.540210 -32.004560 -9.341156 0.056124 -14.576120
-0.567564 13.066820 -8.636990 -18.766730 -6.224399 2.483213 -19.936420 -22.058340 -29.606080 -8.665375 -3.851612 -12.534340
-1.505132 12.704200 -8.438673 -20.469260 -13.105060 -1.506659 -16.308110 -14.776500 -36.798500 -10.772580 -0.308915 -11.305120
-0.188116 11.065340 -10.745260 -23.021740 -13.027620 -0.449940 -18.470770 -18.789490 -32.652360 -9.969476 -8.716268 -5.665751
-0.877630 11.917130 -10.605940 -25.392280 -13.276880 1.534631 -18.394040 -13.746990 -31.977320 -10.810250 -9.311959 -6.991132
-1.538288 11.971900 -11.961460 -29.814790 -15.147530 0.648802 -21.979650 -14.141520 -29.935020 -6.646316 -20.703490 -10.845130
-1.971153 14.613980 -11.402760 -25.934180 -15.879580 1.669102 -17.122360 -11.108970 -17.562200 -4.851011 -23.134860 -8.358094
-1.470134 14.788650 -11.204440 -26.677720 -15.987270 6.737546 -17.537090 -13.252970 -10.585710 -10.406440 -24.699860 -2.888514
-1.290848 13.495410 -11.246380 -30.939310 -19.085470 7.151605 -20.951160 -13.849250 -16.856880 -12.044280 -27.692620 -5.712529
-1.386631 13.779200 -11.688500 -33.049740 -17.200290 6.545364 -23.643620 -12.472200 -18.192850 -13.078680 -28.717210 -3.688941
-2.348759 12.477250 -13.167700 -30.049290 -19.677160 5.224185 -23.127560 -11.006020 -21.647790 -19.065030 -28.696240 -5.513289
-3.388864 12.395100 -13.862880 -31.003680 -18.879770 3.973042 -24.071370 -8.627108 -22.236060 -17.180830 -30.410880 -7.484035
-3.837079 12.106740 -12.660180 -30.578700 -18.933010 1.610271 -20.174540 -7.700553 -20.959630 -19.683560 -30.375610 -5.890979
-4.525980 11.180270 -15.065570 -33.276350 -19.107250 2.640096 -21.251530 -9.818983 -25.149150 -21.194840 -30.342250 -0.780032
-4.660444 14.236010 -13.682330 -31.688110 -17.387240 8.903092 -15.894830 -11.372220 -18.274580 -9.494093 -24.469210 1.708739
-4.699740 12.081020 -12.117120 -32.157090 -17.019400 9.334521 -13.407200 -7.526436 -26.039130 -4.373368 -21.233420 -0.689941
-0.633875 13.351860 -12.319700 -34.268180 -15.724700 10.679790 -7.290542 -4.496652 -26.589050 -2.373897 -10.109710 11.480180
1.034345 12.359830 -12.819400 -29.058110 -12.621660 -0.881928 -15.459840 -5.897884 -25.917030 10.754510 -6.258206 7.184382
0.018186 11.842870 -11.849860 -22.538970 -8.426597 5.839951 -21.565650 -13.215660 -27.053210 20.879180 -6.901553 11.475850
0.196244 9.504076 -13.351090 -16.912470 -0.132057 -3.821805 -25.021700 -13.536950 -12.459490 19.927660 -13.190150 0.795699
-1.125684 6.896016 -12.281320 -13.921870 -4.526166 -15.020450 -25.548610 -5.755550 0.190819 28.177170 -14.762780 -1.617708
-1.165594 9.702397 -1.535981 -8.533800 -5.501425 -11.684450 -20.965640 -6.928080 -8.840072 12.681650 -25.294600 10.872060
-5.186023 7.382693 11.348190 -9.197209 -13.466850 -12.891890 -9.508203 -14.992760 -13.788390 14.131160 -30.023920 -1.874121
-9.913158 10.974900 13.432290 -14.591190 -9.523460 -2.682162 -4.292646 -19.944750 -20.102950 10.088520 -29.634100 -11.453250
-8.985415 11.490620 8.462295 -15.017480 -11.011150 -7.889559 -16.267580 -29.835590 -24.769760 8.214108 -23.762010 -16.985200
-8.648333 13.445210 16.731170 -17.922030 -8.877321 -3.466577 -17.219350 -18.807460 -26.923040 6.344971 -19.872380 -16.215090
-11.028170 16.137490 14.043590 -18.706300 -9.207650 -9.070664 -24.521560 -13.195620 -28.088480 -2.333968 -15.509060 -13.220420
-11.489890 14.679530 12.543770 -20.539540 -8.071462 -7.093937 -23.046500 -9.038218 -25.736420 0.615515 -9.286225 -21.611040
-15.118600 15.391090 15.214290 -15.923920 -10.151450 -4.797281 -23.130460 -11.182210 -20.375390 -0.268200 -13.113900 -26.037640
-16.328160 16.588070 16.092150 -21.660110 -6.008414 9.416884 -18.362200 -14.790320 -24.537680 -13.947320 -21.426900 -27.246070
-11.981700 15.452910 17.444820 -21.677850 -11.473370 0.824175 -11.628150 -16.438910 -27.734310 -10.371030 -18.380770 -19.139590
-10.687400 17.190920 14.430270 -17.547630 -8.482256 -1.693238 -5.120650 -14.482160 -27.168240 -15.426960 -20.317480 -17.076160
-11.117200 17.404180 13.477780 -12.882740 -6.013859 -0.109840 -7.242773 -18.348670 -15.996170 -9.173153 -24.158500 -11.791960
-14.211110 19.339690 13.894320 -13.299840 -3.874582 -4.420762 -9.304821 -20.386260 -17.338190 -14.763230 -20.554800 -6.101481
-17.096270 25.621690 13.518300 -12.550380 -6.154824 -5.810858 -13.105390 -17.379280 -15.729780 -6.060939 -15.070630 -0.702068
-22.104610 24.240070 5.727802 -6.881845 2.831834 -2.167249 -14.780210 -20.630850 -17.471380 -9.473751 -14.858090 5.552345
-23.883350 20.080290 0.141534 -7.290400 1.885010 -11.792020 -12.165200 -5.022460 -18.826520 -1.205405 -17.290410 -4.354230
-20.090720 16.790540 2.544077 -0.561063 4.093258 -1.968904 -3.073078 -8.707948 -14.798440 2.782236 -13.259730 -7.756908
-15.863370 6.683587 2.432480 -2.422551 2.939524 -0.865120 -6.566039 3.629524 -7.564648 1.143635 -8.236856 -9.176712
-15.607950 9.111996 -0.316229 -6.749820 -1.642740 1.520624 -0.817781 3.864445 -6.782643 -2.853047 -4.776125 -10.571390
-15.179990 7.690134 1.676887 -0.348903 7.631293 4.407832 -7.543865 -4.887035 -14.010380 -3.696833 -3.352185 -4.290126
-16.100980 5.643434 1.713138 -0.873062 4.821677 9.881371 -5.180000 -9.982737 -16.612690 -5.521519 -6.897741 -15.846930
-15.269640 5.056350 2.266861 0.276409 -0.263342 0.540104 -3.100581 -4.332899 -5.981467 0.143146 -3.119627 2.843543
-14.816510 6.995177 0.801167 1.143440 -0.087892 -6.912401 -6.392331 1.754997 -8.691744 -2.787503 -2.177957 5.257815
-14.391630 11.552850 3.195181 0.349976 -2.194499 -5.802454 -4.227507 -5.276035 -12.724870 -5.821364 -10.020120 -3.986068
-15.556990 6.905559 2.977672 1.643296 0.670777 -3.462095 -5.472407 -11.137300 -19.832530 -9.066926 -1.981617 2.732661
-15.471640 6.764078 4.349539 3.885751 1.532296 -1.614796 -2.625782 -4.665242 -11.195170 -9.738188 -7.908033 -10.755910
-22.333020 16.362370 2.124698 -3.244259 8.519432 0.640398 -4.781198 -13.695860 2.405658 -0.777485 -8.218746 0.615516
-25.478510 18.719410 5.725670 -3.228495 12.341820 1.868568 -8.506492 -8.610525 3.819320 -2.750587 -9.126103 2.075168
-26.778330 19.474950 3.593946 -4.569764 7.591363 1.631562 -16.664940 -7.192019 -0.064468 -7.863778 -8.523741 4.511097
-27.362240 25.000580 8.514894 -0.473703 9.546116 -5.689834 -18.250740 -2.443861 3.763823 -3.213162 -8.545662 9.282470
-24.416300 26.010450 16.353010 -4.643987 2.895359 -2.110659 -19.880690 -13.776010 -8.346652 -13.597000 -23.622850 3.891720
-17.007850 23.196180 22.384960 -4.909351 -3.288338 -2.462525 -23.347590 -10.209370 -4.803920 -16.039460 -23.976460 -5.342635
-15.887930 20.881460 21.958480 -8.707863 -0.713461 -4.409556 -15.152960 -9.583372 -15.042630 -7.222651 -35.455670 -10.436260
-15.451380 23.086650 18.420050 -10.382810 -3.774152 -3.020020 -13.000440 -10.854020 -19.126210 -2.197606 -31.642290 -14.459180
-14.585650 22.781700 19.672500 -11.949370 -5.250956 -0.720003 -8.281396 -14.370910 -21.181620 2.092140 -29.190900 -10.403340
-14.048400 21.471860 21.615150 -10.899090 -7.637073 -2.047906 -7.094398 -10.961110 -16.437120 -0.409835 -32.318040 -6.892378
-13.855000 20.923360 20.915710 -9.507895 -8.547596 1.684230 -9.016032 -15.652610 -15.255540 6.995138 -33.035730 -4.632300
-14.529160 22.307050 21.986200 -6.776093 -9.594850 -7.775258 -8.473198 -7.909218 -11.385870 0.256153 -31.934900 -8.265404
-14.449340 22.143580 23.994240 -9.068469 -8.188227 -3.493471 -4.815939 -14.417900 -5.303393 5.899724 -32.719300 2.958756
-15.751010 22.957610 20.235470 -6.771495 -2.394149 -1.294307 -10.391940 -14.906390 -4.548633 7.840431 -26.954910 8.547879
-19.008240 23.118600 20.514100 -3.118802 -2.102540 -0.087428 -13.201650 -16.161150 -2.500286 -2.923111 -14.805670 7.288334
-18.913690 16.981400 15.119760 -0.244466 0.668962 -2.026054 -9.011690 -18.724540 -2.810060 -8.624692 -10.593890 10.263940
-18.701250 11.974800 8.987584 2.515581 0.759712 0.225778 -7.009716 -12.671890 -15.102160 -12.509870 -8.551380 5.660627
-19.991860 13.280490 2.889532 -0.773879 -4.675601 -5.854001 -6.613808 -20.141670 -2.313613 -3.454998 -8.487522 8.166724
-16.414740 8.236557 4.369442 -2.025819 1.846291 -8.824134 -17.563150 -10.320610 -10.012570 2.180286 0.017047 -0.664819
-17.662980 7.051603 3.603897 -0.989323 -2.743839 -6.257975 -12.391020 -11.171160 -17.741810 -13.351400 -3.794426 -5.272468
-15.999060 7.744071 3.613849 1.250505 -1.222266 -5.341890 -8.460170 -8.169703 -14.095140 -5.332421 -7.531557 -0.123405
-15.214380 7.990936 2.380590 0.091837 0.191013 -1.371067 -7.315874 -4.178128 -3.661688 -0.580099 -9.323397 -5.955082
-14.848440 7.432896 0.636970 1.182193 4.018843 1.358698 -5.709084 -7.757211 -5.224689 0.919127 -1.409753 -2.323711
-15.350690 -1.179593 -1.390265 1.375962 2.649729 -4.109797 -15.182640 -2.114973 13.720000 6.609407 -28.599980 25.253750
-8.987870 1.516840 -3.851806 -2.161785 3.200884 -4.662810 -14.280810 -1.413666 14.888470 1.543680 -34.761810 20.081300
-11.018960 5.757531 4.563493 6.769940 7.904148 -9.458389 -9.224481 8.262295 26.045400 5.421327 -16.213400 22.908770
-13.542470 4.318244 3.972098 8.777247 19.970860 3.953992 -4.841995 15.444640 24.207940 -1.519564 -11.749050 28.144460
-6.609874 11.812990 8.900154 0.886615 9.904881 2.452957 -0.728032 -2.320183 -12.327310 -9.939341 -33.158680 0.843343
-5.261544 11.660720 1.464354 0.328300 12.709050 7.642425 -1.336730 -11.618890 -6.996560 -1.616750 -28.478930 0.035987
-4.002857 9.231901 -6.146306 0.444561 9.323476 5.878611 -6.032613 -14.339820 -5.400261 -13.331060 -26.534590 1.477447
-3.499383 6.400625 -4.063628 -2.201852 10.208590 1.772757 -8.171382 -9.452093 5.918119 -20.058740 -24.365320 -8.710663
-2.839954 6.666161 -9.784240 1.851514 11.610980 -5.783964 0.361256 -6.688322 2.413730 -2.746820 -19.334830 -6.123137
-0.253199 9.034410 -13.062500 3.138923 8.347008 -0.880247 -1.979447 -1.496579 1.121152 -5.945672 -18.788700 -10.369550
-1.278568 9.953412 -8.741479 1.953325 6.729845 2.048423 5.225780 -6.724251 0.989977 -8.297725 -21.768110 -16.062630
-2.185437 12.449030 -5.095015 2.560246 3.881508 -2.101134 -0.631769 -5.701656 10.488050 -6.257572 -32.973780 -10.501230
-2.003695 13.112040 -6.227338 0.321075 8.054188 -2.402013 -2.676447 0.011058 0.455187 0.290808 -43.071950 5.813956
-4.414847 18.336880 -0.179753 3.979023 8.871542 -14.214190 3.011014 4.029580 2.760839 -4.126259 -37.070230 11.711470
-6.796528 13.534410 5.449875 8.021223 6.115770 -8.437529 -7.321664 -0.556897 2.881924 -1.319165 -7.700256 12.391490
-10.673900 5.659200 -2.084728 5.169876 8.010023 -3.623460 -8.812651 2.137779 4.257243 -0.343538 -6.071397 -4.534412
-13.386520 2.476918 -4.517836 -0.300297 1.842056 -2.284911 -7.609005 -3.387689 -2.201610 -4.823889 -8.470366 -4.219093
-13.015670 0.757989 -5.469613 -0.071716 5.370411 6.595791 -11.348050 -2.184067 1.995988 0.388748 -3.957407 1.424605
-14.309350 2.072391 -6.029732 -3.800603 3.332774 3.794307 -6.906939 -3.430528 -0.522571 4.630278 -11.389730 -1.642829
-14.952820 1.328061 -3.729546 4.559013 4.182797 2.085403 -4.199279 6.351148 3.664937 -2.363350 -4.482569 9.557075
-15.254900 2.381077 0.634837 6.551869 5.462976 3.097859 -0.629598 4.560915 -1.203672 1.609224 -1.824355 8.510630
-22.010060 5.514814 1.676887 -1.292127 10.517750 1.750345 -1.501029 2.968983 14.574660 -0.635849 4.103968 7.487575
-29.455340 11.432110 8.006664 -10.399890 7.579263 2.452957 -4.597358 2.398956 27.686100 1.710177 3.408200 7.215568
-31.202770 11.786020 5.287810 -6.287404 6.739524 2.110056 -6.267841 2.912326 10.592990 -9.396907 7.164393 4.548347
-32.931770 15.646670 0.941197 -1.290813 8.241133 -4.006143 -3.227967 -2.137083 7.686963 -9.949887 -2.423859 -5.379018
-36.209270 15.659530 2.683396 -9.817267 12.029640 7.827323 -6.190397 4.431709 17.100280 -7.952677 -5.407082 -1.036446
-35.714390 16.657360 5.558629 -7.297625 10.729490 18.544120 -0.182302 -8.652672 5.223901 -13.526940 0.543162 6.854337
-37.413930 14.006980 6.365400 -10.181160 -3.076588 7.623935 3.768087 -7.037248 1.090881 -8.409225 7.434122 9.608184
-33.182900 17.895420 8.941381 -7.864479 -1.599180 6.684878 0.596485 -0.938298 16.809680 -8.373063 -5.548142 9.188913
-30.220990 18.184610 5.957395 -7.907831 3.326119 3.369603 -14.380690 -8.037043 13.841090 -1.250607 -3.877346 10.573200
-29.776460 17.570970 7.876586 -10.399890 3.040559 3.438519 -15.044390 -7.833905 6.966510 -4.244540 -2.242769 10.701410
-28.963540 18.871680 7.293720 -14.088710 6.622155 3.008211 -6.354695 2.846686 8.557763 -3.636562 8.177545 24.732260
-29.670850 16.653210 7.932740 -7.327840 6.819989 4.208927 -10.197240 -4.712226 0.750835 -0.366892 -0.267932 13.460450
-33.521210 13.955950 9.540596 -8.638238 4.892462 4.600014 -3.707833 0.109863 11.551580 0.181568 -3.225421 19.154390
-32.373650 14.255510 8.555411 -8.175821 13.057530 11.214880 -0.596304 -1.245076 12.810860 -4.653625 -3.252108 18.114880
-22.920610 9.943870 5.378794 -11.188750 6.694149 11.786380 4.253744 -0.415945 8.027009 0.608735 7.849676 19.290400
-22.613000 6.240889 5.990803 -2.376572 5.202221 9.607945 6.654521 1.840674 4.718373 9.061660 11.027330 7.883456
-22.880090 5.530581 3.959303 -0.932178 8.717872 7.106221 -2.889962 12.237290 17.091200 10.039550 12.274950 9.407211
-22.123030 7.218808 4.441233 -2.431746 8.800152 10.211950 2.463836 8.128252 13.458660 6.192788 4.104921 4.278073
-23.578200 3.620797 4.052419 1.943472 4.305613 6.345338 -0.080973 12.519880 19.571410 14.503320 11.474340 12.880060
-21.232740 3.551509 2.775091 0.825529 8.573277 6.416496 -3.985764 4.182279 5.890875 2.969828 13.892370 11.447260
-22.374770 4.366787 1.916430 2.077468 7.749268 -1.669145 -4.768170 8.711408 9.886666 -0.476133 -0.469037 4.995338
-23.157610 2.992639 1.870228 2.269265 4.756337 6.792455 0.946071 10.418040 12.086370 2.865108 1.378083 4.005200
-20.256490 5.401547 1.336408 -0.346276 2.168755 1.495410 9.853626 6.120373 5.331868 1.703396 7.778193 3.246355
-22.054270 3.794225 -1.307811 -1.936488 1.783371 1.911711 5.959692 4.954752 6.165334 7.951931 19.388940 8.299262
-21.863310 2.803859 -1.693782 0.679710 1.391331 2.979636 2.234398 6.950886 8.138003 13.693440 10.511700 5.657162
-6.498741 5.482038 -12.399310 -10.698090 4.131978 13.146780 -2.211780 -6.049201 -4.346825 4.982106 -10.479520 11.471510
-2.240082 8.095906 -18.886180 -15.955450 6.545925 17.638680 -1.466287 -1.396392 -9.389997 6.066220 -16.684240 14.447130
0.522275 13.413680 -20.712260 -20.511960 1.902555 16.225610 -0.269156 5.432885 -8.325462 5.498925 -12.903260 4.628043
-8.458609 13.882510 -16.241250 -13.167160 6.099435 10.259010 1.229068 4.811728 -1.329801 6.870077 -0.582457 15.005000
-1.262604 20.537090 -7.839459 -12.448570 -2.665189 1.200134 -9.436548 -5.879920 -22.455020 -7.863778 -15.518590 4.797830
2.725283 24.289440 -8.369724 -18.992020 -7.741132 0.406754 -2.947864 -1.230566 -20.345130 3.305836 -23.907830 10.027460
2.075678 25.724170 -5.735456 -23.301560 -11.319700 1.977265 -7.315874 -1.509016 -14.387760 -4.715403 -33.339780 15.559410
2.823522 22.890400 -7.557977 -23.243100 -10.966380 4.844864 -1.787645 -4.780630 -25.666790 2.690324 -30.630090 16.825010
2.022875 23.315670 -9.392582 -21.951090 -12.886650 3.915892 -2.177039 -4.768193 -25.905930 -8.422786 -30.066810 15.436400
2.188039 25.107630 -9.897969 -22.358990 -13.806250 2.767844 3.819476 -1.075104 -27.434630 -4.229472 -34.463490 14.850800
0.964964 24.804750 -10.146750 -22.233540 -9.850764 4.596092 2.268416 -4.071723 -31.830000 -4.457747 -28.959300 12.371560
0.964350 22.542300 -9.643498 -15.196800 -9.153200 2.590230 3.697881 0.850553 -34.842980 -2.336982 -27.301850 6.254017
-0.538092 22.452680 -9.017274 -15.202050 -1.764950 7.977482 -5.829955 2.774828 -25.186490 -5.959233 -25.757810 3.621446
-4.147760 16.309680 -7.088842 -5.531380 0.270873 5.643287 2.822107 -0.542387 -21.743650 -7.004925 -12.951870 9.560540
-4.848326 14.323550 -1.125132 -3.429488 -1.132726 7.331460 5.159915 -4.247913 -12.116420 -4.080303 -0.192636 14.628170
-7.486657 7.466088 -9.955544 -7.971544 0.019798 -0.303142 -7.580778 -8.843372 -10.004500 7.515724 6.159819 16.012460
-10.166740 8.262695 -6.756893 -6.680194 -4.605421 0.730045 3.055164 3.325510 -3.019940 -3.760117 -1.715701 10.836540
-12.341500 9.129421 -3.340732 -8.336091 -3.350048 10.326250 2.861192 1.710777 0.197882 -1.146641 3.069847 5.398150
-12.489480 7.349916 -2.272382 -3.595012 -4.146227 4.110875 6.924490 9.798261 1.498532 11.631440 2.799165 6.630841
-16.624720 9.770441 -0.792473 -2.871173 0.518317 1.404082 0.993116 15.410790 12.474850 -0.702900 1.259898 19.863860
-14.775990 6.873611 -4.443201 -3.235063 -0.795741 7.862622 6.468509 11.119340 3.028234 -5.375363 -5.940822 14.450590
-11.629880 8.814512 -1.114470 -2.713531 -4.769981 7.279353 7.323293 4.552624 -1.597196 -3.565744 -4.221417 7.248486
-19.883800 11.149570 1.971874 -9.461260 7.578658 13.657210 -5.948654 3.996415 6.809100 -0.054240 -9.901933 11.477580
-23.428380 12.047410 1.070565 -12.905730 3.067784 9.115445 -12.113090 -4.162236 9.058246 3.448225 -4.491147 8.971481
-26.481770 13.743110 2.228477 -8.992275 0.780282 4.211729 -12.499580 -4.979621 2.974755 2.135836 -10.793090 3.217768
-28.210170 15.025150 9.704082 -0.089451 9.598751 4.928348 -21.845750 -19.868740 2.691216 2.302333 1.377130 11.359770
-26.242930 21.668520 16.329560 -7.227343 -0.022552 4.683498 -17.698490 -20.238400 -5.020863 -14.476950 -18.141540 8.745387
-17.591150 24.369100 22.247060 -9.546649 -5.186221 1.910030 -20.477810 -19.746450 -7.355777 -9.736681 -15.672990 7.350705
-14.308740 20.163680 19.693120 -9.903971 -9.454490 0.457181 -17.120920 -22.419010 -20.769930 -4.140574 -21.896780 -4.104746
-17.020130 20.270730 24.719270 -6.993508 -12.313720 1.827666 -14.836670 -20.986690 -29.025880 -12.707260 -25.049650 -2.580991
-16.550430 20.422580 23.168280 -7.704867 -11.397750 1.083592 -17.919250 -17.942400 -21.210880 -9.475258 -28.820140 -9.537943
-15.755310 20.154550 24.631130 -10.189040 -13.965360 2.948260 -18.167500 -14.309420 -20.040400 -6.317089 -29.961010 -7.388746
-15.576630 20.094810 24.965920 -10.416960 -13.871590 3.380248 -13.566430 -13.199070 -20.864780 -4.254334 -31.184800 -6.966011
-15.339630 20.383580 25.870070 -11.570380 -15.167500 6.311720 -12.649410 -10.784230 -19.839600 -6.998898 -31.258190 -5.521085
-15.259810 20.115970 22.388520 -12.593730 -11.029300 8.911497 -12.102230 -17.655650 -24.157270 -5.177978 -29.361510 -5.956815
-15.044920 18.842220 18.626190 -11.580230 -12.292540 7.408221 -15.376610 -19.236530 -23.717330 -10.893870 -29.229980 -5.621572
-14.361540 18.118640 20.954810 -15.208620 -14.587910 6.181171 -15.861540 -19.742300 -25.430680 -9.812773 -32.325670 -7.319446
-13.807720 18.508230 22.898880 -16.653010 -14.667160 11.568420 -9.351867 -17.544410 -23.591200 -1.695102 -26.798600 -7.098548
-13.392660 18.924790 21.435320 -17.927280 -14.120240 7.196989 -7.656051 -16.109330 -21.499460 2.190080 -28.857320 -4.804686
-9.993592 16.384360 16.970000 -8.403089 -8.311042 -1.185049 -4.620519 -11.862790 -21.897030 0.123558 -18.440810 1.261748
-12.125990 15.550000 16.170340 -3.758565 -7.068978 -6.122943 -10.095190 -12.569630 -16.784230 0.922141 -13.704830 6.091160
-11.456740 16.812120 17.472540 -7.270695 -2.271334 -5.179404 -7.989713 -14.185740 -17.414880 -7.340932 -23.315950 -1.688741
-12.982510 9.553864 9.292522 -5.396727 -10.011090 -10.099930 -18.270280 -12.786580 -13.532100 2.357330 -13.359800 2.239758
-15.970200 8.987110 6.329860 -3.552974 -11.673020 -4.637597 -8.338574 -7.454578 -6.178229 8.939612 -3.207312 -2.067298
