4.320164 13.322120 -1.698146 -10.211850 -8.065875 -7.382257 -30.259330 -17.977940 -12.502300 0.454769 -2.198643 -24.094480
3.281732 10.015610 -2.468138 -6.956517 -5.320798 -12.143970 -34.955540 -18.171890 -16.502020 -1.952289 3.940736 -28.549020
2.588158 9.237761 -0.396806 -3.962691 -3.521248 -12.586210 -36.775140 -19.597220 -17.078820 -1.439949 -2.963203 -23.538970
2.119126 9.937049 -1.180700 -2.520780 -2.474548 -8.788099 -35.678090 -27.896680 -14.708310 -5.586362 -2.201914 -29.046280
1.671970 11.058070 -1.790823 2.316110 -2.151685 -8.390981 -32.083210 -25.502370 -17.424340 -8.627161 -2.309034 -25.781890
1.538788 11.043820 -2.363876 -0.590767 -2.307165 -8.919765 -32.312630 -23.325580 -14.861110 -9.508039 -6.536603 -17.990800
1.844399 11.611020 -0.972176 -2.035971 -1.829567 -10.538500 -32.103220 -19.119570 -17.343810 -8.648840 -4.969868 -21.191740
1.823810 11.077920 0.326847 -2.180887 -3.483308 -11.282830 -30.482310 -24.518940 -17.710680 -13.004090 -3.253491 -16.598980
0.278387 10.391150 -0.067803 -1.076893 -4.750953 -16.151260 -32.635670 -29.834640 -21.777850 -11.138280 -5.471943 -18.531540
0.518371 11.302820 1.436654 0.776051 1.892281 -14.794790 -31.715860 -29.194990 -18.624050 -7.472409 -2.400618 -20.118090
-0.282006 11.500950 0.397899 -1.143422 -0.157971 -9.131597 -30.869670 -26.271320 -19.858870 -9.022436 -9.408407 -21.684660
-0.089632 13.016940 -0.334249 -2.468083 -1.529022 -8.830041 -25.929040 -26.282720 -23.060840 -3.262405 -13.976960 -18.492410
-0.664180 10.883680 1.090660 -0.174464 -0.241290 -16.726760 -27.809380 -25.166950 -21.600960 -6.256234 -15.878960 -22.001100
0.281604 10.322520 -0.472493 -2.717733 -2.096635 -12.982270 -31.114100 -28.261760 -16.686490 -6.196979 -17.008220 -25.549770
-0.132096 8.999916 -1.261792 -3.254580 -0.855771 -18.016860 -33.676250 -27.492050 -15.551480 -7.175411 -12.638370 -28.024800
0.221769 9.927120 -1.949147 -3.568784 1.327644 -14.831420 -33.851350 -26.823500 -18.320510 -5.144116 -10.666870 -25.339390
1.153398 8.661063 -3.735496 -0.682986 -1.584072 -15.406920 -31.064780 -29.797370 -14.907230 -4.740170 -8.241532 -20.631010
1.582539 7.991992 -4.144820 -1.514275 -1.697892 -11.730390 -31.036910 -29.437620 -16.917070 -2.949509 0.094221 -20.882250
1.040161 9.583520 -5.675536 -4.984346 -1.305845 -10.642030 -32.153960 -28.117250 -21.011770 -1.672634 3.560500 -22.812200
1.629506 10.357920 -5.355800 -10.026090 -4.333612 -10.076610 -26.921740 -28.921180 -20.644220 -1.020105 2.861357 -20.253710
0.663778 10.236620 -7.832593 -15.561210 -9.172089 -7.357835 -24.896320 -34.929010 -23.502730 -9.166961 7.681767 -14.440390
1.118654 10.351870 -9.771088 -21.215560 -6.694825 -3.466813 -26.337840 -33.129470 -24.484250 -6.105928 9.091502 -11.690650
0.744845 9.404813 -11.549720 -22.977600 -15.201590 -4.453239 -25.192910 -32.814590 -24.473930 -13.884970 8.588610 -10.643090
0.847787 6.998744 -13.454230 -23.120540 -14.529080 -5.359499 -18.458420 -30.355640 -26.865090 -10.115760 3.268577 -6.970967
1.224171 7.185652 -12.113500 -26.197360 -16.069740 1.245522 -13.519210 -27.521710 -14.549310 -15.804980 2.163849 -5.178375
0.355594 8.612718 -13.092790 -29.016630 -23.442770 2.504304 -16.143540 -25.325910 -7.342106 -21.226820 -4.057302 -6.995309
0.051914 11.084400 -14.353200 -30.399920 -23.191320 3.791224 -15.680430 -20.993640 -5.839544 -19.460730 -11.492750 -6.034681
0.315060 10.483960 -16.270840 -29.664140 -22.679500 6.112883 -12.994630 -16.048340 -3.644551 -23.483570 -11.957210 -4.578526
0.691443 10.471440 -17.959100 -33.230380 -22.608090 7.590929 -13.105410 -19.568310 -4.428526 -25.152830 -12.835440 -0.209191
0.709458 11.263540 -17.298010 -33.730340 -21.172310 7.736398 -8.463514 -16.929860 -4.781625 -22.688690 -15.038350 0.029880
1.409467 10.920370 -17.421580 -33.009720 -20.015510 8.471704 -7.540139 -19.151520 -3.002366 -19.897920 -14.356380 0.749698
1.393382 8.428399 -18.726780 -33.978680 -22.120070 3.954743 -9.992945 -20.321290 -5.851245 -26.939880 -17.192200 -0.051839
2.031625 8.898045 -18.307420 -32.319390 -21.425250 6.497790 -6.078603 -19.892320 -2.817213 -25.740330 -16.306620 4.779119
2.611963 10.820650 -17.591480 -31.023710 -19.189010 8.689908 -8.077583 -17.632640 -5.598639 -22.057840 -12.954010 5.579787
1.127662 9.336179 -19.193250 -34.420010 -18.428730 9.175158 -8.507111 -18.029660 -6.677207 -21.895250 -12.775740 -1.469743
0.726186 10.270720 -20.018850 -32.841750 -20.072800 8.532228 -10.368870 -22.082800 -6.211227 -22.815150 -11.152590 0.765347
-0.089632 12.072470 -19.252720 -32.594730 -18.639260 4.840828 -18.027460 -19.503660 -3.217116 -21.242720 -14.903430 1.026151
-0.694419 8.397320 -15.720180 -31.266120 -13.925760 4.778712 -19.421100 -23.727170 -11.704560 -13.131270 -5.213546 4.837365
-2.741687 5.525058 -13.773960 -27.127460 -10.619760 1.307107 -22.027560 -30.573920 -11.783710 2.752712 5.563076 -4.242089
-2.032671 2.051496 -12.525140 -20.231450 -7.975860 -2.415616 -29.625400 -26.493410 -9.997573 11.375780 -2.685182 -22.727870
-1.851878 2.603588 -12.196140 -17.993160 -1.822871 -11.920990 -29.571800 -23.594830 -13.021970 6.068830 -22.901470 -23.325980
-0.738813 7.507238 -6.694211 -7.128439 -2.795923 -12.373320 -35.595180 -23.330910 -13.236720 3.740538 -29.906800 1.273045
-1.362258 7.912566 -2.266565 -6.714112 -10.694900 -14.939190 -15.774050 -23.924920 -22.572150 -1.625663 -21.895680 1.170462
-6.938521 7.937603 1.192605 -6.601473 -9.332032 -2.821230 -3.395667 -29.543340 -20.099770 4.809298 -37.201610 -8.529705
-7.388251 12.440240 5.470422 -13.320290 -11.815250 -0.785730 -9.339721 -40.837970 -24.183460 -2.605541 -32.661670 -7.436937
-7.755627 14.128030 4.573772 -19.473280 -8.707881 2.038698 -9.390464 -39.392100 -20.483840 -1.722495 -26.942600 -10.444880
-9.512082 14.610620 0.335342 -23.768710 -5.671186 -0.321717 -11.160030 -29.654380 -16.667900 -0.564130 -17.707360 -21.264760
-9.921278 13.988600 3.476321 -17.907530 -2.165820 -3.062262 -15.256620 -29.575280 -25.984750 -6.178190 -15.662270 -22.168880
-11.224790 15.208470 5.105120 -15.930090 -1.626476 -0.030780 -16.747450 -22.754390 -25.439610 -12.303870 -11.469860 -20.655350
-12.025160 15.622430 12.755610 -16.778510 -6.282691 2.075861 -17.137670 -21.511600 -24.091230 -10.101310 -5.004212 -22.927820
-14.850290 16.604890 16.666580 -13.091720 -5.449497 -3.343112 -18.582060 -21.349600 -20.307640 -19.462900 -10.937530 -24.204890
-15.249190 16.675680 13.810580 -15.227910 -7.176143 0.722578 -17.166980 -28.488410 -21.932030 -19.774350 -18.608480 -28.431650
-11.054290 15.716970 17.068950 -15.047420 -4.298648 -4.466512 -15.887680 -20.909980 -13.238780 -16.260950 -16.650880 -26.006180
-12.534730 17.989650 17.924670 -12.929020 -3.135896 -3.982855 -14.125270 -24.523500 -11.621270 -17.565290 -14.652390 -15.214110
-15.292300 17.207920 15.949880 -11.935030 -0.957689 0.710898 -15.868390 -28.041190 -11.895910 -16.435110 -12.920480 -10.397060
-17.930200 17.732390 14.952050 -6.741778 4.841937 -1.007119 -13.474900 -26.631830 -16.855810 -20.777350 -10.110820 1.100045
-20.521130 20.385800 12.550170 -8.991923 6.358797 -0.878108 -15.963440 -15.534950 -16.747740 -18.879020 -13.009610 -5.842556
-21.987420 14.438390 6.636608 -10.684140 8.480466 -4.016833 -5.719830 -12.005090 -11.896600 -18.209870 -8.890796 1.299125
-15.516200 13.310900 8.637659 -2.324485 4.627687 -5.146074 -0.075945 -2.986123 -8.974069 -2.857013 3.862236 2.526643
-12.416990 8.772863 4.985412 1.858308 4.164967 4.614130 -2.484441 -6.952554 -13.785980 -15.667680 -6.103216 -2.431240
-13.679960 7.557311 3.341939 5.744024 8.367389 9.157638 1.278387 -5.822330 -9.603176 -14.013600 -6.111393 -1.990481
-14.060850 10.019930 3.886417 -0.826584 1.024867 3.446665 0.994656 -11.575370 -17.941950 -18.464230 -11.976840 -8.904393
-13.686400 8.461205 3.857842 0.893960 0.472876 -5.274553 -1.469585 -10.188830 -23.993490 -9.392419 -1.394015 3.933245
-14.714540 6.916728 -1.585389 -1.563019 -1.250794 -8.845968 -7.386481 -6.362343 -13.397780 -13.444890 -10.113270 2.057195
-15.709220 8.791857 -0.178243 2.385933 -1.016459 -4.470759 -7.848884 -4.307253 -19.086590 -21.137220 -6.871865 -1.314999
-15.874570 5.552685 -3.805004 2.698160 3.851031 -0.604691 -4.393371 -9.488332 -17.197890 -19.038720 3.977533 4.442682
-16.720630 9.318913 4.155953 1.222655 5.780024 -2.380576 -6.730398 -20.317490 -20.384730 -14.205090 -0.804445 2.729200
-21.398070 14.415950 11.104410 -6.303737 4.620992 -7.794772 2.777801 -8.067566 10.681060 -7.171075 -8.340475 3.855004
-26.964040 17.866200 5.842675 -6.413742 10.128260 -2.891840 -7.174219 1.984275 7.313894 -2.402483 -4.346772 0.126377
-29.814260 17.592960 3.753580 -17.466850 5.907979 -6.521124 -9.848578 2.795054 9.069751 -5.101481 -5.180838 -3.965637
-30.941480 12.016780 7.490781 -10.880440 7.415167 -1.663320 -11.899020 -3.914032 4.228928 -6.793143 -13.828140 -0.304819
-30.457010 10.834900 8.677819 -13.179990 7.092305 0.006384 -11.570260 -3.122267 2.092440 -16.192300 -8.589877 11.188810
-29.143850 10.303100 4.814732 -17.295590 3.336236 2.936463 -10.520380 -3.245481 3.959114 -9.317266 -4.166875 6.057058
-28.982360 11.733610 8.188949 -11.922510 7.964183 9.562719 -11.744640 -8.968855 10.256380 -11.027720 2.779586 9.779600
-31.502520 9.387978 9.984566 -10.761210 9.334489 5.445532 -12.049820 4.343597 14.845290 -11.636890 3.254676 15.137380
-30.388160 7.026370 5.794792 -16.769940 2.044785 -1.843829 -16.130680 0.155837 7.704849 -5.087029 -7.780343 13.359570
-30.841110 9.522655 6.302198 -14.685790 0.196136 5.081860 -10.650460 -6.195015 8.605147 3.073556 -2.535540 19.602340
-30.372080 7.839616 8.075418 -17.096000 -3.934125 7.450769 0.665900 0.947603 3.928140 -1.856180 -2.605864 18.198350
-31.252240 11.308000 10.875810 -15.940630 2.834088 -3.724834 -13.429880 -0.378091 13.622180 -6.746172 -20.002680 15.508590
-28.433540 12.550750 8.765862 -10.091310 1.696630 -2.199537 -8.815141 6.018397 18.242050 -3.864350 -11.383180 19.445860
-21.493290 9.481216 4.112703 -6.722017 6.930873 6.732983 -4.162527 1.379613 10.632880 -2.233390 0.111393 20.927230
-23.168680 8.815598 6.638153 -0.010445 3.954437 1.536459 -5.856336 5.227393 4.945449 -0.369744 -4.049942 3.354260
-21.258460 4.920304 5.125200 3.261355 8.233483 6.484518 -0.797065 0.814501 0.053692 -0.211489 -5.502198 -4.476812
-20.620210 0.209174 1.935566 -3.645194 1.612566 6.325777 -5.048739 -1.576006 -11.727960 -3.148953 -2.618129 -3.798722
-22.670060 5.409805 4.803920 -0.792990 4.121075 1.178628 4.477327 8.402059 -7.031682 -5.932498 -7.198950 -2.621627
-24.097100 3.465612 1.811996 -0.681668 -1.654745 2.972564 -12.886000 -3.655435 -5.078283 -9.524659 -4.936342 -10.690900
-23.931740 0.526443 -0.267831 2.347069 1.102979 -0.625927 -8.519975 -0.277694 -2.322324 -5.959958 -7.807327 -10.058890
-21.833000 4.896131 6.583319 1.552009 -3.700533 -5.137048 -1.909833 -6.772296 -0.441885 3.306964 -6.661714 -0.891628
-26.168810 6.226505 -1.674205 4.885069 -3.350890 9.337615 2.203907 -10.248910 -0.596065 3.477503 4.848396 4.254903
-25.546010 8.434443 0.140720 7.266956 -6.014135 6.478678 -1.710435 -13.144450 -1.517012 -2.937225 7.770080 4.453983
-20.447790 2.029481 0.756250 4.491162 4.275811 0.245292 -6.247269 0.637285 3.318993 -5.609486 -3.276387 -5.021893
-12.503200 -4.605987 -10.350320 4.136777 7.358629 -6.038529 -8.648619 1.014534 7.774368 1.652879 -15.888770 -0.220492
-10.756400 -7.902569 -12.383810 -6.572490 12.246200 -2.784597 -4.639223 2.245914 12.480970 1.230867 -20.046020 9.543138
-8.762532 -5.774488 -12.702000 -6.815553 13.483350 -3.869772 -7.926785 4.701831 11.891100 4.020193 -23.658670 8.121756
-8.025850 3.304171 3.070087 4.256003 17.452180 -1.909130 -11.279380 9.005960 10.117350 -8.012208 -20.160500 9.640504
-6.867748 4.142885 7.130113 0.470411 21.030450 4.922588 -11.979780 2.897732 14.913430 -4.844228 -25.752010 2.283226
0.616167 4.882749 -5.171990 -6.289246 14.425900 5.051598 -4.496286 -6.574545 11.570350 -7.520824 -21.086150 2.863949
1.641731 0.566587 -13.021740 -5.551493 2.651827 7.203897 -5.331040 -18.678430 1.049664 -9.030385 -22.261200 -11.598500
-0.522634 -3.352448 -16.229900 -2.516169 -1.282039 8.523733 -7.863177 -22.227310 0.260871 -12.637720 -19.662510 -13.865750
-0.524564 -5.963123 -17.980730 -2.199989 -3.752608 5.783720 -7.131338 -24.146250 2.687821 -13.965900 -17.445700 -22.483590
0.959094 -4.840809 -20.172540 -3.823045 -6.425524 8.149975 -6.494551 -20.328900 -6.629026 -12.454900 -15.896130 -24.658690
2.910496 -4.650879 -18.421720 -4.469895 -8.024216 7.984862 -8.424207 -19.419240 0.307675 -16.751620 -17.549550 -24.182290
3.108660 -3.762092 -16.402900 -4.469895 -8.019752 7.773561 -5.416803 -21.753460 1.805419 -15.190030 -19.584830 -20.265010
0.442451 0.874792 -15.419750 -4.575947 -6.703008 5.153002 -8.377037 -18.049430 7.552047 -17.357170 -28.365420 -17.648280
-1.788826 2.556537 -10.258410 -2.817198 0.242260 -0.422059 -9.762815 -17.474430 10.577820 -11.553060 -33.059080 -12.893820
-1.093964 6.273987 -5.471646 4.951599 5.294242 -0.636545 -13.622130 -14.515010 13.726800 -4.732944 -32.564370 -9.197364
-2.586630 5.307934 -2.304409 -0.211351 11.123620 3.154135 -11.314400 -10.212410 12.467210 -3.219048 -14.298320 -7.408248
-5.381517 0.257951 -9.910104 -1.180969 11.949380 16.775630 0.797403 -12.543590 2.106895 0.648432 -13.801970 -12.985110
-6.775743 -2.135168 -11.280180 0.429571 9.611229 15.702670 3.371706 -12.300200 4.101592 -0.923996 -16.676230 -11.805400
-9.495997 -3.276907 -14.979540 -4.041736 -1.036544 9.269128 -3.695121 -15.325790 -2.028420 4.052711 -10.687310 -15.484480
-9.129909 -0.905802 -12.327430 -0.361536 4.212578 6.197828 -5.825604 -8.755132 11.226890 8.595121 -19.951980 -16.299060
-9.555833 -0.649397 -10.073830 -0.363513 6.451787 4.538742 1.077560 -4.533145 -2.992730 1.230144 -11.234360 -8.401912
-11.046570 -1.909411 -8.420321 4.538589 7.853338 6.387362 1.346282 -3.093365 -4.533148 4.614912 -8.997915 -5.986867
-11.632700 -1.756603 -13.554630 -3.028643 3.086278 3.658497 -9.938629 -4.012908 2.932856 4.589620 -3.538055 -0.013588
-18.358700 5.215127 -1.817082 -8.578914 13.646270 -1.497146 -7.417212 -2.754146 5.721853 3.888675 -1.836397 -4.931480
-20.105500 8.879051 -5.598305 -8.703409 13.383660 -2.012657 -3.352072 -3.472895 4.976423 0.725030 -1.399739 -9.093041
-25.428910 9.845537 -8.214114 -16.471550 14.922840 -1.061802 -11.055690 -8.043988 -7.653218 -8.489862 -1.563281 -10.011070
-30.973650 11.512600 -6.394555 -18.746070 14.756950 3.531079 -7.534421 -1.263407 5.564920 -12.853060 -0.308911 -1.427145
-32.329910 11.380090 -7.376159 -20.114860 12.160650 -1.514135 -4.213984 -5.615452 11.716960 -5.730164 -1.344952 10.712410
-31.763090 7.766234 -2.448830 -16.611190 11.654790 4.033318 -0.478314 -4.137643 14.028960 -12.187530 -1.037493 12.092930
-34.482700 3.129349 -4.383463 -20.629310 5.932528 3.064942 -5.125210 -10.421570 3.571600 -11.692530 0.841609 10.495940
-32.055190 10.856480 3.659358 -13.994150 11.485920 5.366957 -7.292142 -2.621805 11.714200 -8.813598 0.113028 -1.780100
-31.001960 8.402499 1.780332 -12.682660 9.081555 4.184626 -0.304645 -6.981456 16.201240 -12.920990 -11.639120 -3.106722
-34.391340 8.927398 5.395508 -15.221980 8.408305 8.242884 4.418008 -7.308506 10.482830 -15.462450 -4.844758 18.469590
-32.566040 5.280739 5.291246 -16.063150 4.644053 6.181901 -6.475969 -11.182150 10.334160 -10.442390 -3.529878 11.230540
-35.268920 3.439712 3.389823 -17.975380 1.372279 0.796374 -4.487710 -10.143190 10.761600 -7.330052 -2.874073 14.221960
-32.161350 8.550127 10.001560 -18.069570 -0.194423 -1.837458 -5.030872 -13.774210 9.625210 -1.752122 -1.961507 9.826545
-25.187000 9.612441 7.752594 -9.793570 11.872760 3.066535 -1.488167 -15.001020 3.869634 -6.100870 -7.609441 17.555900
-18.009980 8.027820 2.100067 -5.388793 8.675373 5.096195 -2.305055 -19.207800 -0.904424 -2.327331 -12.680890 13.409120
-22.424920 6.374564 2.707102 -3.419257 3.400958 11.544600 -6.773279 -6.367667 4.860100 4.609854 3.818897 8.391253
-22.078140 5.298869 5.000086 0.677245 3.650916 6.344889 3.795515 1.082986 0.055757 -1.305541 -4.189771 -0.333507
-22.554890 2.470205 2.866197 0.127883 10.300100 9.061543 5.122690 -3.791579 -7.454299 3.199293 -2.869167 2.939582
-22.324550 1.672499 -1.568398 -1.155938 7.649503 2.899830 -3.527884 5.311817 3.072582 6.156268 6.987530 6.225711
-21.106620 5.195702 -1.501980 -1.869977 6.580485 9.806406 3.931306 4.510925 7.069547 5.328141 7.671137 -1.146346
-20.693560 3.477267 -0.156618 2.351680 9.835150 -0.886603 -9.376170 -0.987316 3.660391 -5.647062 -0.126562 0.298508
-21.825930 1.268897 -1.398491 3.227761 8.584615 1.634677 -6.198671 -1.703784 -0.839035 1.767776 -3.520065 -9.006976
-22.752410 4.675984 1.855245 8.747730 4.635126 -3.300108 1.284819 -4.273027 4.788517 -4.318881 -7.636426 -6.858821
-8.393227 3.750075 -22.674050 -9.124982 9.235547 7.658354 0.648033 -11.441500 0.174145 1.078393 10.699120 8.466017
-2.246276 4.369075 -19.755490 -8.837127 7.260431 0.069562 -7.511551 -8.037143 -10.062960 9.555488 5.152585 19.084220
-0.062610 6.954714 -18.390820 -7.122511 6.850530 3.622926 -4.852200 -7.681191 -5.728039 10.934980 0.286383 16.342300
-1.651140 10.894040 -7.672726 -6.273437 8.322754 12.936110 1.920176 -6.275637 -7.903760 -1.623495 0.045158 15.853720
6.895012 15.898260 -7.521353 -13.496170 -12.263830 7.088160 -3.927395 -16.171560 -11.638480 -8.171908 -5.127687 6.891631
5.051055 17.084030 -9.550980 -25.138820 -19.990960 11.027490 -6.192238 -21.923830 -9.579774 -17.760400 -6.487541 -1.734894
5.844999 15.533940 -10.117080 -24.925400 -21.260100 11.636440 -5.506139 -21.833320 -2.444154 -18.308870 -2.589509 3.575074
4.293142 14.953790 -9.787307 -27.495680 -25.177600 10.005500 -14.887120 -23.458690 -6.039152 -19.813370 -4.453074 -2.611195
5.544536 15.873230 -9.127755 -27.813830 -25.911850 8.726009 -15.768330 -25.119800 -5.038362 -19.066900 -4.417912 -6.956188
5.976894 17.389220 -8.754730 -26.666360 -23.916650 6.517434 -15.671850 -23.525620 -7.245744 -19.989690 -6.377967 -6.200727
5.848216 18.782180 -11.056210 -22.366320 -22.463760 5.223612 -8.421348 -17.636440 -13.283520 -20.150110 -9.374063 -0.662120
5.063280 19.775430 -10.660790 -17.274510 -18.092470 2.510675 0.995371 -11.668920 -16.754630 -19.357400 -19.957700 -0.228316
-0.110221 15.635820 -3.896909 -13.098310 -11.906750 5.428012 1.652168 0.950645 -8.528737 0.230756 -1.596807 7.058546
-2.478540 12.098800 -2.828806 -7.410366 -7.823356 4.907722 1.216209 -4.618330 -2.698137 -2.079471 2.557168 2.765713
-5.253482 9.841652 -6.415407 -10.620910 -0.121519 12.213010 6.105384 -4.729375 -2.663722 1.446931 4.552384 5.661506
-8.378428 7.922926 -8.249640 -11.462740 -6.639774 13.198900 10.061180 3.080272 -3.071196 -2.424885 3.287385 14.382790
-10.421190 4.168785 -9.574149 -11.782210 -9.499415 4.638552 8.027179 8.761053 8.601707 6.716300 10.262470 27.925470
-10.271930 6.873562 -5.303283 -10.356110 -12.816570 -1.607575 4.134992 1.808580 -0.289082 14.983110 16.386310 8.619022
-11.173320 4.628070 -6.830909 -10.953550 -9.495695 0.416775 4.308661 -0.445022 -1.130875 -1.115491 4.966964 8.152184
-11.753650 7.672564 -7.208568 -6.085705 -0.312707 5.372797 -1.976299 -3.548193 -9.917729 -9.605593 4.970235 9.921303
-11.477640 8.430126 -2.873600 -0.381298 -2.234261 2.759670 -4.596342 -5.517337 -11.622650 0.342763 4.092013 -1.839215
-15.352780 5.739593 6.084407 -11.898800 -2.754263 0.973697 -3.548610 -9.794846 6.563646 -6.795310 -6.931558 10.496810
-19.258160 10.465830 -0.403757 -10.028070 -6.006695 -1.102151 -9.619879 -10.016940 9.290696 -10.769020 -5.786762 12.047720
-22.562610 8.323937 -0.882588 -9.604521 2.628021 2.187883 -14.526920 -10.359200 9.630029 -8.231886 -3.589571 10.860200
-29.843860 12.254200 5.755404 -18.365330 -1.478435 3.599035 -6.884056 -1.802659 17.796720 -6.976689 -9.162275 4.620028
-33.286000 10.095040 7.992782 -12.012100 1.056856 10.501890 -3.234148 -8.509464 16.563290 -5.879025 -4.020504 8.054816
-30.399100 7.119608 7.690809 -14.388050 -2.461901 11.862610 -3.399241 -7.500933 12.603490 -3.124384 0.099944 12.678000
-26.247300 9.363374 13.269190 -15.028980 -4.081422 2.202218 -9.829282 -16.832500 2.371202 -19.798190 -15.336000 7.727073
-15.554160 15.679410 18.164860 -6.755611 -3.405196 -0.942348 -17.752300 -26.474390 -9.884003 -27.708030 -9.340537 2.890899
-13.842100 13.207730 24.694730 -8.067098 -12.062970 5.260776 -21.346470 -24.616290 -13.603580 -31.416530 -6.710776 -10.156250
-14.563980 13.329030 25.704130 -7.175866 -19.489560 0.984316 -27.423450 -26.856200 -17.383730 -28.971900 -7.091830 -16.381640
-14.698450 12.984560 25.816890 -5.617364 -23.053700 0.987501 -25.843280 -30.611950 -10.784300 -31.348610 -2.896969 -21.310840
-14.965460 12.808450 26.241660 -6.283976 -21.640990 5.114245 -24.062280 -33.443600 -14.275360 -29.502300 -4.046671 -16.766760
-14.309840 13.146870 27.938420 -5.916417 -20.548160 2.426260 -21.861040 -31.990890 -14.911360 -29.425700 -2.206820 -14.124820
-13.631710 11.749590 27.064170 -9.039350 -21.621640 1.353296 -22.184080 -31.792380 -18.118840 -31.368120 -2.715437 -16.139100
-12.911760 11.706420 27.406300 -9.070309 -22.412430 3.588948 -22.547860 -29.448260 -13.964250 -32.373290 -5.587240 -14.822900
-11.582510 10.924250 25.144210 -10.777680 -24.600310 1.908626 -25.423040 -32.012180 -16.079400 -28.916980 -11.804300 -18.448080
-9.729548 14.174650 25.360460 -8.962940 -27.721820 0.762396 -25.800400 -25.228560 -14.726890 -22.573790 -7.377211 -15.008940
-10.443710 15.312500 19.678580 -8.240996 -18.361030 -6.602353 -27.349120 -28.593370 -18.994360 -15.846890 -10.126360 -15.601840
-11.862390 15.222720 23.824340 -10.585340 -23.926320 -5.369055 -21.505840 -25.164670 -25.195270 -18.497470 -5.356646 -15.053280
-12.025810 14.557100 26.620860 -6.042231 -20.120410 -5.232081 -16.871100 -20.964740 -23.824860 -16.589750 -13.252470 -10.954310
-10.851620 12.582690 26.025420 -2.080105 -12.497430 1.045370 -11.091420 -26.583150 -22.779330 -11.645560 -18.801460 -13.904870
-12.143550 12.826580 22.000140 2.968230 -2.113001 5.406775 -7.323588 -24.924330 -25.404510 -11.396250 -2.407977 -7.573424
-10.260340 13.033340 21.808610 -0.893114 -8.348566 1.643172 -12.181320 -16.865210 -14.621580 -1.017214 -11.866450 -6.343299
-10.712650 9.290422 17.569410 -2.659767 -9.547026 0.252725 -16.188570 -25.498570 -16.133780 4.645985 -9.804997 2.025030
