-2.225545 10.109470 4.305731 -7.574963 -2.936452 -18.449500 -34.889760 -16.588090 -9.904572 4.617491 -0.040283 -16.142380
-4.148242 8.725111 2.406905 -7.278437 -0.320319 -18.273750 -35.421470 -15.512300 -17.832800 -5.391959 0.132532 -17.945280
-5.299215 8.357691 3.003471 -4.512527 -3.904222 -16.639750 -36.286720 -21.705510 -20.546190 -7.355851 -2.363522 -9.538982
-8.141052 9.891057 4.768312 -2.277506 3.239596 -16.382260 -36.916160 -27.343600 -24.477350 -2.371433 5.455086 -10.603340
-4.726563 7.163984 4.327557 -0.383311 5.300563 -11.200650 -36.760150 -27.724070 -23.363080 4.770996 -3.189274 -18.411920
-3.067828 8.643462 0.354694 1.410136 0.196465 -14.086430 -39.871490 -26.193190 -20.528470 5.972873 -9.600778 -19.028360
-2.585893 8.776958 -1.354977 6.521103 -5.656764 -17.212480 -35.461810 -20.177910 -12.632850 4.827441 -12.779410 -21.945060
-3.210203 11.113750 1.362915 4.940583 -6.715005 -21.249240 -32.998740 -13.617350 -11.911970 1.280320 -17.561110 -17.137080
-4.841220 11.742850 -0.504991 -0.073209 -5.834280 -24.428140 -33.921390 -13.306590 -14.022150 1.554976 -28.752140 -25.767330
-3.819393 11.604050 1.526000 -0.087499 -8.038493 -20.325010 -24.573920 -16.420000 -17.092080 7.139644 -22.169990 -19.641070
-2.822136 9.209697 -0.608057 3.845937 -5.333945 -16.661870 -25.557530 -21.056100 -14.188720 7.383324 -17.988450 -28.978400
-3.966178 9.699183 0.971267 1.217215 -8.477828 -17.387610 -23.717620 -17.589270 -14.167460 2.053349 -14.537930 -30.097440
-6.574293 10.159270 2.648805 0.409807 -1.264101 -18.621560 -26.655910 -13.588650 -12.702310 0.723436 -11.276140 -25.650480
-5.533567 9.887792 0.768774 -3.266402 2.100478 -23.478090 -30.096320 -15.295010 -14.726010 -5.201283 -8.082321 -25.946350
-6.926452 11.515050 4.075956 -2.425411 5.252585 -21.753760 -25.982540 -20.076230 -15.721210 -1.307227 -8.269597 -21.634220
-7.010239 12.812860 -0.463765 -5.841535 4.116209 -13.128400 -29.883820 -34.230510 -13.455090 1.542585 -11.532110 -24.417590
-6.792266 13.886140 0.241322 -3.972349 6.323164 -13.760730 -31.397340 -36.337000 -14.777050 0.135576 -7.166185 -16.973790
-4.827990 13.994320 -2.465050 -4.691871 8.970825 -16.823490 -31.900360 -27.030380 -16.324420 -3.761921 -0.292636 -12.441450
-5.085652 13.792240 -3.827330 -11.148280 9.305295 -19.574070 -31.085310 -34.069790 -27.429620 -8.709167 1.999511 -18.569210
-4.593008 15.288870 -4.785837 -9.049019 6.687106 -13.430120 -28.793500 -33.203090 -27.165220 -6.945588 8.920060 -13.045910
-3.635439 15.440730 -7.198777 -13.534780 5.081923 -6.043626 -30.346480 -37.493160 -21.347880 -3.387453 11.769700 -10.132960
-2.953171 13.356240 -6.978096 -14.250020 -1.586234 -8.835992 -20.829550 -34.742170 -25.401660 -5.477315 16.163100 -7.909107
-2.359731 12.164160 -5.758894 -19.833280 -5.695831 -8.250972 -20.557870 -28.045500 -17.396170 -10.526440 16.225280 -7.131620
-2.301143 13.812650 -3.941308 -24.118260 -11.106980 -0.671516 -14.425750 -27.449380 -14.850060 -14.039140 14.650430 -8.659629
-1.511148 13.317860 -3.630294 -23.866750 -12.912300 1.248236 -16.134740 -26.263710 -8.191337 -17.987580 7.309772 -11.553860
-1.299475 12.426660 -4.222010 -28.992010 -15.217270 0.062832 -17.478800 -24.650010 -7.374767 -23.628000 6.925097 -10.569640
-0.232290 12.193150 -3.667276 -32.195210 -17.126080 4.814894 -19.557210 -25.837320 -4.892454 -19.821370 9.714719 -11.825750
-0.958656 13.410130 -3.144068 -35.283360 -21.608530 2.251742 -18.960950 -24.815650 -9.502666 -25.030880 10.657610 -7.000541
0.659131 13.797550 -2.911868 -32.926160 -20.740140 6.286663 -17.955820 -11.110710 -7.987903 -22.120490 4.017613 -4.908518
1.668358 12.977790 -1.784819 -34.731750 -22.452920 8.160325 -16.833220 -8.581115 -8.521649 -24.266120 6.773251 3.359206
2.642306 11.533020 -3.065860 -36.132930 -17.879320 11.220010 -18.139630 -8.799226 -7.146525 -21.456230 -0.353374 -4.800659
2.349996 11.281950 -4.723392 -34.635290 -21.321350 9.821980 -13.222450 -4.858464 -2.096840 -22.031700 3.622814 -2.090691
2.854609 14.663840 -6.145692 -36.868170 -22.357660 4.098981 -10.991610 -6.476259 -2.831185 -17.942150 0.608315 2.103093
4.799985 16.309480 -4.867683 -34.520260 -19.579090 4.996176 -12.543700 -10.707290 -10.827470 -11.355230 5.280102 -5.889739
5.317829 14.917770 -3.796411 -35.116170 -18.220640 8.102561 -11.442620 -8.189991 -14.653710 -8.989330 4.417473 -0.195660
2.901227 16.191900 -3.381725 -33.825030 -23.028650 2.928940 -13.540760 -6.113014 -16.553370 -14.289710 5.588854 -5.426093
3.465689 17.145970 -3.231977 -29.495740 -16.836160 0.292661 -11.664990 -7.246208 -11.299540 -9.104975 4.601134 -2.265213
2.252979 15.655880 -3.898870 -25.034280 -13.422920 -1.099220 -9.814325 -7.237189 -18.487760 -9.163486 18.633850 0.185593
1.713716 14.532800 -6.112348 -18.770070 -4.340815 2.667770 -7.813025 -9.418302 -18.975430 -9.789206 17.586110 12.357980
1.551812 10.797770 -9.049101 -17.328170 -1.675334 -2.775623 -13.625040 -16.642210 -17.592510 7.323437 12.809480 10.437480
-3.212093 11.702850 -3.703652 -13.078200 -1.247651 -1.223353 -7.355739 -8.476159 -0.309886 6.181447 8.615645 1.120374
-4.670496 10.293590 3.141700 -0.464052 -0.676036 2.839221 -5.383131 7.213093 -18.238250 -6.622059 -9.362886 -5.937676
-6.545314 11.226020 1.592690 -4.084529 -3.889829 -1.260224 -7.762814 -7.077295 -19.904710 -7.312484 -8.466996 0.790055
-5.871866 13.547700 5.780777 -0.426897 -8.934298 -0.068060 -5.739994 -14.461920 -16.719240 6.334262 -10.772880 1.577279
-7.175293 13.079860 10.543600 -0.539791 -16.692220 -1.608655 -8.456813 -18.671630 -18.548720 4.777191 -9.890731 -4.422401
-8.628026 14.200080 16.588680 -7.488506 -14.908840 -2.344846 -8.051532 -11.651890 -15.320010 -1.718179 -3.808949 -9.269334
-10.968400 15.287230 16.931830 -10.089360 -9.199543 -3.272153 -12.098070 -14.411080 -27.355190 -12.966680 1.164360 -5.166931
-11.945500 18.151480 17.097340 -10.633110 -8.541569 -0.913021 -11.168250 -14.133930 -28.054090 -14.057730 7.129004 -2.112412
-14.036400 17.892240 19.250190 -9.639214 -14.549700 -6.912553 -16.924680 -9.574095 -23.567220 -13.372810 3.726214 -6.621535
-13.562030 18.550740 20.421500 -8.571005 -13.951350 0.138418 -20.990050 -18.448600 -26.460650 -6.094086 11.070480 -11.732120
-12.790930 21.575420 21.283000 -5.798664 -12.285170 1.954931 -14.301110 -17.285890 -29.303750 -12.719560 15.662730 -10.321710
-12.182370 19.052880 18.945850 -3.419310 -15.567500 3.832895 -10.866080 -23.388900 -29.927520 -16.396090 6.421113 -10.911940
-13.221840 18.319670 23.567420 -5.525717 -10.252990 4.341715 -5.530180 -23.456140 -30.052280 -19.212170 1.119529 -6.067257
-15.145790 18.708730 18.611190 -11.150420 0.195780 4.355235 -16.204680 -20.493600 -30.911380 -16.851100 -5.391759 -6.922643
-15.747420 19.235770 19.962560 -6.981910 4.112097 2.185989 -16.506850 -18.266570 -12.445010 -15.795150 -11.425100 -9.919487
-18.638400 21.796290 20.328740 -4.881934 2.521993 -1.869210 -11.840730 -17.189130 -31.768350 -13.637140 -7.219693 -7.854428
-19.556280 22.185340 17.424120 -2.066722 6.558253 4.780481 -6.119272 -12.719490 -16.653320 -4.121245 -12.009340 -16.459210
-19.337680 20.648300 11.091670 -1.212870 8.186053 -4.352474 -11.891840 -4.577215 -14.098700 -10.039770 -11.256620 -7.974272
-11.905180 13.957990 9.329253 1.440146 7.009240 -3.465111 -17.680550 -13.033540 -18.777670 -15.841960 0.527331 -3.850147
-11.561210 11.455450 11.270520 6.446793 3.855076 -1.182794 -9.974824 -6.395082 -10.570160 -8.443460 -3.957179 -2.267460
-10.870120 9.410145 6.710789 3.956688 0.136151 1.559796 -3.191743 -6.499218 -14.538180 -9.898655 -5.289806 -4.120545
-13.628800 8.336054 7.357069 7.646473 3.804357 0.603607 -9.884263 -4.131973 -12.408860 -5.078754 1.959019 -0.498266
-14.893800 6.294831 3.324186 3.606573 -0.391599 -3.935217 -13.505790 -3.305446 -2.700761 -4.461295 -7.380215 3.076075
-11.585780 9.224394 5.429142 3.267176 -0.889192 2.662240 -11.014030 -4.093435 -3.141651 -6.459606 -4.364270 -3.215724
-18.291910 13.003510 4.964743 3.910244 13.482750 -10.302230 -1.320456 -14.038820 -11.965130 -3.786702 -12.905230 -10.475260
-21.919960 16.343360 2.479657 0.710620 12.814490 -13.087840 6.909802 -14.882560 -12.301830 0.238142 1.403697 0.208063
-26.469670 15.766510 3.602462 -1.968833 2.434263 -0.723136 -5.288984 1.333928 -4.045406 -3.118992 -4.556608 12.525010
-32.750570 11.925750 8.373777 -15.082430 6.815274 -2.970425 -2.793635 6.164355 4.819188 1.928755 -3.017905 12.609650
-34.975650 12.376040 6.250027 -11.086830 14.941260 1.140081 -2.677072 1.632396 1.364364 5.357479 8.059601 15.120380
-33.146830 18.801400 5.735913 -11.361920 21.887680 3.721668 -4.180737 -2.407582 -8.996564 1.102034 -1.135018 10.492160
-35.555870 15.118630 12.110800 -11.219020 8.236773 1.256839 -3.261681 6.877726 4.853920 4.391709 8.358954 18.989080
-33.168240 10.958210 7.477716 -15.387530 5.426674 4.500261 -2.854606 5.820788 2.648759 -3.863798 1.030591 16.778720
-28.178180 15.997990 17.738160 -8.158726 11.130490 3.926302 -11.144040 -4.958500 -8.632936 -11.661550 -11.746860 -0.645075
-21.447480 20.409070 23.575900 -10.470920 2.886620 -6.755851 -19.489970 -16.993160 -18.845720 -7.245025 -0.298420 -3.871120
-18.194890 20.704640 22.114800 -7.061222 1.504874 1.857222 -16.387590 -20.060660 -12.033890 -8.961107 -6.769217 -5.304751
-14.673310 20.551960 19.952860 -7.012635 -3.380584 -3.362487 -13.256530 -13.224590 -11.707830 -5.984637 -10.877730 -15.630040
-13.076940 20.804660 18.851270 -5.574305 -8.666996 -0.885368 -15.619170 -10.995100 -16.347100 -12.398090 -11.239270 -3.065171
-10.684910 18.365400 20.095930 0.567002 -13.060340 -2.542106 -15.253340 -13.495180 -18.609680 -4.510857 -7.960121 -10.375640
-10.519850 19.971020 20.000750 -0.571945 -8.001482 -5.140900 -15.964380 -19.571950 -17.260070 -1.815237 4.064613 -18.829120
-11.815090 22.784240 17.199800 -4.451078 -6.548456 -5.134755 -21.528930 -19.858120 -18.404830 -2.308104 -1.860262 -8.291109
-11.899510 21.829760 18.529950 -4.040943 -5.143407 -8.408288 -19.073930 -20.273030 -17.421680 -3.873435 -7.811891 -3.888348
-13.594150 22.853640 20.181420 -4.223860 -9.209825 -3.392598 -25.077830 -19.626890 -16.912040 -7.585075 -10.307220 0.920385
-10.201090 19.786090 21.664950 -1.909527 -12.958220 2.660396 -21.276070 -27.186170 -17.420980 -0.297403 -5.195083 -1.856246
-11.590190 18.447450 21.461850 -2.822685 -12.294760 -0.572579 -19.812760 -24.139170 -20.121610 1.815176 -7.242831 1.391521
-12.677530 16.008190 21.352720 1.062164 -11.782090 -2.679758 -18.825560 -23.156850 -10.151240 4.561734 -15.175680 -1.302718
-15.107360 15.157410 24.971530 0.190449 -7.963100 -1.818820 -13.714710 -13.865800 -7.399576 4.658105 -20.168520 1.579526
-16.568920 10.273170 18.346250 9.153398 7.275856 3.116368 4.104216 -11.594490 -3.654842 -6.447215 -21.246620 -1.911674
-13.211130 8.948012 13.015960 9.052650 3.509639 1.704207 4.377691 -6.701750 -12.858960 -14.477630 -14.740390 -4.433637
-12.446960 11.962080 6.575592 5.666536 6.349895 1.116729 -3.810425 -4.268087 -10.884880 -22.269870 -19.523530 -9.880537
-12.312780 7.955162 4.536112 7.462842 8.663085 7.627539 0.923834 -9.053416 -10.422720 -7.055726 -9.966654 1.988493
-13.963320 10.121720 9.018238 7.370668 4.417781 4.379816 1.352428 -1.112854 -2.644054 5.786327 0.606146 -11.374840
-12.612650 8.391167 6.518603 5.968064 9.069521 7.596813 1.764882 -5.990839 -4.787548 -2.167678 -4.659285 -13.387470
-14.363990 7.017424 2.194712 8.221663 15.997440 15.843630 2.735944 -3.980279 -2.480315 1.777316 -3.195058 -4.984918
-13.051110 8.861873 3.349043 6.441792 8.929702 8.364960 4.302373 -0.479839 -8.390516 -0.542459 -2.316522 -4.745980
-7.267271 -3.328309 -11.303200 -2.423268 17.776030 -10.361220 -12.192210 7.499261 3.891333 6.136703 -6.801032 10.433740
-9.088541 1.893138 -4.764011 -3.009175 16.551240 -14.976860 -19.237110 8.819408 11.974800 15.158360 -15.211840 18.862500
-5.312444 5.603265 -3.190751 0.737772 15.937810 -9.612127 -3.736900 16.242570 11.682760 9.590896 -10.731670 17.401900
-3.527713 8.146220 7.604425 9.758596 14.571830 0.589473 5.110246 3.771690 14.683940 5.420120 -20.300840 2.613178
-2.394380 6.083360 8.044575 7.670767 10.824120 6.225825 11.943540 -7.161752 9.866746 -4.069618 -9.746839 -5.524215
0.941361 6.606730 -2.143729 -4.907657 1.375335 12.677030 6.378095 -6.579575 3.315765 -2.113986 -12.731690 -12.740310
2.191871 4.915373 -8.116664 -5.192750 -0.475902 12.422000 2.419430 -12.782630 2.816042 -4.919055 -6.526987 -16.427010
3.505378 1.095837 -12.632740 -5.294212 -0.231218 11.264250 -4.332269 -16.739790 -2.102510 0.048154 -10.147420 -20.196840
1.210993 -1.005398 -9.945768 -9.537751 -0.909754 10.804590 -7.821991 -14.081450 -8.646403 6.293649 -10.358560 -24.569640
-0.552320 -3.900260 -11.235300 -12.085730 -2.806227 7.038217 -7.728741 -15.743530 -6.873626 2.204788 -12.691200 -23.864060
-2.286023 -1.889247 -12.645470 -12.142180 -3.275034 9.248635 -8.630761 -14.286450 -6.945218 10.433450 -13.590700 -15.911680
-2.674090 2.512037 -11.654230 -11.329770 -4.528612 5.076064 -11.414830 -10.479340 -3.844099 13.663930 -8.688257 -8.662625
-3.959249 7.596723 -10.479890 -12.689500 -5.336687 -1.156370 -13.868030 -18.672450 -8.431629 19.189390 -11.588510 -4.519025
-1.968513 10.947190 -8.755062 -6.272391 -0.715789 2.493862 -9.752458 -14.678390 -1.310750 20.080130 -11.049820 -1.075014
-1.305775 6.125410 -4.439053 -1.798062 4.371174 12.503120 3.061424 -5.057716 5.102718 4.210670 -10.835790 -8.631166
-4.376295 4.671243 -5.965631 2.604815 2.189579 10.445710 9.844504 -0.667612 8.785785 4.528693 -20.120070 -19.075550
-3.564251 3.453041 -3.818236 3.857370 5.418450 11.149950 -1.367977 -6.522177 2.162503 8.180446 -16.462030 -24.888730
-4.292508 4.516518 -3.422344 0.697044 7.327260 6.837884 -4.030101 -3.355464 12.594310 12.166050 -4.894284 -21.772040
-7.404606 3.245653 -6.697394 0.109708 3.025754 6.430459 0.109685 -0.667612 -10.105880 -6.840957 -14.321010 -8.431926
-7.088986 5.008452 -2.019444 4.253214 7.330002 10.776940 8.016256 -0.981659 5.922832 -1.375375 -14.641330 -16.704890
-6.970550 5.303205 -3.838243 6.729743 14.384030 14.032650 6.188904 1.593858 -4.859848 -5.391959 -10.817710 -14.522240
-8.743313 4.743910 -4.114094 4.348960 8.983848 10.501020 1.810611 -2.150112 -4.672718 -6.273748 -10.866160 -11.459480
-10.305030 5.395468 -4.324469 4.185335 10.477310 3.430386 -1.176096 1.792290 2.952846 -2.345963 -3.412704 -5.077048
-10.252110 2.828018 -3.034940 -1.164997 6.725488 10.000190 8.955935 3.872546 7.040652 18.866550 -0.184175 -12.562790
-4.216910 5.052543 -12.264130 -19.305970 -0.869316 0.811314 4.287130 7.753451 -8.937732 -2.079568 -13.851730 -4.423900
-2.396270 9.533027 -14.759520 -25.548730 1.478144 8.787747 18.888910 14.094260 -1.703441 4.183825 -3.422104 5.505908
-4.059415 11.546080 -14.729820 -14.332190 1.045663 5.414662 13.479480 9.987862 8.424283 5.740896 12.110270 4.942642
0.992390 18.242920 -2.320759 -14.333610 -1.907682 9.168748 3.229992 -6.384423 -5.903242 -7.472872 -7.221138 2.204211
2.234709 21.627270 -2.131603 -28.875540 -12.027460 7.946474 5.842801 -6.600894 -15.671590 -1.369180 -3.152397 1.436462
4.840934 17.955520 -4.699747 -31.829370 -11.026110 0.081882 -4.220189 -4.831405 -3.002721 -6.264112 -10.623930 6.291634
4.915272 18.537270 -1.654472 -37.066810 -16.577760 2.415818 -8.736565 -4.312366 -4.854887 -10.280010 -17.199570 10.549830
4.284662 19.828550 -1.810282 -36.289410 -16.379690 0.575954 -6.700295 -5.356184 -3.432979 -12.176440 -16.417200 12.660580
4.662020 16.739360 -1.681148 -34.941110 -18.527010 3.199328 -9.810739 -5.122493 -11.631980 0.757854 -15.288480 14.766090
5.729205 18.118410 -2.436555 -35.980020 -16.845070 -3.283214 -6.160518 -1.149752 -11.755320 0.426064 -8.854565 9.212078
4.382939 18.760170 0.442603 -29.859440 -18.130170 -1.017489 -0.174550 1.009221 -7.656172 -0.326314 -2.829906 6.937293
3.729021 15.025960 -1.261612 -26.774850 -19.938920 -5.826701 -14.631970 -3.801526 1.648603 -9.544149 -11.892930 11.965490
3.311974 15.030860 -2.257707 -28.365370 -19.943710 -6.036866 -5.099793 1.823448 0.031768 -2.683948 -8.877703 12.898020
