-4.513309 16.458710 6.252607 3.304348 5.566298 -7.868648 -18.164770 -21.191930 -10.129020 -2.988376 -13.425530 -19.257880
-1.754332 19.401610 1.632032 -6.971013 6.106191 -12.789590 -27.621400 -18.157330 -16.839440 0.149387 -4.617854 -22.826380
-1.102836 15.300980 4.028575 -5.974174 4.324542 -14.920250 -27.775580 -21.676130 -12.131870 -5.857783 -10.284660 -12.456340
-4.084136 15.172600 2.955740 -3.851502 4.620024 -14.979730 -23.930950 -26.650860 -15.962860 -6.582745 -12.266640 -19.711000
-1.776679 13.019440 2.731364 -7.056736 0.012689 -22.342280 -26.238350 -23.123660 -22.181650 -5.280217 -20.802340 -29.709010
-1.703909 14.618830 -0.313503 -4.989581 1.407658 -22.452530 -25.526290 -24.524110 -19.349380 -2.713612 -22.332810 -21.975000
-0.860458 16.513410 -0.183275 -2.396656 1.805282 -18.255040 -24.759230 -20.841400 -14.967240 -1.330977 -15.297760 -15.920710
-0.911455 16.375080 -1.001854 -1.114890 3.497192 -18.547120 -24.457050 -23.633910 -10.137530 2.433218 -17.700830 -18.450220
-0.665066 17.031010 -1.948970 -0.047839 5.288325 -22.512980 -23.352940 -21.581980 -6.582498 2.332284 -23.057490 -14.675820
-0.430138 16.583930 -0.959572 -2.020290 0.302335 -22.435610 -26.032250 -15.712840 -11.613960 -4.032161 -20.949660 -15.590010
-0.342469 16.091180 0.254203 -1.182652 -1.326101 -23.962760 -29.353880 -15.590110 -13.595930 -5.149644 -22.004170 -13.932550
-0.581409 16.792330 2.326020 -3.033458 -3.198218 -22.081630 -28.016550 -20.398400 -16.173120 -7.690615 -17.047130 -14.790300
0.098165 16.799560 4.628416 -1.367161 3.597145 -23.142610 -33.218660 -19.530890 -10.537170 -4.708258 -13.801880 -13.432530
0.460298 16.004840 4.272683 -3.171431 1.383581 -18.111900 -27.699650 -20.866620 -23.190420 -7.584875 -5.628824 -14.961210
-0.398623 14.564130 0.886178 -4.700571 2.249600 -19.430630 -26.324350 -26.732400 -27.738750 -6.487419 -9.987630 -17.047140
0.192136 15.550970 1.226689 -1.478193 1.764425 -16.786400 -23.154580 -27.565440 -24.033760 5.476456 -9.949458 -13.061290
0.027686 16.531040 1.406528 -4.046625 2.156213 -13.858790 -22.889600 -29.486230 -21.964440 5.543745 -5.325831 -14.662310
0.682621 16.003940 -0.952807 -5.206746 6.989719 -8.196517 -24.143250 -29.222280 -22.335480 -4.390236 -3.421985 -12.822010
1.363914 14.214230 -2.098930 -3.336346 7.547853 -12.725270 -21.081180 -30.350380 -21.774280 -3.635635 3.391183 -3.977468
0.728461 13.152350 -5.851315 -7.721295 5.601317 -10.298650 -21.210570 -34.328150 -24.107970 -13.129830 -0.851912 -7.801944
1.503152 13.800600 -6.641707 -10.890610 3.224327 -8.293717 -12.353650 -35.837880 -23.797220 -5.862590 0.484716 -14.240990
0.872283 13.176760 -7.635052 -18.073400 -4.938281 -7.482265 -8.598897 -30.517660 -31.316970 -12.084440 2.909854 -14.801420
1.765584 13.814610 -9.174116 -20.625500 -8.464370 -5.894663 -7.647423 -29.201270 -19.663990 -19.791470 -2.956163 -8.499905
1.294581 15.480450 -9.206814 -22.334250 -13.149040 -1.548222 -1.551174 -25.932130 -12.547740 -26.075810 -4.968562 -2.782668
-0.058836 17.058140 -8.716343 -27.289060 -15.210120 2.577705 0.622958 -22.563810 -15.909520 -29.977790 -1.491896 -6.436230
-0.850717 16.931110 -9.471781 -29.081080 -19.834970 -0.667618 -0.798828 -30.176370 -13.752080 -30.520910 -4.079862 -10.103310
-1.756624 16.694680 -8.673497 -27.713590 -22.209040 -3.010092 -2.745940 -32.697360 -6.052992 -25.142570 -4.487829 -12.575580
-1.230041 15.881880 -8.108047 -30.707370 -20.452920 -3.468045 -6.169075 -30.424350 -3.214534 -31.644000 -4.047654 -14.329230
-1.926804 18.012890 -13.348190 -33.765650 -20.218000 -6.305225 -7.454494 -34.946000 0.019701 -26.224010 -19.373850 -17.133790
-2.525012 18.431490 -12.676190 -34.004860 -24.135150 -8.570326 -2.663809 -30.217560 -0.635803 -29.912900 -24.455550 -9.531742
-2.179496 18.313050 -8.171751 -34.566550 -18.539220 -3.279932 -1.578293 -28.038700 2.722885 -33.263750 -13.617580 -10.007120
-1.744591 19.057590 -7.113574 -37.295000 -19.697800 -6.637930 -6.110189 -24.743510 4.355462 -33.910210 -16.875950 -7.733579
-1.634003 20.157910 -8.438410 -34.066090 -20.973120 -8.643347 -4.296346 -32.232510 1.700978 -32.203140 -20.850050 -6.170719
-1.367560 20.006920 -8.967780 -32.062620 -23.714900 -11.893510 -1.925410 -33.859930 2.542003 -28.343620 -22.535600 -3.353437
-1.264993 17.667060 -10.247510 -36.573290 -25.276220 -12.692870 -1.900616 -31.893740 -2.592268 -31.714490 -16.889070 -5.481502
-0.434722 18.266940 -7.636743 -35.249070 -22.123680 -10.723240 -5.157941 -19.679680 -1.909708 -34.768940 -7.604244 1.596679
-1.749175 22.296150 -10.718820 -38.528600 -22.779580 -3.631496 1.285426 -19.861250 -7.445940 -35.293640 -8.955187 6.134219
-2.039111 19.534070 -15.480900 -33.295400 -17.110690 0.557297 -5.895565 -20.747250 -8.664962 -31.456550 -11.651710 11.028690
-2.296387 19.051270 -14.926160 -27.623790 -13.415340 1.451441 -0.190598 -27.363690 -9.296503 -15.545040 -14.085190 8.925267
-3.718564 15.569060 -14.976900 -24.292830 -8.706592 -2.090802 -8.881704 -30.862310 -19.849510 -3.712537 -10.928220 -1.191190
-5.871311 13.290680 -14.729410 -19.288220 -3.484946 -7.502092 -24.271870 -30.498330 -17.735350 4.302898 -5.122444 -8.662073
-5.785361 9.775919 -11.241990 -13.770090 -4.844893 -16.941630 -27.350980 -23.409460 -12.556250 1.794770 -22.645940 -12.409440
-5.181996 5.312740 -4.022479 -4.123367 -5.966267 -20.733880 -28.111080 -12.700090 -13.653130 -6.170999 -29.177590 -9.960217
-7.672811 9.218531 2.970962 -0.056820 -13.093590 -22.969000 -19.755470 -19.559470 -7.709533 -10.512760 -28.708780 5.815446
-9.535049 10.956250 6.756609 -2.225210 -17.125280 -7.372975 -9.383010 -25.362200 -14.491070 -13.213940 -21.683880 -3.013996
-11.056350 11.557940 9.332427 -2.134588 -11.444730 -2.286653 -9.703010 -20.296690 -11.028800 -11.081510 -18.848980 -5.115828
-11.755980 12.096790 10.909260 -3.673525 -5.164452 -1.714091 -15.368460 -26.131360 -12.148880 -6.927202 -12.242180 -5.819354
-13.346050 14.880120 9.282252 -3.085708 -5.295778 0.621130 -11.833750 -17.278900 -2.350319 -19.295610 -17.196240 -7.530868
-15.102850 17.829800 9.639112 -1.806390 -5.840778 6.128653 -5.832030 -12.056190 -8.201934 -19.877990 -16.976750 -18.414450
-13.521960 19.653860 2.111228 -8.313193 -10.530560 2.482440 -10.795500 -11.869570 -13.241900 -26.087020 -17.189680 -14.616200
-14.323580 22.386560 5.466163 -5.233688 -14.152220 -1.385255 -13.689440 -10.598570 -13.171560 -26.939360 -18.166060 -21.396280
-13.913890 24.289270 9.526924 -3.926612 -14.490750 -0.157438 -10.269400 -14.055160 -10.689450 -20.016570 -9.360768 -20.570330
-13.649740 25.170790 8.741607 -3.613926 -14.450620 3.815193 -1.940132 -18.521320 -14.758530 -17.269730 -4.362576 -17.815060
-12.703720 23.312830 9.601905 -2.208065 -10.249670 -2.261990 -11.444020 -9.394815 -6.849956 -10.391800 -6.089279 -19.068680
-13.639990 21.435880 13.389240 1.143306 -9.464632 -6.752055 -18.681570 -13.679400 -0.999887 1.586494 -4.882078 -9.968166
-15.021490 22.807880 9.080991 -0.511561 -2.521163 -2.543435 -15.871320 -21.520610 -3.037516 -0.890392 -8.506662 -12.634410
-17.279670 20.964830 8.784452 0.121158 -2.288424 -4.620423 -14.001690 -13.510440 -7.154518 -7.656169 -13.615790 -5.742244
-18.478950 21.576920 11.363090 0.303218 -2.626223 -3.651807 -11.806630 -8.639108 -4.552598 -11.348270 -7.731286 2.905951
-19.624370 20.661050 2.877941 -3.978046 -2.482494 -6.108891 -10.274050 -7.103313 -4.739664 -8.377927 -2.476027 4.320951
-17.959240 17.328470 2.079094 -1.554935 3.489896 5.348151 7.106616 8.845579 1.493041 -9.553887 -1.816957 -1.362103
-14.862200 11.385700 6.202997 -0.201324 -3.125989 2.505651 1.166879 7.883080 7.239528 0.771012 4.613295 8.117604
-14.304670 9.834235 2.839042 1.766228 -2.948700 0.460097 -1.228076 6.725561 -6.797392 -7.868451 -5.681908 -6.328913
-15.377320 9.219435 3.668896 3.183519 1.350750 -1.525494 -7.219725 -4.243558 -3.215307 -7.020926 -1.122697 -9.073854
-14.355670 8.257453 4.243931 8.911466 0.581037 -3.705968 -14.705220 -15.448050 -9.197558 -3.909598 9.909709 0.644336
-15.349820 5.777005 1.476434 6.394468 6.171854 7.728344 -2.056354 -3.581157 -4.716474 -10.681780 0.322484 -0.021827
-15.265590 9.501519 3.534158 8.706547 12.480580 3.521659 2.564646 -5.402759 -7.113549 2.866593 2.298500 4.693780
-14.679980 8.445510 3.031284 5.489067 3.740873 2.183585 -1.449673 -4.640326 -8.542828 -3.895179 -5.228611 0.028254
-14.071460 10.246060 6.096446 5.787057 3.721904 3.497963 -3.107004 -3.215492 0.861499 -0.705347 -5.578127 -1.440802
-13.982070 9.056693 2.951230 3.361497 3.261535 2.105729 -0.135586 0.700909 0.148019 -4.338167 -3.526959 -0.599751
-23.600960 16.644960 4.359502 -1.269191 6.009156 -3.633914 2.866050 -7.347090 -0.246984 -1.600935 -3.141061 -3.517991
-28.869660 16.854710 0.824728 -8.426675 5.957355 -4.912507 -7.440547 -8.088508 3.901711 -7.944552 -6.288490 -1.198344
-28.437050 16.218210 2.264570 -2.497075 6.525703 -1.896885 -7.963548 2.076147 -0.403130 0.513871 2.327129 8.480099
-30.666010 13.980070 -2.773187 -5.668835 8.151950 2.037060 -2.352333 9.496211 4.175353 -3.326425 3.113837 7.371151
-26.531840 19.996520 7.659752 -3.587801 8.537171 5.660545 -1.908364 -11.135720 -1.761292 -6.832677 -0.542955 0.625257
-16.691770 22.081420 17.171510 2.718981 1.002008 3.486841 -16.650010 -18.981130 -15.280300 -11.308220 -15.553040 -1.960696
-10.502270 21.962530 16.647770 1.760513 -5.622632 -3.677437 -13.436850 -15.036150 -18.886350 -14.582160 -10.568570 -6.955328
-9.841029 20.000590 19.729850 -0.860169 -7.170084 -0.381821 -12.445080 -17.886660 -8.583797 -7.038550 -19.281400 -23.457570
-8.838285 20.729310 21.464540 -3.932327 -13.342380 1.678242 -10.972160 -14.732690 -17.464800 -9.565904 -17.495660 -16.455700
-8.538035 18.756980 20.669070 -4.617297 -12.223930 -0.090220 -7.834154 -12.616870 -11.647970 -12.929570 -12.791510 -11.551690
-8.853184 20.352740 20.638630 -3.223681 -12.990720 -3.457407 -10.780780 -14.778920 -4.700241 -5.733619 -18.621140 -13.267180
-9.571721 21.098640 19.544370 -0.068249 -12.665330 -5.286316 -6.286847 -18.704570 -8.471711 -6.568326 -18.546590 -6.433845
-11.096460 22.715200 20.200590 -0.296845 -9.397510 -0.937457 -8.323063 -14.596510 3.193642 -1.193995 -22.761050 5.657252
-12.515200 19.053980 20.026950 0.311382 -7.297032 0.233296 -8.771681 -12.637890 0.946529 0.433765 -12.788530 9.883969
-16.413300 12.984630 13.607980 1.341694 -1.596777 3.501832 -11.622230 -23.390130 -15.887110 -10.522370 -4.081651 7.258269
-14.301230 13.621130 10.359030 2.375272 4.129743 3.227157 -7.851200 -13.671000 -7.452123 -1.966220 -2.688957 -6.201722
-14.172880 10.121740 7.368288 1.260869 1.620697 -1.552574 -8.435410 -11.823340 -9.187510 -1.322966 -10.445100 -9.350494
-15.330910 7.089785 3.433808 -3.644134 -5.068876 -6.342461 -11.300680 -11.929250 -8.362719 -3.259135 -16.541940 -5.617438
-16.321040 6.796850 4.017864 1.955636 -1.198423 -3.685658 -8.353280 -13.280960 -12.268690 -8.044685 -4.206904 -8.301168
-16.376630 7.524665 4.095098 0.108912 -3.953340 -4.872369 -8.973133 -14.802460 -11.769330 -11.343460 -11.092240 -9.136655
-15.378470 9.988839 3.898910 -1.671682 -4.308648 -12.852450 -7.743500 -6.082813 -9.015903 -9.241473 -8.151778 -8.611992
-12.061390 5.795539 -6.147853 -1.452068 -2.397133 -2.714623 -8.755409 -4.742880 -1.940628 -2.133642 -3.429142 2.742988
-7.233896 -1.369144 -10.188880 0.583247 0.064490 -12.229110 2.711861 0.863147 4.658478 3.164588 -3.901525 21.601440
-8.687588 -0.812207 -2.713992 7.233739 2.089820 -10.866860 1.699952 7.827600 10.677830 10.760270 -10.384260 18.292890
-11.916420 6.590711 6.848502 10.367130 5.695434 -0.892968 15.100390 19.250650 11.678870 6.823843 2.437471 18.861270
-12.127860 8.454551 11.425670 11.208030 13.088330 -1.157004 13.813420 13.020050 15.585620 -6.227073 3.331539 13.095540
-13.583840 5.410837 2.805780 9.294363 19.703480 3.506668 17.273750 11.348070 11.950190 -13.815540 -4.559999 -5.576896
-7.898572 4.793777 1.469105 10.412030 12.199690 2.592696 11.998800 3.569070 8.423765 -28.743350 -4.719249 -14.568510
-4.123672 6.250311 -7.561763 7.688481 7.261855 -2.429310 6.265941 3.191637 12.547720 -25.688900 3.755014 -17.547960
-5.150482 6.272010 -7.398836 14.974140 8.664848 -6.144676 -3.041919 4.272661 14.675790 -21.290260 -2.764705 -21.212650
-3.199429 5.818142 -5.725033 10.433260 3.133128 -6.629709 -4.029035 -5.817180 19.340850 -16.656910 -9.286810 -30.494410
-3.606256 7.327568 -8.202194 12.468570 2.669841 -0.332495 -3.292185 -3.007021 6.793506 -22.330040 -8.081398 -23.781910
-2.786872 9.841920 -10.461180 7.278642 3.629976 -4.935235 -12.101060 -10.390100 5.681159 -16.915660 -15.668150 -16.086050
-3.280221 11.129840 -2.653670 11.777070 1.044324 -11.935090 -12.283140 -6.744372 6.612624 -8.350691 -24.010600 -18.819070
-5.463911 9.734782 -1.182821 10.460200 10.864550 -8.129783 -2.270203 -0.484351 5.423749 4.102633 -10.240520 -3.461550
-10.472470 3.863891 -2.534153 11.436630 14.659130 2.888165 -4.218864 4.575281 8.586095 1.636961 -4.220623 -0.002749
-12.194900 3.529368 -0.013019 8.419986 0.894029 -6.489954 -1.533353 14.040550 12.249340 -0.571569 -8.287171 -5.807429
-12.832070 2.127533 -2.115843 4.689799 8.627640 -0.148250 -1.449673 9.556735 10.006870 -4.165938 -3.965345 -4.606269
-14.290350 0.884822 -3.056195 5.004118 3.844475 -1.685560 -2.107492 1.925678 3.562363 -6.185418 -7.641223 -6.429075
-15.327470 1.455773 -1.629882 6.961058 10.679970 -0.304447 -2.422842 9.441571 0.164252 1.445507 1.834467 3.904401
-16.890600 0.777685 -0.744779 9.665014 12.038450 -1.356723 -2.353108 4.612267 4.148298 -4.813197 -8.733907 2.387648
-15.122340 1.430910 0.969051 5.295577 6.353520 7.688207 0.801941 7.044152 0.388423 -6.189424 -6.189481 -5.088800
-13.547740 6.300941 -1.155760 7.130871 2.418134 3.607253 3.178300 8.937205 9.004289 5.564572 6.802241 7.460186
-14.993990 8.237562 1.096460 5.836042 2.860993 5.808038 4.837955 7.642666 9.879325 6.001953 -3.539485 0.771527
-15.827690 7.834778 3.701594 6.584692 3.794133 3.851946 1.948668 6.637297 7.884984 11.924210 7.834087 4.087238
-1.706774 16.992590 -12.333990 -19.303730 -6.077164 -6.546049 9.627090 17.886340 13.193180 14.661440 -11.030810 -0.136299
0.154891 24.005380 -14.459360 -20.385480 0.569363 -6.283464 16.555490 17.503860 3.863061 17.203210 -20.698550 -13.072420
-3.801075 20.404280 -7.703267 -8.787529 -5.973563 -6.267989 15.057770 18.754690 -0.934181 -1.276505 -10.361000 -8.573039
3.288608 28.256090 0.158928 -15.698460 -20.076460 -12.736390 9.839391 7.327437 -6.773429 -16.313260 -6.863461 -2.907474
5.582313 26.272910 -3.281698 -20.032790 -20.714850 -6.664527 17.558100 -5.958402 -1.876469 -7.247627 -10.887660 -1.134749
6.273346 24.762130 -5.058105 -22.240370 -19.868530 -7.240957 8.623705 -7.652231 9.253195 -7.028136 -19.964930 0.591075
6.762112 25.782420 -8.900692 -19.669480 -22.265220 -9.214458 8.576441 -7.872471 8.830363 -9.045213 -16.504370 -1.549709
6.758674 24.979120 -4.514077 -22.356300 -24.742160 -6.767046 6.473591 -0.914743 4.980820 -9.529856 -12.253520 -0.360473
6.884733 24.103480 -6.656929 -18.659580 -23.877600 -6.665977 2.881546 -3.593767 5.944752 -2.885039 -14.151400 -3.444856
5.313004 25.115180 -6.706539 -19.435170 -28.109200 -3.366009 6.175287 -4.884103 4.102691 -5.746436 -9.904724 -3.702418
4.360111 23.249990 -2.644650 -12.331570 -24.391230 -8.782619 4.098782 -2.495930 1.963025 -7.934138 -12.372210 -2.978224
5.288365 22.909590 -5.071072 -17.658660 -22.562890 -9.545712 2.782370 -9.996693 8.598463 -10.957350 -14.188380 -10.934020
3.141921 19.864970 -3.433913 -16.838980 -23.751380 -12.228150 2.885420 6.264066 6.529913 -7.396625 -10.600180 -11.702730
2.116258 21.678630 1.486582 -9.526381 -16.372350 -10.464040 -0.758538 3.628754 0.910198 -7.097028 -12.103210 -2.840698
2.080159 24.965550 0.090149 -11.329020 -23.158960 -15.914010 3.809775 5.792484 -0.964329 -7.677798 -9.927389 -2.871701
-4.851950 15.791020 -2.835764 -14.188910 -18.349530 -15.424140 -2.591751 8.564816 11.416050 10.556800 -0.961658 6.346469
-3.794199 20.488360 -3.665619 -8.479742 -8.916713 -9.821355 6.224101 -3.320568 12.269440 -14.894570 -8.399899 -1.555274
-2.366292 20.222100 -3.214047 -14.779990 -20.443440 -16.067790 4.360669 -7.204186 -2.087498 -15.325550 -9.456200 3.058581
