0.990043 10.066080 2.884367 -4.486954 -8.122915 -15.896040 -33.130610 -13.268400 -7.065995 3.167011 -12.020020 -2.855810
0.086991 7.591391 -0.558963 -9.856978 -11.873940 -14.854850 -34.285190 -31.828550 -20.892790 -0.980770 -12.807330 -12.220410
0.222169 10.151580 0.150484 -5.437672 -4.076052 -11.184900 -31.529130 -24.316220 -20.177560 0.793405 -9.699578 -8.283139
-2.043848 6.919096 0.298839 -3.143207 -7.184690 -15.696490 -28.470380 -24.675250 -24.636840 -5.220565 -18.605380 -11.555150
-3.781348 7.640249 3.009631 -1.372505 1.125984 -14.050760 -25.781390 -26.969010 -19.201310 -9.322786 -18.443040 -11.780530
-5.600158 9.267241 4.644997 1.187565 2.593900 -13.344600 -26.377550 -27.201050 -23.043680 -14.347830 -19.948090 -13.785140
-6.749682 9.279945 1.186081 0.241812 2.326238 -17.046210 -30.456720 -30.563300 -28.911650 -18.281210 -24.344230 -13.485090
-6.149510 10.726160 4.730431 5.529920 5.700659 -13.338710 -24.561410 -28.297760 -26.960010 -14.953510 -20.035980 -11.613530
-7.249232 10.493100 5.072166 4.243266 4.436542 -18.331870 -24.802900 -30.832180 -29.474610 -14.187920 -23.603910 -9.667295
-6.505751 12.030690 4.247268 5.253559 4.336991 -15.788530 -24.226030 -29.515190 -25.413840 -12.474490 -19.088150 -8.673472
-5.999595 12.300870 4.279016 4.611473 4.259979 -18.515220 -24.504400 -30.640910 -24.468040 -9.078011 -18.687170 -12.673880
-6.389376 11.542590 3.453541 2.264879 2.228565 -20.157270 -26.618190 -34.464880 -25.121480 -11.097850 -21.854120 -13.183690
-5.307440 11.923690 4.576880 3.522574 4.519189 -18.008610 -24.056650 -31.046190 -19.496270 -7.716559 -18.626750 -14.311240
-6.422408 12.613570 4.976341 2.868076 3.344293 -18.606530 -27.183320 -31.963380 -21.244310 -5.688676 -21.332910 -17.559490
-5.228163 11.983780 5.690407 0.542996 4.878889 -16.779650 -27.151460 -28.695210 -21.074640 -3.248962 -18.248960 -15.914660
-6.025512 12.119610 6.054655 1.121370 5.236711 -16.161860 -28.151760 -32.051180 -19.697270 -5.880744 -16.409450 -21.553790
-5.005576 10.655800 3.403897 0.368409 3.057847 -14.673710 -32.522720 -34.170910 -20.225420 -2.629877 -14.685900 -19.432420
-4.313422 10.934790 3.850116 1.103994 1.054608 -15.792210 -31.098150 -32.633640 -19.517160 1.975294 -13.256530 -22.015400
-3.827085 11.768320 1.435455 -0.022966 3.364954 -15.957160 -31.804150 -35.671340 -16.672790 -2.534290 -10.840270 -18.125650
-3.574514 11.511320 -0.281881 -1.388226 3.024977 -13.044170 -32.807800 -38.747450 -16.894670 0.484309 -6.090749 -17.266240
-2.637413 9.743125 -0.157771 -1.527235 3.545274 -12.620770 -27.364430 -41.306950 -18.799320 4.349794 -2.694312 -12.481770
-0.497427 10.413470 -1.153537 -4.255273 0.850809 -11.566330 -23.629030 -40.330970 -18.134560 3.477894 1.171462 -10.130940
0.216071 10.524370 -4.228578 -10.913610 -6.685993 -10.226910 -28.344600 -38.136770 -19.649410 -0.883396 -4.848746 -3.297735
-0.597541 13.731950 -8.160844 -13.688810 -11.724610 -3.668282 -28.075450 -30.080400 -29.425880 -1.600749 3.092753 1.884533
1.226351 9.253073 -6.392132 -19.968180 -13.349370 -7.784454 -21.277120 -33.605700 -21.415720 -4.198584 0.383537 -1.463508
2.412466 6.372367 -6.889727 -21.310270 -15.921740 -3.799351 -17.580290 -31.861470 -18.147620 -6.665097 2.248679 2.050170
2.492760 7.130653 -8.033270 -25.637730 -15.910470 2.550894 -14.349650 -33.675470 -13.014010 -9.384427 1.977086 2.408597
3.055326 7.407193 -8.071946 -27.091530 -16.005330 4.922664 -13.344320 -31.471080 -8.348526 -12.945280 -0.840767 4.139641
3.054817 7.628523 -6.741949 -29.505970 -15.844730 5.036798 -16.709120 -26.638200 -1.628727 -16.306030 -6.074271 3.665810
2.852050 8.222644 -9.207985 -29.202300 -16.095490 3.860117 -12.310490 -25.100140 -0.377520 -19.421110 -8.580249 4.488564
2.908967 6.727570 -10.467560 -31.289080 -15.139420 4.480120 -12.110930 -22.821280 -1.144080 -21.840280 -11.711810 4.589712
2.533415 6.918118 -11.428690 -33.835090 -15.912350 1.201909 -11.767990 -24.520820 1.790774 -29.248750 -11.232090 2.283691
1.615625 6.365038 -13.618220 -37.630510 -16.820530 -0.902567 -15.152070 -28.020250 -2.722446 -32.287000 -18.010320 3.727584
2.665544 5.930685 -11.625530 -35.239240 -17.611300 3.603132 -16.434930 -22.316430 -3.224494 -29.347910 -13.832060 4.695611
3.219979 5.914562 -11.937250 -33.461090 -17.710850 3.789428 -18.386900 -19.970150 -2.369184 -31.598240 -11.967530 2.898720
3.435451 6.644510 -9.384625 -34.090760 -14.420020 3.215814 -16.321740 -19.967020 -1.179755 -30.739740 -9.197894 -0.865450
3.107669 7.672985 -8.448895 -35.282260 -12.361370 5.411597 -16.677250 -19.956830 -1.124068 -29.108500 -8.168893 2.621753
2.063848 6.497934 -6.254168 -33.245130 -13.684650 6.145734 -20.341380 -16.745090 -2.229968 -26.282860 -6.854871 2.843734
0.166776 6.677734 -6.808333 -31.197240 -10.109250 5.485968 -19.417380 -21.117810 -10.808300 -10.418020 -6.307413 4.053428
-1.494495 3.669019 -8.919357 -27.185030 -9.570169 2.170203 -21.057440 -31.384850 -8.157973 -7.271676 1.795210 -7.672183
-3.912460 2.385502 -9.957263 -21.954010 -7.864645 -4.554106 -27.537160 -29.757420 -4.542699 4.532929 -2.166995 -19.367930
-6.309082 -0.222083 -10.401170 -18.436610 -4.411334 -14.122180 -31.980220 -23.825480 -6.396017 8.600309 -13.620280 -24.811550
-8.578148 0.109178 -3.927250 -14.240700 -7.421359 -23.859620 -30.239550 -14.670050 -11.380830 -2.084046 -18.946550 -16.071480
-7.683226 -1.360001 2.020792 -6.340398 -14.004910 -27.789500 -23.837810 -6.437296 -12.498040 -8.304378 -21.926140 -5.958790
-6.646520 2.170036 3.212825 -1.192953 -16.321830 -24.592280 -20.153560 -12.344150 -22.725220 -13.553650 -19.017960 -1.528677
-6.759846 6.384093 4.567067 -7.456602 -16.200680 -10.249000 -18.322340 -22.883210 -18.731450 -14.377310 -19.851660 -3.608644
-7.540933 8.143004 8.570335 -9.334042 -12.918290 -10.077430 -21.236030 -29.011130 -8.072703 -1.951832 -17.774130 -8.967411
-9.050764 11.163450 9.558598 -10.142440 -14.813530 -4.309639 -20.913220 -23.704760 -10.341060 1.606345 -8.456964 -14.545440
-11.079960 10.930390 7.554365 -14.450040 -12.130330 -6.517203 -17.460390 -19.185440 -5.741700 -8.504486 -11.047170 -21.615570
-12.713290 11.502520 6.829909 -11.465500 -5.732740 -3.278018 -17.608800 -22.051470 -5.048229 -14.411250 -6.237226 -15.002980
-13.385620 13.814520 9.478358 -15.270860 -9.931748 -4.163842 -20.693540 -25.612830 -11.025830 -15.294770 -13.622110 -14.728050
-11.683690 16.718670 11.875120 -13.242000 -10.240730 -7.675475 -18.528600 -16.969300 -11.284250 -14.706060 -4.406263 -14.795930
-11.128750 13.771520 13.381760 -12.989630 -9.420842 -2.198536 -18.593160 -23.451550 -11.349510 -11.532020 -6.067557 -23.437570
-15.085510 16.900920 18.549930 -11.443990 -11.876760 -5.529027 -16.809730 -21.333390 -13.614380 -16.156840 -9.096581 -25.914660
-15.637410 16.624380 14.872810 -7.631190 -3.437420 -3.237520 -13.161540 -24.139840 -11.266850 -21.133640 -14.418580 -21.838220
-14.797880 17.985090 17.884360 -10.867270 -0.891343 -5.481901 -12.368340 -24.799110 -10.642110 -18.350890 -18.831810 -12.767560
-15.131250 18.526440 13.746010 -9.020446 5.674362 -8.742440 -10.472550 -17.294620 -15.480750 -12.744280 -11.126510 -13.618150
-18.118390 19.791390 15.508950 -8.461930 9.813264 -2.829584 -11.825010 -14.412920 -8.718319 -18.049830 -18.382010 -11.536140
-20.663910 22.358920 10.156060 -10.595050 10.400240 -3.643246 -14.679170 -11.700550 -7.066865 -21.119350 -12.587010 -6.264947
-22.110730 19.996600 7.556097 -3.458458 13.015820 -7.026754 -10.979830 -11.267830 -4.216411 -12.138600 -7.725800 -7.916565
-19.121050 15.407310 4.492601 -5.210956 0.934395 -7.857352 -3.077222 -13.117100 -19.244810 -8.332071 -9.107567 -12.377900
-14.589520 13.858980 4.628834 1.525156 -0.093991 -7.401555 -2.898628 -4.151378 -16.174220 -8.558086 -3.705004 -12.846980
-14.355750 8.683381 3.289023 3.995864 6.220956 -2.703669 -10.029000 -7.499511 -11.977720 -6.238081 -5.434654 -4.668314
-13.147280 7.813697 1.918618 -1.159028 -0.315634 -0.771498 -7.727394 -10.944070 -4.386081 3.904911 -0.033922 -6.338262
-15.418380 4.845535 -0.131794 -1.400638 -2.147946 -3.092459 -3.211378 -6.269537 3.845955 12.477410 7.817859 5.064900
-16.472360 3.782371 3.375612 1.556599 -0.370106 -3.230892 -4.748299 1.182431 2.515569 15.053800 8.913385 5.870684
-16.915500 5.294546 2.994623 3.000465 -2.606258 -10.817460 -14.445240 -8.880783 -7.120812 0.661190 9.290564 5.593717
-15.795450 5.419135 1.530702 1.851992 0.850809 -1.507107 -5.115550 -5.845435 -3.019150 -2.350261 6.091871 -0.126872
-15.538820 4.936412 3.192621 3.657445 1.231171 -3.175666 -9.167051 -7.935372 -3.250597 -5.625249 -7.980303 -12.352110
-14.177890 5.567177 2.020792 0.975743 0.974779 -2.658752 0.049443 0.620358 -3.696090 -1.347040 -3.719652 -3.657521
-23.842630 6.258527 8.626329 -15.493430 -0.499711 4.430048 -6.826874 0.104537 -4.525297 -13.617970 -3.802045 3.720117
-25.825590 7.694482 8.674819 -15.821100 2.185363 1.250508 -7.833879 3.030920 5.305116 -14.002100 -3.684863 7.843394
-26.295160 14.145780 2.598048 -22.400830 1.632195 -13.902750 -10.136330 -0.949055 2.993255 -5.387620 1.263620 4.885007
-27.479750 14.479480 7.785845 -19.038150 2.763889 -6.615137 -7.705593 -6.494523 5.574848 -4.013662 6.237127 11.418850
-28.120070 14.389580 10.971140 -14.929950 10.816290 -2.959917 -1.344937 -3.801749 7.168005 -2.609330 -5.285736 8.197749
-28.640450 12.825130 10.046960 -26.595900 8.031667 -5.671878 -3.086446 -2.810871 2.579957 -6.173760 -3.335760 12.011470
-27.519890 10.996350 11.314030 -22.842670 10.290360 -0.892995 -5.011580 -2.339733 3.646702 -10.105350 -12.391090 7.413009
-29.448980 8.427851 15.081200 -22.742550 4.493831 -1.037318 3.087231 2.383400 -3.046124 -14.940110 -16.241610 5.360875
-27.805500 5.851046 13.572260 -20.820430 2.950783 4.979362 -2.993375 -2.169622 -2.342211 -11.854510 -0.239600 12.067820
-27.572240 8.284695 10.031950 -22.289950 10.491340 5.869605 -0.669967 1.419175 9.465075 -8.124816 -16.011520 2.493453
-29.868240 6.722684 12.350780 -16.628670 7.786545 9.413636 0.960863 -5.920691 12.704460 -6.925953 -8.511283 11.463650
-28.946890 8.875396 17.293250 -11.990920 10.703590 7.245834 4.256901 -4.238394 11.585510 -4.343305 0.998741 15.519040
-25.786970 7.063229 10.961910 -6.039214 17.392330 7.414458 5.455079 6.985809 27.546670 -2.094766 0.368279 11.786780
-23.146420 4.240665 7.144514 -1.293072 17.175380 11.658020 -1.971277 6.224621 9.479866 4.411435 7.833117 6.944609
-23.281090 2.507649 3.182231 -7.351518 9.395335 -3.101295 -12.909160 -5.790560 2.552984 -2.872866 -1.847797 0.971492
-24.172450 1.256868 3.689061 -4.388490 9.944747 4.418267 -1.994754 3.193192 5.265962 -2.011685 5.637792 5.900553
-22.927890 3.128642 4.083327 -3.521342 5.757009 3.735675 -7.833879 -7.808377 -3.793541 -9.731936 -5.686717 -2.227883
-21.954200 2.527192 8.263235 -1.980667 5.142795 0.661431 -0.615466 8.536408 2.527750 -6.371188 -9.478642 -2.711217
-23.754720 -0.769789 1.444691 -6.858370 2.432364 4.944018 -4.401171 4.078241 2.392015 -1.546255 -9.415779 -5.393994
-22.147820 3.988066 1.156063 2.238402 -2.863590 -4.610068 -9.930901 -1.184231 -0.407974 0.965819 0.032603 -7.281850
-27.810580 8.788916 -1.797754 10.040240 -12.753940 7.734768 -0.356378 -17.880210 6.725993 3.468960 -6.978156 5.733558
-23.387810 3.969988 -0.445821 1.139574 0.054397 2.740871 -7.596592 -4.526877 -6.057547 3.087504 1.325263 3.292448
-14.269360 -9.660108 -2.845473 0.954229 15.977010 -1.177224 -8.608628 9.477900 7.598706 0.507536 -19.172980 8.851472
-10.128130 -2.703125 -3.026154 -2.741903 12.858040 -14.382110 -16.961500 5.725262 16.021290 3.376053 -18.770170 18.572470
-6.881303 2.093816 -0.468911 3.794798 14.061110 -8.590753 -7.623423 10.066620 13.261330 2.656020 -20.538270 14.899260
-8.808866 4.753192 7.588423 6.803336 19.410590 0.190906 -13.358580 7.013247 17.128060 -4.278984 -15.326740 13.394270
-12.328080 3.235643 4.561295 0.680350 22.669500 17.474410 -5.017449 -0.233333 18.369700 -2.565557 -0.134015 1.875708
-7.808749 3.724229 3.022908 -2.348046 17.489060 17.363960 -0.223899 -2.792057 0.624837 -13.562580 0.248046 -4.485027
-3.828609 0.809322 0.125662 -1.253355 11.515970 20.466190 -0.244861 -16.412710 15.708930 -6.201454 -8.295839 -9.597375
-2.097208 1.047753 -6.405986 -2.355493 6.717775 15.744000 3.586122 -17.648960 5.290325 -2.715638 -5.211887 -14.588890
-1.207876 0.914857 -11.018260 -4.648303 1.876378 16.781510 1.509225 -27.581250 2.960191 -3.101561 -13.336480 -17.585970
-0.066991 1.207520 -10.783890 -4.878328 -1.779793 14.578370 1.241752 -18.524600 1.688102 -11.995660 -11.829600 -19.636070
0.606869 -2.851167 -12.086180 -4.678090 4.414002 13.640260 -1.513470 -19.923120 1.981326 -12.884540 -19.998140 -19.483330
-1.149942 -0.403838 -8.129672 -3.834111 2.189120 7.519755 -6.189634 -19.001220 7.897151 -8.338325 -14.643790 -20.747330
-1.381169 0.284581 -5.080030 -6.403283 2.463356 3.089899 -6.350621 -20.485190 12.207640 -3.297203 -22.965520 -17.318510
-1.447742 5.242755 -6.911662 -2.765071 0.114503 3.153961 -5.700804 -21.106050 14.036590 -6.378335 -27.985410 -12.368400
-0.175743 10.552220 -2.439662 2.934271 5.623647 1.834430 -4.319001 -13.175890 0.935464 7.102177 -20.947800 -7.229579
-4.319520 1.574449 -6.640352 0.478457 8.679691 5.481550 -8.830824 -13.476920 1.897797 7.136124 -11.602560 2.300662
-7.263462 0.118461 -4.671910 -0.986923 13.064650 13.054130 -2.079440 -7.029942 5.199834 -2.492303 -15.380450 -7.589365
-7.182660 0.331973 -5.089843 0.296422 7.444689 7.643461 -0.843530 1.612020 -2.204735 -7.661172 -9.839952 -4.184301
-9.180861 -0.232832 -7.644777 -2.803133 1.814393 2.098778 -7.234371 -6.942926 2.528620 -7.097475 -15.201620 -5.450338
-11.273580 2.971317 -9.165846 -0.516942 12.291720 12.288330 -0.282592 -14.641050 4.828300 6.435745 -6.900645 -4.762673
-10.462510 3.698822 -6.198751 -1.211156 9.848013 9.798745 5.004818 -2.107692 10.465690 7.242432 -3.240550 -1.523246
-10.104750 2.869691 -2.749649 1.241348 2.091446 4.034631 -0.007573 3.011322 2.720913 -2.620050 -7.612280 -9.350955
-12.265060 1.759623 -5.975353 -0.733729 1.909248 3.447027 -10.631860 -12.709460 -4.004976 -0.799422 -4.621096 -11.244920
-13.848070 -2.981131 -8.450048 -0.975339 5.720381 1.358014 -12.278620 -10.839020 1.374865 -3.387430 -11.921150 -4.883506
-8.020156 -9.255069 -16.368270 -5.945714 14.507210 1.397040 -11.564250 -10.004930 -4.041521 19.154240 -16.439960 3.754738
-5.861875 -2.766642 -17.124470 -1.772982 15.102640 -2.132264 -9.372478 -11.989040 -1.009215 26.257190 -21.622810 5.670426
-8.675212 0.509330 -3.176241 3.014531 13.013940 -1.891479 -10.458300 -4.477490 -1.215429 12.185290 -8.292788 7.675720
-13.418140 -2.641075 5.604396 10.914840 8.983980 -7.291839 -4.287977 0.825746 11.766490 2.681927 -17.534270 3.094905
-11.292900 0.362754 7.376571 11.022400 9.070384 -9.944157 -13.229450 -10.347500 10.303850 4.364088 -22.312480 -8.900885
-11.421980 -0.449276 8.151248 13.887800 10.779660 -9.079686 -12.725530 -11.845580 -1.056200 0.922046 -28.519440 -5.039640
-10.658680 -2.153954 6.743321 14.265100 11.153450 -10.714370 -18.996470 -10.543480 3.508356 7.374646 -22.673780 -4.179549
-10.453370 1.853920 10.233410 12.091440 10.506370 -11.370460 -23.626520 -13.063010 10.758050 7.389833 -13.805820 -4.170724
-10.092040 2.966431 8.949015 15.079300 9.866796 -11.173850 -13.862500 -0.688008 13.055990 12.608730 -11.409700 -9.254560
-12.319440 1.631125 8.734853 14.352810 16.017390 -6.556966 -14.841840 -9.768184 6.437989 2.760541 -16.891600 0.080175
-11.915430 0.439462 1.661739 14.089690 24.918800 -2.369368 -6.358167 0.580378 1.437513 8.792377 -14.314220 -3.159931
-11.759920 3.305511 2.619984 16.594320 25.403410 8.541067 -1.736504 -4.901592 -4.261656 7.729302 -8.335510 0.947054
-12.164950 4.034482 1.745441 12.669820 11.856890 0.036274 -11.049420 -0.302318 8.931702 -0.261631 -8.939728 -5.457806
-13.772860 3.057308 -1.556461 12.958590 8.936083 -2.853147 -12.744820 -6.786142 1.035525 -5.584155 -10.475910 -9.543746
-13.846550 5.305295 4.599393 12.896530 9.680841 0.199742 -11.040200 -0.643325 -5.120447 -4.187863 0.113165 -3.736266
-15.185120 1.730308 2.510882 15.848810 16.036170 2.827760 -3.504005 1.552442 -1.247622 0.101959 -10.126800 -13.189120
-14.449770 3.369027 0.526277 9.944263 10.098770 5.857823 1.115981 1.621427 10.097640 0.601336 -7.565285 -8.124290
-15.596240 2.826207 0.299993 10.156910 8.863768 0.844781 -5.412370 -1.142684 9.597330 4.829518 -3.399233 -0.948947
-16.519620 0.929026 -2.411377 6.934897 14.967400 2.572248 -5.335230 1.226330 8.784655 6.723401 -1.477942 -2.491952
-18.525960 1.996587 0.213982 6.609717 12.359340 8.099259 -4.202453 3.608671 9.467685 4.771451 -1.121515 -8.624597
-18.879660 1.309635 -2.520478 3.589596 2.867197 -2.258180 -2.872635 2.537833 1.354853 -2.854106 -3.014731 -0.329845
-19.149510 0.541088 -2.602448 1.393595 5.583263 7.094884 -3.170293 3.128911 3.055902 -1.838377 -0.660722 -1.286331
-18.452270 0.242562 -1.183554 4.063714 4.597139 3.477953 -2.880181 -1.003929 2.710472 -2.674544 2.390273 -11.591130
-17.116750 1.492855 1.274978 -0.495429 4.244953 4.318124 6.903121 2.859241 2.679148 3.711949 -4.438000 -6.071477
-19.484400 2.262867 8.828369 -5.697484 -5.812569 4.927818 20.663300 4.032773 -0.858687 5.886340 -6.443515 17.103460
-19.984460 7.736989 14.740620 -3.879620 -4.772913 2.584766 4.321463 -9.507921 1.514952 9.826866 -15.783870 9.581904
-13.304820 13.501820 20.705400 -0.406894 -5.692356 3.832136 1.601457 -12.946990 -0.272238 14.345380 -7.111206 -4.310565
-5.611846 7.983237 19.859150 -5.670179 -23.859570 -12.102390 -7.951266 -14.845650 -16.619720 -4.755135 -5.243623 -12.413880
-7.900732 3.672927 18.425250 -5.552684 -30.474110 -7.629085 -11.664020 -9.432664 -17.925740 -3.948448 5.424790 -15.002980
-6.384802 0.679358 17.467000 -5.188615 -32.751590 -4.822135 -16.026600 -9.584745 -18.415610 -4.567533 10.365950 -12.850380
-6.777124 -1.121083 16.490860 -8.351054 -35.002770 -7.233667 -18.657730 -9.695278 -18.423440 -7.938108 10.490460 -12.523180
-7.151152 -2.346457 15.679820 -8.787938 -36.143850 -6.559911 -18.457330 -8.205826 -17.268810 -8.629554 11.477340 -14.298340
-8.038450 -2.836998 17.080820 -10.415490 -33.125370 -5.331686 -17.408400 -7.145178 -18.266820 -6.355108 11.391290 -15.357340
-7.901239 -2.434403 18.464500 -10.054730 -31.564480 -4.131443 -15.458110 -6.411427 -19.184780 -3.240922 7.429695 -12.810330
-8.191416 -2.174475 17.093520 -10.868930 -30.285340 -7.667375 -18.814520 -5.677675 -16.656260 -2.218940 6.963409 -14.975150
-8.468379 -2.739281 18.657880 -10.411360 -31.280850 -6.613665 -17.132550 -3.799397 -14.497540 0.711217 4.503205 -11.263250
-8.063860 -3.043670 17.132770 -10.573530 -31.236710 -5.712378 -17.095650 -4.863964 -11.748010 1.436610 3.335050 -9.953766
-6.866057 -3.437471 17.781600 -11.481220 -29.836420 -6.645328 -17.186210 -2.342869 -10.264490 3.518987 6.406796 -11.297190
-4.584795 -6.356286 19.558400 -13.931250 -25.363170 -10.925700 -15.250170 -3.906794 -8.872327 2.915089 2.299335 -12.109080
-6.864025 -5.426017 16.941700 -13.740110 -22.697820 -9.544320 -6.753088 -0.017755 -11.382570 2.785554 0.609356 -10.210370
-6.802534 -3.528836 17.335390 -15.178180 -24.889830 -11.198150 0.408310 -0.582179 -4.634930 -3.116748 -5.168554 -1.694314
-6.095134 -1.083461 17.275350 -13.009490 -26.192460 -6.556966 -1.495862 3.952029 -9.266483 5.945301 -2.473376 -0.779237
-2.625216 1.336019 12.027520 -10.629800 -24.489750 -14.086840 -3.477174 -3.550894 -8.556480 2.548819 -8.672407 -1.621678
-6.981925 0.990099 11.797190 -9.649293 -25.039160 -11.377820 3.583607 0.903354 -3.689999 3.889724 5.032964 12.211050
-9.429365 5.149436 17.066390 -7.518659 -19.298980 -11.219510 2.375367 -6.050039 -8.317203 -1.052237 -10.229340 -2.483127
-6.319246 4.964262 12.927460 -3.853969 -23.898080 -10.942640 3.215517 -2.837524 -12.913950 2.989236 -3.731248 2.071892
