-0.132322 12.595620 -3.223663 -4.083014 -8.723912 -19.157170 -17.320390 -27.288870 -6.471432 10.020330 -15.763210 -6.425680
-1.385144 12.099430 -1.968408 -6.120741 -5.129760 -21.622970 -21.659920 -34.951290 -8.758377 2.270703 -13.052930 -8.052132
1.546210 13.538080 -4.007952 -3.096210 -4.102413 -17.163090 -21.807100 -37.401220 -13.561420 0.750350 -14.877180 -9.210779
1.870723 13.663040 -0.362546 2.368081 5.262554 -17.562240 -16.624080 -37.368610 -11.156620 -7.605902 -17.717020 -10.562050
0.965593 10.093840 -1.915425 -3.773956 -1.387839 -19.822970 -19.989270 -37.929390 -14.705220 -13.892050 -22.252160 -10.437500
3.035349 10.985390 -1.076190 -3.697654 1.874027 -16.548430 -19.222510 -34.054830 -5.053958 -8.071297 -19.046370 -9.284643
2.327528 13.444860 0.988864 -5.350662 -1.807691 -17.757410 -15.918970 -30.842870 -9.944734 -8.660859 -18.827780 -11.940840
2.026760 13.876920 -0.192475 -6.027768 2.885738 -20.413440 -17.592120 -30.360040 -10.171920 -7.875091 -18.747340 -12.601270
2.200323 11.903070 -2.384428 0.719561 1.991305 -25.359880 -18.384670 -27.346150 -10.624990 -8.477924 -24.656050 -10.005180
2.060681 13.472300 -3.654073 0.493859 1.686384 -17.201030 -21.635390 -33.765290 -11.447980 -3.304555 -23.043630 -8.401175
1.637797 11.108700 -3.319818 1.311387 2.554235 -17.176840 -24.533850 -33.653930 -12.659870 -6.979373 -24.783760 -6.944899
1.227351 10.304410 -1.713956 2.621355 4.530745 -16.876650 -24.243250 -33.568820 -12.474580 -10.643760 -18.106310 -4.589223
-1.634465 11.262080 -0.168272 2.146227 3.899012 -16.991010 -26.722170 -36.170680 -15.973420 -4.402166 -22.646980 -9.595305
-2.190207 10.720940 0.900558 3.020821 4.551854 -19.445810 -23.534360 -36.613740 -17.291370 -3.523509 -18.148680 -12.123330
-2.947214 11.155310 0.320354 -1.039887 2.336881 -17.051490 -25.182360 -39.466960 -21.483560 -5.971807 -20.353000 -12.663550
-0.827141 10.625400 0.299423 1.013871 6.425942 -14.648910 -24.430700 -32.778160 -17.720210 -3.696017 -16.457670 -2.153167
-1.767888 11.546050 -1.664243 -1.576570 2.026488 -14.323440 -23.187780 -35.321960 -21.761160 -7.064679 -15.087180 -13.603500
-2.809833 10.798950 0.088142 -1.381646 -0.734215 -17.365410 -23.455100 -33.577570 -19.497130 -5.050496 -13.936510 -12.607070
-3.516524 12.135790 -1.311019 -3.624557 0.027304 -15.080490 -31.064210 -38.927660 -18.460050 2.761690 -6.723015 -17.516110
-2.817748 9.840620 -3.104613 -5.033269 -0.374565 -13.465770 -27.197700 -37.468040 -17.561120 5.496239 -4.736050 -17.570420
-2.562209 11.855790 -2.182959 -4.502998 -3.823293 -13.708770 -24.949630 -30.577200 -19.378630 11.163440 -3.468715 -16.894060
-2.835274 12.509340 -5.202373 -9.460743 -5.912389 -12.128130 -28.322990 -32.833840 -19.553440 -0.175700 -1.478067 -12.866310
-2.221866 11.095480 -6.997930 -15.554690 -6.297840 -9.698071 -26.810230 -36.449880 -23.925020 -3.731088 6.278832 -8.057200
-2.487582 9.070054 -10.470650 -22.979120 -10.870860 -10.638210 -27.556230 -39.346050 -27.989530 -5.651433 7.782564 -13.284870
-1.538355 9.883264 -10.570070 -19.857770 -12.002980 -10.235760 -25.450320 -30.090390 -23.655270 -4.826803 3.203826 -11.681600
-0.749122 9.838305 -10.254790 -21.160690 -13.878630 -1.055406 -22.507820 -29.278250 -15.960320 -7.957554 1.860967 -8.182480
-0.265746 8.918321 -11.020760 -24.105710 -16.049040 1.379055 -20.584310 -29.609150 -15.887650 -10.370780 -1.763585 -1.667983
-0.206949 7.882966 -12.081090 -25.970950 -22.052840 -1.191753 -18.153200 -32.248400 -4.173357 -18.346950 -6.031016 -3.690547
1.123326 9.310711 -11.766460 -24.748830 -20.693990 3.806368 -12.872680 -21.786060 -1.464116 -16.864510 -5.727077 -4.715226
0.623554 9.481617 -14.541890 -26.651910 -20.903530 3.688714 -14.475390 -16.996760 -7.071157 -16.902420 -7.217300 -0.758444
1.765567 10.182430 -14.505910 -27.474570 -18.183480 5.283648 -12.894700 -13.987630 -4.517086 -19.243610 -10.052840 0.626864
2.140396 10.796640 -14.683180 -31.797520 -14.179640 4.885602 -8.531899 -21.903790 0.247328 -22.338350 -8.549107 -1.366010
2.126262 9.456824 -15.514560 -32.579140 -16.085000 1.939289 -12.733670 -21.268240 -1.379002 -26.635900 -15.820930 1.605197
0.725883 9.389387 -17.687540 -35.070840 -17.709680 3.799221 -13.728130 -23.069100 -5.364296 -28.110760 -13.872650 -2.990289
0.435857 9.155341 -19.096520 -33.367180 -18.292160 4.376498 -14.044520 -21.713680 -2.665532 -31.447190 -15.987330 0.724625
-0.130061 9.357983 -18.182710 -34.386680 -19.038040 3.570509 -14.069050 -21.685050 -2.183001 -31.482260 -15.727600 4.566266
-2.111623 10.584080 -17.746420 -36.396840 -20.791720 2.586939 -17.348700 -20.954840 -6.995864 -33.313510 -18.063940 1.784063
-2.609133 11.304070 -14.915390 -34.306530 -20.185010 7.767040 -17.826740 -20.021000 -4.978665 -28.442500 -11.535080 6.268754
-1.719833 7.968584 -13.036760 -34.579040 -21.238160 7.222200 -17.320390 -20.018610 -9.540770 -20.971540 -1.307369 5.055070
1.267491 6.090267 -15.230670 -35.047760 -17.525950 9.113471 -16.953680 -27.954650 -17.704500 -17.124220 -5.984350 -1.408011
1.910863 8.518327 -16.156910 -26.787840 -11.944340 0.052966 -15.594400 -30.297200 -2.607261 1.271668 -0.774401 -3.607270
2.283430 5.821842 -13.352700 -20.395100 -3.338548 0.195361 -19.315610 -33.813020 0.955082 16.369980 -2.536021 -13.925750
-1.818770 5.139870 -9.416862 -14.058770 -2.052409 -7.829892 -25.550330 -29.839030 -2.581727 28.802940 -5.924177 -13.905480
-3.067634 7.577847 -3.659306 -9.530633 -3.917897 -18.134570 -26.363640 -20.005090 0.883063 21.931970 -14.885170 0.537793
-4.040606 4.066829 -5.682497 -8.443161 -4.813112 -19.499140 -16.373110 -20.646210 -4.122289 14.780440 -11.234830 16.802310
-7.111037 7.699167 1.406192 -5.821302 -10.576890 -20.868110 -10.578060 -24.080100 -5.862540 11.136900 -15.022090 15.313450
-9.990379 9.765249 6.934807 -5.408370 -10.300120 -1.259927 -4.960394 -35.380020 -10.151630 7.043131 -20.499750 -5.106994
-8.341245 10.603580 9.466902 -1.540022 -9.956103 0.429021 -8.365842 -39.325370 -13.315900 7.727480 -18.452000 -4.033797
-7.104818 13.947990 9.186285 -7.324270 -6.232946 1.296037 -12.216630 -41.404640 -15.469930 3.078272 -13.675550 -6.488681
-8.090228 13.468660 14.241320 -8.964456 -5.662198 2.604532 -13.240650 -39.738200 -14.093710 -4.772776 -16.268550 -14.011930
-10.217090 13.581050 14.675000 -11.904990 -14.820760 -4.864886 -21.608970 -34.785840 -5.334834 0.766464 -9.218387 -16.148910
-11.769540 12.969820 16.722390 -12.844990 -10.461960 1.223465 -17.603450 -31.598530 -12.952530 -9.821977 -11.093600 -11.843080
-15.105690 11.734470 23.241340 -13.515680 -13.559640 -5.728603 -17.982740 -26.392420 -14.671170 -16.074000 -15.793300 -16.537050
-17.388020 12.973130 21.919370 -9.199775 -10.955300 0.479052 -18.972800 -35.108780 -21.014780 -21.961100 -20.206870 -11.678700
-14.466840 13.940060 21.508580 -9.240170 -11.307920 2.428600 -15.154720 -33.117810 -16.655640 -20.281510 -23.329770 -9.919727
-13.350270 11.441590 19.172720 -11.805600 -9.200057 -3.186384 -19.011800 -40.345120 -16.849430 -17.818990 -22.191990 -17.111310
-13.531180 14.275260 19.768620 -4.600461 -5.652816 -5.299219 -15.954190 -35.263890 -14.956630 -12.900600 -12.869960 -6.381506
-15.154310 16.631580 19.174680 -8.750296 -4.365114 -7.562146 -16.495770 -30.912070 -11.380540 -18.518510 -14.852620 -9.428026
-18.324810 16.791910 16.912740 -8.885588 0.449502 -4.216686 -13.762730 -30.201750 -5.702788 -12.588750 -12.950390 -7.101316
-23.191370 15.972420 11.084540 -14.367830 5.419705 -2.401287 -7.517310 -16.524270 -3.413224 -13.721430 -1.742709 -4.122868
-22.819360 13.270980 5.772437 -9.883292 4.455687 -7.065137 -7.577066 -11.878140 -16.758430 -7.812533 -6.015665 -20.028930
-15.958240 10.739450 8.536091 -2.438340 1.274351 3.786026 -1.188865 -9.539570 -0.355017 -0.028783 -1.673325 -23.342660
-12.610220 11.026720 9.270666 1.871794 -0.692777 0.598356 -4.949072 -14.340010 -5.012056 -2.412627 -0.720982 -8.405519
-12.247830 9.454841 7.783854 4.973269 -4.114141 -0.185641 -7.604743 -16.545750 -9.388220 -6.262797 -4.028087 -4.817332
-13.082290 6.639349 5.166069 5.623445 -2.170468 4.264892 -6.302068 -18.786480 -14.270480 -11.541380 -5.006218 -2.244410
-14.755740 7.938832 5.803835 2.866292 1.642601 -0.246118 -7.400944 -10.961010 -4.919740 1.837535 10.623020 2.850743
-13.972720 8.250233 5.127476 3.120848 -2.891331 1.420839 -5.537194 -12.613920 -3.353645 0.622391 9.973997 10.891760
-15.545540 6.072086 -1.061799 2.210988 1.365045 -1.845451 -10.820860 -11.884510 -9.604278 -1.533022 2.151398 -8.829150
-14.005520 8.640308 1.711012 -1.556693 -0.882766 -0.056991 -5.325219 -13.378330 -16.248400 -1.920693 2.184555 -7.866748
-14.941170 7.599003 3.148111 -0.042824 1.019469 -4.411311 -11.887030 -9.934105 -12.662490 -0.265746 -2.330939 0.767350
-20.845720 9.160631 6.863508 -4.598537 7.636242 -1.141723 -1.904047 -8.061654 -2.496613 -1.999364 -4.694297 -0.008220
-25.113570 9.089227 0.343249 -14.052360 13.565770 -2.092306 -0.413928 -0.583783 10.060960 -3.454315 1.358086 4.813203
-24.159250 9.366247 -3.553339 -14.204330 5.963871 -10.964780 -7.201549 -6.116819 0.477135 -6.594545 -1.888845 -1.269698
-25.111310 13.356600 -2.860627 -20.284810 6.318048 -12.897290 -11.576930 -9.364574 -0.510186 -10.208700 -4.484303 5.267972
-33.190760 15.505320 7.382879 -12.998870 10.730010 -2.427676 -4.969830 -5.388997 -4.008367 -7.471307 1.293614 4.091945
-33.343970 11.531500 7.602663 -18.083580 4.799700 2.718888 -8.597945 -7.477010 -6.757545 -11.711040 -6.059875 -2.198064
-31.280440 11.676620 5.974560 -16.103560 6.978708 -1.245083 -12.029180 -5.383429 -6.836767 -9.288337 -4.429041 1.288017
-33.172100 9.360627 8.021953 -12.288430 9.498602 0.691820 -1.143576 0.758113 3.298333 -1.998417 -5.070076 7.047945
-33.586510 8.747084 8.951456 -13.280360 13.653340 6.091287 -7.472022 -4.113917 0.958356 0.616703 -2.489356 6.252099
-33.090130 9.883595 7.802169 -15.400160 8.841850 3.340698 -9.267209 -3.102921 -1.134791 0.759829 3.700567 13.736960
-30.444280 11.999920 5.905878 -17.331450 7.150714 1.870565 -8.082788 -5.289568 -2.469115 -7.376522 -0.875714 10.911310
-30.660240 10.212840 5.616103 -16.043280 14.518840 2.955847 1.294457 5.292085 1.537785 -3.782272 -5.669973 14.950650
-29.875530 11.407870 8.642712 -19.193490 5.850502 -4.653218 -7.290239 -0.281518 8.237558 -2.649590 -14.816400 10.152400
-30.395090 14.193940 5.748889 -11.167610 10.640880 1.091516 0.466054 2.611474 14.854180 -3.401236 0.900028 19.017500
-27.289040 9.395338 3.808772 -0.022305 13.909000 0.143681 10.157170 3.517473 5.597718 -14.309100 1.256159 5.695948
-22.217830 6.670093 2.110024 -0.228130 7.503328 -0.566095 -4.783643 1.594910 0.905978 -3.819238 -2.901362 5.895090
-22.765660 4.803015 4.313097 0.496424 11.532190 2.776066 -5.564242 6.248196 2.176794 2.484917 -0.320027 -5.162754
-22.349560 4.780537 5.535646 0.647106 8.963819 2.302699 2.261242 6.322171 2.909428 -2.872335 -2.343833 1.167083
-21.223940 6.361668 6.405624 0.135429 8.249210 -1.657424 -2.257549 2.085692 -0.619525 -4.627755 -0.950625 2.852192
-22.330900 2.226198 2.306914 4.448128 10.800380 8.563133 2.612228 6.608527 -0.193300 5.341739 7.365031 1.752200
-21.612900 5.227802 3.195862 -0.240954 6.158550 0.024927 4.560894 10.723300 2.726106 8.247849 4.253184 5.827020
-19.127050 1.812320 -1.237103 -0.408307 7.776192 2.358227 -7.735576 7.178853 0.265660 2.865953 4.180116 -0.111050
-19.586110 4.435749 1.583459 2.121220 6.414215 3.727199 1.632234 3.982006 -2.390548 8.035531 1.984999 -10.203600
-21.637210 1.704553 -0.469167 -0.925754 8.895798 6.489333 -2.919265 8.544613 -3.686898 0.664096 -2.337693 -13.299360
-19.986380 3.032466 1.763341 1.254320 6.517418 10.669920 1.574994 5.276176 1.986925 0.093490 -8.841993 -8.707492
-19.539750 3.262875 -0.061651 -0.909083 2.151583 -2.103302 -4.277292 -1.189108 -1.890995 2.774960 -2.734349 2.876813
-20.494630 11.121920 1.035307 -15.735510 7.191370 -2.628349 -3.505500 6.182175 11.165480 4.310478 -5.327964 -5.487899
-25.771640 14.268650 2.947297 -9.203622 9.436054 -2.306173 -3.424987 2.203416 7.093758 1.205319 3.190318 2.903607
-31.794340 11.200600 -0.060997 -13.048250 9.540040 -2.900494 -3.574062 -0.026979 4.908950 -2.382296 1.065813 10.212500
-31.632650 12.213800 1.107914 -8.767608 15.978550 -1.667870 3.504161 7.428619 -0.481378 -2.148177 8.270095 3.408343
-32.634460 11.042910 -1.978874 -15.972110 8.715973 -5.920479 -14.678560 -3.588135 1.382616 -1.662878 -1.427103 2.707361
-33.043770 10.285240 -1.738158 -25.040580 2.979560 -6.805637 -12.016600 7.572593 14.917030 3.537979 -2.220415 8.165316
-34.014480 11.117950 3.776066 -20.470120 3.529980 0.202509 -6.814080 -3.895173 7.263331 0.115290 -5.213757 4.028219
-31.318310 11.709350 4.549234 -18.519590 13.095100 4.504599 -15.171700 -8.055290 -1.950575 -9.613449 -4.413691 11.678920
-30.227180 11.809180 2.686957 -17.992530 11.679960 3.761286 -6.949317 4.254839 13.197730 3.202440 -2.680929 8.261628
-31.062770 11.521250 8.131191 -15.312960 2.840391 2.408258 -9.638324 -3.246895 4.829729 -19.896680 -0.992378 4.131049
-28.394310 13.756590 4.139102 -3.755361 4.944342 -0.994379 -8.173994 2.348981 6.371600 -10.797310 2.700945 24.114100
-23.031940 13.285190 6.308815 1.876924 5.733225 -4.069343 -2.422978 9.733786 -0.272522 -1.384209 7.535728 4.551059
-22.101370 5.385155 4.076961 -0.205047 3.785644 4.650293 -0.261708 1.625932 -6.706477 -1.297955 7.847036 2.641463
-20.733780 7.589747 2.822360 1.654428 6.157769 0.230548 -5.671173 -7.189063 -8.141628 -7.202117 -4.395270 -1.363114
-21.490790 4.117407 -1.486323 -1.517580 5.512744 6.859890 0.572985 3.357590 -1.083068 -4.766141 -3.319509 -5.696456
-23.445210 -0.694416 -1.476511 -1.364974 0.117999 4.103804 2.456863 8.508022 4.311189 2.954103 6.183045 -8.648111
-22.701770 1.310180 0.008994 0.112346 5.830956 1.246556 -1.903418 3.105438 6.070427 5.529414 15.455340 5.967505
-24.432880 4.282032 -0.480941 4.770010 9.443090 -3.130305 4.013657 4.650965 3.204708 -9.735723 1.151776 -2.636178
-22.761700 2.820238 -3.744996 -2.614670 5.445506 -0.032251 0.007508 4.109275 0.744917 -1.563353 2.112715 -2.629660
-23.582030 1.006052 -2.771667 -6.439417 2.310298 10.487940 -1.464999 1.645817 10.559860 -1.298903 0.445654 11.874440
-25.145790 5.495235 3.858485 -6.477248 4.569055 9.358127 7.539245 5.552987 12.762340 -7.736705 -7.260281 4.209982
-21.075820 2.765693 -2.908377 -4.979409 -0.019606 -0.379167 -1.778245 9.010736 3.795268 -5.640059 -2.365938 0.245958
-20.353860 4.295586 7.927760 -7.792345 0.078906 9.480180 -3.762764 -16.487680 4.317736 2.915241 -5.135162 21.974220
-21.696580 5.948782 6.096226 -14.173550 -8.997559 9.290503 -2.219179 -18.722850 9.818058 5.070654 -8.042542 23.779540
-20.591310 10.275980 10.000010 -16.332460 -6.529267 4.598613 -5.076132 -13.238340 6.892758 7.552127 -12.070500 14.873160
-9.138392 11.554640 23.770520 -2.194044 -11.735590 -3.777406 -4.858495 -17.116070 -0.394955 6.400489 -14.599030 -1.200903
-8.712116 6.263157 22.290250 -7.931485 -25.600080 -7.704541 -10.685620 -16.068490 -10.700940 -0.714079 5.999454 -6.870311
-9.975680 1.914798 16.878730 -10.185940 -29.395950 -7.357625 -12.488360 -14.469670 -8.929914 -0.704600 8.226500 -12.621550
-8.064788 -0.669954 13.947620 -10.637980 -33.626530 -11.472790 -15.753540 -10.922830 -13.099840 -2.733001 1.404751 -19.805890
-4.431265 -1.607129 14.866000 -10.598870 -33.598380 -13.121050 -17.430470 -8.962085 -8.842181 4.003374 5.811564 -18.368440
-6.087183 -1.850430 9.500916 -16.197810 -34.803990 -18.312700 -15.033320 -9.072650 -11.271860 1.429012 5.677094 -10.803920
-6.545684 -1.287464 11.050520 -16.022760 -32.328660 -16.077260 -13.121770 -1.368876 -12.871340 3.290591 4.815626 -15.353060
-8.000338 -0.159879 11.321330 -16.931340 -31.996380 -16.876650 -16.395120 -0.209929 -12.231680 -1.076158 3.836266 -18.458240
-7.626639 -2.009767 15.800080 -17.981620 -35.259030 -12.498140 -11.523460 3.186572 -13.066450 -1.356722 0.491706 -14.996050
-5.743449 -2.669591 14.588000 -20.293790 -29.055850 -17.610070 -12.275120 2.850899 -12.136090 -2.801246 -1.864898 -12.294960
-5.765498 -2.585956 15.279400 -17.833510 -29.220820 -11.921410 -11.829160 2.862831 -5.391795 6.634608 5.390961 -9.160089
-6.077572 -4.871869 12.989330 -14.536470 -28.352190 -14.056790 -9.886153 0.811407 -4.220497 12.952980 9.780581 -1.791813
-5.232370 -3.808415 9.174511 -10.634140 -34.363810 -9.169725 -9.458427 5.080499 -1.149850 17.183240 3.668025 1.411848
-4.099968 -3.377678 13.365450 -8.268114 -30.306800 -10.674490 -7.800364 -2.095107 -3.962536 5.336052 5.393417 -1.814986
-6.842495 0.545894 7.344940 -9.165151 -29.537470 -12.260080 -3.180932 -5.090710 -1.086996 2.642261 8.735521 3.048438
-7.182272 -0.823009 7.449599 -8.223871 -31.927570 -15.273470 -2.780883 -2.457824 2.204293 10.353970 9.219368 6.740903
