-5.220529 15.320970 1.393243 -5.361756 -7.766045 -10.544040 -26.467580 -24.035260 -7.379443 9.552298 7.552947 -7.207090
-4.878572 14.641220 1.922310 -3.929920 -9.255033 -12.425250 -18.537160 -26.387260 -9.538383 2.933772 -4.760942 -10.953120
-0.946061 14.264860 -0.627222 -0.073288 -0.700646 -9.810189 -19.134540 -21.351930 -2.707783 10.153710 7.013817 -11.257980
0.479299 14.038530 1.630582 0.924374 -6.622540 -16.864820 -19.768240 -18.098580 -6.962805 4.222505 -7.267494 -15.901840
0.834161 16.772410 -0.026460 -1.302143 -9.411440 -18.800020 -27.430110 -18.615230 -12.082530 0.873822 -6.237514 -13.752330
0.331978 13.659570 -2.715058 -3.586655 -10.493080 -14.989910 -33.833500 -24.883260 -16.267440 -8.598108 -12.489810 -18.956290
-1.265436 13.342030 0.396917 -4.406415 -4.662246 -9.327852 -35.463290 -18.007410 -14.529170 -6.102516 -0.408474 -18.030090
-3.308578 13.098570 -0.189012 -3.683051 -5.059171 -10.721770 -40.192360 -20.273410 -19.204860 -12.704870 -3.035727 -26.244670
-2.271415 14.789010 0.255997 0.831896 -2.318931 -10.105800 -36.864950 -16.119440 -19.252410 -6.446178 -7.159668 -21.265010
-2.144525 12.560280 1.396952 -2.113282 -3.844762 -8.738879 -32.956600 -25.495530 -20.876250 -8.083626 -11.924130 -20.744220
-1.347162 14.029590 -0.543165 2.270003 -0.710378 -9.306254 -34.006130 -15.850360 -22.717670 -11.223080 -12.872840 -19.939850
-0.460546 14.707850 -3.449941 2.679882 -0.113253 -12.581830 -31.714560 -19.964310 -22.556500 -6.562417 -18.446800 -18.271800
-0.651956 12.486950 -3.696550 0.376561 -3.940691 -13.210850 -37.758290 -19.246780 -27.856740 -11.384800 -19.224910 -20.958850
-0.239564 13.189770 -1.114260 3.087411 -5.007731 -12.646170 -35.587280 -18.395820 -24.895150 -11.120990 -15.235350 -15.981120
-1.284792 16.933230 1.618220 -0.332695 -4.668503 -14.207920 -32.841510 -20.016940 -20.547450 -11.898270 -10.336510 -16.453570
-0.108910 14.952430 -1.514769 1.715920 -2.225087 -12.290720 -33.338190 -27.808980 -21.428270 -4.801654 -11.476730 -14.412970
0.851366 15.572240 0.228802 -1.270011 -4.756090 -9.327852 -30.123820 -22.757350 -13.757950 -8.381804 -6.425003 -9.655672
0.373916 15.810120 -0.627222 -1.259039 -3.150318 -8.834716 -26.242870 -24.888450 -18.731000 -1.414562 -6.751700 -10.923470
1.310535 14.673980 0.916713 -2.210462 -4.889557 -5.913697 -24.230130 -20.684810 -27.524720 -0.858639 1.095457 -8.862251
2.069186 15.382020 -3.530908 -0.141470 1.058057 -8.991746 -22.938070 -30.825130 -19.994620 -5.160478 4.261035 -10.021770
3.017634 13.830430 -4.396204 0.112451 -1.023190 -2.868944 -23.695770 -34.950940 -14.886980 -1.386261 4.837985 -10.229950
1.948211 11.827670 -6.828303 -1.299008 -1.663414 -4.180073 -17.056030 -33.165260 -22.274440 -8.001754 2.662153 -16.030110
0.457792 12.705840 -4.391878 -6.948767 -1.099656 -4.707405 -20.322460 -33.512910 -25.529370 -3.678688 -3.186200 -10.403980
-0.264834 13.803260 -7.472331 -8.595340 -4.763737 -1.953763 -18.384390 -27.777110 -33.722710 -15.721010 -0.143737 0.413873
0.177129 15.866700 -7.833901 -14.110300 -11.191000 -2.349712 -18.337800 -24.976660 -32.923280 -16.081850 6.751494 -1.195527
-0.938534 14.589100 -9.624445 -19.687960 -14.919030 -3.910108 -25.822240 -27.521370 -28.047730 -22.462850 2.774002 -6.032750
-0.651418 17.369890 -9.798740 -22.592380 -17.241490 -2.564784 -21.662470 -27.453180 -20.649790 -20.334160 0.384932 -3.622195
-2.635954 17.377710 -6.067461 -24.714670 -20.488490 -1.050731 -17.647930 -22.638750 -15.356000 -15.231790 -0.324788 -2.336351
-2.771447 17.392600 -6.453136 -28.754690 -23.971830 3.827083 -16.497010 -19.023660 -12.861810 -16.676190 -3.456570 -3.450105
-2.070327 17.116750 -7.417941 -32.554110 -25.670060 1.297063 -11.250020 -19.945040 -8.879983 -23.024840 -9.311360 6.870808
-1.941286 16.369630 -11.572600 -37.295550 -24.200530 3.615160 -14.169120 -18.873190 -7.869415 -27.013330 -8.929141 4.371953
-1.888057 16.244920 -10.746860 -39.675670 -23.250970 4.010659 -11.293180 -12.545860 -7.005517 -26.945610 -4.356997 4.442206
-1.291782 14.447640 -9.570673 -39.556550 -23.745910 -3.620346 -10.188160 -18.310580 -5.724980 -22.752940 -9.083638 -0.703103
-1.497709 18.074950 -6.566242 -37.656060 -20.084610 -1.623507 -8.034969 -15.458240 2.831805 -19.187950 -9.934980 2.400325
-4.144653 15.220830 -11.663450 -43.488420 -25.260620 -5.706274 -17.336910 -17.424780 -6.970864 -29.477590 -12.268530 -6.967968
-3.690861 18.682480 -10.219650 -42.700000 -23.948890 -2.063549 -14.019090 -11.947670 -2.163011 -33.093120 -10.807240 3.188589
-2.364432 19.516720 -11.264800 -42.843430 -20.293160 3.616060 -9.316744 -15.172860 -1.579557 -29.518020 -12.190470 5.626859
-2.520893 15.631810 -14.415090 -36.057290 -20.390480 2.539801 -10.090190 -18.605600 -6.643679 -26.216850 -14.165140 7.611377
-3.634943 16.726620 -15.575830 -33.963220 -22.605880 9.478346 -10.044290 -19.810870 -14.656500 -17.245250 -18.425870 13.439250
-4.300578 15.372710 -13.386010 -33.583120 -20.131190 8.707147 -15.216600 -17.036370 -18.030700 -9.240958 -14.111230 7.668741
-5.816804 12.940730 -14.313110 -30.409880 -16.091040 6.135282 -21.589160 -27.108500 -20.303270 0.567558 -6.116009 4.177948
-5.246875 10.369900 -15.381130 -29.543100 -5.738323 9.784756 -27.521910 -30.536790 -23.970810 7.318494 -2.623735 -13.116820
-5.149557 8.052202 -11.759870 -17.871320 -3.110695 1.296613 -31.465190 -20.844180 -22.230920 11.315080 -6.683303 -17.947590
-5.571089 4.172500 -8.693016 -12.474700 -5.019548 -9.218516 -38.831110 -15.200290 -18.531150 2.012960 -22.328530 -13.783910
-8.647631 4.768117 -1.147636 -11.446470 -15.368790 -13.971250 -30.166290 -10.273190 -18.895400 -13.329520 -37.235880 -11.725270
-9.570808 7.053799 5.852607 -9.415099 -18.506650 -7.188381 -23.482710 -21.560230 -28.916470 -7.778373 -24.262960 -11.499680
-8.607843 7.151703 8.611665 -6.540454 -18.937630 -1.641054 -27.321870 -30.602010 -25.585780 -2.132209 -15.409160 -13.586040
-9.211107 7.464403 5.605998 -10.409630 -8.920671 8.169916 -19.828520 -24.601580 -16.445540 3.267326 -22.979510 -18.583750
-11.901600 10.102990 9.137641 -10.604770 -9.374598 2.757572 -17.260180 -22.821840 -15.305230 -1.769343 -13.922930 -17.529290
-14.993740 15.003430 11.172320 -12.089110 -10.833000 1.182778 -16.037320 -17.474450 -20.662690 -12.192410 -16.200960 -14.290510
-16.086820 17.360580 10.534480 -16.627570 -10.886530 5.187706 -22.133110 -22.566850 -20.289570 -7.118340 -7.291635 -15.700750
-14.427570 17.708280 11.607440 -15.767060 -15.357660 3.292103 -17.438980 -20.438710 -23.307570 -8.902350 -5.501240 -18.661090
-12.300020 17.629360 12.945560 -11.021700 -12.217020 0.015180 -22.330410 -14.910460 -16.576090 -12.753390 -17.208410 -14.313070
-11.047780 16.972320 9.366944 -8.545966 -9.051358 -5.857005 -21.827570 -18.171220 -16.703420 -14.819400 -15.978060 -14.399440
-11.252640 20.456680 12.081500 -8.676062 -6.489073 3.315949 -19.327730 -22.747710 -12.171980 -13.873320 -12.270940 -12.251210
-11.426840 18.254010 14.337450 -6.297504 -8.023942 -0.997188 -13.582700 -20.206700 -15.454320 -11.198820 -16.778710 -11.298590
-12.545730 18.088730 15.400530 -5.760664 -3.013375 3.623259 -19.356510 -19.082960 -13.794210 -15.789740 -15.094530 -5.491987
-13.772690 21.873870 15.659500 -8.834371 -7.002086 1.321809 -22.951780 -17.420340 -10.498990 -21.106390 -17.362100 -3.454617
-15.374940 21.099950 10.434350 -3.871141 -4.084585 2.261287 -15.260450 -21.649920 -10.994600 -19.897510 -19.908880 -1.083378
-17.463250 22.054420 11.258850 -5.348433 0.309392 0.921812 -11.997440 -18.653780 -12.732870 -10.772270 -13.714520 2.027140
-14.960940 17.135740 6.110960 -4.380552 4.688772 0.070523 -4.381469 -11.188630 -11.113870 -3.170271 -1.114171 0.952703
-12.768320 12.310870 8.562220 -1.958108 -2.473947 -0.039263 -8.329552 -7.068014 -12.429060 -8.856865 1.468825 -2.570961
-13.566760 12.077460 5.328485 -1.618762 -3.830164 -4.612467 -14.086920 -17.415150 -14.083520 -5.854877 -9.149621 -10.204810
-14.821680 8.708870 2.479808 -0.618749 2.854298 -2.430251 -20.691030 -21.029490 -15.749270 -4.868365 3.635001 12.413800
-15.628190 7.046353 3.103439 0.675938 2.546351 2.686032 -15.490630 -12.944660 -13.168850 -8.735573 -1.853664 11.271680
-16.582010 9.139204 5.565824 1.234723 -1.349906 0.440374 -8.155542 -8.823298 -5.254349 -5.661820 -1.862515 4.077401
-16.168540 8.387609 3.220254 1.107762 -0.490018 -11.069130 -13.634080 -4.261634 -8.387593 -9.014545 -4.773817 3.253042
-15.281930 7.319221 0.560705 0.354618 -1.631438 -0.153998 -1.367827 -5.559566 -13.283290 -2.028100 5.581501 8.821811
-18.193410 5.167925 4.157246 3.166566 4.166722 3.841481 -1.289043 0.944918 -4.715219 -1.286194 -2.656726 -1.766584
-19.928460 1.781096 -1.158761 1.755889 1.427177 1.149932 -2.722219 -2.596042 -5.550911 -5.794231 1.017404 -3.942528
-24.808350 16.867340 1.604005 -13.804650 6.887498 -0.851407 -3.732703 -5.757480 -4.653972 -10.625710 3.878012 1.508291
-24.822860 16.642490 4.194948 -11.744280 8.500222 -2.727213 -11.213710 -7.187355 0.211904 -7.034446 5.647484 12.276510
-28.392980 19.863290 2.453849 -6.563182 6.061672 -1.331495 -12.267360 -7.243690 -5.122186 -8.478837 -1.189005 12.244930
-31.337260 18.722310 6.978728 -6.970711 1.895701 -5.432260 -21.087690 -9.597906 1.447312 0.089464 2.232458 15.994180
-27.116020 19.602340 13.896150 1.159487 6.820070 2.990192 -17.816460 2.056054 5.130162 -4.316484 -8.388402 5.445745
-16.414790 24.065000 22.378520 1.282529 -1.131632 0.058824 -24.900810 -14.929730 -8.980718 -10.979480 -0.363412 4.573047
-13.097380 24.618180 23.432950 -4.369580 -6.926316 0.596054 -20.989040 -14.634710 -19.578790 -2.316170 -15.331910 -11.426210
-12.545190 22.512670 21.279600 -1.135997 -11.302920 -2.521139 -18.794060 -7.073944 -11.067130 0.917285 -27.726270 -17.990780
-10.652060 21.529160 20.529880 -1.733967 -14.418530 2.098858 -17.410900 -10.745360 -16.292430 0.766680 -21.116700 -12.581850
-10.506890 23.704650 20.123190 -2.555294 -18.488570 2.511004 -16.244220 -12.196730 -16.543860 3.073259 -18.780740 -13.876080
-9.757917 23.697950 18.311010 -1.438509 -14.428260 -0.592241 -11.859050 -8.006438 -20.244440 2.867061 -22.549820 -7.294746
-10.427850 23.861380 21.171430 -1.663433 -13.417530 1.076141 -12.657850 -9.411110 -12.113160 1.343830 -23.576580 -5.929625
-11.918810 22.795220 24.928670 -1.727697 -9.594957 -4.172424 -14.718550 -12.004750 -4.623349 5.952944 -29.088580 -7.356622
-13.404930 21.703380 20.824080 -2.547457 0.722305 -1.628456 -13.690940 -20.554350 -0.037111 0.325984 -23.978910 0.435142
-16.338990 13.533370 12.450490 -0.143038 -2.907714 -4.384797 -8.610432 -15.181760 -8.747819 -7.662135 -12.561430 -6.006968
-14.736190 8.269603 2.617019 3.784912 -0.170949 -3.637894 -10.423820 -17.157190 -14.945810 -4.257860 -6.318787 -4.652160
-15.293760 7.857510 2.818509 2.329564 -1.427762 -8.077915 -14.010870 -4.138587 -6.839506 11.210970 -0.197650 -19.548610
-16.576630 7.624103 10.005410 7.871171 4.932765 -1.765238 -7.729426 -8.620194 -17.339260 -11.561690 -9.105364 -15.165140
-16.897090 7.230995 5.409452 3.777859 3.359665 -1.495273 -9.980580 -10.057480 -4.566132 -3.600859 0.033291 -1.026659
-14.945880 6.027103 5.795127 3.385221 1.776137 -0.056361 -13.473770 -12.033660 -2.618330 7.247741 3.048395 -1.761427
-16.098110 6.939142 7.916338 5.817070 -2.522607 -5.481753 -13.309360 -12.401320 -7.912127 1.231635 -0.929901 -11.359820
-16.951930 4.435316 4.709181 4.695582 -1.942860 -0.242187 -13.590920 -10.225000 -3.231602 -1.030470 -6.662381 -16.539930
-17.432600 8.293427 7.414466 -0.268431 -2.446836 -6.902668 -6.855957 -9.118316 -7.659081 -8.723444 -14.058120 -8.023714
-19.732750 14.054910 6.943498 -11.140040 -0.103521 -3.172655 -9.017366 -13.486510 4.221135 -6.393618 -1.813430 2.289465
-23.374920 21.496770 -1.537019 -5.499689 5.942109 -11.311640 -10.060050 -12.923900 2.829388 -4.238655 -3.018024 -3.702117
-27.470880 22.440460 -1.060488 -16.921460 4.016572 -7.422350 -15.566680 -3.968840 0.805029 -4.351861 -4.340904 -2.701802
-28.868280 25.960180 2.039743 -8.371983 12.626570 -7.068247 -13.579960 -6.381614 -3.273507 -17.933580 -13.600260 1.486376
-30.479680 24.484540 3.528670 -8.481702 12.294290 -4.794243 -16.975870 -4.535898 7.206098 -4.141621 -6.486158 9.593962
-31.432960 19.541290 -1.702043 -11.694910 1.484873 -1.268053 -11.704230 -4.708609 -0.148322 -5.377793 -9.526207 6.647155
-31.748580 20.352070 2.764119 -5.984021 2.613780 4.031806 1.003900 6.585844 4.411322 -5.559732 -16.023130 4.144432
-32.217960 20.660310 4.613380 -7.880597 8.129018 4.195135 -9.842880 2.760985 6.238241 -6.896981 -4.134103 1.561787
-31.589430 17.310330 -0.593229 -9.846923 4.609526 1.417197 -4.625355 3.783912 4.319452 -1.690503 0.424361 3.702927
-31.492110 20.438810 0.552670 -7.879813 9.379574 0.412928 -8.764574 -0.327070 -1.780220 -10.048560 -7.759953 3.407731
-28.277920 25.694390 4.051556 -6.245780 9.285730 -6.806381 -12.240640 -4.859825 0.720412 -9.920196 -14.287450 5.938813
-24.576070 20.475290 0.320277 -0.151658 2.934239 -9.159574 -16.818990 -2.676097 -4.718442 -4.241687 1.727929 9.778298
-24.240570 16.187590 -5.524179 -2.741033 2.294016 -4.291659 -6.922409 -1.586457 -0.446496 -4.674297 3.661555 7.403193
-24.215300 9.577355 -3.760829 -3.974591 -0.978702 -5.439459 -16.131180 -0.905246 -2.605436 -4.286161 7.019450 -2.257718
-24.117980 4.130435 -1.090774 0.291921 2.636024 4.509644 -6.903912 -1.735448 1.337712 -0.612011 -5.800578 -13.417170
-24.859420 3.870596 -0.924513 1.820153 6.389778 2.185697 -1.774076 -3.822813 -8.566498 -1.166924 -5.853686 -8.516137
-23.544280 3.579489 -2.003043 1.556827 5.928901 -0.155798 -4.779497 1.480102 -4.274405 1.648072 -1.450523 -9.234792
-23.309860 3.501314 -4.708947 -1.698700 3.665526 -1.853876 -2.940072 0.935282 -0.871998 0.529149 -2.477284 -5.234818
-23.381910 1.743126 0.351180 2.102289 6.551746 5.237199 3.252999 1.255502 4.501580 6.781775 -5.868170 -2.920298
-22.176460 4.843686 -0.758253 -1.949487 5.432571 -2.999877 -0.729338 0.734402 1.668927 5.806382 -0.789888 -9.497762
-21.343610 1.564441 -5.322689 4.001216 5.075964 0.774681 2.127422 13.626250 5.496030 8.070508 9.396449 -4.715968
-20.890890 3.124586 -2.720002 2.135988 0.001445 -2.241726 0.878532 3.131611 6.038384 5.802339 3.957674 3.764158
-20.484950 1.697338 -1.692154 -0.442414 2.932849 3.349695 3.172845 2.278430 2.592461 4.202289 -0.525956 -0.447868
-19.573600 6.483495 2.903185 4.228491 0.679206 -0.913049 0.548326 -0.986043 2.601325 2.412215 -4.824512 -3.441081
-18.065440 15.143030 2.981679 -4.374283 -0.723585 2.294583 -1.613084 -5.363876 19.089540 3.916241 -17.002410 13.718330
-22.173770 13.211740 10.091320 -6.108631 -1.602242 7.577794 -7.274537 -7.156222 11.423240 -1.260925 -12.727190 10.538200
-12.343570 20.345370 21.411860 -6.601584 -7.492855 -1.261304 -7.849999 -16.935560 0.268316 3.654452 -12.278180 4.678751
-9.311114 15.798210 21.678250 -10.669820 -21.910050 -2.161636 -6.614126 -14.312270 -16.030520 11.661780 -7.643276 -3.927059
-9.341224 10.356500 17.621250 -13.576590 -24.673230 -7.805251 -11.540490 -10.988490 -11.170280 18.494580 -8.488181 -12.550920
-7.797576 9.152233 16.430850 -12.793670 -27.031140 -10.097700 -17.669850 -11.057430 -11.117900 18.196410 -7.247377 -6.861620
-9.318642 6.347248 11.108660 -14.412810 -32.928710 -18.311380 -18.254220 -13.241160 -16.383490 9.742322 -15.816330 -11.870290
-10.199340 5.428508 13.437540 -13.089910 -30.945470 -12.930980 -11.473360 -6.222987 -15.507500 13.664110 -11.433280 -15.653700
-9.464350 3.627882 13.527160 -14.698870 -27.552500 -10.654730 -10.488910 -5.395750 -16.796100 17.120950 -12.933190 -12.574120
-8.032537 5.874849 14.766390 -12.249770 -28.489550 -13.158650 -8.319275 -1.407815 -14.558990 22.370890 -6.299474 -10.292470
-5.703893 5.604588 12.557410 -13.090690 -29.532260 -13.181150 -6.042774 -4.810161 -12.125240 21.675480 -4.086627 -7.957327
-5.353871 7.091025 11.541930 -17.097800 -24.242940 -14.535020 -1.662409 -3.763513 -10.047700 19.634730 -3.807406 -5.715640
-3.347828 9.572515 13.362140 -12.292880 -21.212130 -17.888440 -4.915826 3.557089 -18.610120 23.128970 -1.679050 -9.962470
-4.299502 10.835220 12.893640 -17.335260 -23.963490 -14.004540 -4.819231 -4.746413 -11.839160 22.091920 -12.212200 -6.797811
-6.403938 6.584378 12.840490 -16.223960 -22.310450 -15.893850 -4.360917 3.986274 -9.617359 24.685550 -0.578260 -1.051796
-5.425919 10.868730 12.808350 -10.783450 -22.484240 -13.490260 -5.374141 -5.644069 -15.037680 21.510720 -12.300710 -3.107213
-7.127641 9.112029 11.694590 -17.742790 -24.521690 -13.530300 -5.509101 -4.003679 -7.929856 27.166990 -15.711720 0.783191
-11.642980 5.203290 7.107904 -10.792860 -25.535900 -19.701700 -4.922677 3.325819 8.326264 33.146710 15.497470 -4.418839
-8.338471 10.508010 14.555010 -2.650907 -16.712490 -11.158210 -4.889794 -4.060014 -9.905057 13.058660 -6.413738 -11.171610
-6.822783 7.398885 11.433150 -1.061545 -14.148120 -12.315460 -4.626725 -1.891111 -9.451348 15.523930 -10.643900 -12.356910
-12.468840 9.852083 11.310770 2.157932 -19.562560 -12.653370 4.703301 1.658002 -6.326970 8.488967 -4.120424 -13.951490
