2.037397 16.980050 -1.919690 -2.768120 -4.907099 -8.777021 -17.594000 -19.512300 -1.653182 4.179768 2.182536 -15.914530
5.154712 13.675040 -1.698498 -4.627044 -2.172409 -10.739010 -28.645470 -17.546000 -6.822172 2.158730 5.639907 -15.544000
3.948259 10.831870 -4.393702 -7.461802 -3.801650 -12.681940 -36.071690 -25.669080 -11.611120 -2.440760 1.625095 -29.617880
0.890675 12.572350 -1.383007 -6.831022 -2.486238 -7.282976 -37.306030 -25.741150 -13.477990 -1.361787 -0.320372 -29.589900
-2.414070 15.162220 -1.269984 -6.029761 -0.124730 -13.823680 -33.081910 -24.691940 -13.412140 -10.764500 -2.272653 -24.528080
-2.152492 15.343470 -1.919690 -0.635062 -1.506172 -13.049220 -30.664820 -22.933360 -15.341680 -11.334960 -9.483458 -20.203540
-0.908964 13.119520 1.789248 -0.439349 -0.185567 -13.012490 -29.720570 -21.767570 -16.315980 -7.102185 -11.302570 -20.853090
-0.590745 13.821780 1.162424 -0.220452 -0.368820 -14.772700 -29.985980 -21.511800 -16.481800 -6.675975 -14.325760 -19.291590
-0.307540 13.560140 2.949981 0.374186 -2.480303 -14.523770 -28.205120 -17.781980 -16.115250 -6.558624 -17.345230 -11.489410
-0.402285 12.220090 -0.247235 0.922453 -4.435243 -16.427710 -31.708520 -21.191740 -19.843430 -10.061210 -18.721490 -15.621890
0.475136 13.993930 0.278353 -0.876463 2.357709 -18.196540 -30.859210 -17.012560 -17.535430 -6.974241 -19.324140 -17.271860
0.000381 13.405050 0.125808 -1.892529 -0.930448 -19.361850 -31.093220 -16.570970 -22.331520 -11.403410 -16.929620 -17.016270
0.753706 14.109970 1.927232 -2.933145 -2.407596 -16.057260 -29.297410 -14.343250 -22.214100 -11.827180 -15.994980 -10.232650
0.064231 13.830880 2.165758 -1.574753 -0.408883 -15.547610 -27.067220 -19.932690 -22.255360 -9.725459 -8.856647 -10.495800
0.630641 14.116790 1.495251 -3.223645 -1.132990 -17.418910 -24.840780 -25.857020 -22.309310 -7.155971 -5.898495 -13.318590
-0.230302 13.948430 -1.162509 -4.101963 -4.372180 -17.032590 -23.863630 -30.929980 -27.701240 -6.278286 -7.006563 -20.726810
-0.420822 16.546260 -1.241555 -4.569080 -2.369758 -13.558870 -23.125720 -34.363050 -25.289310 -5.712722 -5.196739 -23.413490
0.856690 13.596540 -0.648014 -4.736152 1.057878 -12.635240 -20.176310 -34.412510 -20.557490 -3.047886 -0.358774 -16.584500
-0.508873 11.368430 -2.749676 -8.413085 1.534186 -12.714140 -28.563980 -33.736350 -26.671410 -9.795544 2.233325 -20.727560
-0.661803 10.941080 -2.400902 -10.258370 0.841240 -9.080818 -19.744930 -39.078500 -26.839610 -4.819554 5.002566 -24.974980
-0.928016 13.786140 -5.103732 -13.345440 -4.406308 -4.576463 -19.595400 -33.692550 -21.755520 -10.969860 3.313521 -13.904620
-0.862622 12.613310 -8.662897 -18.911990 -8.854816 -4.770530 -17.721090 -33.952550 -30.211560 -17.848730 7.667752 -11.351030
-0.832756 13.336040 -8.070743 -17.237180 -12.583670 -3.738981 -16.697590 -32.335290 -22.742500 -15.011120 9.124530 -9.806169
-1.348704 12.994010 -8.913211 -19.576860 -15.989790 -1.965170 -16.500210 -32.602360 -19.324540 -19.622840 2.844652 -4.152270
-1.536649 13.321250 -9.790347 -25.147500 -17.561160 -0.736834 -20.814790 -31.670430 -16.897540 -27.847970 3.162393 -7.033286
-1.997501 14.544900 -11.025970 -27.673340 -20.536230 -0.132867 -19.442140 -31.132050 -17.467990 -23.507630 -0.293739 -7.735770
-3.208074 12.429780 -10.978820 -30.371720 -25.423950 -5.609372 -21.266360 -31.998270 -12.125250 -29.013330 -14.163480 -11.306410
-2.629306 12.436980 -8.983243 -29.295640 -24.076640 -2.444444 -15.075980 -26.930960 -13.869930 -28.314930 -7.661865 -9.965721
-1.469710 13.135830 -10.041350 -30.278290 -28.272900 -2.077621 -11.937420 -29.354390 -13.562880 -32.031850 -11.372560 -6.368610
-0.744705 14.665100 -12.970230 -29.099930 -27.476080 -2.954551 -5.227438 -27.924360 -10.490050 -29.667720 -16.987850 2.772755
-0.193228 16.799940 -12.480000 -29.751170 -22.633620 0.812077 -1.491528 -23.408860 -5.830424 -30.833890 -14.409370 7.557056
0.159491 16.205370 -13.181020 -30.565380 -21.990380 -0.180024 0.082983 -25.566640 -7.120490 -27.490220 -9.004059 7.202411
-0.781265 16.619820 -13.068690 -31.002500 -17.747380 4.088549 -6.010207 -22.393570 -2.378348 -29.688910 -8.424939 5.877598
-2.259080 15.509550 -10.019170 -33.094640 -17.718450 5.073395 -9.820881 -22.379430 -4.265049 -29.796480 -6.346305 2.551953
-2.612828 14.214620 -9.396502 -32.583190 -20.087370 7.828424 -13.885000 -23.536750 -7.135565 -28.317380 -6.725365 0.352248
-2.317265 15.444710 -10.361700 -32.191770 -17.265140 5.223933 -15.890150 -28.743940 -1.235854 -22.061120 -11.788780 0.077001
-1.558791 11.795010 -11.711730 -33.178520 -10.991520 6.876225 -21.377010 -26.403880 -10.573360 -20.339980 -5.824789 -9.242821
-0.923382 7.187483 -12.239400 -28.399590 -12.746890 2.451220 -21.750080 -31.614610 -20.573350 -12.882520 -2.942201 -10.057220
-1.384234 7.042633 -15.144700 -21.145970 -9.026198 2.445779 -26.061660 -28.885250 -18.575570 2.422769 -1.904742 -14.968560
-2.479465 9.263925 -16.186170 -14.683380 -4.611818 -2.406356 -27.002180 -23.270380 -6.477044 8.746660 -17.357620 -19.522980
-4.493309 8.136973 -7.365566 -9.868993 -10.431380 -11.524340 -26.578270 -8.473322 -4.142073 -1.302297 -25.682060 -12.651640
-6.139503 5.823159 -0.961426 -7.662969 -15.289420 -15.923500 -21.113090 -9.430683 -14.552250 -14.646850 -25.976270 -9.670058
-8.548804 8.794867 4.537148 -8.150545 -22.671460 -18.849930 -16.849360 -16.207100 -16.718230 -15.161070 -22.953700 -17.186410
-10.586340 9.210838 7.598460 -7.700475 -19.376620 -7.470242 -20.735540 -30.402900 -24.049230 -12.923260 -19.006400 -20.344180
-12.814900 12.334600 9.037243 -8.106901 -13.915400 2.064445 -21.237950 -30.966720 -14.887070 -10.615370 -20.320720 -17.122890
-14.855520 14.626040 12.264270 -6.622353 -14.359810 0.478354 -12.768040 -19.447300 -21.838030 -22.889100 -19.794250 -16.558790
-13.690260 16.052930 12.993030 -2.714929 -12.200100 -1.813272 -16.921130 -18.228510 -13.993700 -17.838950 -8.786656 -15.196160
-12.532210 15.375320 12.748950 -9.182978 -16.882310 -0.707814 -17.397370 -16.317320 -21.597630 -21.158990 -7.593734 -19.678750
-10.576040 15.415140 10.951000 -12.403020 -15.497160 -3.446520 -22.970960 -16.123030 -22.762340 -24.526300 -15.179880 -14.340180
-10.389640 17.998930 11.418340 -9.577811 -11.844720 -4.518424 -21.123560 -25.294620 -16.017660 -10.546910 -10.189550 -17.311180
-11.156870 20.050350 11.877360 -6.755329 -6.307089 -4.656266 -16.217610 -20.857550 -18.979420 -18.518600 -15.372510 -13.646770
-10.878810 21.894730 8.829226 -3.252285 -8.382218 -9.408194 -15.074480 -20.955050 -14.983070 -13.144920 -13.967760 -7.022699
-12.658370 20.482620 11.333750 -2.083468 -1.259857 -2.877468 -15.602310 -19.366750 -20.228220 -15.584840 -18.058130 -7.951279
-13.465760 19.243050 9.759754 -8.955215 0.968107 -6.388362 -8.934191 -18.893370 -17.648890 -17.261970 -10.828750 -2.717055
-16.601100 17.681930 7.567258 -7.261998 1.582411 -10.282860 -8.625420 -13.286980 -9.530041 -9.889261 -12.465150 3.064637
-13.895710 13.630670 5.739485 -6.238430 2.710860 -2.027290 -5.812085 -7.419871 -2.859147 -7.617224 -6.377894 -2.169586
-12.660940 7.590182 7.433434 1.093615 -2.708812 2.850690 -8.463931 -1.802881 -13.678720 -4.811405 -0.870380 -6.873734
-12.275780 10.490600 3.044282 -3.074303 -6.010324 -5.564936 -14.692440 -9.029368 -11.475450 -0.807631 3.553221 0.975334
-15.216480 7.769159 2.678866 -1.881618 -7.320541 -4.154322 -8.876623 -7.240410 -8.082882 -1.517439 -3.692269 2.285780
-15.050680 6.477261 -0.116185 -3.878292 -8.576599 -7.326051 -13.602400 -3.158730 -10.862950 -4.223022 -0.635636 16.598610
-17.333820 8.838474 3.767487 -2.157798 -2.590848 -1.696288 -14.542920 -10.070100 -8.841372 -10.296730 -7.765302 7.523784
-14.907530 7.438506 3.079645 1.017240 -1.170085 1.536202 -11.440250 -7.328021 -6.090659 -5.097446 -3.333649 -5.249475
-14.851920 5.105733 3.499145 5.888222 3.613767 -6.885319 -9.686307 -6.507022 -6.100973 -3.812295 -6.196416 -9.659472
-16.396160 6.467781 0.782447 3.027552 -0.281274 -3.989727 -9.453794 -9.700581 -5.785201 -3.421941 -1.847760 3.786782
-18.935730 3.402793 -0.423356 3.524674 2.820663 1.593334 -4.988944 -7.684824 0.292231 -4.927940 -13.148940 1.438867
-18.993400 2.532174 -3.907636 3.390335 -0.577297 -2.730557 -8.998487 -8.257827 -11.438960 -1.589969 1.236126 0.349979
-20.259070 13.280300 5.819918 -11.479700 1.685536 -2.409530 -1.581243 -7.355576 21.783010 -2.581744 -2.320965 8.343475
-20.510350 16.181860 4.572511 -14.712700 2.996496 0.603047 -10.859340 -6.201090 12.570860 -13.338880 -9.301979 12.451760
-26.864440 15.070450 4.362414 -16.602310 12.022610 -1.556178 -10.972980 -5.146226 9.633703 -1.501141 -6.932857 7.286346
-25.119900 18.017130 14.399220 -7.602960 13.230440 9.701535 -10.886250 -9.636286 -3.350261 -9.107739 -3.295866 10.379090
-15.728820 23.130880 24.974090 -6.796926 -2.415015 4.486659 -14.284240 -15.039900 -0.129064 -16.548910 -15.745990 -5.390123
-12.844770 22.494980 23.572060 -4.826848 -9.914268 -3.465564 -17.387650 -22.138500 -8.777899 -9.254427 -19.593570 -5.448349
-12.429740 20.708240 22.747620 -1.527700 -12.104390 3.161288 -11.894060 -12.944300 -11.700780 -17.125060 -20.938240 -9.510506
-12.789670 20.944100 23.074900 -4.288128 -16.256140 1.824129 -14.359750 -15.492790 -11.714270 -12.123000 -22.292200 -14.276660
-12.741780 22.197700 22.808640 -6.127276 -17.813410 2.038147 -10.134140 -14.369400 -11.208080 -9.608109 -18.598850 -10.014120
-11.839130 21.170470 22.057010 -4.907997 -14.945920 1.963331 -10.948310 -18.661620 -7.790118 -7.369484 -16.509070 -4.940957
-11.515250 20.978600 24.345880 -4.511799 -18.919600 -0.380893 -8.196280 -16.482650 -7.845656 -5.680940 -24.441450 -8.751308
-10.731030 20.473900 24.075460 -2.694472 -14.911790 1.242380 -4.479060 -22.495310 -3.646199 1.919954 -23.493800 -8.871540
-11.680020 21.939090 23.958280 -2.380105 -11.726760 -0.031753 -12.606550 -21.244730 -2.266479 4.349274 -25.727280 2.822662
-14.348840 20.868640 22.452240 -0.795996 -9.610084 -1.983761 -8.419073 -21.887680 -8.984976 0.399286 -26.639000 7.757442
-14.846250 15.840210 18.883370 1.261369 -7.041582 -1.946126 -6.062541 -19.316590 -16.219180 -2.697464 -20.932050 7.418676
-15.334910 10.471640 10.209760 -3.844195 -8.345122 -2.442177 -12.486180 -9.230732 -6.556384 -9.661079 -17.617750 -6.769382
-16.025930 9.324594 4.723670 -5.630836 -10.863170 -7.616245 -15.303260 -6.092283 -1.658736 -6.918010 -8.133832 -5.809043
-16.473910 9.619984 5.853894 2.100135 -0.993510 -4.394185 -16.317040 -20.377100 -9.881516 -3.243471 -9.833406 -7.170909
-16.754020 9.700372 10.703460 6.864737 -0.664101 -3.465564 -14.522730 -16.344880 -10.457520 -0.439281 -8.814528 -6.941032
-16.892020 11.542470 11.514720 0.720603 -6.804170 -5.827471 -6.679337 -4.328760 -3.504180 -3.907642 -15.028130 -11.704920
-17.181920 7.779397 9.216137 3.653558 -2.679136 -5.172267 -10.257500 -7.205083 -6.944355 -3.918236 -5.114981 -7.407591
-15.902350 5.269543 3.849306 2.904805 -2.377919 -0.309251 -10.427960 -14.050040 -17.144290 -1.730952 -2.385999 -9.657203
-16.378650 6.297525 5.265207 6.936339 -0.799871 1.187515 -13.788560 -9.816453 -2.949595 -2.164497 -3.825435 -12.855810
-16.283910 4.795935 2.885496 6.102346 0.382738 -0.432583 -13.203910 -11.010510 -9.345972 -9.334291 -5.974059 -5.749305
-12.753110 -0.293925 -15.935850 -4.594312 11.685780 -1.464132 -1.196961 -1.457383 3.941070 1.169399 -25.309200 2.898279
-10.839680 -0.843371 -19.822300 -8.595841 9.002279 -7.374568 -11.306420 -9.022303 6.514061 9.864750 -19.017550 0.948111
-9.910248 2.877615 -15.061490 -3.164999 13.996830 -4.103991 -12.771780 -10.167600 4.526598 10.988550 -21.936060 5.196287
-11.577040 6.169359 -7.052848 1.015194 20.347610 0.792126 -8.988768 -4.414958 14.183050 21.374070 -13.760270 10.741300
-17.813730 2.536345 0.455861 9.193507 16.531210 -8.441937 -7.072590 -7.205083 4.645608 7.932541 -8.078707 0.411985
-9.467934 8.874876 4.153011 10.549170 8.111984 -15.652350 -20.023050 -18.238410 -2.893264 -6.906601 -31.465820 -13.028220
-4.090643 13.756180 3.187813 11.424760 3.262101 -15.679100 -18.029870 -21.296310 -3.655719 -6.643377 -25.828860 -16.076350
-2.890369 13.023970 -0.826909 5.197433 1.781985 -15.552140 -26.353240 -27.224880 -13.865960 -3.399123 -20.449550 -22.624040
-0.575297 13.204080 -0.229207 1.759855 -1.302888 -10.668270 -21.646150 -37.087470 -11.521470 3.078791 -14.678180 -25.144370
-0.428546 14.704910 -0.845630 0.066638 -0.814709 -10.432490 -23.520470 -41.714600 -13.615250 6.217103 -8.136929 -32.956380
-0.844085 15.569470 3.130262 0.668095 -3.090155 -14.170550 -16.485260 -35.377640 -19.708550 3.518856 1.464676 -27.187540
-0.334316 16.446910 -1.442638 -1.837975 -4.569529 -11.361110 -19.073560 -32.062560 -22.881350 3.605239 2.272346 -20.610360
-1.136558 15.641510 -2.477174 1.680752 5.658479 -9.265364 -23.142160 -25.066400 -16.147780 13.923940 -0.834456 -9.598222
-7.717727 9.724640 2.269766 4.518237 4.231781 -1.591999 -16.584700 -20.472480 -10.002110 11.179240 -0.149424 -3.849045
-11.953960 6.765824 1.823224 10.187070 7.176432 2.151957 -6.667375 -18.772550 -17.229970 -8.996908 -10.361120 -9.191401
-12.067240 10.304800 5.482931 11.510680 4.923985 -6.912978 -16.405260 -8.002766 -1.808688 -1.227323 -8.860982 -7.641248
-11.737180 11.492040 5.256886 4.235921 2.221197 -6.664046 -17.673250 -10.893220 1.122126 3.698956 -8.078707 -5.021868
-12.709340 5.325284 -0.940624 6.108484 4.965532 -7.735497 -21.756060 -17.775620 -6.014493 4.219699 1.333988 -2.969616
-14.883840 2.454819 -1.106344 5.394509 0.831595 -9.320682 -15.489420 -12.925930 -4.308686 4.924618 -2.382283 -4.500109
-14.553780 4.776976 0.396229 2.120593 -2.009189 -2.053589 -13.087280 -4.894698 -6.340580 5.162579 5.106622 4.785685
-14.829260 4.675732 0.283207 3.474894 2.339903 -5.697791 -17.364470 -16.361130 0.378711 5.809637 2.811825 0.740164
-13.341150 6.793505 1.641556 5.794799 -0.360659 -6.774229 -20.328080 -17.161640 -3.370889 -8.069512 -3.708992 -3.231252
-13.858640 9.789102 0.279047 3.772894 1.723374 -2.374163 -12.706730 -11.624490 -1.162068 -7.843776 -7.253076 -2.119679
-1.868772 5.476201 -18.338450 -16.176110 -7.180320 6.618678 11.689200 0.506797 -1.064480 -6.096556 -10.979260 -1.268985
-1.881130 9.852427 -20.466460 -17.674980 4.532997 2.099360 9.005955 1.207685 -12.127630 -0.946985 -16.089130 0.625226
0.302123 18.803570 -15.716740 -20.352890 3.354840 1.868564 11.206230 0.743488 -9.286468 3.386836 -13.385540 -2.656561
3.633644 21.854150 -4.995563 -13.324300 -10.176160 -0.479286 3.836089 -4.084297 -13.405790 -7.554474 -15.098120 -2.552966
5.324635 24.006430 -8.836245 -22.728030 -18.860250 3.247439 2.036541 -15.562030 -9.892624 -7.481945 -10.141860 -6.199984
4.803537 20.721510 -7.468881 -26.642960 -20.467980 6.410554 0.032144 -12.339510 -3.610496 -14.581650 -5.550404 -6.672592
6.175795 18.992410 -5.983642 -30.281700 -20.542170 10.353110 -4.585223 -14.317110 -2.196660 -10.285320 -7.985181 -8.378516
6.880202 20.285450 -6.005137 -28.505290 -26.172540 6.175678 -5.433036 -10.484130 3.481692 -11.990980 -10.803350 -8.703670
6.064572 19.589630 -4.747330 -29.670700 -22.426620 1.713492 -2.377470 -10.363310 4.985182 -10.895710 -9.249332 -3.015743
6.340568 18.669340 -5.675084 -29.610690 -22.488950 1.789215 -3.901889 -7.296933 1.323649 -9.270726 -6.511680 -7.573949
6.661362 19.744340 -6.095971 -31.640780 -20.613390 -1.948394 -0.782774 -5.057202 1.625140 -8.122483 -10.135660 1.781413
5.587758 20.635820 -5.510751 -31.428700 -21.318210 1.940660 -1.907210 -5.827331 0.485027 -10.612110 -8.273191 -3.288721
5.691257 21.906860 -2.735808 -28.341630 -20.913120 -0.520095 0.347644 -3.257646 -0.214751 -5.927865 -14.735170 -1.484494
3.972975 20.409060 -2.920943 -24.854950 -21.226210 -1.079172 6.852778 -2.001418 1.314128 -13.753680 -14.693670 6.261733
3.116666 21.199670 -0.188991 -23.323350 -22.498590 -5.338223 6.649423 4.587770 -2.089551 -8.743464 -7.387481 -0.493909
3.926632 19.443270 -4.104558 -27.870420 -21.356040 -1.795588 1.108732 2.649732 3.164333 -6.559439 -12.135640 -1.091285
0.476166 16.610340 -5.831790 -19.619820 -19.214140 -6.640468 -3.086971 -2.694534 2.075790 -14.845690 -10.287410 0.519362
1.977152 18.349300 -6.928038 -20.760000 -17.441710 -1.475921 2.511287 -3.258353 -1.196978 -9.678193 -14.643500 -1.344603
-2.636515 12.363040 -10.825580 -17.964110 -18.036730 -4.147520 8.210476 2.891369 5.139102 -1.768439 -9.653167 4.072615
