2.129205 17.281040 0.523577 -5.263041 -2.717568 -6.389791 -15.467320 -14.678410 -11.238200 7.902202 -11.517560 -5.858148
0.862250 15.075840 -1.463166 -8.402742 -1.975274 -12.212880 -30.141390 -20.646100 -19.153220 4.455509 -7.011753 -15.721880
-2.846317 16.934290 -2.697074 -4.073907 -1.585105 -15.355190 -29.400430 -26.430320 -14.547060 0.215148 -11.112770 -19.386570
-3.124822 16.072890 -4.525964 -3.337098 -0.346599 -17.228020 -26.804930 -26.442490 -17.527940 -4.471976 -15.578330 -19.048580
-0.852245 17.885300 -2.317187 -2.495308 2.780426 -19.593480 -28.915080 -18.051530 -16.795480 -4.709560 -20.232210 -9.215143
-1.021816 16.346330 -2.075494 -3.827656 3.064553 -25.034690 -28.002520 -22.998750 -19.999390 -9.421647 -22.570820 -8.259114
2.022418 14.786110 -1.878901 -0.109912 0.803673 -21.201190 -25.541290 -22.615580 -16.685420 -4.953170 -22.778450 -5.646111
0.269823 15.768990 -1.895670 -1.409859 0.565686 -26.323260 -25.032960 -25.681010 -22.627520 -4.955752 -25.259490 -9.461723
0.536523 15.331560 -0.160450 1.009883 3.185166 -23.104570 -23.319140 -20.859610 -21.451200 -0.427879 -22.469420 -6.919930
-0.328506 16.161090 0.026313 0.247800 2.498726 -20.472350 -29.165650 -18.657140 -19.959300 -4.362652 -24.779060 -6.686104
-0.420267 15.491660 1.453345 -1.287381 3.754231 -19.848790 -23.934450 -23.839800 -19.400290 -1.902451 -28.763380 -0.323384
0.409344 15.985400 1.215699 1.026083 5.879928 -21.855830 -21.583790 -23.208200 -19.184560 -3.508727 -18.757100 -3.574094
0.014393 16.121410 1.786974 3.393334 4.753130 -19.733690 -23.062820 -25.461000 -19.626960 -2.008331 -13.465060 -11.043770
1.177244 16.377140 0.037877 1.058485 3.314683 -14.815100 -21.758260 -32.295710 -16.708750 -0.983103 -14.067810 -6.951284
0.731315 16.938890 -0.565778 -0.024372 -3.171687 -11.632970 -19.524620 -32.057040 -24.488940 -2.419799 -13.710510 -5.819885
0.462469 16.445860 -1.171746 -0.358107 -0.506876 -8.045504 -21.147250 -33.596240 -25.018790 4.866117 -8.879581 -10.443790
0.360512 15.539480 -2.572180 -2.659907 3.446628 -11.104890 -17.352730 -39.805850 -27.149140 3.809900 -2.579182 -13.784840
1.225003 14.583510 -5.352810 -4.605939 3.893461 -5.912990 -19.425540 -36.105580 -24.671140 -0.723138 -3.079737 -3.399788
-0.676771 12.814670 -6.637601 -6.302480 -2.558100 -7.369035 -18.268880 -36.325580 -33.032940 -6.097189 -1.919285 -12.849010
1.126802 14.806300 -6.641648 -12.248800 -6.802208 -2.992717 -10.214580 -32.829080 -26.490290 -10.713730 -2.239577 -3.349303
0.798392 16.311620 -8.305748 -17.661790 -8.349936 -0.534516 -7.177528 -34.701950 -26.746830 -12.495610 -0.419228 4.475360
0.038004 14.845960 -10.993860 -17.848420 -15.374610 -3.170017 -7.545851 -34.428360 -25.763650 -13.977930 -9.761589 8.707608
-1.000351 16.045970 -11.850780 -21.791030 -16.932050 -0.349578 -13.337070 -35.142760 -21.568540 -17.832640 -14.011480 9.972925
-0.347287 17.077030 -11.418270 -20.802780 -18.245840 -1.654509 -16.758250 -32.261620 -8.868063 -18.074530 -17.779330 9.140186
-0.527591 17.073130 -5.007616 -26.848900 -19.697240 -3.887947 -9.707687 -35.130580 -0.894005 -15.839000 -20.865550 0.025229
-0.448708 14.170160 -6.657838 -29.107930 -19.894750 -3.566625 -11.206830 -31.948250 -3.385123 -23.520890 -25.316630 3.965195
1.002844 14.199920 -7.787090 -30.029420 -26.253220 -3.002537 -9.187870 -29.722240 -9.182186 -29.762640 -27.898280 2.584560
1.676299 15.368400 -6.502299 -28.807240 -25.066520 -3.213115 -10.643220 -25.866910 -8.553211 -25.817540 -29.429720 3.833934
1.063481 16.668290 -6.299924 -27.352420 -28.155500 -5.653859 -9.114636 -27.268110 -4.296153 -22.292510 -41.329580 5.456367
0.447444 18.403130 -5.108225 -27.771690 -28.684900 -3.344044 -8.667336 -19.507120 -5.777122 -28.353490 -34.887540 10.119070
0.969037 17.113860 -6.057074 -28.233730 -28.382160 0.656396 -10.116220 -21.431130 -11.044330 -22.601550 -26.942230 5.408007
1.709033 16.692730 -6.798923 -24.814090 -27.205170 -6.146481 -11.661310 -17.363100 -11.195200 -25.104790 -32.338890 5.119444
2.041736 18.530640 -8.930219 -24.208820 -27.479590 -3.668640 -8.515123 -20.790600 -8.301039 -25.324300 -32.276120 9.862921
1.614051 19.477400 -8.638221 -25.426470 -22.689890 -2.495185 -7.775605 -24.684900 -4.971772 -21.912030 -24.362200 13.473400
1.377940 14.269690 -9.397415 -28.587560 -20.329440 -6.021552 -5.827008 -32.652100 -10.190150 -25.095320 -25.925830 9.763014
0.397002 14.553400 -8.415030 -27.689390 -18.786570 -4.168900 -8.100131 -32.728410 -12.489590 -19.253850 -18.213900 7.612878
-0.132103 12.424700 -10.920430 -24.890550 -9.539872 -2.680123 -12.921360 -42.779550 -11.526810 -7.050108 -6.634325 6.550034
-1.461306 12.543710 -13.570960 -21.347130 -3.886458 1.616000 -25.434310 -45.379000 -10.996960 2.023715 -0.894837 -1.048775
-4.377288 11.641930 -10.236980 -11.582620 -4.217536 -13.698930 -33.020480 -35.154940 -7.926423 7.740369 -21.230100 -17.348030
-6.027925 8.588785 -7.455195 0.363798 -6.974628 -21.774000 -34.920970 -29.777450 -8.747808 0.881417 -28.674860 -9.889518
-9.118844 10.744760 1.297805 6.368437 -12.857930 -23.219680 -29.679720 -23.887700 -18.509670 -3.859938 -15.791590 -0.036416
-13.247050 11.244530 5.982493 0.849171 -19.757950 -11.931930 -18.661610 -25.421220 -18.936760 -9.722931 -19.043590 -10.755210
-14.757090 13.642770 9.750712 -1.124726 -18.036990 -4.706256 -14.487280 -25.221520 -18.042490 -16.876280 -18.239650 -11.524170
-13.691900 14.610070 5.336051 -4.222306 -18.519440 -1.551947 -20.017870 -30.349780 -9.553886 -13.100760 -13.947100 -7.358885
-13.803520 14.286690 4.859024 -2.302843 -15.464460 -2.447178 -17.349860 -24.139360 -7.663318 -14.208620 -9.832408 -6.443775
-13.573850 19.946350 10.681060 0.267889 -19.976510 -7.563247 -24.756540 -19.073610 1.235618 -10.645720 -12.684450 -9.123207
-14.547810 20.042340 9.129711 0.422120 -15.030580 -3.659366 -22.093550 -22.959790 -8.167664 -13.806620 -0.841723 -9.647189
-14.218320 22.014130 7.413572 -1.295157 -15.989820 1.344322 -14.897240 -20.197980 -12.748320 -14.948060 -1.520933 -1.733779
-14.034800 23.546010 8.205147 -3.992255 -16.862440 -0.004252 -16.155140 -22.209670 -12.579960 -14.991960 -1.905605 -4.855885
-13.877570 24.396430 8.655576 0.842691 -12.704940 0.060667 -18.436880 -16.397040 -11.418950 -12.722860 -6.635129 -11.099040
-16.099710 25.269870 9.225117 2.232066 -10.607580 -7.943488 -14.857750 -17.028630 -9.658108 -13.757560 2.066649 -16.698630
-16.039070 23.561240 9.219335 1.584037 -9.286505 -9.864332 -16.243460 -16.328030 -5.747970 -7.455551 -6.864484 -6.140864
-18.457070 21.291570 5.934502 -1.136390 -5.881019 -8.676693 -14.330040 -8.857668 -11.577100 -15.090960 -5.504454 -0.123037
-22.554680 14.473710 0.812684 -1.807101 -1.208696 -8.625957 -19.823300 -12.488940 -4.040336 -1.411788 9.813993 -0.887223
-19.276490 13.228720 4.584950 -0.674993 2.642004 -6.259408 -18.051330 -10.590090 -2.033885 2.350823 11.409010 -0.233573
-13.966110 8.781466 1.838435 -3.332561 -2.658476 -5.262707 -5.974194 -3.954278 -0.521576 0.628338 1.772915 -1.546718
-15.165450 6.278382 0.998869 0.081257 -4.046736 -11.233090 -16.733120 -7.140670 -4.621208 -1.724262 10.142330 5.273557
-14.252130 9.275566 4.199282 -1.777291 -2.893225 -5.247977 -17.178260 -10.301900 -10.550190 0.848706 7.186479 3.396042
-13.708540 9.540149 5.430877 2.953323 1.436687 1.616546 -9.205102 -13.419280 -11.423320 -3.185922 0.698572 -4.487078
-14.416870 9.784542 3.937351 5.113852 0.414313 -2.998718 -11.738850 -7.747099 -5.720274 -3.573287 -2.709551 -6.140333
-15.543770 6.772836 -0.868762 1.448599 -1.606961 2.710352 -4.825427 -2.885923 -5.058502 -0.637917 3.689833 7.083050
-17.051130 3.444836 -2.575071 -2.051408 -6.687262 -4.167809 -8.947348 -5.431790 -12.435650 -10.730940 -6.038809 -4.271321
-16.761890 2.856875 -1.811250 -1.344408 -5.302240 -7.367943 -12.720330 -10.494300 -5.073079 -12.921710 -10.110050 0.255867
-15.597430 3.542239 1.399571 2.440732 -2.518436 -0.032620 -6.549296 -2.751161 -9.554615 -3.138577 1.509761 -1.429274
-17.609750 9.124326 1.078084 2.003312 4.333010 -1.022228 -8.120234 0.680400 0.500235 -0.730885 1.212003 6.709460
-22.397460 15.487760 1.511166 -3.206844 -0.629108 3.371001 -7.102140 -4.601298 9.985145 -5.770941 -12.067200 -1.507924
-25.291440 16.597810 3.098941 -5.332380 -0.701961 -1.604865 -6.594528 2.897479 6.104159 -9.049776 -2.833483 4.969584
-28.804670 15.741010 5.755255 -6.100943 7.447083 9.428125 -1.948483 -3.290210 6.406621 -10.898800 -9.356799 7.086770
-27.932130 12.495540 10.367670 -9.438941 0.363316 0.153409 -17.905580 -18.540240 -3.861774 -4.149171 -4.852605 2.563303
-18.833240 19.644580 20.144680 -3.769981 -5.432567 1.417969 -15.197360 -9.481957 -5.162724 -16.249610 -7.049577 -2.199836
-11.585680 25.410490 21.059420 -2.691660 -7.511313 -7.993132 -20.669080 -10.205290 -6.532912 -16.061090 -15.064900 -12.627940
-9.655999 19.939970 20.391580 1.948229 -11.726280 1.520531 -14.303470 -14.140180 -10.058960 -12.697900 -24.169060 -9.734874
-10.882710 21.158750 17.461770 2.454988 -18.691050 -0.828017 -12.253640 -17.647240 -13.034750 -12.524880 -19.359860 -17.561660
-10.662160 21.611060 19.712760 -1.608804 -18.280650 3.655227 -10.846400 -15.987880 -11.768780 -4.750879 -18.987260 -12.719870
-11.863640 21.987560 20.570250 0.521269 -20.082550 4.176217 -12.682990 -19.150730 -3.867605 -2.868282 -21.148020 -10.767960
-12.632620 22.191230 18.869720 1.394812 -15.890250 4.957429 -2.206238 -24.597230 -6.669202 4.438293 -23.514790 -10.651580
-12.535490 19.947410 20.991190 -1.884216 -17.165180 -0.777827 -14.256810 -21.016290 7.948812 8.906770 -21.238960 -0.078929
-13.357590 14.399680 15.484860 2.528215 -10.965370 3.763244 -3.703943 -27.436970 -5.894463 5.870685 -10.450460 -0.893068
-13.871130 8.329162 10.953980 6.891397 1.391356 -0.978585 -6.866642 -14.038700 -10.513020 6.258911 -13.534260 -16.799070
-15.328590 10.636380 5.570805 -1.054739 -1.996321 -8.264811 -9.304901 -16.964500 -17.126360 -6.556002 -9.459807 -11.166530
-16.632570 4.152514 4.923206 4.037476 0.152851 -17.830300 -10.623110 -17.419120 -13.030370 -3.945158 -17.899240 -3.283406
-15.186380 6.601407 6.625467 5.839645 2.603149 -9.476454 -6.010811 -8.291830 -10.679190 -13.204920 -17.041370 4.483863
-15.903840 5.952525 6.208575 5.912224 -1.793141 -4.963751 -13.066400 -15.426100 -10.328630 -14.075200 -13.481960 -8.082682
-14.255350 8.888433 3.955276 4.718554 -1.288835 -5.045036 -12.871820 -11.143750 -7.021953 -5.456745 -4.480005 -10.632450
-14.625620 8.524676 3.508895 3.529421 -1.290454 -4.644065 -11.133600 -14.810740 -13.644770 -12.327750 -8.847392 -13.962340
-15.024860 6.657015 3.526241 2.014328 5.111730 5.164734 -8.920782 -16.630840 -20.718000 -11.399790 -9.997381 -12.900030
-14.830070 8.983711 4.826644 3.749751 2.657384 2.398849 -2.748312 -10.580350 -2.791132 -9.474156 -8.391902 -1.482947
-14.038560 4.240000 -6.952149 -7.459860 13.255920 -5.803336 -2.663590 -17.009150 -15.888820 19.281280 -27.216650 8.915395
-10.764650 2.500202 -16.301290 -13.945340 20.533960 3.437011 -0.661146 -17.017270 -16.990070 12.485170 -21.899660 -0.908480
-10.191010 7.907672 -8.230579 -9.252309 18.542630 1.978784 -7.163168 -4.196200 -3.912792 18.232810 -5.781288 12.525880
-12.188300 3.966917 -5.512397 -2.530949 17.217520 -7.204827 -10.350280 -1.299628 11.662900 26.649830 -5.275904 -3.220167
-7.915210 9.450538 5.551146 7.886121 18.154890 -10.039450 -20.799040 -23.795960 -8.570703 4.545034 -28.172700 -6.848188
-4.784044 17.902300 0.950299 -0.361995 9.427073 -9.700125 -20.243320 -26.691720 -18.344960 -5.862187 -19.022670 4.302648
-4.063366 19.537610 0.166819 0.149948 7.851013 -3.623906 -21.562970 -31.112080 -24.855540 4.350490 -19.181210 -6.852971
-4.975080 17.532520 -1.869072 1.241229 8.766536 -7.175368 -21.641940 -32.361470 -14.000440 4.593239 -17.122650 -6.579288
-5.018010 17.366760 -1.304157 -0.604358 6.839972 -11.131620 -22.479110 -31.867880 -15.340020 3.308907 -12.768140 -5.226818
-4.553835 18.864640 -2.005530 -2.635282 7.577409 -10.452420 -20.380450 -32.761700 -22.712800 1.285998 -12.287700 -2.347040
-2.846317 22.380720 -1.308204 -3.530210 8.703397 -3.004173 -18.881310 -27.922440 -22.610760 -3.113614 -8.559291 0.417419
-0.660135 21.601140 -1.875432 -5.381630 1.749956 -10.315490 -11.559360 -25.074580 -19.636430 -0.775647 -4.700507 5.917109
-0.627938 17.623550 -4.594771 -3.915788 1.783145 -8.056415 -11.498330 -20.961900 -19.180190 -5.104672 6.496807 6.565445
-8.041315 12.470740 -1.657445 0.937303 4.681087 3.101504 -10.618090 -20.369270 -18.398890 -3.220354 0.953678 -2.642511
-10.688450 10.766010 2.856091 8.654037 13.573230 4.708118 -13.694630 -10.537320 -6.726050 -1.842194 -2.445593 -1.088632
-11.134920 10.757510 7.596288 7.164865 8.549595 -0.073535 -6.017991 -16.110460 -14.223460 0.457036 3.896654 3.321111
-11.020080 9.476748 1.584599 7.464254 11.725190 0.133224 -7.409435 -10.944050 -4.634327 -6.288290 -14.908780 1.115708
-12.588620 8.004367 3.588110 5.493598 3.992218 0.484552 -8.794417 -19.619150 -17.186860 -3.988199 -4.483224 3.697358
-13.567940 6.324428 -3.373006 1.679945 -4.865930 -0.519787 -11.277910 -19.128810 -9.856348 6.964777 5.100563 11.759040
-14.984620 10.634610 0.382493 0.272425 -2.567814 -4.540958 -15.662610 -19.199440 -15.990130 -5.329345 0.945630 9.571701
-13.133820 9.063050 1.469535 2.099868 -1.945323 -3.897222 -17.312530 -12.411810 -13.383850 2.716668 3.073393 4.060320
-12.645500 10.727760 5.116329 2.593666 -3.496289 -10.026360 -13.181990 -14.107710 -6.288028 -12.854570 -2.427083 -7.015054
-11.085550 13.785510 -7.313533 -10.858770 -5.905303 4.563004 6.044065 2.481827 -4.212338 0.834072 -10.624280 2.824231
-7.644755 18.571020 -16.833240 -24.420730 -1.002278 -2.031476 4.149317 5.681209 -6.790916 5.669255 -20.851870 11.581540
-3.897015 21.582720 -11.887200 -20.072450 4.946596 1.889316 12.131100 7.542711 -10.252100 -0.018132 -19.154650 10.055830
2.033687 25.711910 -5.364374 -22.897860 -11.246260 -0.998225 6.475571 -16.492020 -4.408392 -3.186783 -20.311880 1.888396
1.410137 23.301270 -6.415567 -30.145420 -19.876940 -2.118217 1.588284 -21.683610 0.590609 -8.856954 -20.970170 2.749301
1.222320 20.586380 -5.745995 -32.745960 -25.332840 4.298418 5.985909 -22.148780 4.566341 -8.647777 -20.529170 6.324710
2.676555 20.460640 -4.952686 -33.813920 -26.185230 5.466418 2.403191 -21.919030 10.638900 -9.955350 -24.125600 7.463017
4.042784 20.523680 -5.651746 -28.680880 -28.932600 3.618676 -0.613759 -11.489590 9.243202 -10.679290 -16.244670 6.893864
5.431551 21.819680 -3.942546 -30.836220 -32.514560 0.390173 -1.196758 -8.987559 7.276836 -14.349800 -17.370520 12.351040
5.723472 19.872680 -4.522495 -33.101730 -26.174700 -2.703581 -1.720165 -9.575316 8.418174 -10.304840 -12.207230 3.119702
6.362047 18.481050 -8.140957 -33.290310 -24.791300 4.107479 -5.038667 -4.485208 10.504070 -7.931581 -18.117320 9.191734
2.314338 22.868440 -3.750579 -31.834180 -28.299590 5.548794 -6.860181 -3.518331 10.968330 -10.670690 -19.466090 15.439670
4.009514 19.766060 -7.149320 -28.218180 -20.743900 0.936258 -4.661009 -5.931870 10.592980 -13.141220 -26.535830 7.636261
4.302507 16.333220 -7.085717 -31.814740 -23.441900 4.750670 4.152189 -2.031889 11.618440 -6.691150 -16.441030 7.213249
2.301996 18.343980 -4.646233 -23.224470 -21.074970 -7.448683 7.025543 -3.455009 5.745578 -10.307420 -17.675520 4.919098
1.182611 17.111740 -7.368463 -25.920920 -23.852300 -2.400261 8.946138 7.429868 7.490382 -7.137051 -5.967186 3.325894
0.597160 17.651880 -1.813563 -19.377120 -24.409230 0.528740 1.939376 -1.464427 -2.964592 -10.105130 -8.784621 4.936104
2.701776 19.585430 -8.458974 -21.658180 -25.077860 -6.730753 4.857963 4.397722 8.574142 -2.480056 -16.676820 -2.310903
-2.840951 12.510770 -12.101720 -19.708910 -24.444030 -1.134064 5.046792 7.822789 14.729790 9.684084 -5.140706 3.823837
